[-3, 1, -2, -15, -6, -8, -4, -5]
[-1, -3, 2, -1, 10, -2, -2, -3]
[4, -2, 2, -3, -7, 7, 1, 3]
[1, -1, -1, -9, -2, -1, 3, 2]
[-4, -2, 0, 16, 3, -7, -1, -4]
[-5, 1, 1, -2, -1, -7, 0, -4]
[-1, -1, -4, 1, 11, 7, 0, 2]
[1, -1, -2, -2, -4, 4, 1, 2]
[1, 1, 2, 6, -3, -3, 0, -2]
[-2, -3, -5, -15, 6, -9, -2, -5]
[1, 0, 1, -2, -10, 1, 0, 0]
[3, 4, 4, 12, 22, 8, 1, 1]
[-4, -1, -4, -14, -43, -7, -1, -1]
[-1, -3, -1, -9, -25, -6, 0, -2]
[2, 2, 1, 20, 27, 6, 1, 2]
[1, -2, -1, -10, -32, 4, 0, -2]
[-2, -2, -1, 4, 26, -11, -3, -4]
[-1, -2, -1, -8, -23, -5, -6, -2]
[3, -2, 0, -9, 11, 2, 0, 1]
[2, 0, 0, 7, 8, 0, -1, -1]
[0, -3, -2, -2, -4, 1, -2, -1]
[-1, -1, 1, 16, -1, 2, -3, -1]
[1, 3, -1, -10, -11, -2, -1, 2]
[-1, 4, 5, 1, 16, 1, 2, -1]
[4, 2, -1, -8, 7, 8, 1, 4]
[3, 3, -1, 3, 22, 12, 0, 2]
[-4, -1, -5, 18, 1, -8, -1, -5]
[-3, -1, -2, -10, -17, -8, 4, -2]
[1, -3, -1, 1, 29, 2, 2, 2]
[3, 3, 0, -18, -45, 2, 0, 4]
[-1, -3, -3, -8, -1, -3, -3, -3]
[-5, -5, -2, -2, -15, -11, -3, -6]
[3, -2, 0, 0, 10, 4, 1, 2]
[2, -2, 0, -2, 18, 8, 2, 3]
[-3, 0, 2, 22, 13, 3, -2, -3]
[-7, -3, -2, -10, -10, -12, -7, -6]
[-1, 0, -1, 7, 11, 8, 0, 1]
[2, -1, 4, 3, -6, 2, 0, 0]
[-1, -1, -1, -6, 4, -6, -1, 0]
[-3, 1, 0, 0, 16, 3, -1, 2]
[0, -1, -2, 0, -33, -3, -6, 0]
[1, 1, -1, 10, 20, 1, 1, 2]
[-5, -2, -6, -38, -54, -9, 0, -4]
[0, -1, -1, -3, 2, -4, -2, -3]
[1, -1, -4, -8, -29, 0, 1, 0]
[3, -1, 3, 35, 62, 10, 0, 2]
[2, 0, 1, 11, 12, 0, -1, 0]
[0, 0, -3, 7, 29, -2, -2, -1]
[0, 1, -4, -33, -59, -4, 0, 1]
[0, 1, -1, -10, -20, 0, -1, -1]
[-3, -1, 4, 20, 34, 5, -1, 0]
[-2, -1, -2, -6, 12, -1, -1, -3]
[-1, -1, 5, 15, -10, -2, 1, 0]
[-1, -2, -3, -8, 2, 2, 2, -1]
[1, 0, -2, -18, -19, -6, 0, 0]
[0, -3, 5, 48, 43, 5, 1, 0]
[2, 0, 2, -24, 25, 0, -1, 2]
[2, -3, -6, -26, -90, -6, 0, 1]
[4, -1, -2, -16, -13, 6, 4, 0]
[-2, 0, -1, 0, -43, -6, -2, -4]
[-2, -1, 2, 54, 91, 5, -1, 0]
[-3, -4, 2, 14, -44, 0, 3, -1]
[-2, 5, -3, -20, -36, -11, -5, -1]
[-1, -3, -5, -20, 11, -4, 0, 1]
[-2, 0, -1, -20, -27, 4, 1, 0]
[-1, 0, -3, 39, 22, 1, -2, -2]
[0, -5, 2, 30, 24, 2, 1, 1]
[0, 2, -6, -33, -6, -4, -3, -2]
[-2, -2, 1, -86, -45, 2, 0, -1]
[1, 2, 10, 75, 110, 9, 1, 0]
[0, -2, 6, -1, -54, -4, -1, -2]
[-3, -3, -2, -35, -55, -2, -1, 0]
[-1, -2, -4, 7, 69, 8, 0, 1]
[-1, -5, -22, -102, -72, -19, -3, -3]
[5, 2, 5, 8, -6, 1, 2, 1]
[3, 4, 18, 86, 108, 22, 7, 0]
[-1, -2, -9, -7, -122, -32, -8, -5]
[-3, 4, 0, -27, 53, 9, 2, 2]
[-2, -2, -8, -45, 55, -1, 2, 3]
[-3, -1, -4, -3, -60, -10, -5, -2]
[2, 4, 12, 67, 118, 15, 3, 1]
[0, 2, 5, 9, 21, -6, -4, -4]
[-1, -1, 0, -31, -34, -10, 1, 0]
[2, -1, -3, -10, -15, 4, 4, 3]
[1, 7, 10, 64, 89, 15, 10, 6]
[-1, -5, -5, -6, 43, -1, -12, -7]
[-5, -4, -4, 9, -38, -13, -11, -8]
[1, 2, 7, 33, 14, 13, 6, 6]
[-2, -5, -12, -64, -62, -8, -6, -3]
[-1, 2, 0, -30, -44, 4, 7, 3]
[0, 0, -7, 43, 127, 7, 3, -4]
[-4, -2, -3, -15, -102, -24, -16, -14]
[3, 2, 13, 53, 74, 31, 11, 17]
[-2, -6, -6, -15, -5, -19, -5, -5]
[4, 4, 5, -4, 12, 11, -1, 2]
[0, -3, 0, 14, 5, -8, 3, 1]
[0, 0, -3, 6, 0, -11, 7, -1]
[-2, 4, 6, 26, -8, 3, 2, 0]
[-7, -7, -9, -10, -35, -13, -6, -2]
[0, -1, -5, 0, 55, 14, -3, 2]
[1, -3, 6, 39, 43, 0, 3, -2]
[2, 2, 4, 4, 47, 23, 9, 7]
[-3, -6, -7, -37, -102, -22, -6, -5]
[0, 4, 9, -2, -70, -17, -2, -3]
[-4, -4, -18, -115, 23, -4, -8, -12]
[3, 4, 9, 85, -15, 4, 4, 4]
[0, 2, 5, 32, 71, 12, 2, 0]
[1, -4, -4, 14, 36, 6, 2, 4]
[0, -2, 0, 29, 15, -10, -1, -9]
[-5, -8, -11, -68, -110, -29, -12, -8]
[2, 2, 2, -5, 53, 14, 5, 5]
[0, -3, -6, 5, -38, -5, 1, 1]
[-3, -5, -12, -27, 43, -9, -5, 0]
[-6, -11, -14, -38, -36, -11, -7, -10]
[-6, -3, 3, 84, 93, -20, -7, -3]
[-4, -1, -9, -97, -58, 0, 0, -1]
[1, 4, 3, 4, 1, 13, 3, 3]
[6, 3, -8, -88, 86, -2, -4, -1]
[1, 2, 15, 70, 41, -10, -3, -1]
[-2, -2, -5, -40, 28, -18, -5, -5]
[-3, -3, 4, -31, -128, -1, -3, -2]
[3, -4, -16, -15, 61, 4, 12, 9]
[-9, -13, -19, -109, -110, -54, -14, -9]
[2, 7, 23, 45, 127, 51, 11, 4]
[-2, 1, 11, 67, 31, 12, -14, -12]
[3, 0, 0, 2, 69, -8, 4, 13]
[-10, -14, -32, -121, -69, -19, -6, -11]
[5, 1, -8, 67, 20, 23, 15, 12]
[-16, -13, -22, -80, -91, -41, -20, -15]
[3, 12, 23, 38, 67, 47, 10, 4]
[3, 4, -9, -28, 46, -24, -5, 0]
[-3, -16, -21, -73, -38, 3, -6, -8]
[13, 7, 4, 44, 94, -2, 9, 9]
[-14, -5, -7, -9, -6, -21, -12, -11]
[6, 12, 31, 64, 25, 41, 16, 13]
[-2, 1, 3, -21, 44, -9, -1, -1]
[-3, -11, -53, -107, 20, 9, 2, 1]
[-1, 3, 6, 82, 62, 68, 17, 3]
[-2, 11, 53, 41, -73, -38, -20, -8]
[4, 8, 15, -17, 29, -15, -5, -3]
[3, 7, 39, -5, -6, 32, 2, 0]
[3, -4, -10, -30, -8, -24, -6, -8]
[11, 0, -32, 11, 52, 37, 23, 35]
[-9, -17, -28, -44, -108, -23, -15, -11]
[6, -2, -27, 15, 16, 32, 18, 13]
[-10, -3, 21, -24, -42, -32, -22, -15]
[5, 9, 43, 83, 39, 36, 6, -1]
[13, 10, -6, -10, -31, 56, 44, 22]
[-10, -13, -21, 34, 58, -4, -10, -5]
[-10, -15, -56, -123, -128, -88, -10, -7]
[-2, 11, 72, 109, 115, 29, -4, -9]
[0, -1, 0, -53, -62, -59, -8, 3]
[2, -5, -34, -1, 29, 26, -3, 0]
[0, 2, 53, 43, 72, 14, -2, -2]
[0, -3, 0, 12, -51, -48, -3, 1]
[-10, -10, -22, 127, 100, 7, -13, -12]
[-3, 3, 23, -82, -124, -34, -1, -5]
[12, 2, -30, -110, 12, 37, 21, 26]
[-2, -7, -13, -42, -113, -1, 18, 6]
[-5, 14, 64, 11, -61, -39, -22, -11]
[1, 4, -2, 16, -67, -44, 18, 22]
[3, 6, -5, -20, -103, -58, -2, -3]
[-20, -24, -70, -128, -91, -66, -40, -34]
[11, 6, -26, -47, 115, 77, 26, 19]
[-11, 0, 12, 31, -14, -19, -15, -17]
[0, -1, -4, -14, -29, 32, 27, 12]
[1, -8, -58, 62, 72, -18, -7, 6]
[-27, -16, -37, 78, -26, -81, -36, -19]
[21, 26, 65, 95, -7, 21, -7, -3]
[-13, -13, 8, 75, -63, 16, -16, -23]
