[-9, 0, 17, -53, -27, -43, -23, -18]
[17, 20, 48, 122, -27, 59, 12, 17]
[1, 4, 8, 40, 60, -70, 13, -1]
[-11, -11, -29, -95, -95, -70, -44, -16]
[2, 4, 17, 61, 45, -16, 6, 5]
[8, 15, 21, -64, 62, 48, 15, 7]
[-9, -13, -7, 18, -67, -38, -26, -3]
[-2, -2, -27, -54, -56, -4, 4, 8]
[7, 12, 39, 71, -9, 33, 22, 10]
[5, 9, 18, -8, 84, 14, 10, 0]
[-14, -19, -26, -92, -128, -45, -16, -9]
[5, 11, 25, 127, 127, 78, -9, 4]
[10, 4, -13, -30, -29, -7, 4, 7]
[-6, -8, -24, -1, 25, -5, 3, -8]
[7, 12, 0, -7, 100, 51, 17, 2]
[2, -6, -8, 11, 22, 2, -35, -16]
[3, 9, -2, -31, -29, -2, 10, 21]
[6, -3, 13, 17, 21, 6, 20, 15]
[7, 10, 20, 104, 69, 3, -5, 9]
[-1, -6, -51, -88, -86, -29, 10, -4]
[-2, -6, 10, -4, -116, -71, -23, -13]
[-6, 3, 11, 25, -96, -39, -14, -6]
[-10, -6, 5, -90, 39, 5, -9, -9]
[3, 13, 54, 92, 117, 28, 5, 3]
[-11, -24, -66, -128, -83, 0, 7, -7]
[-10, -17, -35, 53, -15, 30, 8, 2]
[-11, -6, 11, 44, -55, -44, -28, -25]
[1, 2, 9, 6, 67, 48, 20, 19]
[4, 0, -3, -89, 32, 56, -8, -6]
[0, -3, -13, 4, 102, 31, 43, 6]
[2, 13, -3, 7, -75, 27, -6, 11]
[-9, 1, 11, -63, -65, -2, 9, -2]
[-5, -8, -35, -33, -43, -17, -20, -15]
[8, 10, 15, 2, 9, -10, -14, 5]
[-4, -13, -21, -18, -6, 4, 1, -5]
[7, 1, 4, 97, 111, 53, -8, -12]
[2, 14, 15, -36, -65, -53, 1, 10]
[-6, -18, -20, -55, -57, -22, -19, -8]
[8, 19, 32, 17, -12, 0, 14, 15]
[1, -4, -2, -77, -37, -9, -4, -3]
[1, 2, 1, 104, 127, 100, 25, 0]
[-2, -4, -13, -30, -12, -15, -8, -2]
[3, -3, -1, -50, 38, 34, 9, 4]
[-2, -1, 3, 34, 0, -18, -4, -2]
[-3, 1, 17, 57, 127, 72, 8, -3]
[-8, -1, -12, -70, -113, -33, -7, -7]
[2, -1, -15, -33, -61, 4, -4, 9]
[6, 5, 2, 35, -12, -7, 10, 6]
[0, -4, -10, -16, -2, -42, -3, -1]
[-2, 3, 16, 47, 17, 10, -7, -5]
[0, -7, -16, -53, -9, -24, 7, -2]
[3, 2, 15, 42, 24, 9, 5, -3]
[-2, -2, 20, 90, 64, -16, -3, -10]
[-4, -3, -11, 54, 37, -18, -13, -6]
[0, -4, 0, -21, 79, 7, 4, 1]
[-3, -9, -24, -49, -62, 1, 4, 4]
[0, -3, 10, 30, 37, 15, 5, -2]
[-1, -3, -24, -48, -69, -12, -3, -2]
[-5, -2, 12, 36, 80, 12, -7, -4]
[-1, 3, -5, -5, -21, -4, -3, 0]
[0, 4, -2, 1, -67, -28, -6, 0]
[6, -4, -14, -21, 15, 6, 8, 2]
[-8, 0, -1, -16, -65, -5, -3, -4]
[6, -8, -2, 4, 13, 5, 5, -9]
[-2, 6, 3, -8, -11, -2, -6, 0]
[12, 18, 3, 8, 5, 1, 0, 20]
[18, 6, -2, 34, 11, -1, -2, -4]
[-19, -1, 4, 8, 10, -3, 5, 2]
[13, -10, -7, -26, -36, -11, 0, -3]
[-8, -8, -2, 3, 23, 1, 1, -3]
[-7, -6, 1, 7, 31, 13, -1, 2]
[7, 17, 8, 63, 74, 5, -7, -2]
[-7, 0, -4, -51, -71, -15, 2, 4]
[-2, -3, -3, 6, 5, 14, -4, -4]
[-3, -5, -4, 21, 14, 0, -2, -1]
[-5, -4, 0, -46, -34, -17, -2, -3]
[-2, -20, -6, 25, 18, 0, 1, -2]
[-3, -11, -4, 20, 11, -3, -6, -1]
[-21, -34, -6, -1, -21, -6, 8, -5]
[50, 75, 19, -1, 1, 0, 0, 11]
[-15, 4, 1, -3, -12, 20, 0, -2]
[-20, -3, -12, -64, -51, 21, -7, -8]
[13, -40, -5, 40, 64, -8, 7, 14]
[-19, 24, 3, 2, -15, -12, -12, -12]
[13, 2, 8, 10, 6, 2, -4, 6]
[-1, -5, 2, 4, 0, 0, -4, 1]
[9, 16, 1, 3, -17, -14, -2, -3]
[-6, -4, -4, 21, 94, -9, 5, 4]
[-1, 9, 2, -3, -11, 5, 6, -4]
[-1, 11, -4, -22, 9, 17, -8, -4]
[5, 3, 7, -11, -14, -9, -16, -2]
[-3, -21, -7, 14, -1, -10, 15, -4]
[-6, -6, -6, -12, -2, 9, 8, 5]
[-1, -6, 3, 6, 1, -1, 4, -1]
[-3, 8, 0, 1, -12, -15, -6, -4]
[-8, -16, 0, -11, -32, -15, -6, -7]
[-1, -2, -7, -35, -16, 0, -4, -3]
[4, -4, 4, 33, 16, 13, 6, 3]
[-3, 12, 4, -1, -10, -6, -1, -7]
[-24, -44, -7, -11, -35, -8, -5, 5]
[-2, 9, -1, -11, 7, 8, 6, -1]
[8, 7, 6, 17, -14, 7, -8, -6]
[-4, 7, -1, 14, 3, -3, -7, 0]
[-10, -8, -4, 4, 31, -2, -2, -6]
[3, -9, -2, -15, -18, 2, -2, 8]
[-11, 1, -3, -8, -46, 1, 6, -4]
[-12, -7, 4, -3, -47, -3, 0, -3]
[10, -12, -6, -6, -10, -2, -2, 0]
[-10, -1, 5, 5, 25, -1, 6, 3]
[3, 1, -1, 4, -2, 10, 1, -3]
[-4, 1, -2, -15, 22, -4, 1, -3]
[-4, -11, -2, -13, -33, -6, -6, -4]
[-2, 3, 0, 9, 6, 7, 2, 1]
[-5, -14, -1, -2, 28, 8, 9, 5]
[4, 9, -5, -3, 1, 0, 0, 0]
[7, 10, -2, -25, -2, 1, -3, -1]
[4, -3, -8, -10, 6, -1, -3, -3]
[5, 8, 2, -23, -5, 1, 3, 2]
[3, 2, -4, 15, 22, 2, 0, 6]
[-2, -5, 6, 14, 14, -4, -3, -2]
[5, 3, 4, 10, -6, 3, 5, 3]
[2, -4, -5, -9, 7, -7, -2, 2]
[-10, 5, -3, -28, -20, -5, -4, -10]
[-1, -7, 1, 25, 9, 0, -11, -2]
[2, -4, -2, -13, -6, 3, 6, -3]
[4, -2, 1, 7, 22, 5, 4, 12]
[1, -4, -2, 8, 6, 1, 0, 0]
[0, -4, -1, -12, -28, -8, -6, 1]
[-1, 3, 1, 9, -24, -4, -6, -7]
[0, -2, -3, -12, -20, -4, -3, -3]
[1, 4, 2, -5, 12, -2, 2, -8]
[0, 0, -2, 0, 5, -1, 4, 0]
[-1, 7, -3, -3, 32, -2, -1, -1]
[4, 11, 4, 13, 7, 3, 2, 4]
[0, 6, 1, -2, -14, -9, -5, -1]
[4, 7, -3, -3, -2, -3, 3, 1]
[-1, -3, -5, -5, -16, -7, 2, 3]
[2, 1, 5, 13, 9, 2, -15, -1]
[2, 2, -1, -12, -17, 0, -2, -1]
[1, 0, -4, -7, 2, -3, 1, 0]
[0, -1, -1, 17, 11, 2, 0, -1]
[-3, -3, -2, -31, -37, -3, 2, -3]
[0, 1, 9, 41, 50, 5, 3, 2]
[-2, -4, 1, -3, 4, 2, 2, 2]
[-3, 1, 1, 0, -3, 0, -3, -1]
[0, -3, -3, -5, -12, 3, -2, -4]
[1, -5, -3, -3, 17, 0, 0, 2]
[0, -4, -3, -13, -10, -2, -5, 0]
[-4, -3, 7, 25, 32, 4, 1, -3]
[-6, -6, -2, -9, -54, -8, -1, -2]
[-2, -5, -2, -16, -3, 7, 1, -5]
[0, 0, 0, 0, -8, 1, -1, 6]
[2, 2, 0, 3, 37, 3, -4, -6]
[-1, 2, -3, -15, -64, -10, 5, 11]
[1, 1, 0, -1, -1, 0, -3, -1]
[-1, 0, 0, 4, 5, -1, 1, -6]
[2, -4, -1, 4, -10, 2, -2, -2]
[3, 8, 4, 12, 41, 1, 0, -3]
[0, 2, -4, -15, -37, -2, 1, 3]
[-3, -1, 1, 6, 6, -1, -2, -1]
[0, 2, 0, 6, 16, 5, 0, 2]
[-4, -8, -9, -12, -1, -2, -1, -4]
[1, 4, 4, 5, 7, 2, 2, 4]
[1, 0, -3, -24, -28, -7, 2, -2]
[-1, -1, -5, -7, -19, -11, -5, -2]
[-3, -2, 1, 12, 3, 2, -2, 1]
[-3, -5, -3, -8, 5, 0, 6, -3]
[-1, -5, 2, 19, 18, -2, -11, -3]
[-1, -3, -1, -27, -70, 0, -2, 2]
[0, -3, -1, 16, 18, 5, -1, 0]
[2, -1, -3, -1, 11, 1, -2, 3]
[0, 2, 1, 13, -11, 3, 18, -2]
[1, 1, -2, -12, 0, -6, -1, 0]
[0, -1, -2, 5, 32, 0, -3, -3]
[1, 0, 0, 6, 6, 1, -1, -1]
[-2, 1, 1, -7, 3, -3, -2, -2]
[-2, 1, 0, -11, -30, -2, -2, -4]
[1, 1, 2, 12, 45, 6, 6, 4]
[-1, -1, 0, 13, 18, -2, -2, 4]
[2, 1, -5, -10, 11, 0, -1, 0]
[0, 0, 1, 0, -11, -4, -1, 2]
[3, 0, 0, -1, 0, 0, -1, -3]
[0, 1, 4, 2, -12, 0, -1, -2]
[-3, 0, 0, -6, -5, 0, -2, 0]
[-2, -6, -5, 5, 4, -2, -3, -4]
[0, 0, 1, 6, 5, 1, 2, -1]
[-2, 2, 3, -6, -12, -2, 1, 0]
[-5, -2, -2, -2, -6, -2, -1, -5]
[-4, -3, 0, 3, -12, 0, -1, 9]
[0, 1, -3, 3, 40, 1, -1, -1]
[1, -1, -6, -24, -52, -4, -2, 0]
[2, -2, 0, 9, 17, 1, -2, 0]
[1, -2, -1, 13, 1, 1, 1, -3]
[0, -3, 2, -4, -4, 5, 0, -3]
[1, -3, -3, 0, 30, 0, 1, 0]
[-5, -1, -3, -2, -1, -1, -10, -4]
[0, 1, -2, 9, 17, 1, 1, -2]
[-3, -2, -1, -9, -17, -3, 1, 1]
[-3, 1, 0, -9, -2, 1, -2, -3]
[2, -2, -1, -3, -13, -1, 3, 0]
[-1, 1, 0, 6, 9, 0, -2, 0]
[-1, 4, 5, 0, -5, -4, -4, 3]
[3, -2, -4, -6, -27, -5, -6, -2]
[-1, -2, 0, 24, 48, 6, 17, 1]
[0, 1, 0, -25, -44, -8, -2, 1]
[-1, -1, -3, 2, 20, 0, -1, -2]
[-1, 1, 0, 0, 12, 0, -2, 0]
[-2, -2, -5, -10, -51, -7, -8, -4]
[2, 1, 7, 7, 21, 7, 4, -1]
[0, 0, -2, -11, -29, -3, -3, -5]
[1, 0, -1, 3, 6, -1, -3, 1]
[2, 1, 1, 1, 21, 2, 0, 2]
[-3, 0, 2, 16, 7, 4, 3, -1]
[-1, -4, -3, -16, -31, -4, -3, 2]
[-2, -2, 0, 5, -13, -2, 1, -6]
[-2, 1, -4, 7, 9, -4, -4, -3]
[0, -1, -3, 0, 4, -1, -1, 0]
[-3, 0, 1, 23, 38, -1, 1, 0]
[1, -3, 0, -16, -24, 1, 1, 1]
[-1, -2, 1, -9, -16, -3, -2, 1]
[0, -2, -2, -2, 6, -4, -1, -2]
[0, -1, -3, -4, -9, 3, -1, 0]
[0, 1, -1, 6, 1, 1, 2, -1]
[-3, 0, 2, 5, 5, -2, -2, 1]
[-1, 2, 1, 15, 28, 4, -2, -3]
[-1, -3, -4, -19, -13, -6, -4, 0]
[0, 0, -1, -5, 7, -3, -2, 0]
[0, 2, -1, -1, -4, 0, 2, -2]
[-1, -1, 3, -5, -12, -2, -8, -1]
[3, -2, 0, 10, 31, 3, 1, -1]
[0, 2, 2, -2, -17, -5, -4, -3]
[-2, -1, -1, -1, 1, 3, -2, -9]
[-1, -1, -2, -8, 9, 0, 6, 5]
[-1, 0, -1, 7, 4, 3, 1, 3]
[-3, -3, -10, -4, -8, 1, -6, 0]
[2, 3, 17, 3, -7, -1, -8, -1]
[-1, -2, -2, -4, -1, 0, 12, -1]
[1, 1, -2, -4, -24, -2, 0, -1]
[2, 3, 1, 18, 46, 0, 3, -1]
[2, -1, -6, -9, -9, 0, -6, 3]
[-3, -2, -3, -17, -34, -6, -4, -1]
[-2, 0, 0, 9, 30, 2, 2, 0]
[-3, -2, -4, -19, -76, -5, 1, -1]
[-1, -2, -2, -1, 3, -3, 5, -1]
[0, 1, 0, 0, 4, -3, -3, 0]
[-1, 0, 2, 1, 2, 2, 1, -2]
[-2, -3, -3, -7, -18, -6, -1, -3]
[0, 1, 2, 13, 19, 0, -2, 5]
[-3, -1, -6, -21, 1, -6, -3, -1]
[1, -2, 2, 5, -5, -2, -4, -1]
[3, -2, 3, 6, 14, 3, 0, 1]
[0, 0, -3, -9, -18, 3, 0, 0]
[1, 0, -1, 6, 20, 1, 0, -2]
[2, 1, 0, 4, 2, -2, 1, 0]
[-3, -5, -3, -3, 16, 1, 2, 1]
[-1, -3, -4, -12, -35, -6, -1, -2]
[-1, 0, -3, 9, 15, 1, -6, -2]
[0, 1, 4, -9, -6, 1, 0, -1]
[-2, 1, 3, 4, -5, 1, 1, -1]
[-1, 0, -1, -3, 16, 0, 2, 1]
[-1, -4, 1, 0, -9, 0, 2, -1]
[-1, -1, -5, -3, -7, 1, 2, 0]
[1, 0, -1, 8, 48, 2, 0, 1]
[-2, -1, -4, -26, -20, -4, -5, -2]
[-2, -2, -4, 13, 4, -2, -1, 1]
[-1, -3, 1, 4, 18, 1, -1, -4]
[0, 1, 1, 4, 5, -1, 0, 7]
[0, 1, -3, 3, -13, 0, 4, -1]
[3, 3, 0, -4, 3, 2, 0, -2]
[1, 0, 1, 3, -11, 3, -2, 2]
[3, 0, 1, -6, 9, 3, -5, -1]
[0, -1, 5, 39, 87, 7, 9, -1]
[-3, -5, -11, -68, -89, -21, -4, 0]
[-2, -1, 1, 6, 47, 1, 1, 0]
[-3, -1, 2, -1, 7, -4, 1, -3]
[-2, -4, -1, 2, -8, -1, -4, -2]
[2, 0, 4, 21, 32, 6, -1, -1]
[1, 0, -3, -2, 2, -1, 1, 0]
[-2, 1, -5, -11, -44, -1, -1, -2]
[-3, -1, -2, 4, 10, 0, 0, 0]
[0, 1, 3, 13, 12, 1, 0, 0]
[4, 0, -2, -13, -21, 2, -1, 3]
[1, -3, -3, 1, 9, 0, -1, 1]
[-2, -1, -3, -17, -30, -5, -1, 0]
[-3, 0, 2, 6, 11, 4, -1, 0]
[2, -1, -6, 6, -11, 5, 0, 2]
[-2, -3, 3, -5, -16, -9, -12, -5]
[1, 0, 0, 0, -28, -4, 3, -3]
[-1, -1, 1, -9, 48, 8, -2, 2]
[0, 0, 1, 3, -14, 0, 0, -1]
[1, -1, 4, 13, 28, 6, 5, -1]
[-4, -3, -7, -19, -32, -11, -5, -1]
[0, -2, -4, 10, 10, 0, -1, -4]
[-2, 4, 4, 2, 12, 0, -1, 0]
[1, 1, -1, 2, 18, 8, 4, 1]
[1, 2, 7, 7, -18, -1, -1, 1]
[-1, 1, -1, 8, 0, -2, 2, -2]
[-1, 0, -2, -11, -2, -5, 0, 1]
[-1, -1, -1, -4, -11, -5, 0, -3]
[0, 3, -6, 2, 42, 1, 1, -1]
[0, 2, 1, -5, -45, -2, -1, -1]
[2, 0, 0, 11, 38, 8, 3, 0]
[-1, 2, -1, -8, -77, -10, -4, 0]
[1, -4, -2, -6, 9, 0, -2, -2]
[2, -1, -5, -20, -35, -3, -3, 1]
[-1, -3, 1, 8, 16, -4, -2, -1]
[-1, 2, 0, 8, 28, 8, 6, 1]
[0, -2, 0, 9, 9, 1, 0, 1]
[0, -3, 5, 14, 23, 1, -1, -3]
[-1, -2, -4, -14, -36, -8, -3, -4]
[1, 3, 3, 13, 33, 1, 5, 2]
[-3, 0, -5, -30, -66, -10, -4, 0]
[-2, -2, 0, -2, 8, 2, 0, 3]
[1, -4, 1, -5, -8, 1, -2, 1]
[1, 1, -4, 0, 19, 1, 0, -1]
[-1, 1, -2, 4, 18, 2, 0, -1]
[-2, 2, -2, 6, 2, 2, 2, -1]
[-1, 1, -1, 3, 9, -1, 0, 0]
[-3, 1, -1, -4, 5, -3, -2, 0]
[-1, 0, 6, 6, -16, -5, -7, -3]
[-4, 0, -3, -10, 10, 1, 15, 2]
[0, 3, 3, -4, -8, -1, 4, 1]
[1, -3, 2, -8, -11, 4, 2, -3]
[0, -2, 1, 6, 56, 4, -5, -1]
[-4, -3, -2, 5, -37, -5, -3, -5]
[1, 2, -1, 1, -10, 1, 0, 1]
[3, 0, -4, -16, 18, 3, -1, 1]
[-3, -2, 2, 4, -18, -3, 0, 0]
[-2, 0, -3, 0, -7, -1, -3, -1]
[-1, -1, -6, 13, 46, 3, 2, -1]
[-4, 0, -2, 10, -19, -2, -4, -1]
[2, 6, 3, 14, 21, 3, 3, 2]
[-2, -3, -1, -18, 19, -2, -6, -1]
[-4, 0, 0, 2, 14, 1, -2, 0]
[1, -1, -3, -8, -30, 0, -3, -1]
[-2, -4, -9, -5, 18, -4, 2, 0]
[2, 0, 5, 16, 15, 2, 1, 0]
[0, -1, -1, -20, -91, -9, -5, -2]
[-2, -1, 2, -28, 9, 3, 1, -1]
[-4, -1, 3, 26, 24, 5, -1, -1]
[0, 1, 0, -3, 23, -3, -4, -1]
[-2, 1, -4, 9, -7, -8, 1, 0]
[-1, 2, -2, -13, -49, -5, 1, 0]
[2, -2, -6, -3, -11, 1, 1, 0]
[2, -1, -5, -12, 4, 0, 1, 4]
[0, -1, 2, -15, -58, -3, 2, 1]
[-1, -3, 2, 21, 60, 2, 6, 0]
[-3, 2, 3, 5, 38, 2, -4, -2]
[-2, 2, 1, 1, -24, -5, -2, -2]
[-2, 0, -2, -32, 10, -1, -1, 2]
[-6, 0, -2, 17, 24, 2, 2, -1]
[-3, 2, -3, -11, -48, -3, 0, -1]
[2, -4, 6, 21, 33, -2, -4, -1]
[4, 1, 7, 27, 74, 10, 4, 2]
[-3, -5, -7, -31, -43, -12, -2, -4]
[-4, -2, -6, -61, -39, -13, -5, -1]
[-2, 0, 2, 9, -4, 2, 2, -2]
[-3, -4, -5, -1, -28, -7, -4, 0]
[2, 2, 0, 11, 52, 6, -1, 1]
[-1, 2, -1, 42, 9, 0, -12, -9]
[-2, -2, -2, -27, 2, -7, 16, 11]
[4, 3, 2, 62, 38, 8, 4, -2]
[-1, -1, -5, -48, -1, -1, -2, 2]
[3, 0, 4, -14, -7, 3, 9, 5]
[1, 0, -7, -23, -23, -2, -16, -6]
[4, 5, 13, 98, 93, 20, 5, 3]
[-9, -8, -9, -21, -90, -25, -10, -8]
[-8, -6, -8, -55, -73, -9, -4, 1]
[-3, 2, 5, 8, 37, 5, 1, -3]
[-5, -1, -5, -62, -27, -7, 11, -2]
[6, 8, 13, 71, 82, 11, -2, 1]
[1, 2, 1, -39, -25, -3, 0, 5]
[0, -3, -1, 82, 80, 11, 12, 5]
[-1, -2, 3, 25, 46, 8, -1, -4]
[3, 1, -5, -47, -29, -4, 1, -4]
[-2, 0, 11, -2, 48, 1, 1, -9]
[-4, -5, -20, -109, -88, -24, -11, 2]
[-4, -5, 0, 63, 74, 18, 0, 6]
[-11, -11, -10, -35, -108, -5, 0, -4]
[-2, -10, -12, -35, -65, -18, -5, -3]
[2, 1, 4, 50, -46, -8, -10, -4]
[0, 1, -3, -73, 56, 2, -3, 2]
[-3, 3, 9, 23, 25, -2, -25, -8]
[-3, 6, 4, 20, -3, 7, 4, 3]
[-3, 1, -5, -31, -27, 4, 2, -8]
[-3, -2, 1, 12, 20, -1, -5, 2]
[2, -2, -3, 49, -50, -2, 9, 6]
[0, -9, 5, 17, 63, -11, -9, -18]
[-2, 0, 0, 80, 93, 16, 9, -3]
[1, 0, -17, -93, -61, 5, 26, 7]
[0, -6, -6, -8, 70, -8, -23, 17]
[-2, -3, -3, 42, 31, 9, -11, -17]
[6, 4, 2, 40, 99, 24, -2, 8]
[-1, -5, -21, -23, -88, -31, -8, -1]
[2, 6, 11, 26, 36, 15, -6, -18]
[1, -4, -11, -107, -71, -14, 10, 8]
[-4, -6, 16, 119, 63, 7, -6, -8]
[-11, -12, -21, -90, -128, -26, -19, -14]
[6, -2, 7, 21, 23, -11, 9, 5]
[3, -5, 11, 38, 41, 12, -4, 5]
[4, 2, 4, -99, 84, 20, 2, 1]
[6, -1, 5, 90, 47, 3, -4, -9]
[5, -1, -14, -41, 69, -10, 8, 13]
[7, 3, -11, 42, 17, 0, 8, -1]
[-3, -8, -11, -56, -111, -32, -8, -3]
[-5, -8, -6, -34, 10, 22, -9, -32]
[10, 10, 36, 114, 127, 38, 18, 31]
[-9, -9, -18, 27, -19, -24, 13, -1]
[4, -3, -2, -66, 56, -5, -30, -10]
[0, -4, -7, -101, -104, -27, -16, 10]
[1, 5, 1, 58, 87, 32, 0, -14]
[1, 12, 3, -64, -84, -6, 4, 5]
[-6, -8, -16, -23, -128, -19, 0, -10]
[2, 4, 19, 127, 127, 27, 6, -2]
[-4, -11, -30, -128, -128, -26, -1, -13]
[-2, 1, 1, 58, 127, 15, -11, -9]
[2, -4, -30, -99, -79, -7, 12, 8]
[8, 5, 16, -1, 63, 8, -5, 6]
[3, -2, 0, 9, -96, -28, 8, 0]
[-13, -10, 4, 6, 70, 3, -21, -17]
[-3, 3, 22, 65, 50, 19, -5, -5]
[-4, 1, -14, -17, 43, 12, 15, -2]
[-2, -4, -13, -60, -20, -27, 3, -5]
[12, 3, 22, 92, 75, 10, 8, 1]
[-3, -4, 27, 19, 127, 20, 15, 4]
[-1, 4, -5, -13, -13, -37, -21, 3]
[12, 16, 24, 108, 119, 65, 28, 7]
[1, -7, -24, -112, -1, -6, 2, 0]
[6, 14, 27, 55, 51, 2, 10, 1]
[-10, -14, -19, -105, -114, -34, -19, 5]
[-4, -6, 7, 7, 30, -9, -1, -6]
[1, 4, 25, 127, 116, 38, 18, 20]
[-4, -3, -20, -123, -90, -4, -4, -9]
[-5, 0, -3, -4, -73, 1, 0, -4]
[-3, -9, -13, 53, 59, -4, 3, 5]
[4, 15, 29, 29, -58, 18, 12, 2]
[-6, -10, -26, -66, -2, 6, 0, 4]
[6, 9, 39, 127, 113, -17, -12, -7]
[-4, -3, -8, -115, -39, 8, -5, -6]
[1, -4, 6, 54, 90, 5, -22, -6]
[6, 2, 2, 9, 13, -20, 0, 20]
[5, -1, 0, -53, 97, 25, 22, 14]
[-5, 0, 11, 69, 88, 29, 2, -21]
[-5, -5, -7, 9, -86, -16, -10, 3]
[-5, -8, 1, -13, 60, 9, 20, -2]
[3, -8, -11, 67, -49, -20, -34, -12]
[5, 12, -8, 29, -40, 3, -8, 1]
[2, 5, -19, -27, -30, -33, -4, 8]
