[-1, 19, 18, 31, -23, -13, -18, -45]
[-1, 2, -3, -46, -95, 14, 17, 11]
[2, -6, 5, -13, 46, -19, 11, 9]
[-9, -9, -7, -23, -111, -45, -17, 12]
[11, 18, -13, -35, -12, 16, 10, 22]
[9, 18, 21, 90, 127, 33, 16, 2]
[-19, -9, -17, 21, -128, -9, -28, -28]
[4, -1, -11, -72, -60, 11, 19, 0]
[5, 4, -4, 17, 76, -21, 7, 7]
[-6, 3, 17, 2, 25, 62, 12, -3]
[-5, -1, 5, 33, 101, -1, 9, -3]
[3, 13, 20, 85, 87, 9, 12, 4]
[-9, -6, -2, 83, -19, 26, -11, 0]
[9, 4, -11, -29, 9, 16, 27, 16]
[-6, -5, -30, -111, -81, -85, -21, 1]
[2, 7, 3, -20, 96, 77, 9, -7]
[0, 0, 0, -47, -71, -61, -19, -6]
[10, 6, 15, 19, 88, 35, 21, 14]
[-6, -17, -45, -110, -128, -89, -26, -6]
[0, 1, 10, 52, 75, 5, 3, -11]
[-7, -8, -19, -36, -74, -30, -21, -6]
[-5, 3, 13, 23, 40, 0, 16, -6]
[3, 22, 38, 6, 53, 2, 8, 6]
[-10, -1, -8, 10, -74, -10, -16, -12]
[-6, -4, -3, -34, 37, -1, 20, -23]
[11, 8, -2, 1, 7, 1, -36, 41]
[-3, -5, -12, -18, -71, -39, -6, -9]
[5, -4, -14, -128, 117, 2, 11, 26]
[1, 2, 14, 33, -53, -41, -6, 13]
[-5, -6, -7, 5, -128, -20, -3, -9]
[6, 15, 28, 121, 127, 34, 10, 14]
[-7, -14, -33, -30, -12, -39, -13, -16]
[-10, 1, 20, 12, -97, -35, -1, -5]
[9, 8, 13, 113, 116, 60, 27, 4]
[-2, -6, -17, -69, -49, -17, -2, 7]
[-2, -13, 0, 2, -43, -20, -9, -20]
[7, 6, 6, 64, 103, 42, 2, 8]
[-4, 9, 15, 40, 81, 21, 10, 2]
[9, -2, -7, -83, -80, 33, 3, 3]
[8, 7, 9, 80, 90, 32, 2, 9]
[-2, -11, -11, -23, 73, 76, 26, 6]
[-9, -21, -21, -72, -128, -78, -60, -27]
[-5, -4, -16, -8, 48, 63, 10, 2]
[-4, 4, 13, 35, 47, -23, 6, -5]
[5, 4, -2, 8, -30, 38, -5, -11]
[-4, 1, 1, 8, 6, -55, -11, 1]
[-9, -7, -6, -87, -101, -2, 12, 1]
[8, -3, -5, -33, -80, 31, -14, 5]
[7, 13, 25, 120, 100, 16, 11, 9]
[-5, -5, -25, -91, 71, -27, -8, -18]
[3, 1, 24, 67, -35, -11, -4, 27]
[-3, -1, -29, -128, -43, 10, 12, 12]
[-4, -2, 4, -6, -89, -90, -13, -2]
[1, -5, -10, 14, 42, 38, 7, -6]
[7, 13, 18, 78, 77, 23, 3, 1]
[5, 7, 3, 50, 14, 2, 2, -6]
[-4, -9, -8, -10, 33, 1, -8, 2]
[-1, -2, 16, 77, 84, 6, -2, -3]
[3, 4, 15, -48, -65, 14, -2, -8]
[0, 8, 6, 25, -72, -37, -4, -5]
[4, 6, -2, 38, 127, 73, 4, 3]
[-4, -9, -19, -128, -128, -69, 15, -4]
[5, -6, -11, -16, 14, -21, 9, 33]
[-8, -6, 4, 3, -77, -30, -19, -18]
[0, -13, -2, -49, -98, -8, 1, -1]
[-17, -10, 1, -9, -59, 4, -3, 5]
[-5, -5, 3, 36, 127, 46, -5, -19]
[3, 1, 7, -25, -1, -1, 19, 18]
[4, 0, -8, -55, -40, -35, -15, -9]
[6, 1, -13, -50, -26, 0, -2, 1]
[-6, 0, 7, 3, -66, -2, -1, -5]
[-4, 2, 7, 6, 68, 13, -1, -3]
[-1, -4, -8, -2, 1, -23, 1, -6]
[5, -1, 5, 33, 9, 11, 4, -2]
[-4, 6, -2, 52, 82, 38, 1, 6]
[-7, -6, -11, 0, 30, -13, -3, -7]
[-1, -9, 5, 2, 29, -16, -8, 6]
[5, 2, -3, -49, -5, 25, 9, 6]
[1, -4, 0, 40, 15, -23, -10, -16]
[-8, -3, -9, -46, -88, -10, -3, 0]
[-2, 1, -1, 37, 35, -4, -1, 1]
[-2, -11, 6, 3, 27, 20, -4, 13]
[-6, -7, -10, -32, -23, -4, -12, -18]
[2, 14, -2, 8, 22, 3, 12, 0]
[10, 0, -5, -25, -16, 6, -8, 12]
[0, 22, 0, 2, -34, -12, 1, -9]
[5, 9, 9, -10, 17, 8, 2, 0]
[-1, -4, 4, 4, -8, -14, 2, 1]
[-9, -12, -14, -11, -37, 2, 1, -8]
[-10, -18, -5, 96, 119, 20, -9, -7]
[1, 1, -1, 24, 86, 17, -1, 3]
[-9, -5, -7, -12, -28, -5, -13, -2]
[-4, 1, 4, 1, 14, 25, 2, 5]
[6, 5, -2, -30, -38, 40, 6, -1]
[-3, -5, 0, 3, 16, 2, 1, -2]
[-1, -2, 9, 10, 13, -6, 0, 1]
[-1, -2, -6, -35, -12, -12, 1, 4]
[-7, 0, -7, -2, -20, -6, 4, 2]
[13, 16, -4, 5, -18, 1, 6, -5]
[7, -3, 0, -5, -4, -17, -2, -3]
[-15, -6, -4, 29, -9, -7, -1, -3]
[14, 9, 2, 8, -5, -33, -2, -4]
[-30, -32, 0, -30, -22, -14, -2, -7]
[7, -26, 3, -6, 25, 5, -15, 0]
[38, 66, 12, -2, -2, 1, 23, 10]
[1, 8, 1, 1, -13, -28, -9, -7]
[5, 0, -7, 6, 1, -19, 6, 9]
[-3, 9, 1, 7, 29, 7, -11, 5]
[-17, -28, -7, -13, -54, 5, -28, -14]
[3, -2, 1, -4, -37, -7, 3, -6]
[4, 1, 4, 0, -4, -3, 2, 0]
[-1, -7, 3, -3, 15, 17, 8, 0]
[-5, -1, -10, -37, -2, -3, 4, 9]
[-3, 4, 3, 40, 23, -10, -2, -2]
[-7, -6, -6, 45, 6, -1, -8, -3]
[-10, 2, -3, -26, -18, 7, 5, -5]
[-4, -14, 10, 40, 53, 14, -8, 2]
[5, 5, -10, -70, -45, -13, -1, -6]
[8, 7, 4, 37, -13, 7, 0, 3]
[6, 3, -7, 18, 24, 0, -6, 3]
[1, -11, 4, 36, 2, -1, -9, 3]
[-2, 8, 3, -19, 7, -9, -1, 1]
[4, 10, 4, 17, 29, -3, -8, -6]
[-9, -4, -13, -83, -82, -6, 4, 8]
[1, 6, 7, 19, 30, 15, 7, -3]
[-8, -13, -3, 31, 15, 7, 11, 6]
[8, 9, -1, -51, -33, -4, 1, -2]
[-3, -5, 1, 39, 72, 10, -1, -1]
[1, 3, 2, -38, -66, -2, -3, -4]
[5, -6, -5, -16, 3, -6, 13, 5]
[-6, -10, -2, -2, 13, 0, -14, -6]
[-4, -6, 1, -12, -40, 2, 19, -2]
[3, -2, 0, 15, 30, 3, 1, -1]
[-2, -5, 6, -10, 2, 1, 5, 4]
[-3, -5, -4, -14, -13, 0, -2, 4]
[4, 6, -2, 14, 57, 0, -7, -7]
[3, 1, -3, -6, -74, -6, 6, -11]
[-4, -5, -1, 13, 7, -3, -2, 6]
[0, 0, 2, -8, -23, -3, -2, -5]
[6, 6, -3, -19, -32, -9, -3, 8]
[-6, -6, -1, 14, 65, 1, 4, -5]
[-10, -8, -4, -34, -76, -15, -15, -11]
[7, 3, -1, 36, 22, 10, 2, 2]
[-3, 4, 2, -12, -21, -2, 0, -7]
[-6, -7, -1, 30, 20, 4, -1, 0]
[9, 4, 9, 3, 6, -2, -7, 8]
[5, -7, -7, -30, -15, -3, -9, -5]
[-1, -9, 3, 26, 14, 6, 5, -2]
[-3, 3, -10, -18, 37, -4, -5, -6]
[3, 0, -14, -20, -58, -4, -1, 7]
[7, 12, 0, 6, 30, 0, -2, 1]
[0, 4, 8, -2, -4, 5, -1, 5]
[-5, 0, 3, -26, -63, -11, -2, -5]
[-2, -7, -1, 22, 59, 3, 6, -7]
[0, -3, -7, 2, 8, -5, 7, 1]
[-3, 5, -1, 0, -1, -3, -7, -9]
[-4, 2, -1, -2, 10, 7, 8, 21]
[-4, -3, 4, 8, 19, 9, -5, -3]
[-2, -9, 1, -17, -25, -3, 1, -3]
[2, -2, 5, 10, 6, 4, -1, 1]
[3, -4, -1, 16, 20, 1, -1, -4]
[3, 7, -4, -19, -25, -9, -11, -9]
[-6, -3, -2, 11, 64, 2, 4, 10]
[-2, 1, -4, -15, -96, -11, -2, -7]
[-7, 1, -4, 3, 22, 1, 6, 2]
[-2, -3, -2, -29, -11, 0, 0, -3]
[1, 0, -3, -20, -23, -2, 7, -2]
[-1, -6, 5, 40, 44, 0, -11, -4]
[4, -8, -5, 6, 9, 3, 21, 3]
[-6, -1, -4, 16, 24, 2, 1, -2]
[-6, 0, 0, -8, -12, -6, -2, -4]
[6, 7, -1, -10, 5, 4, -1, 2]
[7, 6, 7, 7, -3, -3, -6, -4]
[0, -2, 8, 21, 49, 9, 1, 3]
[-5, -6, -3, -24, -55, -9, -7, 1]
[-2, 6, -2, 1, 2, 0, 6, 0]
[-1, 1, -5, -3, -7, 3, -2, -4]
[-1, 5, 0, 0, 21, 2, 1, 2]
[-8, 1, 2, 8, -10, -6, -3, -2]
[-5, -1, -2, 3, -7, -4, 3, -1]
[-1, -5, 7, -2, 20, 0, -6, -2]
[13, -10, 1, -7, -15, 2, -1, 2]
[0, -8, 1, 15, 36, 11, 4, 0]
[10, -1, -6, -2, 12, -4, -7, 4]
[-5, 8, -3, -12, -28, -8, -7, -2]
[-2, 7, 2, 19, 28, 0, 2, -5]
[1, -1, 1, 6, 15, 2, 2, -1]
[-8, -5, -2, 0, -4, 4, 7, -1]
[5, 1, -4, 3, 35, -2, -1, 1]
[-4, -1, -2, 5, 13, -1, -1, -10]
[5, 4, -3, -22, -61, -14, 1, 15]
[-1, 0, 3, 2, 24, -1, -2, -1]
[-2, -1, 6, -20, -9, 5, -1, 4]
[-9, -6, -3, -18, -35, -9, -6, -7]
[0, 1, -8, -3, -2, 4, -4, -4]
[-4, -4, -4, 3, 1, 5, 5, -4]
[3, 1, 4, 15, 5, -2, -2, 2]
[-1, -1, -2, -8, 27, 6, 2, 0]
[-1, 2, 5, 6, 16, -8, -5, -4]
[0, -1, -1, -7, -17, -2, -4, 1]
[-1, -2, -3, -7, -7, -1, 0, 1]
[-1, -3, 1, 6, -12, -2, -5, 5]
[3, 4, -1, 7, 0, 3, 2, -1]
[0, 3, -4, 2, 12, -1, 1, 0]
[2, -2, 1, 5, -14, 1, -1, -8]
[0, 3, -4, 3, -7, 3, 2, 3]
[-5, -4, 1, 3, 10, 1, 0, -4]
[0, -3, -1, -5, 24, -8, -1, -5]
[-1, -2, 7, -2, -16, -1, -1, 15]
[4, 2, 0, -12, 21, 3, 2, 1]
[-6, 1, -8, -5, -47, 5, -2, -4]
[-7, -3, -3, -10, 5, 1, -3, -4]
[-4, -3, -9, -5, -24, -9, -5, -1]
[-2, -5, 4, 8, 6, 1, 10, 10]
[-2, -5, 2, 8, 20, 1, -8, -1]
[5, 0, 1, 6, -3, 0, -1, 1]
[1, -1, 0, -1, 13, -1, 2, -10]
[4, 3, -1, -5, -16, -4, 10, 0]
[-1, -1, -4, -6, 3, -2, -1, -6]
[0, 5, -4, 3, -8, 0, -3, -7]
[5, 3, -3, 8, 5, 7, 0, 8]
[-5, -1, 4, 5, -2, 4, -3, 0]
[-3, 1, 12, 8, 19, 3, 7, 5]
[-3, 0, 5, 0, -9, -8, -2, 4]
[-5, 1, 0, 0, 50, 3, 1, 2]
[-3, -3, -8, -13, -20, -6, -10, 0]
[4, -8, -6, -10, -5, -6, 0, -5]
[2, 0, -2, -3, -26, -1, 3, -1]
[5, -1, -6, 7, 6, 6, -1, 0]
[2, -1, 2, 13, 9, -1, -5, -3]
[4, 1, -2, -11, -1, 0, -1, 1]
[2, -1, 16, 17, 23, 3, 1, 4]
[-4, 2, -4, -21, -55, -10, 1, -5]
[-3, 6, -3, -1, 3, 4, 0, -3]
[-5, -3, -7, 1, -5, -4, 2, -6]
[2, -5, -4, 2, 4, 0, -4, 1]
[2, -3, 6, 9, -1, 1, -3, -4]
[0, 0, -2, -6, -15, 0, 3, 3]
[-3, 0, 4, 4, 26, 6, 2, 1]
[-1, 5, -4, -23, -43, -3, -2, 2]
[-6, 3, 1, 20, 71, 3, 0, 4]
[-1, -1, 0, 8, 10, 0, -1, 1]
[4, 0, -3, -6, -51, -6, 6, -1]
[-2, -9, 2, -4, -8, -2, -5, -13]
[5, -3, 6, 15, 51, 10, 3, 5]
[-1, -1, 1, -21, -90, -3, -6, -3]
[-1, 0, -8, 10, 26, 0, -4, -1]
[-3, -1, -8, -4, 0, -11, -3, -2]
[-7, 4, -5, -5, -15, 0, 18, -4]
[-5, -6, 3, 12, 44, 1, -3, 1]
[4, 1, 5, 1, 0, 0, 2, 1]
[2, -1, -3, -7, 6, 3, 4, 3]
[1, 0, -6, -4, -19, -5, -9, 3]
[2, 1, -2, 1, 13, -2, -5, -3]
[1, 2, -1, 6, 5, 7, -3, 4]
[0, -5, -3, -5, -26, 0, 2, -1]
[0, -5, 5, -1, 16, -1, 1, -5]
[1, 6, 7, 9, 32, 6, 15, -1]
[-7, -6, -10, -24, -41, -15, -14, -3]
[0, 1, 0, 4, 17, 4, 1, 7]
[-2, -1, -3, -4, -28, -2, -3, -3]
[2, -6, 3, -2, -16, -7, -2, -2]
[2, 4, 7, 13, 57, 8, 4, 0]
[-4, 4, 3, -3, 2, -1, 4, 0]
[-3, -6, -4, -6, -30, -6, -6, -2]
[0, 1, -7, 8, 15, 0, -5, 2]
[-1, 0, 4, 1, 0, -2, 8, -2]
[1, -5, -2, -7, -24, 1, -14, -2]
[2, 2, 4, -1, -13, 2, 0, -3]
[-4, 1, -7, -5, 12, 2, -2, -11]
[0, 0, -1, 4, -9, -3, -7, 15]
[2, 4, -3, 9, 25, 4, 14, -2]
[-1, 4, 4, 5, 5, 2, -2, -3]
[0, -2, -1, -5, 33, -2, -5, -1]
[-6, -3, 4, -5, -25, -4, -11, -3]
[-4, -4, 4, -6, -50, -7, 1, -5]
[6, -1, -2, -5, -40, 6, 6, 22]
[5, -4, -8, -13, -15, -6, 1, -8]
[-3, 3, -4, 15, 37, 3, 2, -5]
[-4, 0, -10, -6, 28, 0, -2, 2]
[-2, 4, 1, 2, -18, -2, 1, -4]
[0, 0, 10, 3, -10, 1, 2, 5]
[2, -1, 8, -6, -1, 3, 3, -2]
[-2, -5, 0, 6, 16, 1, -1, -1]
[-3, -4, -2, -9, -1, -7, -2, -2]
[-4, -3, -2, 0, 0, -2, -2, 4]
[-2, 2, -1, -4, 3, -5, -3, -6]
[-5, 2, -3, 3, -4, -1, 0, -1]
[8, 2, 2, 3, 11, 1, 7, 4]
[2, 3, 3, 3, -8, 4, -12, -2]
[1, 1, -5, -2, 5, -1, 0, -1]
[-2, -1, 1, 2, -9, -3, -6, -1]
[-5, -9, -4, 2, -2, 0, -1, -4]
[-2, -3, -4, -3, -22, -8, 0, 4]
[0, -2, 0, -9, -23, -3, 4, -1]
[-1, 1, 1, -9, 5, -1, -2, 1]
[1, 1, -4, -1, 26, 2, -5, -6]
[0, -2, 1, 7, -33, 0, 9, -2]
[-5, -1, -1, 5, 38, 3, -4, -11]
[-3, 2, 4, -3, -3, -1, 1, 9]
[0, -1, 1, 0, 6, -2, -5, -1]
[1, 1, -2, -4, 30, 2, -1, 4]
[2, -7, -4, -5, -36, -4, 0, 5]
[0, -5, -1, 7, 16, 4, -6, -9]
[-2, 1, -1, -4, -17, -4, 0, 10]
[5, 4, 4, 16, 40, -1, -1, 1]
[-4, -4, -6, -5, 7, -6, 0, -7]
[2, -2, -7, -12, -41, -2, 4, -2]
[-11, 1, 1, -8, -5, 3, -2, -6]
[-5, -4, 4, 8, -4, 2, -3, -3]
[0, -3, -1, -1, 18, 2, 1, 1]
[11, 1, 1, 1, 26, 3, 0, -6]
[8, 4, -4, 1, 8, -4, 1, -3]
[-5, -1, -7, -10, -22, -1, -1, 7]
[-2, 0, 1, 5, 5, -2, 1, 0]
[-4, -1, -2, -1, 4, -3, -2, 5]
[-3, 1, 1, 3, -2, -2, 2, -4]
[-3, -3, -7, 1, 4, 2, 6, -1]
[0, -2, 5, 2, -20, 1, -9, -1]
[0, 4, 2, 3, 2, 1, 7, 7]
[-2, 0, 4, -4, -19, 0, -2, 5]
[0, 2, -4, 9, 25, 2, 3, 0]
[2, 0, -5, 1, -19, 0, 1, 0]
[-3, -1, 1, -20, -72, -10, -4, -4]
[-1, -7, 0, 2, 5, -1, -2, -16]
[0, -1, 3, -5, 5, 4, 6, 10]
[-3, -4, -10, -7, 13, -5, -2, -2]
[-4, 3, -1, 8, 42, 5, 0, 0]
[1, -2, 3, 2, -25, -3, -1, 2]
[4, -1, 2, -23, -25, -4, -4, -4]
[1, 2, 10, 20, 61, 9, -1, -6]
[-6, -6, -4, -13, -65, -9, -6, -1]
[-2, -3, -6, -3, 7, -1, -4, -6]
[-3, -1, -1, 2, -16, -2, -4, -2]
[0, 2, 0, 3, 3, 2, 3, 9]
[3, -1, -4, 13, 49, 2, -8, 1]
[-2, 2, -1, 1, -24, 2, 15, 3]
[3, -2, -4, -1, 5, -6, -1, -4]
[2, -2, -2, -8, -23, 0, 5, 0]
[-4, -3, 0, -1, 25, -4, 1, -2]
[-1, -2, 8, 21, 7, -6, -7, -1]
[4, -7, -1, -11, 8, 0, -3, -3]
[-1, 3, -4, -13, -30, -10, -6, -2]
[4, 4, -6, 10, 25, 6, -2, 0]
[-2, 1, -3, -7, 0, 0, -6, 3]
[-1, -3, 5, 1, -48, 4, 1, -7]
[-1, -7, -6, 5, 2, 4, 5, -3]
[5, 4, -2, -20, -49, -4, 2, -1]
[4, 5, -6, 2, 55, 1, 1, 2]
[0, 6, -5, 10, 34, -1, -13, 2]
[-8, -5, 1, -26, -21, -7, 2, -2]
[-6, -4, 11, 56, 27, 11, 10, 1]
[1, -2, 4, -3, 5, 4, 4, -2]
[-1, -9, -5, 2, -10, -4, -1, -4]
[4, -1, -4, -17, 0, -8, -7, 0]
[-2, 1, 8, 1, 3, 6, 0, -1]
[2, -2, -10, 4, 12, -4, -1, 0]
[2, 8, -1, -16, -16, -2, 7, 4]
[0, 3, -6, 21, 6, -3, 1, 3]
[-8, -9, -3, -1, 39, -9, 1, -3]
[-4, -10, 6, -20, -69, -2, -1, -4]
[7, 10, 5, -7, -1, 3, -1, -1]
[3, 3, 7, 16, 54, 9, 1, -12]
[3, -5, 4, -23, -18, -5, -3, 6]
[-2, -3, 4, 26, 40, 2, -2, 2]
[-3, 1, 0, -33, 3, -4, 5, 5]
[-3, 2, 1, 33, 23, -1, 0, 0]
[0, -6, -2, -24, -30, -5, 0, -7]
[2, 2, -6, 20, 46, 6, -2, -2]
[-3, 0, -3, -1, -36, -4, 0, -4]
[0, 11, 2, 9, 38, 10, 3, 5]
[-4, -1, -10, -8, 33, 2, -4, -4]
[-2, -7, -1, 4, -60, 2, -5, 3]
[-1, -7, -7, -27, 67, 0, -8, -4]
[-7, -3, 6, 27, -44, 1, -3, -1]
[3, 5, -1, -25, -72, -19, -7, 7]
[1, -1, -4, -34, 21, 11, -1, 3]
[-1, 2, 7, 80, 112, 6, 0, 3]
[2, -6, -7, -67, -69, -13, -7, -4]
[4, 10, 15, 50, 96, 20, 6, -4]
[7, 9, 0, -24, -16, -11, -2, -6]
[2, 3, 1, 2, -15, 0, 2, -2]
[-4, 0, -2, 10, 20, -3, 8, 4]
[1, 9, 0, -21, -69, -5, -12, 3]
[-10, -9, 4, 13, -28, 2, -7, -2]
[-4, -4, 0, 24, 45, 14, 0, -3]
[-3, -8, -1, 16, 62, -2, -4, -3]
[-2, -14, -14, -35, -93, -22, 0, 2]
[3, 5, 5, -25, -20, -7, 10, -1]
[2, -3, 0, 7, 47, 6, -2, -4]
[-9, -3, -11, -54, -90, -7, -6, -6]
[-1, 4, 6, 62, 81, 5, 5, -3]
[6, 6, 0, -24, -52, -3, 2, 7]
[-1, -6, -4, -12, -97, -14, -2, 5]
[3, 6, 0, -25, -30, -8, 0, 1]
[5, 9, -2, 37, 54, 7, 1, -6]
[-1, -11, 4, 29, 43, 7, -1, 4]
[-10, 3, 6, 43, 29, 5, 6, -2]
[-13, -10, 2, -3, 66, 5, 1, 1]
[10, 11, 3, -31, -53, 1, 3, -1]
[6, -6, 0, 34, 127, 14, 2, 12]
[7, -5, -17, -86, -121, -23, -5, -3]
[4, 3, 16, 86, 41, 8, -4, 4]
[-1, -1, -11, -50, -43, -10, -9, 2]
[-4, 7, -7, 60, 20, 0, 8, -13]
[-11, -2, 1, 30, 112, 4, 1, -2]
[3, 2, 2, 24, 27, 4, 0, 2]
[0, 0, 1, -66, -2, -3, -11, -4]
[2, -3, -5, 20, 80, 11, 0, -1]
[9, 9, 13, 30, 15, 35, 7, 8]
[-1, -11, -17, -72, 37, -44, -10, -12]
[0, -10, 12, 127, 127, 40, 16, 6]
[-19, -12, -20, -57, -128, -41, -25, -21]
[2, 11, 9, -53, -74, 7, 8, 0]
[-3, -3, -4, 70, 67, 35, -5, -6]
[-13, -11, -14, -91, -84, -45, -18, -12]
[6, 0, 1, 34, 87, 10, -1, 5]
[6, 10, -1, -70, -29, -29, 3, 3]
[0, -7, 6, 69, 43, 25, -13, 4]
[1, 12, -8, -37, -58, -13, 10, 7]
[1, 10, 11, 11, 52, 14, -4, -4]
[0, 7, -2, 15, 45, 10, -4, -8]
[6, 6, 1, -24, -45, -19, 5, 0]
[-5, -10, 3, 37, 64, 19, 7, -7]
[-4, 2, -6, -42, -87, -31, -18, -6]
[-1, -3, -3, 7, -58, 8, -5, 1]
[0, 3, -3, 10, 67, -4, 9, 14]
[-13, -22, -18, -36, -63, -24, -18, -11]
[0, 2, 2, 24, 58, -10, 15, 7]
[-3, -10, -11, -38, -57, -24, -3, -4]
[10, 13, 7, -27, 28, 18, 14, 5]
[-2, -5, 3, -3, -95, -26, -12, 1]
[0, -1, 12, 82, 45, 28, 0, -3]
[-1, -12, -10, 82, 120, 22, 0, -5]
[3, -8, -38, -119, -128, -60, -7, 2]
[9, 25, 44, 126, 127, 37, 14, 4]
[-9, -9, -4, -128, -128, -30, -14, -12]
[5, 11, 23, 97, 94, 30, 3, -7]
[-8, -6, 6, -57, -128, -34, -5, 16]
[-2, -12, -13, -9, 52, -13, -7, -4]
[-7, -2, 8, 49, 55, 52, 15, 7]
[-5, -7, -9, -32, -39, -35, -3, 1]
[3, 6, 10, 31, 26, 51, 13, -3]
[-6, -4, -10, 12, -92, -21, 7, -7]
[6, 0, -8, -110, -61, -4, 3, 18]
[2, -1, 8, 69, 49, 6, -19, -9]
[-4, -7, 2, 54, 49, 7, -11, -17]
[2, -2, -3, 43, 127, 17, 7, 10]
[2, -3, -18, -23, -55, -40, -31, -13]
[4, -2, -7, 57, 127, 67, 24, 14]
[-8, -4, -22, -14, -108, -30, -26, -18]
[0, 9, 36, -11, -37, -40, -14, 1]
[13, 9, -10, 99, 127, 35, 20, 8]
[-9, -10, -2, -113, -128, -71, -17, -3]
[0, 7, 27, 79, 96, 39, 6, -3]
[0, -4, -7, 31, 104, 61, 4, -11]
[15, 13, 23, 70, 127, 41, 22, 28]
[-11, -15, -30, 19, 5, -16, 16, 11]
[-11, 1, -15, 40, -8, -50, 14, -8]
[2, 6, -3, -102, 127, 28, -20, -38]
[1, -12, -22, -30, -63, -17, 21, 41]
[3, 3, 13, 9, 106, -14, -18, -27]
[-11, -15, 7, -93, -60, -70, -8, 30]
[4, 6, 12, -6, 80, 52, 9, -4]
