[-14, -12, -38, -65, -115, -33, -25, -40]
[9, 15, 30, -63, -54, -19, 0, 4]
[17, 9, 13, 70, 127, 65, 13, 1]
[-1, -21, -5, -9, -118, -62, 2, 15]
[1, 12, 63, 35, 127, 58, 15, -7]
[-20, -16, -48, -3, -85, -46, -10, -4]
[8, 10, -8, 90, 18, -20, 13, -2]
[-4, -34, 3, 38, 94, 41, 3, -13]
[11, 50, -19, -57, -32, 41, 31, 39]
[9, 10, 37, 36, -86, -32, -38, 1]
[21, 31, 18, 18, 77, 76, 33, 20]
[-7, -12, 1, -27, -68, -8, -27, -13]
[-17, -53, -55, -103, -93, -107, -28, -31]
[-2, 3, 10, -124, -14, 64, 31, 11]
[4, 0, -31, -102, -5, 3, -9, -37]
[-20, -22, -57, -88, -110, -73, -54, 14]
[3, -18, 8, 114, 113, 62, 5, -6]
[-5, 70, 83, 127, 115, -22, -18, -5]
[-10, -5, -16, -109, 49, 40, 23, -7]
[-16, -18, -47, -51, -101, -3, 15, -18]
[6, 8, 25, 25, 62, -34, -26, 9]
[1, -68, -128, -93, -60, -41, 6, 13]
[0, 23, 101, -83, -64, 32, -2, -2]
[18, -4, -45, 49, -50, -87, -21, 0]
[-2, 74, 70, 73, 75, -26, 10, -1]
[32, -3, 36, 57, 112, 127, 30, 16]
[-13, 30, 75, 41, 10, 16, -25, -11]
[8, -15, -84, -49, -44, -53, -1, 6]
[-13, -106, -56, -10, -120, -5, 4, -3]
[-10, 18, 76, -32, 4, -16, 4, 11]
[32, 42, 1, -10, 20, -52, 13, 21]
[-26, 63, 127, 49, -2, 13, -6, -12]
[40, 32, -108, -114, -23, -68, 0, -2]
[-10, -45, -4, -70, -97, -62, -5, -9]
[-11, -56, -72, 17, -84, -47, -19, 18]
[12, 23, -10, -17, 127, 91, 54, -10]
[-14, -30, -14, -93, -66, -76, -25, -22]
[-14, -15, -78, -17, -49, -9, 2, -10]
[3, 5, 17, 36, 103, 37, 5, 9]
[2, 13, 18, 16, 15, 17, 5, 14]
[-3, 4, 4, -46, -44, 52, -3, 1]
[6, 8, 8, -1, 93, -64, -9, -3]
[-17, -24, -30, 43, 1, -34, -17, -23]
[14, -10, 29, 92, 43, 29, 6, 20]
[0, -3, -58, -34, -88, -10, 3, 4]
[1, 8, 63, -17, 3, 61, 1, -8]
[1, 41, 54, 44, 77, -4, -6, 13]
[0, -6, -16, -18, 36, 19, 9, 11]
[8, 12, 3, -8, 87, 11, -2, -2]
[11, 0, -32, 37, 52, 54, 4, 4]
[2, -36, -40, -16, -72, -53, 0, 14]
[4, 2, 14, 28, 124, 29, 22, 16]
[-7, 16, 12, 2, 29, 67, -5, -10]
[-10, 0, -7, 30, -5, -32, -23, -16]
[-4, -5, 15, 35, 38, 1, -8, -20]
[3, -1, -39, -83, 45, 25, 20, 13]
[-4, -23, 12, 5, -24, 9, 1, -11]
[1, 14, -2, -8, -42, -21, 4, 5]
[-5, -12, -7, 69, 77, 38, -4, -3]
[-7, -5, -16, 13, -104, -36, -10, -6]
[-6, -13, 32, 42, 48, 17, 0, -6]
[3, 28, 19, -30, -22, 21, 7, 9]
[8, -3, -34, -53, -46, 3, 8, 5]
[-13, -7, 2, 61, -46, -28, -21, -20]
[4, 3, 2, 65, -9, -3, -1, -3]
[2, -2, 6, 18, 0, 43, 24, 26]
[-3, -13, -29, -101, -128, -44, -20, -3]
[-9, -9, -17, 56, -104, -94, -28, -12]
[-5, 7, 14, -44, -18, 7, 15, 8]
[2, -9, -16, 38, 27, -1, -9, -11]
[-8, -10, -20, -29, 55, 13, 8, 1]
[13, 3, 4, -24, -46, 15, 9, 5]
[-7, 15, 40, 105, 80, 13, -3, 0]
[-3, 0, -10, -20, 20, 13, 0, -3]
[-4, -8, -14, 23, 56, 9, -4, -8]
[-3, -4, 8, -37, 15, 9, 4, -3]
[1, 12, 19, 1, -52, -5, 3, 5]
[0, -3, -5, 27, 15, 7, 5, -2]
[-19, -16, -8, -14, -26, -3, -14, -16]
[3, 3, -3, -3, 29, 3, 5, 9]
[11, 8, 7, 39, 26, 8, 15, 18]
[1, 4, 3, 36, 27, 3, 2, -6]
[6, 4, 2, 32, 3, -16, 2, -6]
[-25, -19, -7, 56, 29, 12, -11, -5]
[3, 0, 11, 35, 15, 11, 15, 12]
[1, 21, -6, -44, -75, -2, -2, -2]
[1, -3, -5, 32, 98, 23, -7, -9]
[8, 8, -1, -56, -55, -4, 2, 1]
[-9, -12, 6, -49, -65, -15, -11, -7]
[1, -9, -7, -21, 13, -13, -2, 0]
[-7, -8, 1, -59, -38, 14, 7, 1]
[8, -11, -8, -21, 40, -14, -9, -4]
[-16, -15, 2, 16, 27, 8, 19, -9]
[2, -19, -10, -17, -14, 1, 2, 2]
[-1, 34, 15, -15, -40, 2, 1, 1]
[3, -4, 8, 7, 37, -6, 6, 8]
[4, 9, -3, 11, 14, 19, -11, -14]
[-12, -26, -12, -4, 2, 12, 1, -1]
[-1, -22, -8, -5, -9, -3, 5, 1]
[42, 67, 27, 16, 38, 3, 10, 8]
[1, 25, 12, -3, 14, -31, -7, 2]
[-2, 2, -9, 11, 7, -18, 0, -6]
[-12, -2, -7, 11, -10, 1, -28, -15]
[-12, -12, -7, 26, -54, 23, 11, 8]
[-16, -17, -2, 72, 105, 19, -5, -3]
[-7, -4, 3, -18, -97, -7, -6, -1]
[15, 7, 6, 10, -6, -3, 3, 6]
[-8, -10, -2, -39, -4, -5, -14, -9]
[-14, -23, -5, -22, -29, -12, -2, -5]
[10, 19, -3, 19, 55, -3, 6, -1]
[5, -9, -6, -17, -19, -10, 3, 1]
[-17, -4, 2, 29, 24, 17, 12, -17]
[20, 19, 7, 20, -11, -2, -15, 3]
[3, 0, -1, 64, 25, 7, 4, 10]
[-3, -6, -6, -21, -24, 10, 21, -1]
[6, -7, -6, 17, 22, 16, 4, 5]
[-7, -9, 2, -46, -7, -3, -2, -6]
[-2, 1, 10, -44, -5, -5, -7, 1]
[4, 2, 3, -34, -7, 1, -2, 4]
[-1, -8, 9, -21, 21, 10, 3, -1]
[7, 2, -6, -61, -81, -12, -3, 1]
[6, 6, 6, 36, 89, 0, 3, 4]
[-2, -6, -6, -48, -102, -11, -13, -3]
[9, 5, -1, 31, -16, 4, -1, 9]
[7, 9, 0, 30, 45, -1, -3, -1]
[-4, 4, -7, 5, 19, -11, -5, -9]
[-19, -27, -6, -2, 0, 1, 5, 1]
[5, 31, 7, 2, -19, 2, 3, -8]
[11, 18, 7, -39, -33, -5, -3, 27]
[-21, 1, 6, -11, 21, 14, -4, -3]
[9, -1, 0, -4, 9, 3, -13, -8]
[0, 5, -1, -25, 9, 3, -18, 5]
[-4, -15, -9, -7, -16, -1, -3, -1]
[7, -1, 1, -20, -13, -3, -2, -12]
[1, 7, 0, 42, -11, -8, 2, 3]
[1, -7, -2, 11, 88, 9, 8, 3]
[-4, -8, -2, -10, -49, -4, -2, -7]
[-4, -14, -8, -23, -35, -8, -4, 0]
[-2, -9, -3, -3, 11, -2, -1, -4]
[-2, -1, -6, -17, -14, -9, -2, 1]
[6, 11, 7, 25, 88, 8, 11, 5]
[-4, 0, -3, -14, -78, -10, 1, 5]
[-5, 8, 2, 22, -9, -8, 10, -4]
[-10, 0, -4, -10, -28, 3, 1, -5]
[-6, -5, -2, 0, 20, -2, -7, 1]
[-2, -6, 1, 9, 12, -5, 8, -17]
[6, 6, 4, 9, 31, -1, 1, 11]
[12, 2, 1, -6, -5, -2, 1, 27]
[0, -1, 4, 2, -4, 7, -2, -7]
[2, -8, -3, -4, 16, 1, -3, -1]
[2, -4, -1, -32, -25, 5, 2, -9]
[-12, -6, -6, 14, 53, -3, 0, -5]
[3, 2, -1, 28, 37, 3, 5, -2]
[0, 8, 1, -2, -34, 1, -5, 1]
[-7, 4, -1, -3, 60, 5, 0, 0]
[0, -2, -8, -20, -104, -8, -1, -1]
[7, 1, 3, 9, 44, 2, 5, -6]
[0, -10, -10, 7, 47, 2, -6, -7]
[-5, 2, -2, 7, 17, 0, 3, 6]
[-5, -3, 2, -3, 13, 0, 4, 3]
[-8, -1, 0, 11, 7, 3, 6, 2]
[0, 0, 3, 7, 10, 3, -7, -1]
[2, 3, 2, -4, -30, -2, -1, 4]
[2, -6, 4, 5, 11, 1, -2, -6]
[-27, -2, 1, -17, -43, -8, 6, 2]
[5, 9, -5, -10, -10, -2, 1, 3]
[-2, 4, -1, 16, 18, -3, 6, -1]
[14, 0, -3, -5, -9, 2, -6, -5]
[5, 0, 1, 4, -16, 1, -2, -1]
[-4, -7, -1, 5, 10, 1, -4, -3]
[8, -3, 0, 23, 17, 2, 8, 1]
[-4, -7, -2, -4, -33, -1, 2, 2]
[5, -9, -12, -11, 54, -1, -8, -6]
[-12, -5, 2, -24, -86, -16, -6, -4]
[-1, 2, 12, 31, 16, 2, -7, -3]
[0, 7, 3, -17, 29, -8, -2, 0]
[-4, 3, -3, 5, 37, 4, -2, 1]
[1, -3, -8, -12, -11, 1, 4, 1]
[-1, -1, -1, -5, -13, -3, -5, 2]
[-8, -6, -1, -5, -14, -4, 7, 0]
[11, 2, 0, -1, -16, -7, 5, -7]
[3, 1, 0, 12, 35, 6, 10, 14]
[-3, 1, -1, -4, -28, 0, 4, -4]
[1, 4, 6, -3, 15, 6, -2, -2]
[2, -2, 1, -12, -53, -1, -5, -7]
[0, -5, 8, 18, 24, 5, -2, -3]
[-2, -6, 1, 3, 10, 1, -7, 2]
[-3, 1, -3, 14, 31, 4, -1, -2]
[0, -5, -9, -33, -80, -13, -11, 9]
[-2, -5, -5, 9, -24, 3, 4, 0]
[1, 5, -4, -4, 2, -1, -1, 4]
[1, 0, -2, 3, 7, -3, -1, -10]
[-9, -2, -1, -6, -33, 2, 3, -7]
[1, -5, -2, 4, 25, 0, 0, 6]
[-3, -9, 0, -10, -15, -4, -4, -4]
[4, 1, 6, 6, -8, 3, 1, 3]
[9, 11, -1, 10, 15, 6, -4, 1]
[2, 10, 5, -5, 1, -4, -4, -5]
[0, 2, -2, 1, 11, 0, 3, -7]
[-5, -10, -7, -2, -7, -4, 1, 1]
[-2, -10, -3, -6, -2, -6, 4, -4]
[1, -3, 2, 14, 34, 0, -2, -2]
[-2, 2, -1, -9, -13, -1, -2, 2]
[-1, 0, 2, 2, -4, 3, 1, 3]
[2, 2, 2, 14, -1, 4, 7, -2]
[1, 5, -6, -20, -6, -10, 2, -3]
[3, -7, 2, -2, -36, -11, -3, -1]
[-1, 1, 1, 0, -8, 0, 0, 3]
[2, -1, 4, 1, 13, 4, -4, 6]
[-1, -4, 3, 12, 15, 1, -10, -4]
[0, -1, -6, -7, -2, -2, -2, -3]
[-4, -2, -5, -7, -6, 1, 4, -3]
[0, -1, -4, 9, 26, 0, -2, -5]
[5, -3, -6, 0, -15, 4, 3, -3]
[-2, -3, -1, -11, 3, -1, -6, -11]
[3, -2, -5, 5, -5, -3, -10, 26]
[-5, 3, 2, -11, 1, 1, 7, 3]
[-6, 0, 7, -4, 24, -1, -3, 1]
[-3, 5, -8, 7, -20, -3, 1, 1]
[-3, 1, -8, -20, -45, -6, 3, -12]
[2, -2, -5, 4, -2, -5, 1, 1]
[-3, -2, -2, -10, -7, 0, 0, 0]
[-4, 2, 10, 3, 32, 2, -2, -2]
[-3, -4, -2, -9, -31, -5, 2, -3]
[2, 0, -4, 7, 5, 6, -1, 0]
[-2, -3, 5, 5, -5, 4, -3, -5]
[2, -4, -1, 1, 25, 0, 2, 4]
[8, 4, 2, 6, 5, -2, -1, -3]
[-3, -7, 3, -5, 0, -4, 0, -4]
[1, 7, -4, 0, 12, 0, -4, -3]
[-4, 5, -4, -2, -8, -1, 0, -1]
[-1, 2, -2, -2, 26, 5, 3, 2]
[0, -3, -2, -3, -13, 0, -2, 0]
[-2, 1, 3, 18, 43, 6, 1, 4]
[-3, -6, -4, -8, -41, -13, -3, -3]
[-1, -8, 1, -1, -14, 0, 4, -2]
[1, 1, 4, 5, 11, 1, -10, 1]
[-1, -4, -13, -9, 5, -6, -1, 0]
[2, 3, 4, 8, 40, 5, 1, -5]
[0, 0, 7, -6, 22, 2, -2, 0]
[-4, -3, 5, -2, 4, 1, -1, 1]
[-1, 0, -1, -2, -40, -7, -2, -2]
[-2, 1, -4, 5, -2, -2, -2, -3]
[-1, -2, -12, -1, -12, -3, 4, 2]
[3, 4, -1, 3, 11, -1, 2, -2]
[-2, -5, -5, -5, -6, -2, -5, -3]
[9, 0, 0, -8, -9, 3, 13, 9]
[0, -1, 12, 4, 11, 2, -2, -5]
[-2, 3, 0, -1, -14, 2, -4, -6]
[-4, 2, 0, 1, 5, -5, -8, 0]
[-1, -5, -4, 3, -3, 7, 7, 5]
[0, 0, -1, 4, 38, -7, -30, -14]
[1, 1, 0, -9, -50, -5, 19, 9]
[0, 4, 4, 12, 3, -5, 7, -4]
[-1, 0, -2, -1, 16, -1, -1, 0]
[-4, -1, -3, -3, -21, 2, 4, 1]
[-1, -1, -1, 4, 17, 7, -3, -5]
[-3, 0, 2, -1, 10, 3, -4, 1]
[-3, 0, -4, -2, 7, -2, -6, 1]
[-3, -3, 5, 4, 6, 3, 1, 0]
[4, -10, -6, -3, 2, -6, -5, -4]
[7, -5, 1, -10, -23, 1, 7, 1]
[3, 0, 2, 2, 13, 2, -8, -6]
[3, 1, -1, -6, -6, -1, 0, 2]
[0, 1, -6, 3, 14, 2, 11, 1]
[-2, -1, 1, 0, 3, 1, -2, 0]
[-5, -1, -6, -12, -48, -4, -4, -4]
[-2, -1, -3, -1, -2, 5, 4, 3]
[-3, 1, 3, 0, 1, -2, -2, -1]
[0, -3, 4, 10, 39, 4, -2, 0]
[-1, -1, 0, -7, -30, -8, -7, -2]
[3, 1, -4, 5, 15, 10, 9, 6]
[-3, 7, -7, -8, -55, -12, -10, 1]
[-5, 2, -8, -14, -69, -10, 2, -2]
[4, -4, 1, 0, 7, -2, 2, 0]
[0, -7, -3, 1, 15, -7, 1, 3]
[3, -1, 4, -3, 10, 3, 2, -13]
[-6, 0, 0, -3, 7, -1, 4, 17]
[-6, -6, 2, 6, 18, 1, 4, 0]
[-2, 4, 4, 0, -11, -1, -4, -2]
[0, 1, -3, 5, 19, 3, -4, 2]
[5, 0, 1, 0, -4, -2, -2, -5]
[5, 3, 1, 4, 8, 4, 4, -1]
[-1, 2, 0, 7, 4, 7, 5, -4]
[-2, -1, -6, -4, -5, -8, -5, 5]
[-1, 0, -4, 0, 15, -4, 1, 0]
[-9, -3, 3, 3, 18, 3, 0, 3]
[2, 0, -1, 0, -16, -2, -1, 2]
[-1, -4, 1, 1, -1, 1, -8, -1]
[-1, -3, -5, 6, 9, 3, -2, -12]
[2, -4, 1, -6, -50, -8, -4, 5]
[-1, 0, 6, -1, 20, 2, 1, -2]
[2, 2, 0, 1, 4, 1, 4, 3]
[0, 5, -2, -11, -27, -5, -1, -5]
[2, 4, 0, 14, 45, 5, 3, 0]
[5, 2, -5, -13, -48, -6, -1, 0]
[0, -1, 3, 0, -8, 0, -2, 1]
[-2, -3, -1, 2, 18, -1, -4, -2]
[-1, -2, -6, -7, -12, -2, -4, -4]
[-2, -3, 0, -3, 13, -2, 3, -1]
[-4, -3, 7, 10, 34, 1, 2, -1]
[-1, -7, 0, -13, -55, -1, -1, 1]
[1, -4, -6, 6, 15, 1, 0, 1]
[1, -4, -3, 2, 15, 5, 1, 2]
[-5, 2, 0, -2, 3, 3, 3, -1]
[-4, 7, -3, -1, 6, -3, -13, -5]
[-2, 1, 0, -8, -6, -2, 0, -4]
[3, -5, 1, 4, -4, -4, -4, -5]
[4, -5, 6, 2, 24, 4, 5, 19]
[-3, -4, -3, -4, -15, -4, -2, 0]
[1, 3, -8, -8, -2, 2, -1, -2]
[-2, 0, -6, -10, -3, 1, 0, -8]
[-2, -5, -8, 7, -31, -5, -2, -9]
[-1, -6, -6, -8, -18, -5, -4, -3]
[-3, 0, 3, 15, 46, 6, 14, 0]
[1, 10, 4, -13, -45, -7, 2, 4]
[8, 3, 5, 2, 23, -6, 2, 5]
[1, 1, 5, 12, 30, 3, 10, 3]
[0, -2, 2, -4, -30, 2, -6, 2]
[-2, -5, -4, 7, 23, 7, 0, 4]
[-4, -6, -13, -9, 1, 0, 1, -3]
[-2, -5, 2, -3, -21, -7, -8, -8]
[-2, 2, 0, 4, 7, -4, -5, -5]
[-2, 6, 5, 10, 13, 3, 0, 4]
[-1, 2, -2, 0, 12, 1, -7, 0]
[-3, -4, -4, -23, -62, -6, 5, 5]
[0, 0, -2, 6, 12, -2, -3, 0]
[-4, -8, -5, -1, 2, -7, 1, -2]
[-1, 0, 1, 1, -44, -5, -2, -6]
[6, 0, 7, 28, 39, 4, 3, -3]
[3, -1, -7, -31, -4, -1, -3, -2]
[-1, 4, 0, -10, -55, -2, -6, -3]
[1, 5, -4, 3, 7, 4, -1, -1]
[-1, 4, -2, -7, 11, 1, 1, 1]
[1, -1, 5, -5, 6, -3, -2, 2]
[-3, -1, 3, 35, 60, 10, 1, 3]
[-3, 0, -1, -25, -54, -12, -3, 0]
[2, -2, -5, 1, 0, -6, -1, 4]
[-2, -5, 2, 16, 14, -1, -4, -3]
[-1, -4, 3, 5, 38, 0, 5, 1]
[0, -6, 3, 0, -18, 1, 6, 1]
[0, -2, -7, 0, -4, -2, -8, -5]
[3, 3, 3, 11, 7, 3, 7, -3]
[2, 4, -1, -2, 1, 1, 3, 9]
[-5, 1, -5, 6, 17, 5, -2, -1]
[-3, 2, 4, 24, 38, 9, 4, 2]
[0, 2, 2, -22, -36, -3, -6, -2]
[-3, 3, -9, -17, -30, -6, -6, -3]
[-7, -3, 1, 9, 75, 8, -5, 1]
[-2, -4, -6, -31, -73, -13, -5, -2]
[3, -4, 2, 13, 41, 4, 3, -2]
[8, -3, -4, -21, -68, -12, -1, -4]
[1, -3, 2, 37, 70, 6, 4, -5]
[-3, 2, 9, 7, 25, 7, 4, -2]
[-3, -4, -2, -6, -10, 0, -1, 3]
[-6, -12, -3, -46, -88, -11, -4, -3]
[1, 3, -2, 1, -15, -7, -4, -4]
[1, 1, 5, 32, 109, 10, 8, 4]
[0, 9, 4, 21, -28, -2, -2, -1]
[-9, -11, -1, 10, 107, 9, -5, -11]
[14, 37, 4, -32, -104, -8, 2, 6]
[4, -3, -6, -6, -31, -2, 0, 4]
[-6, 3, 0, -26, -4, -8, 0, 4]
[-1, -7, 7, 57, 31, 6, 5, 4]
[-1, -9, 2, 5, 93, 12, -8, -4]
[-1, -4, -10, -71, -101, -24, -7, -6]
[1, -4, -10, -34, 6, 3, 1, 2]
[-5, -2, 4, 52, 53, 2, -5, -8]
[-5, -12, -1, -10, 43, 1, 1, -1]
[1, 0, 4, 47, -2, 3, 3, 0]
[-2, -5, -15, 3, 3, -9, -4, -7]
[-1, 9, -6, -18, -23, 3, 4, 5]
[-1, 1, 9, 0, 59, 9, 5, 1]
[-6, 1, -7, 5, 7, -7, -5, -2]
[-4, -12, -1, -71, -108, -3, 0, 0]
[17, 14, 1, 89, 110, 11, 0, -2]
[-4, 18, -7, -61, -121, -18, -5, -6]
[1, -1, -5, -43, -63, -11, -4, 7]
[0, 4, 15, 16, 15, 17, 7, 20]
[-2, -10, -5, -23, -29, -18, -7, -2]
[-16, -34, 0, 36, 99, 8, -1, -6]
[11, 18, 16, 56, 98, 15, -1, -11]
[-2, 7, -15, -103, -77, -41, -18, 0]
[2, 3, 7, 55, 108, 20, 5, 2]
[3, -6, -9, -14, 0, -14, 1, 2]
[-6, -13, -12, -4, 72, 11, 5, 5]
[-1, -13, 2, 69, 51, 9, 0, -7]
[2, 4, 3, -14, 70, 4, -1, 0]
[1, -19, -5, -16, -32, -10, -4, 1]
[-3, -25, 8, 30, -4, 1, 2, -1]
[5, 0, 5, -22, 7, 1, 3, -3]
[-3, 0, -8, -17, 25, 4, 4, -2]
[-7, 10, -1, 9, -79, -9, -1, -5]
[3, 42, 17, 37, 120, 16, 3, -3]
[-2, -6, -13, -22, -25, -6, -2, 6]
[6, 14, 9, -32, -111, -13, -4, 2]
[4, -1, 1, 18, 83, 38, 13, 9]
[-17, -20, -8, 0, -59, -37, -7, -7]
[-2, -7, -12, -21, 67, 3, 12, -7]
[0, -18, 4, 45, -9, 2, -17, -8]
[20, 37, 11, 34, 92, 25, 8, 10]
[-1, 3, 7, -5, -2, 11, 4, 4]
[1, 8, -4, 39, 1, 4, 0, 0]
[-10, -12, -10, -73, -95, -27, 4, -4]
[1, 3, 7, 57, -42, -18, -9, -12]
[-1, 10, 8, 8, 112, 27, -2, -1]
[-12, 0, 2, -18, -49, -28, -18, -5]
[-13, 9, 5, 16, 84, 6, 6, 3]
[-19, -13, 10, 55, 49, 18, 1, -3]
[12, 20, -16, -128, -62, -5, 7, 15]
[-3, -3, 0, -10, 110, -4, -8, -8]
[6, -17, -15, -9, -114, -20, -9, -10]
[24, 14, -7, -62, -76, -31, -3, -5]
[6, -16, 18, 121, 99, 31, 16, -10]
[15, 16, 4, -8, 94, 5, -23, 0]
[12, 2, -1, 49, 109, 41, 2, 4]
[-19, -28, -24, -117, -128, -52, -13, 1]
[-14, -29, -13, -35, -36, -11, -32, -26]
[18, 21, 9, 30, 26, 4, 4, 6]
[9, 19, 8, 39, 76, 26, 28, 10]
[11, 14, 3, 7, -78, 11, 7, 12]
[-18, -11, -6, -2, -83, -37, -14, -13]
[-17, -24, -6, -19, -73, -11, -18, -13]
[13, 25, 12, -75, 35, 24, 20, 11]
[-7, -13, -2, 41, -8, -19, -2, 10]
[-7, -12, -20, -32, -128, -38, -12, -6]
[-25, -22, -10, 15, 60, 3, 3, -9]
[3, 4, 15, 45, 25, 8, 0, -1]
[-6, -1, -20, -98, -46, -27, -18, -7]
[-6, -2, 2, 60, 84, 35, 12, 20]
[-10, 4, 22, 7, -4, 5, 25, 1]
[-4, -16, -9, -11, 15, -6, -9, -35]
[39, 49, 41, -29, 127, 68, 15, 39]
[-1, -17, -42, 20, -77, -99, -28, 3]
[7, 14, 27, 7, 101, 70, 5, -1]
[-14, -4, -4, -67, -20, -38, -33, -14]
[-9, -18, -5, 48, 31, 18, 17, -10]
[19, 13, 5, -105, 8, 13, 13, 31]
[3, -8, -14, 39, 15, -3, 20, 10]
[-1, 1, -6, -21, 67, 15, -6, -11]
[-21, -20, -23, 5, -71, -64, -32, -29]
[-10, 3, -2, 38, 41, 20, 1, -10]
[-4, -4, 9, 23, -87, 28, 3, -5]
[-14, -14, -14, -7, -112, -36, -11, 6]
[-1, 2, 11, 51, 58, 40, -4, -15]
[-7, -5, -9, -101, -96, -18, 13, -16]
[14, 21, 12, 121, 11, 20, -3, 1]
[-8, -7, -41, -69, -128, -29, -12, 14]
[-28, -41, -31, -111, -82, -35, 21, -24]
[36, 45, 49, 127, 127, 92, 35, 36]
[-13, -16, 2, 16, 8, -28, -15, -40]
[7, 3, 16, 67, 65, 10, 3, 11]
[-1, -4, -4, -1, -41, -13, -25, -17]
[-30, -39, -46, -128, -102, -31, 10, -5]
[7, 11, -8, -4, 50, -22, 2, -5]
[-15, -8, 5, 15, -128, -58, -12, 1]
[12, 3, 2, -59, 127, 72, 23, 14]
[1, 0, -16, -64, -38, 6, 5, -7]
[19, 10, 32, 64, 40, -2, -3, 29]
[-8, -11, -15, -77, 71, 36, 13, 12]
[23, 24, 25, 19, 30, 0, 19, 16]
[8, 21, 72, 116, 127, 99, -23, -16]
[-15, -24, -39, -66, 6, -24, -8, -12]
[17, 2, 3, -33, 10, 16, 27, 60]
[4, 45, 14, 110, 127, -8, 0, -2]
[-9, 0, -17, -63, -69, -50, -13, -44]
[3, 10, 35, 96, 65, 22, -10, 17]
[4, -12, -19, -97, 5, 17, -12, -31]
