[3, 2, 8, 58, 65, 7, 3, 2]
[-11, -8, -24, -8, -87, -81, -26, -14]
[-11, 0, -2, -22, -63, -4, -6, -20]
[10, 5, 8, 63, 82, 47, 21, 0]
[-5, -15, -16, -3, -38, 26, 1, 15]
[4, 30, -2, 46, 72, 1, -11, -6]
[0, 43, 26, 0, -97, -12, 13, 27]
[13, 42, 49, 95, -58, -22, -1, 7]
[-23, -35, -7, -84, -3, 14, 31, 2]
[5, -31, -29, -99, -76, -64, -60, -3]
[9, -26, -9, 31, 117, 56, 61, 17]
[-18, -30, -21, -41, -69, -49, -77, -37]
[8, -6, 15, -53, -82, -54, 0, 5]
[5, -13, -28, 28, 7, 4, -2, 17]
[4, 21, 4, -9, -75, -19, -1, -9]
[-5, 4, 5, 3, -11, -2, 18, -8]
[2, -3, -7, 60, -14, 16, -2, -12]
[-3, -10, 31, 96, 127, 52, 22, 23]
[4, -25, -49, -108, 20, 2, -1, 5]
[-4, 13, 34, 76, -9, 12, 11, 10]
[-10, -26, -24, -76, -128, -69, -35, -17]
[10, 7, 26, -6, -8, 48, 39, 13]
[13, 27, 43, 54, 125, 54, -24, -8]
[-18, -25, -54, -117, -78, -85, 2, 25]
[-2, -6, -4, 74, 125, 25, 12, 18]
[-6, 10, 7, -22, -76, -29, -9, 0]
[6, -10, -38, -62, -128, -35, -2, -6]
[14, 24, 44, 65, 94, 72, 12, 6]
[4, 2, 15, 48, -22, -9, -3, 7]
[-10, -18, -35, -92, -49, -33, -1, -13]
[-4, -14, -24, -36, -23, -22, -14, -4]
[-4, 13, 41, 70, 60, 17, 11, -2]
[4, 6, 9, -8, 1, 3, 0, 5]
[-1, 1, -4, -3, 32, 10, 7, -8]
[2, 8, 3, 59, 82, -12, -1, 2]
[-6, -14, -5, -72, -97, -12, 2, 0]
[-4, 5, -3, -39, 101, 50, -8, -5]
[2, 10, 7, -37, -61, -14, 2, -7]
[-8, -13, -25, -93, -105, -24, -2, -2]
[-3, -7, -15, 11, 120, 18, 5, -2]
[4, 2, -10, -12, -76, 4, -7, 3]
[4, 6, 8, 22, 11, 6, 8, 2]
[-15, -1, 0, -21, 3, -4, -7, -3]
[13, 6, -11, -11, 33, 18, 20, -1]
[-10, -10, -2, 5, -10, -11, -5, -3]
[16, -6, -10, -39, -44, -13, 8, 10]
[-1, 1, -8, -9, -17, -9, -17, -13]
[4, -6, 5, 22, 19, 0, -3, -5]
[0, 20, -1, 9, -3, -7, -6, 0]
[3, 3, 15, 44, 36, 8, 2, 2]
[-2, -3, -3, 26, 19, -7, 2, -1]
[4, 1, -15, -51, -40, -5, 1, 0]
[-1, -6, -1, 19, -16, -3, -2, -2]
[0, 1, 11, 10, 15, -1, -5, -1]
[-2, -3, 2, -25, -4, -5, -1, 3]
[-3, 0, 3, 27, 44, 6, -6, -1]
[0, -6, -3, -4, -14, -1, -4, -3]
[5, 5, -3, 5, 41, 5, -1, -3]
[-6, -12, 3, 30, 26, -5, 1, 6]
[-9, -16, -19, -22, -21, -5, 6, 2]
[-12, 6, 1, -17, -16, -2, -1, -5]
[-16, -3, -1, 14, 27, 0, 6, 4]
[11, -16, 2, 12, -20, -5, 2, -13]
[-3, 11, 3, -21, -16, -2, -11, -9]
[-14, 0, 2, 17, 10, 1, 3, 10]
[6, 3, 2, 26, 73, 4, 2, -4]
[21, 45, 5, -22, -10, 4, 8, 0]
[-4, -3, -9, -3, -10, -6, -1, -5]
[7, -7, 0, 12, 60, -2, -6, -7]
[-7, -5, -6, -12, -39, -3, -5, 19]
[-6, 1, 2, -1, -22, -5, -3, 8]
[9, 0, -5, -36, -1, 2, 5, 4]
[-12, -21, -6, 24, 5, 0, 0, -3]
[-5, -1, 19, 38, 19, 7, 4, -8]
[-1, -24, -13, -34, -4, 3, -1, -9]
[-7, 1, 5, 27, 28, 13, 1, -11]
[6, -19, -5, -11, -1, -4, -5, -13]
[-8, 1, -3, -9, -8, -1, -3, 0]
[-2, 14, 3, 4, -1, -4, -1, 1]
[-7, -10, -7, -8, -21, -1, 1, -6]
[39, 42, 8, 30, 66, 4, -3, 9]
[7, 33, 6, 17, 33, 9, 7, 1]
[-12, -32, -6, -3, -27, -7, 3, 6]
[29, 24, -2, -18, -9, -7, 1, 2]
[-5, -2, 0, 0, -30, -7, -1, 6]
[-4, -4, -1, 27, 36, 3, -4, -7]
[-16, 0, 10, 21, -20, 2, 0, -4]
[-4, -24, -12, -3, -26, -1, -6, -7]
[2, 1, 0, -9, -12, 0, -2, -3]
[-3, 0, -4, -44, -9, -3, -1, -1]
[-10, -17, -1, 28, 41, 6, 2, 3]
[-4, 1, 6, 20, 49, 5, 0, -1]
[-2, 10, 0, -29, -42, -7, 1, -4]
[-14, -19, 0, 1, -16, 0, 3, 2]
[8, -7, -5, -15, 12, -4, -1, 1]
[6, 14, 1, 10, 10, 9, 1, 5]
[-11, 2, 7, 4, -44, -13, -6, -8]
[-8, -18, -3, -22, -10, 8, 5, 10]
[3, 31, 8, -10, -28, -4, -4, -4]
[-1, -12, 0, -3, -3, 4, -2, 3]
[-4, 0, -1, -12, 17, 7, -10, -9]
[24, 21, 2, 5, -11, 1, 9, 16]
[6, 3, -1, -6, -9, 3, 1, 4]
[-6, -5, -3, 9, 28, -3, -2, 0]
[-2, -1, -8, -2, 8, 0, -2, 3]
[-2, -5, -4, -6, -14, -6, -10, -6]
[-1, 2, 1, 7, 27, 1, 5, 7]
[1, 3, 1, 16, 27, -3, -7, -2]
[5, -3, -9, -29, -19, 1, 4, -7]
[3, 7, -1, 9, -25, -7, -1, -9]
[2, -1, -2, -20, -6, -10, -4, 0]
[-2, -4, -2, -12, -52, -14, -4, -4]
[7, 4, 1, -2, -18, -2, 7, 4]
[-2, -3, 4, 5, 40, 8, 1, 0]
[-6, 1, -1, 6, -13, 0, -2, 2]
[2, -2, 4, 32, 77, 13, 7, 4]
[-11, -18, -8, -41, -79, -15, -5, -5]
[-1, 4, -8, 4, 21, -5, -6, -15]
[-4, -14, -1, -17, -19, -3, 2, 17]
[5, 8, 1, -6, 44, 1, 0, -1]
[-3, 2, -4, 5, 33, 3, -3, 4]
[-6, -6, 2, 17, -15, -1, 24, -4]
[8, 18, 2, -9, -3, 3, -18, -8]
[5, 5, 2, -2, -27, 0, 8, 15]
[0, 4, 0, 2, 26, 1, -9, -2]
[0, -3, -9, -30, -35, -7, -6, -4]
[-7, -6, 0, 40, 25, 7, 5, -6]
[6, 0, -2, -18, -14, -6, 1, 0]
[0, -4, 5, 0, 18, 1, -5, -1]
[0, -2, 1, 1, -12, -3, -6, 4]
[1, -9, -3, 6, -15, 1, 6, -2]
[-9, -2, -1, -3, -52, -7, -10, -10]
[4, 4, -1, -1, 1, 1, 8, 1]
[1, 1, -5, 3, 37, 6, -3, 0]
[-1, 9, 3, 16, 41, 7, 4, 2]
[-3, -10, -9, -7, -25, 0, -5, -1]
[-4, -5, 3, 18, 29, 4, 4, -1]
[-5, -6, 7, 23, 9, 3, 0, 0]
[-9, -11, 1, -6, -20, -4, -2, -2]
[2, 3, -2, 1, 36, 4, 0, 1]
[-1, 0, -4, 1, -8, -1, 6, -1]
[0, -1, -6, -24, -41, -10, -5, 7]
[-1, -7, -6, -12, -7, 0, 3, -2]
[2, 3, -2, 6, -2, -1, -3, -3]
[0, -1, 0, 8, 46, 4, -2, 0]
[-6, -1, 0, -14, -59, -2, 2, -1]
[-6, -12, 3, -6, -11, -1, -8, -1]
[4, 5, 0, -1, -9, -6, 13, -3]
[3, 2, -2, 6, -7, -4, -1, -2]
[1, 5, -1, 4, 34, 2, -3, -2]
[-2, 1, -1, -17, -28, -6, -6, -1]
[-5, -6, 5, 2, 3, 4, -5, 0]
[-1, 7, -1, 7, 17, 3, 4, 3]
[-3, -2, -4, 15, 23, -1, -4, -4]
[0, -5, -8, -16, -58, -6, 1, -3]
[-3, -4, 3, 12, 6, 2, -4, -6]
[-2, -2, -1, -28, 10, 2, 11, 15]
[-3, -5, -1, 14, 4, 2, -7, -6]
[6, 6, 2, 10, 49, 0, 0, 1]
[-2, -3, -1, -8, -33, -2, 13, 4]
[0, -1, 4, -3, -33, 0, -3, -5]
[1, 7, 7, 14, 44, 7, 2, 1]
[-3, -1, -3, -12, -48, -3, 3, 0]
[3, 4, -1, -9, -4, -8, -5, -3]
[-1, -8, 1, 6, -5, 2, -3, 3]
[4, 0, -3, -11, -1, -4, -2, -1]
[2, 9, 3, 26, 64, 3, 1, 0]
[-3, 2, -1, -5, -8, -6, -3, 2]
[-2, 0, -3, 0, 5, -4, -3, -3]
[-2, -3, 1, -10, -34, -1, -2, 3]
[1, 1, 5, 11, 28, 7, -1, 0]
[0, 4, 0, 5, 32, 6, 0, -2]
[4, -3, -1, 24, 15, 0, 5, 6]
[1, -1, -4, -36, -95, -15, -9, -6]
[3, -3, -4, 4, 27, 4, 19, -1]
[-2, -6, -7, -5, -12, -1, -6, -2]
[1, -1, -1, 8, 19, -1, -4, -2]
[0, -3, -4, 5, 5, 7, 1, 0]
[-4, -5, -2, -11, 15, -9, -9, 0]
[-4, 2, 4, 0, 2, 3, -3, 1]
[6, 15, 5, -3, -46, -6, -3, -4]
[-4, -5, 1, -1, 42, -2, -5, -1]
[-1, 1, -1, -4, -25, 0, -3, -4]
[-2, -7, -2, -3, 2, 0, 4, 0]
[-3, -8, -2, 2, 0, -1, -1, -2]
[2, -1, 6, 9, 30, 5, 3, 2]
[-4, -6, -4, -8, -20, -4, 5, 1]
[18, 12, 3, 17, 27, 5, -7, -5]
[-3, 8, -4, -13, -34, -6, 0, 9]
[0, 2, -2, 0, 4, -3, -4, -5]
[-3, 2, -1, -9, -11, 6, 2, 4]
[-7, -8, -2, -8, -24, -6, -2, -1]
[5, 0, 4, 27, 108, 9, -2, -3]
[-10, -2, -5, -21, -81, -16, -5, -5]
[-1, -3, -5, -21, -31, -16, -10, -1]
[-1, -5, -3, -7, 7, 4, 2, 0]
[-3, -2, -4, -2, -7, 2, -13, -11]
[-4, -8, -5, 6, 12, -3, 3, 6]
[4, -2, 7, 20, 26, 6, 1, 1]
[-3, 2, -5, -11, -28, -4, -1, 2]
[4, 4, -3, -2, -11, 4, 5, 1]
[1, 5, 5, 11, 31, 3, -2, -1]
[-8, -3, -3, -12, -21, 0, -11, 0]
[1, 4, -3, -9, -6, 0, 2, 4]
[-9, -2, 6, 14, 25, 4, 2, -2]
[3, -2, 1, 2, 12, -1, -1, -4]
[3, 6, 2, 3, 7, 1, -2, 0]
[-4, -3, 2, 12, 28, 3, -2, 2]
[0, -10, -5, -4, -1, -9, 2, -3]
[2, -5, -5, -18, -23, -7, -5, 0]
[1, 0, 2, 5, 2, -2, 2, -3]
[-2, 1, 3, 4, -15, 0, 1, -1]
[-5, -2, -1, -6, -12, 2, 1, -1]
[0, -1, 0, 8, 33, 8, 8, 1]
[5, 5, 0, 0, 15, 0, 0, 1]
[0, 3, -1, -8, 4, 1, -1, -1]
[-3, 2, 2, -1, -39, -12, -1, -1]
[-3, 4, 1, 8, 3, 3, 6, 4]
[1, 2, -1, 13, 47, 5, 2, -3]
[-1, -9, -7, -9, -32, -3, -4, -3]
[2, -7, -7, -9, -13, 2, -4, -2]
[6, 2, 3, -5, -9, 0, -1, 0]
[3, 5, 1, 5, 9, -1, -1, 1]
[0, -1, 5, 8, 18, 1, 4, 0]
[-3, 0, 0, -6, 5, -2, -4, -11]
[-7, -3, 0, 4, 33, 2, 4, 19]
[-5, -7, 0, -4, 3, -4, -1, -3]
[-4, -5, -5, 4, 17, 0, 1, -2]
[-10, -4, -2, -6, -15, -1, -6, -3]
[1, 3, 2, 11, 21, 5, 10, -4]
[-1, -1, -3, -7, -17, 0, -3, -1]
[-1, -4, -2, -5, -10, 2, -2, 1]
[0, -4, 1, 6, 25, 0, 3, 4]
[-4, 3, 1, 10, 24, 1, -7, -5]
[0, 2, -1, -5, -44, 1, 2, 1]
[1, -2, -2, -3, -2, -2, 0, 0]
[4, 1, 3, -14, -62, -11, -4, 0]
[4, -3, -4, -14, -23, -6, 0, 0]
[2, -1, 2, 12, 21, 7, 4, -1]
[-1, 4, 0, 7, 4, -2, -1, -5]
[-1, 0, -5, -2, -4, 1, 5, 0]
[6, 4, 6, -2, -19, 3, 13, 0]
[0, -5, 0, 6, 6, 2, -12, 0]
[0, 4, 0, -6, -4, -7, 0, 5]
[-2, 6, 4, 8, 54, 7, 1, 0]
[-1, -2, -9, -15, -40, -9, -5, -6]
[-5, -1, -2, -6, 1, 1, 2, 0]
[-1, -11, -6, -3, -10, 0, 0, 1]
[-2, 1, -1, 5, 21, 2, -2, 3]
[0, -6, 1, 7, 13, 3, -9, 1]
[6, 5, 1, -10, -7, -1, 0, 3]
[-5, 0, 3, 22, 84, 7, -2, -2]
[-3, -8, -7, -25, -96, -18, 2, -8]
[-1, 0, 2, 3, 12, 1, -1, -4]
[1, -2, 4, -12, -31, -11, -1, -2]
[1, -4, -6, -13, -38, -6, 1, -2]
[1, -1, -1, 4, 28, 4, 1, 2]
[-5, 4, -6, 6, 25, 3, -5, -5]
[-1, -2, 2, 2, 0, 0, -4, 2]
[-6, 6, 2, -1, -13, -1, 4, 2]
[1, -7, -6, -2, 0, -1, -2, -4]
[0, -1, -6, -3, -16, -4, -4, -4]
[7, 1, 0, 3, 19, 4, -1, 3]
[1, 0, 4, -2, -6, -3, -5, 4]
[0, 1, 0, -5, -18, -3, 0, 0]
[-1, 0, 3, 8, 22, 2, -1, 1]
[-3, 3, 2, 11, 16, -2, 4, -6]
[3, 12, 1, -8, -34, -6, -9, 5]
[-4, 0, 3, 2, 11, 1, 2, -3]
[1, 3, 1, -8, -31, -5, -1, -3]
[1, -5, -1, -6, 1, 4, 3, -5]
[-2, -6, 2, -3, -24, 1, 3, -5]
[2, -3, 0, 7, 17, -3, -3, 2]
[-2, -4, -5, 8, 52, 5, -4, -1]
[-4, -2, -6, -6, 1, 0, -1, 7]
[-4, -6, -10, 0, -9, -5, -5, -2]
[-1, 2, 1, -3, -11, -3, -4, 1]
[-1, -2, 1, 4, 8, 0, -1, -3]
[-3, 1, -7, 2, 11, 2, 2, -1]
[3, 7, 15, 1, 33, 6, 4, 1]
[-2, 3, -1, 3, 3, -3, 0, -2]
[-9, -4, -1, -15, -83, -2, -5, -3]
[2, -6, 1, 9, 24, 5, 2, 2]
[5, 3, -9, -15, -29, -10, -5, -3]
[-1, -6, 2, 3, 10, -2, -6, 3]
[3, -1, -2, -6, 9, 1, -3, -3]
[-5, -8, -8, 1, 9, -1, 15, 7]
[-2, -3, -2, 0, -6, -3, -1, -7]
[3, -2, 4, 6, 35, 1, 0, -3]
[-1, -1, 0, -2, -18, -3, 0, -3]
[-2, -9, 0, -5, -15, -3, -6, -5]
[2, 12, 1, 3, 1, 6, 6, 5]
[-3, 1, -1, 2, -4, -2, 5, 0]
[-1, 2, -4, 1, 8, 1, -1, 2]
[2, 4, 5, -1, -12, 0, -2, -2]
[3, 0, 1, 8, 34, 1, -3, 0]
[0, 1, -5, -10, -41, -8, -6, 0]
[3, -2, 1, 7, 57, 3, 4, 3]
[-2, -2, 0, -10, -38, -8, -4, -6]
[-5, -9, 2, 4, 7, -1, 0, 0]
[-2, -2, 3, 3, 20, 3, 2, -2]
[-4, -5, -6, -5, -4, -6, -2, -2]
[3, -1, -5, -2, -1, 4, 0, -5]
[0, -7, -3, 2, -10, 2, -1, -3]
[-3, 3, 0, -4, -16, 2, -2, 1]
[1, 3, 3, 0, -12, 1, 3, 5]
[0, 8, -1, 5, -3, 2, -4, 2]
[8, -5, -3, 1, 16, -1, 1, -2]
[-2, 5, 1, -6, -45, -4, 0, -6]
[-3, -2, 3, 11, 19, 1, -2, -3]
[-2, 3, -4, -16, -22, -5, 0, -1]
[-4, -3, -1, 9, 2, 0, -1, 1]
[1, -1, -4, 4, 44, 4, -2, 3]
[-2, -1, 1, -13, -67, -9, -3, -1]
[3, 0, -1, -1, -3, -2, 0, -1]
[-2, -3, 3, -4, -1, 4, 1, -2]
[-3, -10, -5, 2, 19, -1, 0, -3]
[1, 4, 0, 4, 0, -1, -1, 2]
[1, 5, -2, 15, 36, 6, 1, 0]
[1, -1, -7, -17, -53, -1, -7, -3]
[-6, -5, 2, 0, 7, -1, 13, -2]
[2, -1, 2, -2, 15, 2, 1, 0]
[1, 2, 4, 0, -6, -3, 1, 0]
[-1, 4, 1, 0, -1, -1, 3, -2]
[-5, -4, -1, 2, 8, -2, 2, -2]
[0, -4, -3, -6, -4, -6, -15, -1]
[-4, -2, -2, 6, 12, 2, -4, -3]
[-3, -4, 0, 5, 19, 4, -5, 1]
[2, 3, -4, -4, -11, -1, 2, 5]
[-1, -1, -5, -1, 14, -3, 4, 0]
[-2, 0, 1, 8, -7, 2, -1, 3]
[1, 6, 0, 2, 30, 1, -1, -3]
[1, 10, 3, -3, -12, 1, -4, 5]
[1, -1, 2, 4, -16, 1, 2, 0]
[3, -1, 3, -4, -10, 0, -1, 0]
[-3, -2, -1, 0, 2, -2, 2, 1]
[1, 1, -6, 0, -5, -1, 1, -3]
[3, 4, 6, 12, 56, 7, 4, 2]
[-3, -1, 0, -8, -32, -5, -1, 0]
[-5, 0, -4, 6, 30, 2, 1, -2]
[1, -2, -1, 3, -3, -4, -7, -1]
[1, 1, 1, -3, -12, -2, 1, 2]
[4, -2, 6, 5, 29, 5, -3, 3]
[-1, -7, 3, -1, -5, 0, 1, 1]
[-1, 12, -3, -6, -21, -2, -3, -2]
[-6, -5, -2, 1, 11, -1, 5, -3]
[0, 2, -1, -7, 0, -1, -3, -2]
[2, 3, -1, 1, 13, 4, -5, -2]
[-5, -7, -3, -18, -18, -7, 1, 2]
[-3, 0, -3, -3, -17, -2, -5, -6]
[3, 2, -3, 0, 5, 3, 6, 7]
[-1, 0, -4, -6, -15, -2, 4, 3]
[2, 2, 3, 7, 24, 5, 0, 3]
[1, -9, -2, 1, -7, -9, -10, -1]
[1, -4, -4, -15, -47, -3, -2, -4]
[0, -2, 0, 2, -3, 1, -2, 0]
[2, 2, -2, -1, -9, 2, -4, -6]
[0, 1, -7, -9, -4, 1, -1, -3]
[4, -5, 3, 15, 26, 1, -2, -3]
[-8, -4, 2, 3, -3, -5, 4, 2]
[-5, -6, 1, 2, -4, -1, -2, 0]
[-3, 0, -1, -13, -64, -3, 0, -2]
[-1, -1, -4, -3, 25, 2, 0, -4]
[2, 7, -2, -6, 1, 0, -2, 0]
[2, -5, -3, -11, -21, -10, -4, -2]
[-1, -7, 3, 19, 72, 7, 3, -2]
[3, 6, 5, 1, -1, -3, 0, 4]
[-1, -2, 2, 2, -11, 0, 0, 1]
[-2, -6, 0, -4, -16, 0, -3, 0]
[5, 1, -3, -1, 1, 2, 0, 1]
[-3, -2, -4, 2, -11, 2, -3, 0]
[0, 0, -2, -4, -5, -1, 1, -1]
[-4, 1, 2, 11, 43, -1, 1, -3]
[-5, -3, 0, -5, 0, -5, -2, -3]
[3, 2, -4, 1, 38, 1, -1, 1]
[2, 0, -9, -10, -21, -1, -3, -2]
[1, -2, 4, 5, 9, 0, 2, 0]
[3, 2, 2, 6, 21, 0, 5, 6]
[-2, 1, -1, 0, -18, -2, 3, 0]
[-3, -3, -4, 0, 35, 4, 1, 0]
[4, 4, -2, -5, -39, -5, -8, -5]
[-1, 2, 2, -3, 3, -2, 1, -2]
[-3, 0, 3, 0, -20, 0, -1, -3]
[-2, -6, 3, 6, 21, 1, -3, -1]
[-2, -4, -2, 8, 28, 5, 2, 0]
[1, 1, -1, -7, -29, -3, -1, 1]
[-2, 1, 2, -4, 19, 0, -2, 1]
[-1, 0, 0, -8, -33, -3, -4, -3]
[-3, 3, -3, -7, -25, -4, -1, -3]
[-1, -1, 2, 13, 40, 1, 0, -2]
[-2, -7, -3, -14, -63, -4, -1, 1]
[4, 1, 0, 5, 1, 2, 2, 1]
[1, -6, -2, -5, -36, -1, -4, -2]
[5, 12, -2, -3, -6, 8, -2, 2]
[-5, -2, -2, 5, 16, 5, 3, 3]
[2, 2, -3, 4, -9, 7, 2, 3]
[1, 1, 7, 12, 36, 5, -1, 2]
[-9, 0, -2, -6, -18, -5, 3, 0]
[0, 2, -5, -4, 18, -7, -2, -6]
[0, -1, -4, -13, -16, -10, -8, 0]
[-2, -4, -1, 3, 21, -6, 7, -3]
[0, -5, 1, 2, -26, -7, -6, -3]
[-1, 5, 3, 16, 58, 9, -1, 2]
[-4, 1, 1, -14, -73, -7, -4, 0]
[-2, -2, -5, -2, 1, 1, -5, -5]
[-3, -7, -1, -5, -1, -2, -1, -4]
[2, -6, -1, 6, 27, 5, 2, 2]
[5, 0, 1, -12, -21, 0, 0, -4]
[3, 0, 0, -4, -5, -10, -1, 7]
[-2, -3, -3, 12, 11, 3, 3, -1]
[5, 3, -5, -14, -13, -3, -1, -5]
[9, 8, 2, 19, 72, 4, -3, 1]
[-3, 4, 2, -8, -28, 1, -1, -2]
[-7, -5, 1, -9, 11, -2, -4, 1]
[-3, -5, 2, 7, 0, 1, -3, -2]
[-7, -13, -2, -7, 2, 1, 1, -4]
[1, 0, 0, 0, 20, 2, 1, 3]
[2, -3, -2, -5, 10, -2, -8, -2]
[3, 3, 4, -1, -1, -2, -1, 1]
[0, 0, 0, -10, -40, -6, -1, 3]
[-2, -1, 0, 8, -1, 1, 1, -4]
[1, 1, -3, -5, -6, -1, 4, 0]
[2, 4, 2, 10, 15, 4, 3, -1]
[-2, 3, -2, 8, 9, 3, 4, -2]
[3, 1, -10, -16, -29, -1, -3, 2]
[1, 1, 2, 23, 50, 1, 0, 0]
[1, -1, -8, -104, -123, -23, -7, -1]
[2, -1, 14, 104, 118, 15, 4, -2]
[-1, -3, 0, -62, -92, -11, -5, -3]
[-20, -17, -5, -3, -24, -1, 2, -5]
[12, 7, 6, 7, 32, 0, 0, 1]
[0, -1, -3, -28, -44, -9, -3, -2]
[-4, -2, 7, 47, 127, 9, 3, -2]
[3, 4, -2, -34, -95, -12, -1, 0]
[-11, -13, -8, -33, -14, 5, -2, -2]
[-1, -2, 0, 45, 37, 1, 1, -3]
[-10, -8, -17, 19, -24, 0, -3, 4]
[-8, -26, -10, -3, -10, 7, 6, -2]
[10, 26, 8, 27, -2, -6, -11, 0]
[11, 17, 1, -41, -71, -5, -5, 3]
[8, 0, -2, -33, -33, -9, 11, 0]
[6, 20, 9, 8, 54, 16, 18, 20]
[-15, -29, -9, 32, 2, 1, 4, -6]
[-11, -8, -4, 45, 69, 9, 0, 1]
[6, -14, 2, -14, -29, -2, -6, -4]
[22, 40, 2, -29, -79, -14, -7, 2]
[4, 7, 2, 29, 77, 10, 8, 0]
[3, -12, -9, -67, -57, -13, -3, -3]
[-21, -26, -8, -22, -36, -12, -4, -9]
[4, -15, 9, 45, 127, 22, -3, -9]
[-3, -9, -7, -6, -69, -26, -8, 0]
[-10, -4, 5, -18, 56, 10, 6, 2]
[-4, 3, -11, -45, -84, -19, -10, -6]
[-2, 2, -2, -26, -33, -3, -6, 5]
[0, 16, 4, 9, 58, 9, 2, 1]
[-10, 3, 3, 67, 52, -1, 4, -3]
[-9, -7, -3, -39, 22, -2, -2, -6]
[7, 31, 10, 39, 84, 12, 0, -8]
[-14, 2, -15, -14, -49, -26, -4, -3]
[44, 33, 12, 7, 94, 40, 13, 10]
[1, -2, -19, -1, -9, -38, -16, 6]
[-3, -15, -7, -11, 28, -27, -10, 3]
[-1, -5, 25, 68, 127, 33, 2, -7]
[-25, -13, -10, 0, -52, -27, -14, -18]
[1, -8, 8, 32, -9, 8, 17, 20]
[0, -15, 3, 12, -18, 10, -17, -1]
[3, -11, -4, 0, 9, 8, 1, 7]
[0, -4, 1, 4, 36, 10, 0, 6]
[0, -3, -10, -52, -32, -16, -15, -9]
[-7, -3, -7, 23, 44, -26, -3, -6]
[6, 3, 4, 48, 17, 0, -5, -1]
[-8, 12, -1, -5, 48, 13, 1, -5]
[3, 27, 12, -3, 34, 28, 12, 2]
[-37, -40, -29, -23, 58, -19, -3, -16]
[18, 15, 1, -54, -57, 9, -2, -2]
[5, 22, 19, -28, -93, -5, -3, -4]
[15, 28, 8, 8, 5, 5, 3, 18]
[6, -4, 2, 5, -4, -7, -5, -16]
[4, -17, -5, -19, -15, -9, 19, 19]
[-10, -34, -15, -23, 95, -2, -10, -19]
[5, 5, 26, 97, 87, 50, 10, 13]
[2, 3, 2, -19, -128, -8, -2, -1]
[-3, 3, 1, -52, 67, 11, 10, 8]
[6, 5, 0, 51, 12, 3, 5, 12]
[-17, -3, -19, -13, -51, -43, -16, -21]
[2, 2, 0, 0, 62, 20, 4, 5]
[-5, 0, 1, 10, 63, -5, -8, -8]
[-4, -4, 10, 37, 33, 7, 6, 2]
[-7, -15, -5, -21, 31, -5, -6, -13]
[10, 17, -3, -17, -87, -12, 3, 5]
[-6, -6, -7, 16, -72, 2, -8, -14]
[-2, -11, -14, -43, -56, -9, -2, 17]
[6, 16, 0, 30, 77, 18, 5, 1]
[2, 9, -6, -71, -123, -15, -1, -2]
[0, 4, 9, 53, -13, 12, 3, 0]
[-9, -9, -5, -8, -10, -17, 1, -3]
[-1, -5, -7, -43, 18, -8, 0, 0]
[-7, -6, -2, -38, -82, -26, -12, -12]
[-4, 2, 5, 7, 110, -1, -3, 7]
[6, 11, 7, -57, -101, 14, 18, -2]
[-3, -2, -6, 18, -12, -34, -16, 8]
[4, 11, 4, -40, 70, 38, 27, 4]
[-3, 8, 13, 44, 33, 26, 19, 6]
[-3, -16, -20, -37, -41, -52, -23, 1]
[4, -3, 4, 7, 127, 82, 27, 0]
[-8, -23, -11, 49, -11, -31, -20, -8]
[4, 6, 13, 10, -15, -6, -4, -4]
[5, 18, 24, 70, 124, 66, 28, 11]
[-5, -1, -3, -82, -37, -44, -14, -16]
[3, 3, 5, 6, 42, 10, 5, 21]
[9, -4, 0, 34, 69, -7, 12, 11]
[-1, -12, -10, -65, -36, 25, -5, -10]
[-2, -4, -2, 32, -63, -24, -7, -4]
[-3, 3, -6, -36, -48, 1, 1, -2]
[-2, -7, -27, -97, 80, -28, -13, -4]
[-5, 5, -22, 71, -92, -22, -16, 9]
[8, 54, 37, 61, 114, 22, 23, 6]
[-7, 5, -24, -85, -72, -45, 2, 1]
[-6, 8, -8, 67, -17, 0, -15, -10]
[-1, 5, 4, -29, -46, -3, 15, 9]
[-3, -11, -4, 4, -15, -7, 9, -7]
[-2, -31, 4, 38, 105, -14, -13, 7]
[3, -29, -2, 9, 51, 28, 16, -9]
[8, -23, 11, -1, 77, 65, 2, -1]
[2, -7, 5, -1, -17, -41, -15, -5]
[5, 26, 23, 88, 116, 68, 17, -4]
[1, -4, 4, 34, -14, -13, -3, 3]
[-1, 17, -21, 30, 52, -3, -10, 1]
[-1, -4, 21, 48, 2, 14, 3, 1]
[11, -2, 21, 33, 99, 40, 13, 4]
[1, -11, -19, -98, -128, -55, -14, -2]
[-9, -22, 19, -54, -7, -19, -2, -16]
[5, -3, -4, -36, 113, 49, 4, 3]
[-12, -23, -29, -24, -7, -6, -5, 5]
[-2, 8, 24, -2, 37, 1, -2, -6]
[-11, -3, -1, 21, 6, -20, -29, -22]
[-11, -14, -21, -71, -37, 6, 24, 15]
[21, 19, 24, 96, 127, 86, 30, 24]
[-4, -2, -41, -128, -128, -86, -51, -12]
[11, 7, 3, 37, 99, 10, 3, 5]
