[-10, -6, 14, 8, -64, -22, -28, -30]
[7, 19, 66, 107, 34, 24, 11, 9]
[-4, -9, -10, 27, -47, 52, 20, -4]
[-2, -3, -69, -57, -82, -115, -27, -21]
[-2, 12, 70, 107, 81, 18, -2, 4]
[4, 3, 3, -112, -95, 5, -7, -11]
[4, 7, 33, 31, 66, -43, -3, 7]
[-10, -8, -19, -56, -88, -42, -8, 5]
[16, 5, -22, -59, -69, 22, 24, 21]
[-7, -14, -44, -82, 52, -57, -16, -6]
[-7, -4, 1, -16, -111, -26, -6, -7]
[6, -1, -7, -43, 8, 45, 29, 14]
[2, -1, -11, 19, -34, -20, -14, -5]
[-17, -5, -8, 65, -27, 21, -22, -31]
[-5, -5, -22, -17, 30, 59, 34, 27]
[6, 10, 33, 62, 91, 61, 12, 17]
[-17, -27, -42, -57, -37, -72, -36, -23]
[1, -8, -6, -36, -79, -29, 7, 13]
[14, 30, 18, 25, 34, -5, -27, -8]
[-7, -3, 7, -38, 9, -14, -8, -12]
[6, -1, 5, 20, 94, 34, 23, 3]
[9, 12, 13, 93, 127, -22, -7, 2]
[-19, -19, -19, -34, 3, 12, -4, -3]
[1, -3, -14, -38, 71, 16, 8, 3]
[-4, -3, 4, 68, 43, 24, -6, -3]
[3, 2, -2, -24, -14, -53, -7, -3]
[12, 4, 27, 66, 98, 41, 15, 15]
[2, -12, -19, -27, 14, 27, -5, -3]
[5, 8, 19, 98, 89, 39, 5, 3]
[8, 10, -6, 29, 83, -1, 0, 0]
[-7, -13, -27, -91, -13, -4, 26, -10]
[4, 2, 23, 113, 62, 10, -26, 10]
[-9, -11, -36, -25, -77, -51, 0, -8]
[3, 8, 13, -77, -104, -34, 1, 0]
[-3, -4, -8, 51, -16, 40, -9, -10]
[4, 11, 37, 41, -44, -12, 11, 2]
[3, -8, -17, 19, 36, -16, 15, 17]
[-23, -19, -22, -60, -74, -13, -47, -31]
[2, 4, 21, -30, 56, 38, 24, 17]
[1, 3, 9, -29, -11, -20, -2, -8]
[3, 3, -16, -25, 57, 64, -4, 9]
[-2, -14, -27, -92, -93, 4, 17, 7]
[8, 12, 7, 93, 127, 52, 5, 13]
[-7, 4, 39, 10, 15, -26, 1, -2]
[1, 4, -8, -80, -111, -44, -14, -15]
[5, 1, 17, 81, 95, 14, 18, -1]
[1, 1, 15, -5, -36, 3, -6, 4]
[-3, -13, -39, -95, -128, -12, -5, -4]
[3, 4, -6, -16, -1, -46, -5, -6]
[0, -6, -6, -16, 22, -5, 7, 5]
[-4, -3, -16, -16, -118, 4, -3, -12]
[3, 7, 4, -12, 18, -4, 2, -1]
[-6, -9, 10, 66, 65, 3, -13, -1]
[5, 4, 8, 90, 84, 29, -3, 2]
[-10, -2, -19, -107, -55, -65, -18, -23]
[6, 10, -1, 31, 29, 1, 12, 5]
[-4, -1, 17, 1, 38, 34, -2, 6]
[-4, 0, -11, -28, 116, 19, 5, -1]
[1, -7, -10, 32, -13, 14, 6, 3]
[-11, -15, -18, -59, -8, 10, -3, -5]
[-1, -1, 11, 52, -84, -38, -10, -9]
[-5, 2, 10, -39, -11, -25, -3, 1]
[4, 7, 36, 75, 93, 19, 3, 6]
[-8, -4, -12, 78, -45, -36, -13, -11]
[5, 4, -13, -21, -31, 7, 6, 14]
[8, 12, 22, -21, -106, -7, 0, 0]
[-3, 2, 6, 42, 33, -1, -3, 5]
[1, -1, 6, -25, 73, 26, 20, 8]
[-3, -5, -15, -108, -74, -6, -6, -1]
[-8, -14, -21, -72, -43, -29, 0, -14]
[3, -5, -12, -22, 27, 38, -4, 7]
[0, -4, 4, -14, -70, 8, 3, 4]
[-1, -3, -11, -44, 54, 0, -10, -11]
[-1, 8, 2, 59, -40, -15, -8, -1]
[9, 8, -7, -22, -4, 2, 3, -4]
[-2, 2, 16, 60, 101, 26, -1, -3]
[-3, 1, 3, -55, -89, -19, 10, 2]
[0, -5, 3, -62, 53, 9, 2, 9]
[3, 3, 17, -24, -60, -28, -25, -11]
[4, -7, -15, -3, 55, 6, 1, 4]
[-5, 2, 4, 52, 2, -8, -5, -12]
[5, -8, -12, 27, -18, 5, 9, 1]
[-4, -12, -18, -21, -34, -4, 4, 4]
[0, 7, 3, -13, 34, 1, 3, 4]
[-3, 10, 16, -8, -14, 7, 5, 5]
[-7, 6, -1, 26, -56, -22, -8, -6]
[2, 0, 3, 3, 20, -13, 3, 6]
[6, 4, 0, -16, -128, -18, -2, 0]
[6, -6, -2, 19, 127, 7, 0, -3]
[-4, -4, -9, -85, -110, -16, -8, 1]
[-6, -3, -1, -6, 59, 3, 2, 0]
[-5, -2, 5, 17, 92, 0, 6, -5]
[-5, -8, -16, -63, -85, -12, -6, -3]
[-5, 5, 13, 63, 95, 26, 7, 5]
[-2, 2, 3, -2, 61, 1, -1, 6]
[2, -2, -14, -64, -74, -8, 11, 0]
[6, 4, 0, 30, 62, 11, -9, -8]
[1, -8, 0, 16, -9, 2, -7, -2]
[-1, -2, 11, 19, 16, 52, 6, 4]
[-2, 6, 6, 5, -20, 12, -3, -7]
[-4, -6, 3, 5, 4, -7, 4, -1]
[2, 8, -2, 13, -3, 1, -7, -8]
[-5, -10, -13, -17, -52, -22, -11, -1]
[1, 5, 2, 5, 22, 14, 21, -5]
[-6, -6, 4, -20, -55, -2, 0, -2]
[-2, -4, -6, -3, 12, 18, 36, 23]
[14, 24, 4, -3, -11, -26, -2, 0]
[0, 13, -2, 7, -5, 5, 15, 9]
[-3, -2, 6, 29, 45, 2, 1, 1]
[-8, -10, -6, -24, -34, -8, -8, -8]
[9, 16, 7, 38, 26, -27, -1, 4]
[9, 0, 1, 0, 0, -27, -13, 4]
[3, 3, -1, -5, 23, -3, 4, -5]
[0, -2, 5, 38, 34, 12, -11, -7]
[-13, -16, -14, -39, -101, -16, -1, -7]
[-12, -9, -5, -27, -41, -17, -22, -15]
[-8, -10, -3, -1, -3, 24, 8, 22]
[5, -18, -1, 10, 11, 20, -2, 7]
[18, 20, 1, 25, 0, 18, 4, -1]
[-19, -21, -9, 6, 17, 13, -7, -11]
[-26, -10, -4, -33, -27, -23, -11, -10]
[15, 10, 1, -9, 17, -21, 12, -9]
[-13, 3, 0, 0, 13, -30, 16, 1]
[16, 27, 8, 5, -3, -10, -4, 7]
[14, 20, 3, 16, 16, -3, -4, 3]
[1, 7, 10, 23, 18, -5, 1, -3]
[-2, -3, -6, -29, -17, 1, 9, -1]
[-8, -9, -1, 1, 3, -2, -18, -2]
[3, -11, -2, 20, 10, 3, 13, 22]
[2, 1, -5, 16, 52, 12, 11, 6]
[-2, -20, -14, -43, -75, -40, -33, -12]
[1, -2, 2, 2, 7, -17, -6, 1]
[3, -2, -3, 12, 10, -10, -7, -8]
[-4, -11, -1, 1, -1, -12, -6, 0]
[-8, -13, 6, 17, 43, 5, 4, -3]
[-6, -8, 7, 11, 12, 6, -6, -18]
[17, 13, -1, -24, -41, 13, 4, 11]
[-5, 5, -3, -11, -1, 26, -11, -3]
[-7, -4, -8, -12, 15, 21, 8, -8]
[13, 22, 4, 6, -11, -4, 1, 2]
[1, -14, -5, 19, 23, 10, 2, -12]
[-14, -3, 0, -9, -31, 1, -3, 2]
[11, 3, 2, 4, 9, 8, 2, 6]
[-7, -10, -5, -2, 2, -12, -10, 0]
[-3, -5, -6, -22, -14, 1, 1, -9]
[3, 14, 5, 0, 14, -2, 3, 5]
[-9, -3, -8, 13, 66, -15, -5, -3]
[-6, -11, -16, -23, -43, -13, 6, 7]
[-2, -8, -9, 3, 7, 9, -6, -6]
[4, -4, 4, 15, -13, 4, -11, 5]
[4, 4, 6, 22, 50, 1, 5, -5]
[8, 2, 1, -4, 10, 3, -3, 5]
[-9, 6, 0, -2, -9, 3, -10, -11]
[5, -2, -4, -12, -23, 5, 13, -1]
[1, 4, 11, -4, -8, -4, 1, 10]
[-3, -7, -1, -9, 4, -2, 8, 5]
[-1, -3, 0, -8, 16, 7, 0, -9]
[3, 8, 3, 4, 10, 10, 1, -7]
[-2, -4, -1, -5, -30, -3, -6, 1]
[0, -5, -1, 14, -4, 1, -3, -4]
[3, 11, 0, -2, -27, 3, 7, 14]
[-2, -2, -10, 8, 7, 8, 13, 1]
[-3, -4, -2, 46, 29, -3, -3, -4]
[4, 4, 13, 37, 50, -5, -2, -5]
[0, -5, 5, -22, -66, -8, -9, -3]
[-14, -13, -4, -33, -32, -13, -16, -8]
[5, 3, 1, -26, -34, 0, 0, 10]
[-2, -2, -9, 7, 57, 5, 9, 8]
[-3, 10, 2, 1, 4, 2, -23, -23]
[3, 6, -3, -9, -3, -2, 11, 41]
[-3, 4, 0, 3, 33, -4, -17, -14]
[-4, -2, 8, -25, -70, -6, -3, 5]
[0, -3, 5, 4, 23, 3, -1, -3]
[0, -7, -6, -3, -12, -1, -9, -8]
[1, -6, -2, 9, 15, 3, 12, 0]
[6, -2, -9, -15, -36, -3, -8, 4]
[-4, -1, -2, 9, 36, 7, 22, -5]
[0, -3, 0, -3, 13, 2, -7, -12]
[3, -1, -9, 0, -12, -5, 3, 6]
[-6, -2, 1, 8, 47, -1, -2, -13]
[3, 10, 4, -8, -57, -4, 5, 16]
[-3, 3, 5, 7, 27, 9, 3, -6]
[-1, 0, -6, -41, -37, -7, -2, -4]
[3, -6, 0, -4, -14, 4, -4, -4]
[3, -3, 5, 22, 88, 11, 1, 5]
[-1, -6, -5, -14, -78, -7, -5, -4]
[-7, -3, -3, -2, -19, -3, -3, 1]
[3, 7, -2, 20, 31, -1, -4, -21]
[10, 6, 6, 10, 31, 4, 10, 16]
[5, -4, 0, 21, 18, 1, 4, 11]
[4, 4, 0, -9, -5, 2, -5, -4]
[-7, 8, -5, -13, -15, -1, -11, -2]
[-4, 5, -6, 3, 5, 2, -2, -8]
[5, 7, 0, 1, 10, -5, -13, -2]
[-3, -10, 1, -2, -27, -2, 10, 1]
[-1, -7, 3, 9, 53, 4, 13, 10]
[4, -10, -9, -4, -49, -14, 2, 4]
[2, 11, -3, -14, -4, 1, 1, -11]
[-2, 0, 0, 2, -49, -2, -5, -6]
[-8, -5, 1, 4, 13, 0, 4, -9]
[-8, -6, -1, -8, -1, -7, 3, 7]
[1, -3, -5, 2, 1, 4, -2, -3]
[-2, 3, 0, -8, 11, 4, -1, 5]
[-4, -1, 4, -5, -35, -7, -6, 9]
[-2, 4, 5, 10, 26, 3, 2, -4]
[5, -6, 4, -3, -4, -6, 0, 4]
[6, 2, 2, 4, 7, 2, -2, -16]
[1, 4, 0, 4, -6, -1, 5, 21]
[-7, 3, 2, 4, 14, 2, -5, -4]
[-7, 3, 1, 2, 32, 1, -3, -9]
[-2, -6, -2, -12, -22, -6, 4, 7]
[-2, -6, -8, -8, -4, -5, -4, -11]
[4, -1, -3, -4, -9, 2, 1, 9]
[-4, -6, -4, -4, -7, 3, -1, -13]
[-2, -3, 1, 32, 86, 12, -9, 4]
[1, -4, 1, -8, -37, -5, -5, -2]
[7, 8, 2, -8, -41, -2, -9, -3]
[-1, 5, 2, 25, 41, 1, -3, 0]
[-7, 1, -6, -28, 0, -7, 1, -2]
[-6, -7, -11, -38, -62, -5, 5, 2]
[-1, -7, 0, 13, -2, -3, 1, -1]
[7, 1, 4, -2, -13, -4, 1, 5]
[0, 2, 8, 7, 10, 1, 1, 4]
[-1, 6, 4, 18, 17, 3, 0, 1]
[-8, -7, -10, -7, -1, 2, 0, -5]
[1, -6, -1, 2, -12, 6, 1, 2]
[-1, 1, 5, 2, 12, 0, -3, -4]
[-4, -5, -5, -8, 6, -2, -4, -6]
[2, -2, -1, -7, -33, -4, 0, -3]
[1, -4, 0, -2, -6, -1, 3, 20]
[-1, 2, 0, 2, 8, 1, -6, -15]
[0, 3, 0, 0, 11, -3, 14, 20]
[-1, -1, -3, -7, -27, -5, -6, -1]
[0, 1, -12, -9, -5, -1, 3, 2]
[4, 1, -4, -7, -19, -9, -5, -3]
[6, -2, 0, 10, 17, -2, -12, -10]
[-3, -4, 2, 8, 30, 7, 1, -3]
[-2, -1, 5, -15, -31, 6, 5, -5]
[-5, -5, 0, 5, 13, 0, 1, 7]
[-5, 0, 5, 10, 24, 1, -1, -7]
[1, 3, 2, -8, -12, -1, -5, 0]
[-5, 2, -7, -4, -13, -7, -7, -5]
[3, -2, -7, 11, 20, 0, 0, 0]
[2, 1, 4, -1, -44, -2, -3, -1]
[1, -5, -1, 5, 37, 3, 5, -3]
[1, -3, 3, -15, -24, -2, -1, -5]
[0, 0, -1, -1, -4, -2, 3, -2]
[-1, 5, -5, 4, 35, 2, 1, -2]
[1, 3, -2, -3, -14, -2, 5, 3]
[1, 1, -1, 9, 22, 1, -2, -4]
[0, -2, 9, -7, -21, -1, 0, 4]
[0, -5, -2, -7, -19, 0, -2, -2]
[-1, -1, -3, -3, 12, -3, -6, -2]
[-1, 0, -2, 3, 22, -2, -11, 4]
[-3, 0, 3, 15, 23, 4, 19, 1]
[2, -1, 1, -2, -14, -5, 1, -8]
[0, -3, -7, -8, 2, 0, -2, -1]
[-4, -2, 3, 11, 10, 6, 5, -14]
[-1, -4, -7, -21, -51, -3, -5, 16]
[-2, 1, -1, 5, 41, -1, 3, -3]
[-1, -2, -3, 4, 7, -4, 1, 5]
[3, -3, 0, 2, 3, -1, -5, -6]
[2, -6, 0, 5, 9, 5, -3, 0]
[2, 1, 0, -7, -26, -1, 1, -1]
[2, 5, -6, -5, -11, -1, -4, 1]
[0, 2, 5, 7, 20, -2, 6, 7]
[-4, 1, -8, -10, -25, -12, -22, -15]
[-1, -4, -1, 2, -4, 0, 2, 3]
[-1, -1, 9, 15, 22, 5, 2, -5]
[-3, 2, 2, -1, 22, -1, -7, 2]
[3, 1, 2, -11, -26, 4, 1, 6]
[-1, -2, -6, -7, -12, -7, -8, -5]
[-5, 1, 0, 4, -7, 4, 3, 1]
[-1, -1, -10, 0, 18, 0, 6, 5]
[-2, -1, -2, -1, 15, -1, 8, -6]
[-9, 0, -3, -5, 9, 2, -4, -16]
[5, 1, 4, 6, -7, 1, 7, 16]
[3, -4, -3, -11, -42, -2, 5, 3]
[-1, -4, -8, 8, -18, 1, -1, 1]
[4, 0, -3, -3, 19, -1, -1, 2]
[-2, -2, 0, -4, 12, -6, -4, -7]
[-3, 2, 8, 0, -7, -4, -6, -1]
[3, 2, 4, 2, 15, -1, -1, 1]
[0, -4, -1, 4, -13, 0, 4, 5]
[-1, -2, -3, -1, 14, 4, -4, -1]
[-1, 1, -4, 5, 5, 4, -2, -4]
[0, -5, -2, -11, -32, -2, -2, -6]
[-1, -3, 2, 10, 24, 0, 3, 4]
[-1, 1, -5, 8, 12, -5, -6, -4]
[-3, 2, 5, -7, -37, -1, -1, -4]
[-3, 6, 6, 9, 29, 4, 6, 0]
[-3, 2, -7, -26, -32, -10, -5, -2]
[-1, -4, 1, 0, 10, 0, 0, 4]
[1, -5, -6, 4, 8, 0, 10, 3]
[3, -1, -1, 4, 11, 6, -2, 2]
[1, 1, 0, 1, -6, 0, -1, 1]
[-5, 6, -2, -3, -20, -5, -3, -8]
[0, 3, 1, -3, 3, 3, 0, -5]
[-2, -2, -2, -3, -10, -5, -1, -2]
[-1, -2, -1, -4, 19, 2, 1, -1]
[-2, -8, -2, -6, -4, -8, -6, -2]
[-1, 5, 0, 2, 16, 3, 7, -5]
[-3, 2, -2, 10, -2, -1, -7, -2]
[2, -1, 9, 26, 68, 9, 0, 1]
[1, -3, -3, -33, -73, -8, -9, 2]
[1, -4, -2, -1, 4, 0, -5, 1]
[0, -8, -4, 4, 31, 4, 3, -9]
[-1, -3, -5, -7, -17, -3, 1, -2]
[-4, -3, -8, -12, -9, -10, -1, -13]
[4, 2, 0, 3, -16, -1, -3, 2]
[2, 5, 4, 16, 65, 7, 15, 11]
[-6, -4, -1, 0, -45, -6, -8, -2]
[0, -3, -3, -17, -1, 8, 10, 3]
[2, -3, -3, -2, 4, 1, -3, -2]
[4, 5, 1, -6, -22, -4, -6, 0]
[-1, 2, 2, 10, -3, -1, 3, -1]
[-3, 1, 4, 14, 9, -2, 0, 1]
[-5, 1, -4, 14, 41, -1, -1, 0]
[-6, -4, -5, -30, -47, -2, -1, 1]
[3, 1, 3, 3, 4, 2, -1, -2]
[1, 0, -6, -9, 2, 3, 2, 2]
[4, -3, -1, 1, 10, 3, 1, 0]
[0, 4, 0, 7, 25, 1, 2, 3]
[-11, -6, -10, -10, -66, -14, -6, -6]
[0, -3, 3, 15, 21, 5, 1, -3]
[-2, -2, 4, 3, -27, -1, -2, -1]
[2, -1, 2, -1, 24, 0, -5, -3]
[2, 2, -3, -15, -29, 4, 2, 4]
[3, -1, -5, 4, -9, -5, -2, -2]
[-10, -6, -2, -4, 5, -1, -4, -1]
[2, -2, 1, -2, 8, -5, 1, -4]
[2, 8, 8, 11, 41, 3, -3, 0]
[-17, -18, -3, 0, -17, -1, 5, -2]
[22, 44, 9, 8, 32, 4, 8, 12]
[-12, -16, -10, -28, -76, -12, -7, -4]
[16, 30, 12, 19, 17, 2, 2, 5]
[-3, -8, -6, -11, -22, -2, -5, 0]
[-2, -1, -8, -7, 86, 10, -1, -1]
[-3, -5, -6, 13, -78, -10, 2, -3]
[0, -9, -8, -4, 18, -5, -3, -1]
[0, 6, 4, -7, 3, 0, 0, 1]
[-3, -15, -4, -18, -64, -7, -2, -3]
[3, 6, 3, -7, -18, 8, 1, 0]
[-9, -16, -2, -14, 1, 2, 0, -3]
[3, 4, -3, 13, 5, 5, 4, 1]
[-12, -7, -4, 27, 55, -2, -4, -6]
[1, -1, 4, -12, -5, 2, 1, 1]
[-6, -4, -1, -19, -28, -1, -1, 5]
[8, 5, 5, 9, 22, 0, -1, -2]
[-1, -18, -5, -18, 5, -4, -5, -4]
[15, 12, 2, -7, -31, -1, -6, 0]
[2, 9, -6, 21, 65, -1, -3, 10]
[9, 22, 5, -16, -2, -1, -1, 12]
[-7, -14, 2, -1, -45, 2, 2, 4]
[-5, -6, 7, 58, 100, 11, 2, -3]
[-10, -17, -22, -87, -109, -25, -5, -10]
[5, 8, 9, 92, 127, 18, 5, -1]
[-3, 1, -9, -23, -67, -14, -3, -2]
[-7, 1, 6, -19, -38, -12, 1, 1]
[-1, -2, 0, 4, 33, -2, 4, -2]
[-7, -7, -6, -17, -90, -4, -6, -7]
[12, 17, 12, 29, 107, 13, 4, 6]
[1, -2, -2, 9, 95, 17, 2, 6]
[-22, -26, -8, 31, -79, -13, -5, -6]
[-10, -12, -8, -53, -79, -20, -7, -7]
[7, 2, 6, 13, 42, 20, 3, 3]
[8, 21, 1, -87, -46, -14, -6, -3]
[18, 32, 15, 20, 127, 19, 15, 2]
[-7, -4, 5, 83, 52, 7, 1, -2]
[-9, -16, -10, -29, -3, -10, -6, -6]
[-5, -8, -7, 20, 0, 4, 3, -1]
[2, -15, -5, 1, 40, 9, 4, 0]
[3, -9, -3, -37, 15, -1, -2, -6]
[9, 4, 11, 97, 101, 28, 3, 6]
[-9, -10, 0, -58, -52, -40, -13, -11]
[11, 5, 7, 58, 46, 10, -3, 1]
[1, -6, 2, 26, 54, 8, 5, 3]
[-34, -43, 3, -11, -27, 10, 5, 2]
[-5, -14, -20, -65, -87, -8, 0, 2]
[-26, -38, -8, -4, -13, 4, -5, -7]
[4, 29, -18, -36, -61, -27, -8, -6]
[10, 45, 7, 12, 60, 3, -1, -1]
[41, 62, 19, 8, -3, -3, 5, 17]
[37, 76, 2, -115, -128, -22, -5, 0]
[-3, -25, 20, 99, 90, 23, 3, 0]
[-15, -53, -23, -67, -128, -16, -3, -2]
[-12, 11, 12, 57, 57, 7, -4, -5]
[-7, -1, 11, 12, 12, 1, 0, -5]
[-1, 12, -16, -97, -45, -13, -4, -1]
[11, 18, -5, -72, -85, -11, -2, 3]
[-6, -25, -7, 85, -43, 2, -4, 0]
[-4, -3, 7, -21, 5, 13, 2, 4]
[4, -1, -1, -11, -18, -11, -1, -2]
[-3, -10, -12, -18, -30, -6, -4, -5]
[-11, -15, -2, 60, -46, -4, 2, -7]
[-9, -14, -9, -23, -35, 1, -2, 1]
[-9, -12, 3, 3, 71, 11, -3, 2]
[7, 10, 0, -23, -13, -4, -4, -8]
[-4, -4, -5, 21, 70, 9, 5, 0]
[-17, -13, 14, 100, 110, 23, -7, 5]
[16, 12, -13, -103, -60, -28, 26, 7]
[-11, -9, -13, -65, -22, -22, 11, 2]
[30, 50, 29, 80, 127, 33, 5, 14]
[-10, -17, -20, -58, -99, -40, 7, -17]
[-5, 9, -2, -3, -26, 8, -13, -11]
[-3, -12, -3, -8, 87, 27, -1, 7]
[-6, -22, -9, -8, -128, -25, 1, 0]
[4, 3, 6, 4, 127, 32, 7, 8]
[-7, -5, -5, -8, -66, -1, -5, -4]
[9, 20, 13, 61, 38, 6, 3, -1]
[-10, -17, -19, -121, 47, 13, -6, -1]
[9, 2, 6, 114, 84, 4, -4, 3]
[-7, -21, -7, -59, -75, -26, -15, -14]
[5, 10, 6, 13, 96, 7, 1, -2]
[-1, -6, 2, 33, 84, 18, 6, 3]
[-4, -8, -7, -1, -126, -3, -10, -13]
[1, -5, 0, -44, 124, 26, -3, 7]
[16, 22, 11, 93, -81, 1, 24, 28]
[-3, -6, -9, 5, -9, -24, -40, -18]
[-14, -11, 1, 55, 30, 20, -13, -17]
[20, 39, 40, 88, 79, 33, 2, 10]
[-10, -9, -5, -63, -69, -22, -10, -11]
[3, 0, 0, -59, 87, 38, 18, 7]
[-3, -10, -2, -7, -124, -62, -3, 4]
[-8, -12, -17, 23, 37, -23, 1, 0]
[2, 6, -2, -61, -89, 19, -2, -7]
[-13, -10, -20, -106, -119, -62, -5, -7]
[11, 14, 22, 82, 127, -4, -3, 7]
[-10, -14, -1, -23, -81, -31, -3, -3]
[-4, -9, -14, -55, -99, -33, -15, -6]
[-2, -6, 7, 88, 110, 24, 11, 6]
[-5, -5, -9, -119, -128, -34, -9, -10]
[5, -3, -12, 18, 105, 12, 2, 7]
[4, -2, 5, 15, 1, -33, -7, -1]
[-10, -18, -23, -73, -73, -22, -11, -7]
[3, 1, -6, 20, 56, 39, 42, -3]
[-14, 0, -3, 53, 40, 39, -8, -8]
[-7, -1, -14, -82, -83, -32, -11, -2]
[11, 22, 17, 16, 105, 3, 36, 10]
[9, 8, -4, -66, 60, 13, -13, 5]
[9, -7, 4, 15, -71, -7, 1, -3]
[11, 1, 27, 110, 72, 52, 0, 1]
[-5, -9, -11, -83, -128, -73, -27, -5]
[6, 40, 19, 55, 101, 52, 14, 11]
[-8, 38, 5, -86, -108, -60, -7, -5]
[-6, -2, -34, 8, -3, 4, -11, -1]
[6, -17, 26, 127, 121, 47, 13, 1]
[-3, -35, -19, -64, -116, -14, -14, -8]
[6, -12, -1, -83, 92, 59, 16, 21]
[-5, 0, -11, -78, -63, -49, -6, -6]
[-1, -7, -8, 64, 89, 42, 3, 3]
[3, 5, 4, -4, 78, 26, 21, 5]
[1, -10, -1, -8, 13, -16, -6, -14]
[-3, -9, 3, 5, -8, 35, -2, -4]
[-2, -17, 22, 85, 21, -13, -9, -9]
[-3, -16, -21, -81, -97, -53, -10, 2]
[4, -3, 7, -55, -69, -10, 5, 5]
[-7, -4, 4, -2, -2, -29, 0, -5]
