[-8, -3, -19, -119, -90, -21, -15, 1]
[4, 1, 5, 0, -62, -20, -2, 6]
[-10, -2, 7, 127, 110, 26, -2, -5]
[11, 16, 37, 49, 53, 52, 11, 6]
[2, 4, 13, 75, 100, 6, 16, 7]
[-11, -11, -12, 33, -40, 34, -13, -12]
[-2, 5, -6, -51, -67, -25, 0, -4]
[7, 16, 29, 100, 127, 0, -7, 8]
[0, 12, -3, -21, 25, 65, 0, -12]
[-1, 10, 20, 64, 127, 13, 24, 12]
[-7, -18, -46, -77, -123, -45, -44, -13]
[-1, -12, -15, 10, -18, -12, 2, 0]
[13, 11, 5, -31, -58, 13, 5, 8]
[0, -7, -16, -29, -108, -31, -9, -11]
[8, 8, 18, 15, 61, 1, 13, 8]
[-4, -8, -18, -105, -80, -50, -11, -3]
[-1, 4, -3, 15, 6, 60, 4, 2]
[10, 20, 8, -94, 59, 55, 9, 11]
[4, 5, 11, 99, 31, -60, -19, 6]
[-8, -8, 1, 62, -3, 28, -10, -15]
[-3, -6, 8, -8, -103, -11, 4, 2]
[-5, -20, -29, -43, 76, -7, -2, -10]
[-4, 1, -11, -51, 56, -11, 6, -5]
[5, 12, 5, 15, 127, 41, 19, 12]
[-11, -3, -8, 32, 92, 42, 11, -5]
[1, -2, -6, -3, 8, -38, 2, 6]
[-13, -17, -23, -57, -17, -15, -11, -4]
[5, 3, 3, 76, 93, 36, -3, 0]
[1, 0, -2, -16, -94, -1, 1, 14]
[9, 14, 14, 40, 31, -28, -6, 4]
[-7, 2, 11, 45, 49, 26, 10, -7]
[-7, -4, -2, -7, -44, -6, 2, -4]
[-3, 11, -1, -128, -106, -29, -18, -7]
[-10, -16, -26, -71, -111, -62, -17, -10]
[22, 12, 4, -35, 83, 23, 26, 9]
[-9, -23, -32, -77, -70, 0, -10, -8]
[4, -3, 0, -20, 121, 0, -4, -5]
[8, 14, 49, 117, 99, 44, 3, 2]
[-7, 7, 21, 26, -115, -71, -15, -8]
[9, 2, -19, -14, 41, 7, 17, 9]
[3, -7, -15, -74, 48, 5, 5, 7]
[-12, -3, -5, -60, 77, 17, 0, -10]
[-6, -5, -5, 32, 98, -5, 4, 6]
[-6, 5, 0, -17, -40, 4, 10, -7]
[5, 4, 10, 112, 57, 25, 3, 2]
[1, -7, -11, -3, 72, 2, 1, -5]
[5, -4, 3, -72, -69, -13, 14, 8]
[-4, -8, -12, 20, -37, -14, -11, 7]
[0, -5, -7, -51, -109, 41, 12, 8]
[1, 13, 44, 94, 7, 1, -5, 4]
[-9, -16, -27, -79, -121, -35, -24, -19]
[-1, 8, 33, 57, 84, 53, 7, 6]
[-6, -10, -35, -57, -71, -47, 0, -12]
[-3, -7, -28, -47, -84, -9, -19, -6]
[4, 12, 19, 70, -35, -12, -7, -1]
[20, 17, 48, 79, 109, 62, 23, 10]
[-9, -5, -18, -48, -42, -20, -3, -1]
[-4, -2, -6, -13, -11, -28, -1, -1]
[-8, -15, -10, 2, 11, -5, -1, -9]
[2, -2, -13, -51, -61, -21, -1, -1]
[11, 18, 49, 118, 97, 24, 4, 8]
[0, -1, -14, -22, -14, -45, -22, -9]
[-7, -14, -3, 80, 77, 50, 7, 10]
[6, -2, -24, -9, -67, -21, -7, 3]
[-9, -3, 8, 71, 56, 30, -10, 2]
[-11, -11, -9, -4, -59, -16, -5, -16]
[3, 1, 7, 5, -24, -1, 16, 3]
[4, 2, 19, 40, 71, 14, -9, -5]
[7, 7, -14, -104, -59, -17, -3, 0]
[-6, -2, -1, -14, -9, -10, 1, -3]
[4, 13, 19, 50, 68, 36, 12, 1]
[-17, -18, -36, -75, -112, -55, -24, -14]
[14, 6, -7, 38, 105, 17, 13, 12]
[3, 0, -4, 5, 50, 34, 11, 9]
[-4, -9, -2, 41, 16, -7, 5, -3]
[5, 1, -4, -89, -37, 8, 1, 4]
[-11, -6, 14, 18, -72, 4, -21, -14]
[8, 8, 12, 23, 40, -5, 1, 10]
[-3, -6, -17, -24, 43, 31, -1, -4]
[-4, 9, 24, 5, -24, 1, 3, 0]
[-1, -3, -4, -52, -83, -15, -5, -9]
[6, 8, 21, 45, 47, 9, 15, 18]
[7, 15, 8, 20, -4, -9, 6, -10]
[-3, -10, -4, 70, 2, 9, -11, -4]
[-1, -5, -4, -8, -94, -21, 15, -8]
[-2, -5, -2, 34, -2, -16, 1, -1]
[4, 3, 8, 77, 40, -27, -17, 6]
[-9, -20, -40, -106, -31, -3, 12, -8]
[9, 17, 26, 65, 121, 39, 2, 4]
[0, -6, -7, -15, -16, -32, -3, -3]
[-3, -9, -30, -46, -64, -5, 4, 1]
[-1, 3, 26, 109, 93, 33, 2, 2]
[-7, -12, -23, -42, -53, -21, -6, 2]
[-4, -6, -15, 25, 64, 21, 2, -6]
[-2, 7, 43, 35, 8, 2, -5, 1]
[6, 13, 20, 18, 25, 4, 6, 5]
[-2, -4, -16, -87, 6, 4, -1, -3]
[1, -4, -21, -7, -15, -22, -7, -2]
[4, -2, -5, 15, 15, 2, 3, 5]
[-9, 0, -7, -86, -89, 3, -9, -10]
[-6, -4, 3, -7, -69, -40, -15, -19]
[-4, -6, -15, -25, 39, -12, 4, 12]
[-4, -4, -9, -30, -2, -4, -6, 0]
[10, 8, 10, 13, 15, -2, -2, 6]
[4, -5, -16, -1, 45, 13, 9, 10]
[-7, 4, 8, -35, -107, -8, 11, -5]
[12, 5, 9, -70, -76, -12, 3, 2]
[-5, -3, -3, -7, 2, 16, 4, 0]
[-2, -4, -4, 41, 33, 5, -5, -4]
[1, 1, 7, 15, -53, -3, -9, -6]
[-1, 0, -3, -3, 63, -1, 6, 4]
[1, -2, -10, 5, 30, -5, -6, -4]
[0, 4, 8, 17, 21, -2, -2, 1]
[1, -2, 2, -9, 12, 2, 0, 4]
[-4, -6, -7, -37, -76, -16, -10, -2]
[5, 3, 6, -10, -9, -5, -1, 1]
[-3, -11, 7, 37, -2, 4, 4, 0]
[-2, 10, 9, -12, -17, -4, -6, -13]
[6, 11, -8, -3, 9, 17, 8, 18]
[6, 7, -7, -61, -53, 7, 4, 5]
[-13, -3, 15, 119, 116, 8, -1, 4]
[-8, -22, -11, -35, -63, -13, 7, -7]
[17, 27, -6, -41, -53, -8, 4, 6]
[-7, -14, -6, 7, 1, -5, 3, 1]
[21, 25, 4, -7, 10, -2, -6, 2]
[-4, -7, -1, -7, -10, -4, -4, -3]
[-10, -7, 4, 27, 37, -4, -13, -10]
[5, 6, 3, -26, -34, -59, -2, 3]
[-13, -32, -15, -24, -1, 12, -2, -7]
[10, 6, -3, -3, -5, 28, 5, 10]
[-12, -7, 1, 5, 5, 37, -17, -14]
[3, 9, 0, 15, 41, 53, -4, -3]
[3, -7, -2, -18, -20, 66, 2, -4]
[0, 3, 3, 2, -14, 59, -5, -5]
[-4, -9, -2, 0, 23, 18, 6, 7]
[10, 21, 4, 13, 18, -23, -9, 2]
[-5, 2, -2, -7, -6, -68, 5, 1]
[-4, -5, -4, -46, -28, -18, -5, -2]
[-6, -5, 13, 84, 107, 31, -7, -18]
[-11, -15, -11, -23, -32, -62, 1, 0]
[5, 11, -1, -12, -2, -46, 4, 5]
[1, -6, -7, -12, -25, -22, -3, -5]
[5, 0, 2, 5, 29, -1, 1, -1]
[0, -3, -3, 21, 22, -3, 10, 10]
[-3, 3, 7, 5, 1, -7, -3, 1]
[6, 8, 7, 5, -9, 21, -7, 8]
[-6, -16, 0, -19, -28, 9, -13, -16]
[-9, -15, 2, 35, 28, -12, -16, -3]
[-14, -6, -4, -36, -32, -40, 21, 13]
[17, 13, -5, 19, 40, 3, 4, -3]
[24, 40, -1, -20, -14, -6, 5, 5]
[8, 7, -1, 23, 40, -6, 10, 0]
[10, 8, -4, -32, -27, -32, -19, 3]
[-31, -33, -3, -2, -15, 0, -8, -4]
[-3, 6, -1, -8, -21, 5, 9, 0]
[0, 11, 4, -7, -7, -6, 2, -1]
[-3, 3, -1, 17, 39, -2, -2, -6]
[0, -8, 2, 2, -10, 14, 11, 8]
[-10, -19, -5, -3, -11, 11, 2, 3]
[-4, -7, -7, 1, 7, -8, -4, -6]
[-8, -7, -8, -20, -25, -11, -4, -8]
[-4, -3, 2, 16, 7, 16, -6, -5]
[2, -1, -2, 4, -30, 21, 9, 5]
[-1, -6, 2, -5, -9, -2, -1, -4]
[1, -4, 6, 15, -4, 2, -8, -27]
[4, 8, 5, 4, 25, 0, -1, 30]
[-8, -14, 0, -22, -23, 17, 6, 12]
[-35, -39, -9, 4, 2, -15, 3, 0]
[22, 46, 9, 8, 23, -8, -8, 3]
[2, 8, -3, -17, -28, -2, -26, -25]
[-5, 0, -8, -9, 1, 3, -12, -5]
[16, 8, 0, -3, 4, 0, 31, 3]
[-17, -13, -4, 10, -15, -10, -15, -2]
[11, 8, -2, 5, 23, 10, 6, 2]
[6, 6, -1, 15, 20, 17, 1, -1]
[4, 15, 1, -21, -17, -13, -17, -2]
[3, -6, -4, -16, -21, -4, -2, 2]
[1, 3, 8, 13, 32, 10, 9, 10]
[-9, -15, 3, -2, -11, -3, 1, -1]
[1, -8, 0, -2, -22, -1, -3, -1]
[-5, 0, 3, 11, 61, 5, 9, -1]
[-5, 7, -2, -39, -67, -18, -12, -13]
[-10, -14, -4, -6, 24, -2, 0, -8]
[12, 7, 5, 10, 3, 4, -7, 1]
[-2, -11, -4, 7, -6, -1, -5, -15]
[-6, -11, 2, 27, 17, 2, 11, 16]
[-1, 0, 3, -10, 3, 2, 5, 9]
[1, -6, -2, 10, -2, -1, -26, -10]
[5, 9, 5, 3, 12, 6, 30, 12]
[5, -6, -1, 4, 12, -3, -14, -9]
[4, 6, 6, 0, -30, -4, 7, -8]
[-3, 5, -1, -5, 16, -2, -2, 9]
[-3, -4, -9, -9, -11, -5, 3, 4]
[3, 14, 2, 9, 3, 8, 1, -1]
[0, -11, -7, -16, 17, 1, -7, 6]
[4, 15, -4, 4, 21, 4, 3, -7]
[6, 3, 0, -3, -13, -1, -9, -1]
[3, -1, -3, -2, -9, 0, 10, -2]
[4, -3, -2, 23, -3, -5, -5, -5]
[-1, -1, 3, 4, 33, 1, 13, -1]
[-5, -2, -5, -18, -23, -13, -19, -3]
[-5, -3, -1, 10, 40, 6, 4, 4]
[-1, 5, 6, -17, -53, -4, -2, 4]
[-1, 2, 1, 5, 22, 2, -2, 5]
[-4, -6, -2, 4, 1, 2, -5, -6]
[0, -4, 2, -2, 7, -4, -3, -6]
[5, 8, -3, -1, 5, -1, -2, 1]
[4, 1, 2, 1, -7, 3, 10, 2]
[-1, -11, -8, 8, 0, 4, -3, -1]
[-8, -2, -1, -2, -5, -2, -2, -1]
[3, 7, 4, 10, 14, -3, 4, -1]
[-6, -7, 2, -5, -5, -4, -8, -11]
[2, 6, 2, 9, 18, 3, 22, 25]
[5, 13, -4, -7, -44, -13, -2, -9]
[-1, -1, -2, 5, 34, 6, 0, 2]
[-1, -6, -1, -7, -27, 5, -1, -7]
[0, -6, 0, -5, -21, -7, -2, 1]
[-7, -5, -1, -2, 18, 5, 2, 4]
[9, -3, -4, 10, 31, 3, -4, -6]
[4, 3, 2, 11, 5, 3, 11, 12]
[2, 7, 4, -2, 0, 6, -2, -5]
[-1, 3, 1, 0, -14, 0, 20, -3]
[-9, -5, -5, -6, -11, 1, -7, -10]
[-4, -3, -3, 2, 3, 1, 14, 14]
[-2, -7, -3, -9, 21, -9, -12, -11]
[-1, -10, -2, 3, -14, -1, -7, -4]
[-6, -3, -5, -11, -2, 1, -2, -5]
[1, -4, 0, -7, -22, 0, 3, 8]
[4, 7, 1, 4, 36, 6, -4, 1]
[0, -3, -6, -17, -39, -6, -2, -2]
[1, 3, 4, 17, 31, 1, 6, 5]
[-1, 1, 1, 15, 36, 3, -10, -5]
[-3, -3, -7, -6, -64, -3, -1, -6]
[0, -3, 4, 12, 22, -1, -5, -6]
[4, -3, -3, -4, -44, -7, 3, 6]
[1, 2, 1, -8, 15, 0, -2, 0]
[-2, 3, 0, -4, -3, -4, 1, -4]
[3, -1, 4, -2, -5, 2, 4, -2]
[5, 13, 4, 7, -11, -1, -4, -1]
[-1, -7, -4, -7, -2, 0, 0, -5]
[-5, -6, 0, 4, 6, -2, -13, -10]
[-1, -4, -1, -6, 20, 4, 9, 22]
[-5, -9, -2, -4, -4, 2, -4, -3]
[-5, -7, -1, 1, 6, 2, 6, 2]
[3, 10, 4, 7, 27, 2, -6, -4]
[-5, 1, -5, -22, -71, -12, -7, -24]
[4, 2, -6, -1, 26, -6, 3, 7]
[-1, 6, -3, -3, -12, -1, 2, 5]
[-5, -5, -4, 0, 18, 0, 6, 1]
[-1, -7, 1, 4, 33, 5, -2, 0]
[-4, -3, 2, 3, -22, 0, 4, -1]
[-6, 0, -6, -10, -21, -8, -11, -8]
[-2, -1, 1, 2, 2, 3, 5, 6]
[6, 3, -1, 6, 17, 0, -4, -1]
[1, -2, -2, -11, -16, 3, -1, -1]
[0, 1, -1, 4, 13, 1, -3, -4]
[-2, -6, -1, 1, -13, -7, -5, -9]
[0, -3, -3, 2, 2, -2, 1, 8]
[3, -4, 0, -7, -3, -1, 0, 6]
[0, 1, 8, 7, 7, 3, 13, -3]
[-6, 1, 3, -10, -32, 4, 2, -8]
[5, 4, -1, 12, 54, 0, -6, -3]
[0, -4, -1, -8, -39, 0, 2, 19]
[7, 9, 1, 3, 25, 2, -12, -8]
[-3, -2, 0, -7, -14, -9, -10, -4]
[-6, 1, -3, -1, -13, 4, 7, 0]
[-2, 0, 2, 19, 38, 9, -4, -3]
[-4, -5, -5, -17, -28, -13, -7, -6]
[-3, -9, -5, 0, -2, -4, 3, 7]
[-2, -3, 2, -1, -3, -5, -7, -4]
[-1, -1, 1, 1, 20, 2, 9, 3]
[-3, -1, 2, -1, -20, 1, -2, 3]
[3, -1, -2, 11, 22, 2, 4, 1]
[-3, 5, -5, -16, -37, -3, -8, -2]
[-2, 2, 5, 5, 26, 2, 0, -10]
[0, -1, 0, 4, 11, 3, -7, -1]
[3, -2, -2, -10, 1, -1, -3, -2]
[4, 2, -2, 15, 32, 4, 4, 7]
[-2, -1, -1, -10, -7, 0, -10, -8]
[-1, -6, 1, 0, -17, -6, 11, 2]
[-1, -2, -3, -1, -5, -5, -1, -2]
[-4, 2, -5, -6, -18, -2, 0, -3]
[-5, -2, -2, 9, 24, 4, 3, -1]
[0, 2, 0, 8, 24, 0, 0, -6]
[-5, -1, 0, 6, -7, 1, -7, -1]
[2, -1, 1, -4, 6, 1, 3, 1]
[1, 0, -3, -6, -18, -1, -2, 3]
[-1, -1, -2, -6, -14, -2, -6, 3]
[-2, 2, 5, -1, -4, -2, 4, -4]
[0, 2, 2, 4, 8, 3, 2, 18]
[1, 0, -3, -3, -23, -3, 2, 0]
[1, 0, -4, -2, -3, 0, -22, -9]
[3, 2, 1, 3, 14, 0, 3, 1]
[-3, -3, -2, -12, -30, -8, -4, -10]
[3, -1, 2, 0, -10, 1, 5, 1]
[-5, -7, 1, 11, 41, -2, 2, -1]
[-3, 1, 0, -1, 38, -2, -5, 0]
[1, -7, -4, -8, -41, -2, -11, -10]
[-4, -3, 1, 1, -4, -2, 17, 4]
[6, 5, -1, -5, -23, 2, 3, 3]
[1, 2, -1, 8, 3, 0, -1, -5]
[1, 1, 3, 0, 20, 1, 4, 1]
[-2, 0, -5, -1, 6, -3, -8, -15]
[0, -1, -3, 3, 7, 4, 3, 17]
[1, 0, 3, -5, -17, -3, 3, 4]
[-1, 2, 2, 3, 7, 1, -6, -2]
[-1, -3, 0, -6, -11, -2, -7, -5]
[-3, -2, 0, 5, 8, 0, 0, -6]
[-1, -4, -5, -1, -15, 2, 4, -3]
[-3, -2, -2, 3, 29, 1, -9, -5]
[3, 6, -3, -6, -21, -4, -3, -3]
[0, 3, 1, -12, -29, 3, 4, -3]
[-2, 1, 4, -2, -31, -1, 0, 8]
[2, 1, 4, -3, -14, 1, 2, -2]
[1, -3, -2, 7, 49, 9, -1, 1]
[7, 2, -1, -5, -49, -9, -6, -11]
[6, 0, -3, -7, 9, -8, 4, 9]
[-2, -3, 7, 10, 16, 6, 2, 1]
[-4, -5, -2, -5, -13, -2, -5, -2]
[-1, 3, 0, 4, 29, 7, 8, 4]
[-7, -5, -1, 0, -15, -5, -5, -6]
[0, 2, -3, -2, -24, -6, 1, -1]
[2, 8, 0, 7, 14, 3, -1, 2]
[-3, -5, -2, -5, -6, -1, -10, -3]
[-1, 2, -2, 13, 50, 5, 25, 8]
[-3, 0, -5, -17, -37, -6, -22, -9]
[2, 0, -2, -10, -20, -3, 1, 2]
[1, 1, 3, 4, 12, 0, 3, -1]
[2, -4, -1, -7, -19, -3, 2, 8]
[2, 1, 0, 15, 44, 4, -5, -4]
[3, 1, 1, 2, -2, -2, -2, 4]
[1, -3, -4, -9, -12, -1, -6, 2]
[-3, -6, 0, -3, 1, 0, -7, -10]
[-1, -2, 0, 18, 51, 0, 11, -1]
[-1, -1, 2, -10, -36, -2, -1, 1]
[-4, -4, -2, -3, -23, -5, 3, -3]
[-2, 2, 0, 5, 18, 2, -7, -9]
[-1, -7, -3, 1, 0, -3, 3, 6]
[1, 5, 4, 9, 49, 9, -3, 3]
[-7, -3, -6, -10, -44, -3, -4, -2]
[2, -3, -4, -7, -13, 3, -2, -3]
[1, 1, 4, -2, 16, -1, 0, -9]
[-5, -1, 6, 20, 21, -3, 5, 8]
[-2, 1, 3, 7, 32, 5, -8, 3]
[-4, 0, -3, -12, -26, -2, 1, 0]
[-2, 1, -6, 7, 13, 3, 4, 2]
[-2, -4, -5, -4, -16, -5, -5, -6]
[2, 4, 2, 13, 3, -3, 1, 1]
[2, 4, 3, 4, -10, -2, -3, 1]
[-1, -5, -1, -23, -32, -8, -1, -2]
[4, -4, 4, 13, 51, 5, 3, 1]
[-1, -3, -4, -13, -72, -6, 7, 0]
[0, -1, -1, 21, 68, 6, -8, -6]
[-5, 1, -6, -24, -81, -5, 2, -4]
[-1, 2, -3, -10, -12, -3, -3, -3]
[-2, -3, -2, 3, 26, 0, 5, 1]
[-3, -5, -1, -18, -26, -7, -6, -2]
[0, -2, -6, 31, 25, 8, -4, -6]
[4, -3, -2, -35, -37, -2, 1, 17]
[-2, 0, 1, 31, 59, 6, -1, -4]
[-4, -4, 1, 15, -1, -1, -1, -1]
[6, 7, 7, 5, 59, 6, 6, 2]
[0, 0, -9, -30, -100, -9, 2, -3]
[4, 1, 6, -2, 27, 8, 0, 1]
[4, 9, -1, -6, -22, -6, -4, -2]
[-4, -11, -1, -9, -23, -6, -1, -2]
[4, 4, 4, 3, 20, 5, 1, 1]
[0, -1, 3, 16, 29, 3, 1, 3]
[-4, -3, 0, 6, -19, -4, -2, 3]
[-2, -1, -3, -33, 5, 0, 3, 1]
[-2, -1, -3, -24, 15, -6, -3, -8]
[-4, -8, -5, 35, -5, -6, -4, -4]
[0, -2, -6, -14, -8, 6, -1, -2]
[0, 4, 3, 22, 38, 5, 3, 4]
[7, 2, 12, 19, 35, 16, 5, 3]
[9, 4, -7, -68, -22, -10, -2, 3]
[3, -5, 2, 42, 44, 9, -1, -2]
[-24, 5, -10, -29, -119, -24, -7, -9]
[3, 3, -4, 0, 27, 4, -1, -3]
[6, 11, 10, 18, 108, 6, 1, 1]
[2, -8, -2, -31, -128, -15, -3, -1]
[5, 0, -1, -7, 19, 8, 4, 6]
[-7, -5, 10, 82, 35, 24, 2, -9]
[-6, -13, -17, -52, -24, -19, -17, -2]
[1, 1, -2, -16, 35, -5, 6, 0]
[0, -6, 0, 73, 62, 3, -2, -3]
[-9, -5, -7, -23, -31, -7, -4, -8]
[3, 11, 5, 18, -103, -11, 4, 2]
[-7, 7, 10, 7, 93, 21, 1, 3]
[-3, -10, -5, -48, 50, -12, -5, 5]
[9, 1, 2, 42, 89, 17, 4, 0]
[5, 17, -1, -27, -79, -16, -8, -2]
[1, 10, -3, -2, -39, -16, -6, 0]
[17, 12, 8, 25, 40, 6, 5, 0]
[-2, 0, -9, -20, 3, -3, 0, 8]
[-5, -6, -3, -7, -19, 12, 7, 2]
[0, -9, -9, -50, 49, 1, -1, 2]
[-2, -2, 7, 79, 1, 1, -5, -14]
[-1, -4, 4, -29, -115, -33, -2, 7]
[-2, -4, -2, 11, 103, 16, 9, 2]
[0, -2, -8, -53, -31, -5, -4, 1]
[-4, -12, -9, -18, -82, -6, -21, -18]
[0, 0, -1, 20, 43, 11, -3, -14]
[-1, 1, 12, 40, 1, -6, 3, 30]
[-9, -8, -4, 18, -38, -1, 21, -6]
[5, 12, -1, -13, 66, 13, -4, 6]
[3, 7, 11, 33, 67, 1, -5, 2]
[-14, -10, -8, -24, -23, -5, -13, -18]
[6, 2, 6, 52, 31, 0, 1, 5]
[-2, 0, 10, 14, 63, 24, 14, 11]
[6, 2, -1, -14, -24, -9, 0, -1]
[10, 12, 6, -11, 38, 1, -4, -3]
[3, 8, -1, -60, -77, -19, -10, -1]
[3, 4, 3, 84, 95, 15, 20, 7]
[-6, -8, -10, 47, 29, -4, -15, -24]
[-6, -16, -11, -83, 56, -3, 0, 1]
[-4, -7, 2, 1, 33, 22, -4, -4]
[0, -2, -1, -47, -57, -46, -9, 9]
[-5, -4, 3, 66, 59, 18, 12, 1]
[-2, 2, -10, -2, 63, 8, 4, -4]
[-9, 0, 8, 56, 102, 6, -4, -11]
[-4, -6, 1, 17, -119, -21, 1, 10]
[-2, -1, -16, -128, 23, -11, -3, 4]
[-1, -3, 10, 69, -61, 4, -18, -20]
[11, 1, -5, -31, 53, 12, 12, 10]
[-5, -13, -24, -114, -128, -24, -15, -3]
[2, 3, -2, 1, 19, -20, -8, 1]
[3, 4, 16, 85, 49, 30, 19, 10]
[-9, -4, -9, -4, -28, -29, -15, -34]
[1, 2, 8, 23, 62, 15, -5, 8]
[6, 7, 8, -5, 45, 23, 4, -2]
[1, -3, -10, -15, 18, -13, 12, 5]
[-6, 3, 4, 50, 63, 9, -22, -3]
[-6, -8, -4, -79, -92, 6, -7, -4]
[-5, -6, -1, -18, -41, -10, -6, -5]
[6, 4, 14, 96, 52, 25, -5, 12]
[0, 1, -8, -9, -40, -20, -2, 2]
[2, 4, 1, -49, 2, 14, 13, 0]
[1, 7, 10, 23, -39, 28, 7, 9]
[-7, -8, -9, -3, 31, -8, 15, -13]
[3, 0, 4, -6, -59, -1, 2, 4]
[-2, 5, 12, 36, 65, 10, -4, -11]
[12, 1, 10, -38, 38, 50, 17, 4]
[-4, -1, 0, 39, 63, -21, 8, -6]
[-7, -9, -10, -45, -76, -24, -36, -14]
[5, 7, 13, 57, 112, 18, 23, 11]
[-5, 0, -5, -45, -125, -29, -2, 11]
[-8, -4, -16, -94, -116, -42, -16, -7]
[7, 13, 25, 115, 101, 39, 8, 7]
[-4, -2, -15, -32, -20, -20, -20, 8]
[-5, -4, 1, 24, 14, -12, -6, -9]
[3, -1, 5, 22, 36, 21, 6, 11]
[-9, -3, -5, -4, 8, -8, 9, -22]
[-3, -4, -17, -79, -75, -17, -3, -11]
[3, -6, -1, 43, 63, -7, 16, 19]
[-9, -20, -17, -73, -122, -11, -40, 6]
[2, 15, 11, 86, 58, 7, 16, -12]
[7, 3, -12, -68, -4, 7, -2, 0]
[-8, -10, -18, -83, -65, -9, -3, -12]
[-2, 1, 15, 37, -32, -17, -7, -11]
[2, -5, 3, -14, -71, 13, 8, 10]
[-3, 0, 2, 29, 107, 31, 18, -4]
[-8, -4, -20, -33, -128, -44, -42, -18]
[2, -2, 6, 110, -40, -21, 34, 2]
[-6, -19, -27, -128, -37, -16, -24, 34]
[14, 14, 34, 119, -20, 30, 9, -7]
[-10, -11, -17, -68, -16, -5, -8, -12]
[5, 18, 20, -1, -20, 15, -4, -24]
[2, -4, -10, -34, -83, -15, 3, 46]
[-5, -2, 10, 90, -13, -5, 27, -3]
[10, 7, 17, 121, 127, 37, 5, 14]
[3, -2, 2, -71, -40, 17, 5, -2]
[-5, -12, -1, 30, -18, -21, -11, -18]
[3, 2, -5, -74, 109, 25, 4, -3]
[-2, 11, 8, 3, -13, 24, 0, -6]
[-4, -2, -14, -96, -9, 10, -2, 5]
[1, 15, 18, 9, 76, -18, -15, -9]
[-15, -17, -40, -67, -106, -78, -21, -4]
[11, 16, 13, 60, -42, 2, 14, 1]
[-10, -11, -1, 95, 98, 33, -25, -16]
[-17, -20, -41, -120, -114, -39, 19, 1]
[7, -1, -9, -87, 83, 26, 21, 0]
[-3, -8, -10, -73, -101, -82, -8, -18]
[11, 6, 7, -22, 109, 31, 5, 20]
[6, 3, 0, 2, 27, 11, 12, 7]
[-2, -13, -12, 15, 0, -55, -13, -4]
[-7, -6, -2, 27, 55, 27, 24, 36]
[2, -2, 9, -13, 101, 41, 20, -19]
[-7, -1, -9, -22, 90, 13, -1, -51]
[-10, -1, 11, 23, -56, -9, -30, -20]
