[15, 13, -1, -34, 39, 13, -12, 3]
[2, 16, 24, 9, -128, -41, 4, 20]
[1, 1, 11, 58, -22, 39, -2, -12]
[1, -4, 1, 15, -59, -5, 6, 22]
[-8, -14, -2, 25, 39, 18, 2, 1]
[11, 7, -2, 6, 98, 35, 8, 28]
[-2, -1, -4, 19, -4, -1, 14, 5]
[-18, -14, -38, 9, -77, -49, -27, -31]
[1, -4, 27, -30, -53, -39, -13, 12]
[0, 2, -7, -22, 74, -5, 17, -5]
[14, 14, 24, 86, 108, 17, 17, 0]
[0, -2, -9, -6, -73, -10, 15, 0]
[12, 15, -10, -49, 65, 18, -10, 29]
[-22, -18, -27, -70, -128, -17, -10, -2]
[8, -4, -21, -128, -35, -25, -10, 49]
[9, 8, 15, 41, 29, 33, 12, 18]
[-4, 3, 17, 106, -19, -7, -1, -19]
[8, 5, 6, 31, 10, -26, -18, 1]
[-16, -10, -17, -44, -40, 8, -14, -25]
[0, -10, -4, 14, 62, 3, -7, 2]
[1, 11, 23, -12, 105, 42, 8, 9]
[6, -1, -8, -4, 36, 20, -4, -3]
[2, -3, -5, 47, -50, -27, -4, 5]
[6, 12, 21, 41, 127, 15, 5, 11]
[-1, -2, -5, -102, -92, 34, 33, -1]
[-1, 1, 4, 90, 91, 6, -7, -2]
[1, -4, -22, -106, -5, -8, -3, -3]
[2, 10, 31, 50, -56, -13, -10, -7]
[4, 6, -7, -45, 58, 5, 28, -20]
[-5, -2, 1, 3, 51, -34, -31, 25]
[9, 17, 22, -7, 92, 48, 30, 9]
[-11, -2, 3, 25, 72, -15, -5, -8]
[-5, -15, -24, 6, 30, -24, 0, -1]
[-3, 0, 16, 29, -57, 18, 6, -15]
[-7, -6, -12, -11, 12, -30, -3, -21]
[-5, -2, -26, -127, -66, -37, -17, 6]
[1, -4, -10, 60, 60, 12, -12, -9]
[-1, -2, -13, -81, -81, -41, 3, -9]
[-1, -1, 8, 56, -21, -20, -21, -14]
[9, 0, -4, -75, 46, 29, 16, 17]
[0, -10, 5, 88, -1, 0, -16, 5]
[-4, -5, -19, -52, -82, -3, -3, -4]
[0, 4, 14, 18, 27, 25, 16, 7]
[4, 9, 17, -40, -74, -33, -7, -13]
[-7, 12, 17, 49, 53, 39, 16, 0]
[5, -1, -10, 89, 72, 40, 5, 7]
[-11, -7, 5, -41, -71, -19, 2, -4]
[4, -1, 2, 49, 81, 4, -2, 4]
[-6, -7, -17, -64, 15, -19, -20, -34]
[1, 0, 0, -29, 11, 32, 0, 13]
[0, -4, 2, 103, 73, -15, -26, -31]
[15, 11, 14, 60, -45, 22, 49, 58]
[-10, -20, -36, -22, -56, -42, -11, -3]
[10, 14, 24, 58, 78, 38, 15, 3]
[-12, -10, -15, -97, -75, -35, -21, -13]
[-6, -7, -9, 38, 109, 9, -8, -18]
[4, -2, 9, -47, -69, 15, -8, -10]
[-3, 3, -7, -87, -87, -18, 5, -4]
[3, 3, -1, 17, -26, -2, 0, 19]
[0, 2, 5, 16, 20, 4, -13, -11]
[-1, 2, 10, 65, 87, 25, 5, 12]
[-8, 0, -5, 46, -12, 0, -3, -11]
[5, -14, -13, 8, 3, -17, 6, 4]
[1, 14, 15, -21, 13, -4, -14, -17]
[7, 5, -4, 9, 55, 16, -11, 3]
[-4, -11, -6, -80, -48, -7, 8, 2]
[5, 3, 10, -16, -21, -1, 9, 11]
[-1, -7, 4, 127, 114, 24, 30, -2]
[-6, -5, 5, -54, -62, -25, -54, 10]
[1, -6, -10, -17, 47, -7, -4, -9]
[8, 14, 15, 25, 44, -7, 2, 10]
[-5, -11, -21, -26, -20, 2, 4, 20]
[7, 8, 10, 11, -25, -4, 29, 7]
[-11, -11, -17, -14, 12, -8, -2, 3]
[1, 15, 28, 93, 127, 43, 5, -14]
[-13, -23, -40, -119, -128, -38, -19, -11]
[4, 3, -20, -88, -73, -33, 7, 15]
[-3, -2, -2, 11, -53, -9, -13, -18]
[-6, -7, 0, -5, -18, 1, 4, 6]
[1, 5, 7, -1, 26, 8, -13, -10]
[0, 2, 16, 21, 7, 2, 11, 1]
[3, 1, 2, -8, 17, 0, 3, 1]
[-4, -5, -14, -19, -111, -17, -8, 2]
[3, 8, 6, -66, 0, -12, -4, -5]
[-3, -3, 10, 94, -3, 23, 5, -5]
[7, 7, 4, -7, -15, -27, 4, 7]
[-6, -8, -15, -18, -3, 4, -5, 2]
[6, -2, 3, -3, -49, 12, -6, -12]
[-4, -8, -6, -99, -69, -7, -5, -13]
[8, -3, -2, -41, -27, -8, 0, 21]
[-4, -1, 2, 30, 74, 18, 3, -8]
[-7, -6, -19, -39, -1, -20, -20, -13]
[-1, 4, 2, 39, 41, 11, -5, 6]
[-4, 1, 4, 3, -22, -19, -7, -13]
[7, 0, -5, -16, 8, -2, -3, 2]
[0, 3, 16, 63, 58, 23, 7, 3]
[1, -8, -9, 10, -3, 0, -2, -2]
[0, 4, 9, -14, -47, 4, 0, -1]
[6, 8, 8, 28, 30, 4, 9, 11]
[-5, -2, 6, -9, 29, 6, 2, -11]
[-9, -2, -9, -45, -20, -16, 5, 5]
[1, 0, 0, 6, 28, 8, 2, 0]
[3, 6, 3, -20, -3, -11, -1, 7]
[-2, -2, -6, -14, -70, -1, -5, 0]
[1, -10, -10, 17, 39, 5, 7, -2]
[-1, 3, 3, 2, 24, 18, 8, -8]
[1, 0, 4, -2, -20, 0, -9, -7]
[-11, -17, -2, 20, -3, -2, -3, -4]
[20, 24, 14, 41, 31, 0, 5, 4]
[-18, -6, -8, 20, 77, 4, 13, 16]
[-3, -13, -2, -20, -60, -2, 0, 1]
[-3, 22, 2, -19, -8, -9, -1, -8]
[7, -15, 0, 41, -10, -3, -1, 0]
[11, 1, 3, -2, 15, -1, -2, -5]
[-3, -12, -6, -10, -2, -3, -12, -6]
[4, 1, 6, 26, 19, 21, 3, 7]
[-24, -5, -8, -14, -9, 0, -3, -5]
[-8, -2, -3, -20, -22, -26, -7, -6]
[-6, -19, 6, 32, 25, 0, 5, 6]
[15, 21, 9, 1, -32, 2, -2, 3]
[0, 3, 0, 0, 22, -4, 1, 21]
[-5, -12, -8, 15, 28, -7, -2, -6]
[-4, 4, -6, -24, -44, -7, -1, -12]
[-1, 0, 2, 7, -1, -1, -1, -8]
[-7, -13, -7, -16, -9, -4, 7, -11]
[17, 50, 13, 27, -13, -3, -1, 6]
[6, 8, -6, -24, 17, 10, 4, 9]
[-2, -3, -2, -23, -2, 7, 1, -12]
[-7, -13, -4, 24, 43, 2, 3, 4]
[-10, -15, -1, 6, -26, -22, -19, -18]
[16, 24, 9, 2, 3, 19, 20, 20]
[-5, -13, -6, 12, -8, 8, -8, -3]
[4, 17, -3, -28, -10, -12, 5, 9]
[-8, -21, -4, -17, -17, 4, 1, -8]
[6, 19, 9, 30, 12, -1, -17, -8]
[-11, -17, -9, -29, -8, 9, 11, 12]
[9, 2, 1, 10, -22, -4, 2, -3]
[-2, -8, -3, -5, 17, 0, -1, 2]
[-4, -9, -3, -12, -12, 1, 6, 4]
[-3, -8, 1, 15, -7, 4, -23, -16]
[15, 19, 8, 12, -2, -5, 0, 10]
[7, 9, 2, 3, -10, -3, 7, 3]
[-3, -6, -4, 6, 45, 5, -9, -4]
[7, 6, 4, -1, -23, -1, 2, 4]
[-5, 0, 0, 16, 38, -5, 1, -10]
[-3, -10, -8, -43, -53, -16, -9, -5]
[-4, -1, -1, -1, -5, -2, -4, 9]
[1, 8, 3, 31, 58, 10, 6, 3]
[-8, -4, -4, -28, -96, -9, -2, -8]
[1, -1, -3, -15, 17, 2, 9, -5]
[-9, -9, 7, 33, 1, 11, -5, -2]
[-1, -3, 2, 7, 8, -1, -11, 3]
[-6, -11, 5, 4, 7, -2, 5, -3]
[-1, 2, 1, 2, 8, -10, -9, -7]
[-6, 0, 3, -6, -19, 1, 6, -3]
[-10, -7, -7, -22, -18, 0, 6, 2]
[5, -5, -2, -4, 4, -6, -1, -17]
[0, -7, -3, 2, -5, 0, 3, 23]
[-5, 2, -3, -9, 3, 1, -7, -4]
[10, 0, -1, 4, -3, 6, 13, 8]
[-14, 1, -1, -3, 5, -3, -5, -7]
[4, 3, 2, -2, 23, 6, -2, -6]
[7, -2, -4, -6, -2, -4, -11, -7]
[-17, 3, 5, 13, 24, 3, 7, -4]
[26, 3, -1, -16, -58, -11, 0, -2]
[7, -4, 1, 8, 34, 11, 3, 15]
[-6, 0, -6, -14, -50, -6, -8, 2]
[5, 6, -1, -3, -9, 2, -12, 4]
[-8, -5, -2, 10, 38, 8, 14, -6]
[-6, -3, 2, 6, -10, 5, 2, -3]
[-1, 0, -2, -20, -12, 1, 16, -1]
[-4, -3, 0, -15, 6, -1, -8, -3]
[-7, -10, -4, -7, 7, 2, -4, 4]
[-2, -6, -5, 7, 8, -3, -5, -6]
[-4, -4, -6, 1, -5, 1, 12, -1]
[0, -6, 1, 1, -28, -6, 6, -9]
[0, 5, 4, 16, 21, 3, 0, 16]
[2, 4, 1, -21, -18, -2, -5, -13]
[0, 8, 0, 11, 15, -2, 13, 1]
[13, 4, -3, 1, 4, 2, 6, 15]
[6, 4, -1, -3, 11, -2, -6, -4]
[-1, 3, -3, 3, -20, -8, -14, -3]
[2, 0, -1, 16, 41, 3, -1, 0]
[3, 5, 0, -18, -66, -10, -2, 1]
[-6, -4, 0, 7, -4, -5, 2, -3]
[0, 0, -3, -26, -38, -5, 1, -11]
[1, 3, 5, -1, -13, -1, -4, 4]
[1, -5, 1, 11, 22, -1, -1, 3]
[-2, -3, -1, -11, -9, 3, -4, -1]
[-1, -1, 0, 9, 12, 2, 5, 3]
[2, -4, 3, 14, 42, 2, -3, -1]
[-1, 3, 2, -1, -7, 3, 2, -1]
[1, 6, 5, -2, 2, -2, -4, 0]
[1, 0, -3, 11, 11, 1, 0, 2]
[-3, -1, 4, -1, -12, -2, 11, -1]
[-1, -3, -2, -13, -7, -2, -4, -5]
[-3, -2, -4, 7, 2, 2, -3, -2]
[-2, 2, -3, -2, 6, 0, 0, 0]
[-3, 1, -8, -7, 15, -2, -2, 3]
[-1, 2, 1, 21, 15, -1, 6, 11]
[-3, 3, -7, -38, -87, -13, -7, -3]
[-2, -2, 7, 22, 37, 2, 2, -1]
[-2, -8, -4, -20, -51, -4, -9, -15]
[3, -7, -3, -5, 7, 3, 2, 2]
[3, 1, 2, 12, 53, 4, 2, -1]
[2, -2, 1, 4, 2, -5, -5, 0]
[0, 0, 2, -2, 3, -7, -3, 3]
[-5, -3, 2, 4, 0, 5, -3, -15]
[-1, 2, 2, 2, -4, 3, -5, 2]
[2, 0, 0, 0, -2, 2, 6, 1]
[-1, -3, -6, -8, -1, 3, -6, -2]
[3, -1, -7, -3, -4, -5, 6, 8]
[-2, 0, -2, 15, 23, 4, -1, 0]
[-7, 1, 3, 0, -5, -2, -4, -2]
[1, 1, 0, 0, -7, -4, -4, -5]
[1, 3, 3, -8, -3, -1, -1, 0]
[-2, 0, -1, -2, 27, 2, 3, -3]
[-1, -4, -8, -23, -37, -5, -1, -3]
[-2, -2, 1, -2, -19, -6, -4, 3]
[-4, -2, 6, 9, 8, 3, -3, -1]
[3, 0, 1, 18, 48, 4, -2, -2]
[-2, -1, 1, 2, -26, 1, -4, 3]
[-3, -1, -8, -10, -25, -8, -8, -12]
[-2, 0, -6, -5, 0, -1, 2, 5]
[-1, -3, 0, -1, 5, -4, 2, 0]
[1, -4, 0, 6, 7, 2, 2, -1]
[2, -2, 4, 11, 9, 2, -2, 1]
[4, -1, -1, -7, -27, 4, 3, 2]
[-3, 0, 0, -7, -4, 0, -12, -8]
[0, 3, 0, 0, 8, -3, 3, 7]
[-2, 0, 2, 15, 15, 1, 1, 1]
[-5, -2, -4, -11, 4, -5, -1, -3]
[0, -5, 0, -5, -13, -1, 1, 3]
[-1, -2, -8, -5, 13, 3, 0, -4]
[-3, 0, 3, 4, -19, -1, -3, -2]
[-1, 0, -4, 15, 28, -1, -1, 0]
[0, 1, -4, -4, 2, 0, 3, 0]
[-4, 1, 1, -2, -14, -1, -2, -21]
[5, -3, 1, 5, 36, 4, 11, 31]
[1, -2, 0, -13, -29, -3, -2, -2]
[1, 1, 0, 4, 29, 4, 1, 1]
[-4, 0, 2, -3, -39, -4, 1, -1]
[1, 2, 0, -4, 17, 2, -3, -4]
[0, 3, 2, 5, -12, 1, -2, 1]
[1, -2, -6, -15, -34, -3, -5, 4]
[-2, 0, -1, 3, 28, 3, -3, -1]
[-5, -2, 0, -2, -5, -3, -15, -8]
[1, -1, 1, 2, 11, 1, 10, -3]
[-2, 3, 0, 1, -5, 2, 1, -6]
[1, 1, 0, 0, 21, -2, 0, -1]
[1, -1, -4, -13, -23, -4, -1, -2]
[2, -2, -1, 6, 39, 4, -2, -3]
[1, -1, -1, -3, -35, -6, 3, 6]
[1, -1, -1, 1, 7, 1, -1, 0]
[-1, 0, -1, 2, 4, -1, 0, -4]
[-2, -5, 3, 0, -6, 1, -2, 4]
[-3, -3, 0, -6, 6, -3, 5, 3]
[-2, -2, 9, 12, 44, 2, 0, 3]
[1, 1, 1, -2, -16, 0, 5, -2]
[-1, 1, -2, 1, 4, 1, -3, -4]
[-4, 3, -3, 0, -10, -1, -1, -1]
[-2, 1, -6, -1, 13, -1, 1, 1]
[-1, -1, 1, 4, 19, 3, 2, 0]
[3, -1, -1, 4, -3, 2, 2, 1]
[1, -3, 4, 6, 8, 4, 1, -1]
[2, 2, 5, -9, -5, -1, 3, 1]
[-4, -1, 2, 10, 19, -3, 1, -6]
[-4, -2, -3, -6, -17, -5, -4, -2]
[-1, -1, 0, -1, -20, -1, 3, -5]
[2, -3, -5, -6, 7, -6, -4, -2]
[2, -3, 0, -3, -4, 1, -6, -1]
[1, 2, -2, -6, -16, 0, -5, -1]
[-2, -1, 0, 6, 13, 3, 1, 3]
[2, 3, -1, -2, -11, -5, -1, -6]
[-1, 1, 0, 9, 24, 3, 7, 10]
[-1, -3, -3, -1, 14, -4, -2, -7]
[-3, 1, 5, -7, -17, -4, -2, -1]
[-8, -4, -4, 1, -17, -5, -2, 2]
[-1, 4, -1, 3, 20, 2, -1, -6]
[-1, -1, -4, -5, -33, -3, -2, 5]
[2, -4, -7, -3, -12, 0, -1, -1]
[5, -1, 4, 1, 3, -1, 0, -2]
[5, -1, 1, 1, 6, 4, 1, -5]
[2, 0, 4, 3, 13, 3, 1, 1]
[-6, -3, 0, 1, -12, -2, -2, -2]
[-4, -2, -1, 1, -9, -3, 0, 2]
[-1, -3, -2, -11, -21, -1, -1, -1]
[2, 0, 0, -10, 11, -7, 0, 2]
[3, -3, -2, 2, 4, 1, 1, 2]
[-4, -4, -4, 2, 25, 2, -12, -5]
[-2, -1, -7, -10, -65, -7, 2, -1]
[-2, 3, -1, -6, -32, -3, 0, -2]
[-1, 1, -3, 15, 46, 2, 0, -5]
[-4, -3, -5, -8, -17, -5, 2, 4]
[-7, -3, -9, -6, 8, 0, -4, -1]
[-1, -3, 5, 1, 8, 5, -4, -1]
[4, 1, 2, -5, -14, 2, -2, -1]
[4, 4, 3, 2, -1, 2, 1, 1]
[1, 2, 2, -1, 9, 1, -1, 1]
[0, 0, 1, 0, -9, -1, 2, 1]
[-4, -5, -1, -5, 9, -1, -5, -2]
[1, -3, 1, 3, 2, -3, -2, 2]
[-2, -4, -5, -2, -11, -4, 1, 1]
[-2, -1, -1, 12, 29, 1, 0, -6]
[3, 5, 0, -2, 7, -2, -1, 3]
[-5, 0, 2, 2, -24, 3, 19, 2]
[-1, -5, 0, -7, 18, -2, -7, -3]
[1, -1, -2, -6, -18, -2, 4, -3]
[0, 0, -3, -6, -20, -6, -3, -3]
[1, -1, -8, -10, -24, -2, -2, -2]
[0, 5, -1, -2, 15, 1, -2, -6]
[-2, -4, 1, 16, 46, 10, 3, 13]
[-5, -1, 0, -5, -5, -4, 4, 8]
[0, -2, -2, -2, 8, -4, -25, -11]
[5, 4, 3, 11, 6, 4, 6, 4]
[-2, 0, -11, -23, -50, -8, -9, -5]
[0, 0, 7, -3, -44, 0, -3, -2]
[-5, -2, -1, 3, 4, -1, 5, 3]
[1, -2, 2, 2, 2, -2, 1, -3]
[3, 2, 4, 2, 13, -1, -2, -1]
[1, -1, 3, 4, 10, 3, 3, 1]
[-3, 0, -4, -2, 5, -3, 4, -2]
[-1, 0, -3, 3, 9, 2, -1, 1]
[-1, 6, 1, 15, 38, 3, 5, 4]
[-2, -1, -11, -25, -76, -5, -7, -3]
[-2, -3, 2, 29, 63, 5, -4, 0]
[-4, -4, -3, 0, -4, -2, -15, -6]
[-3, -4, -3, -5, -21, -4, 28, -3]
[3, -5, 2, 1, 26, 2, -7, 6]
[-1, -4, 3, -8, 12, 4, 1, 0]
[-3, -1, 2, -19, -79, -13, -5, 1]
[1, -3, 0, 26, 34, 8, -7, -7]
[5, 2, -8, -8, 26, 1, 3, -1]
[-1, 2, 5, 6, 24, -3, 8, 3]
[-4, -7, -7, -6, -26, -7, 1, -2]
[-1, 3, 1, -4, -14, 2, -6, 3]
[0, 3, 0, 10, 17, 2, 2, 1]
[1, -6, -7, -42, -66, -13, -9, -5]
[-3, 5, 1, 9, 7, 0, 4, -3]
[6, 0, 5, 20, 10, 6, -3, -1]
[4, -10, 0, 8, 19, 3, 2, -4]
[2, 22, 2, -3, -26, 2, 5, 1]
[1, -4, -1, -5, 54, 2, 2, 1]
[-3, 5, 1, -5, -13, -3, -3, 0]
[-8, -2, 7, 30, 69, 5, 1, 0]
[-5, -11, -1, 14, -43, -11, -6, -1]
[-7, -8, -9, -22, -44, -7, -1, 0]
[-1, -5, 0, -32, -32, -1, -5, -1]
[0, -4, 1, 47, 46, 1, 3, -4]
[0, 3, 1, -20, -12, -2, 4, 2]
[3, 5, 8, 22, 101, 14, 2, 5]
[-1, -2, -13, -24, -12, -8, -4, -5]
[-1, 4, -2, -4, -20, 1, 3, 0]
[-4, -6, -4, 5, 14, -10, -7, -6]
[6, 2, 8, 22, 87, 17, 5, 8]
[11, -7, -14, -77, -84, -24, -9, 2]
[-2, 7, 3, 22, 64, 2, -2, 1]
[-4, 2, 1, 14, 24, 4, 0, -6]
[1, 1, -2, -27, -13, -6, 4, 7]
[2, 11, 13, 66, 74, 19, 6, 0]
[-4, -10, -6, -3, -98, -18, -5, -4]
[3, -5, -3, 8, 23, 9, 4, 2]
[-5, -3, -1, -26, -27, -1, -1, -5]
[-2, -8, -10, -61, -70, -10, -1, 2]
[-3, -1, -1, 12, 73, 9, 0, 2]
[0, 3, 8, 34, -49, 1, 1, -2]
[-2, -4, -5, -52, -32, -13, -9, -6]
[-2, -6, 3, 71, 61, 11, 0, 3]
[-3, -8, -4, -78, -27, -8, -3, -5]
[-17, -26, -15, 47, -31, -8, -10, -12]
[42, 67, 16, 2, -29, 2, 6, 10]
[2, 8, 4, -7, 34, 4, 2, -1]
[4, 7, 3, 10, 76, 5, 3, 8]
[-20, -17, -4, -23, -32, 6, 3, -1]
[4, -12, -10, 27, -6, -10, -10, -13]
[-1, 4, 0, -12, 49, -1, 0, 13]
[-2, -6, 10, 58, 12, 6, 1, 0]
[9, 5, -2, -44, 32, 6, 3, 7]
[-10, -17, -1, 7, 17, 4, 2, -4]
[-2, -1, 3, 8, -8, 1, -4, -6]
[-1, 7, 1, 1, 4, 13, 2, 0]
[7, 9, 9, 34, 51, -1, 1, 4]
[-3, 0, -5, -62, -111, -29, -7, -3]
[-6, -11, -4, 28, 127, 8, -3, -14]
[-1, 6, -8, -87, -21, -5, 6, 8]
[8, -4, 0, -21, 34, -3, -10, 4]
[-5, -9, -7, 22, -62, -24, 0, -10]
[9, 4, 9, 32, 21, 6, 15, 27]
[-34, -38, -7, 10, 34, -7, -8, -19]
[49, 71, 8, -25, 49, 6, 11, 13]
[-7, -6, 11, 55, 86, 20, -8, -4]
[5, 4, 3, 59, 63, 10, 0, -8]
[8, 8, -17, -87, -116, -12, -3, 5]
[-20, -40, -10, 61, -84, -12, -3, -5]
[2, 0, 6, -18, 17, 14, 11, 6]
[-2, 13, 11, 22, 65, 7, 4, -2]
[0, -5, 8, 41, 16, 41, -1, 4]
[-9, -2, -6, -24, 127, -22, -7, -6]
[-6, -1, -7, 38, 64, 4, -8, -1]
[-5, -10, -9, -71, -85, -24, -5, -6]
[6, 5, 9, 43, -57, -8, 9, -2]
[4, 6, 4, -22, 83, 22, 8, 6]
[-8, -14, 25, 76, 124, 36, 2, -7]
[-11, -17, -23, -102, -94, -26, 9, -2]
[21, 31, 22, 87, 110, 25, 43, 3]
[-33, -12, -3, 5, -60, -10, -47, 7]
[0, -38, -23, 13, -113, -34, -7, 18]
[9, 20, -8, -58, -72, -13, -15, -8]
[2, 11, 7, 58, 44, 22, 12, 2]
[5, 10, 9, -27, -66, -15, 17, -8]
[-19, -22, -14, -121, 27, 18, -2, -13]
[-2, -4, 8, 66, -11, 0, -3, 6]
[0, -2, -28, -77, -82, -60, -24, -10]
[-6, -8, 11, 29, -49, 4, 4, -5]
[2, 1, 2, 53, 93, 13, 2, -2]
[-1, 3, -3, -19, 33, 11, -5, 4]
[2, 4, 5, -92, -101, -14, -6, -7]
[-5, -12, -1, 19, -28, -3, 3, 2]
[8, 11, -3, -65, -16, 4, 26, 7]
[-20, -6, -13, -10, 10, -15, -58, -50]
[-3, -22, -6, -5, 37, -3, 24, 41]
[7, 33, 1, -19, -18, -7, -17, 6]
[-7, -1, 0, 80, 127, 33, 1, -39]
[14, -12, -7, -69, 1, -8, 1, 6]
[0, -1, 16, 73, 90, 4, -26, -20]
[2, -1, -24, -80, -65, -37, 2, -13]
[-2, 6, 10, 52, 104, 5, 8, 30]
[-3, 0, 30, 104, 98, 55, 23, 6]
[-1, 1, -26, -118, -97, -50, -13, 4]
[-1, -10, -3, 28, 76, 35, 14, -5]
[4, 13, 13, 50, 31, 20, -5, -2]
[-13, -17, -20, -80, -79, -53, -7, -1]
[6, 12, 9, 55, 86, 8, -14, -7]
[-4, -6, 2, 60, 94, 29, 6, 1]
[-1, -2, -11, 0, 21, -33, -25, -8]
[11, 1, -12, -71, 35, 24, 11, 12]
[-12, -6, 13, 92, -62, -40, 12, 5]
[-6, -14, -21, -90, -96, -15, -55, -65]
[21, 23, 17, -30, -67, -1, 25, 75]
[-7, 4, -1, 98, -77, -15, 1, -5]
[5, 6, 13, 23, -51, -2, -9, -10]
[15, -3, 11, 5, 127, 56, 22, 75]
[-25, -15, -28, -128, -128, -56, -22, -98]
[2, 7, 15, 4, 82, 36, 1, 11]
[-11, -1, -5, 16, 101, 21, -5, -23]
[-2, -7, -13, -49, -72, -33, 13, 14]
[-10, -25, -5, 44, -82, -13, 7, 9]
[0, 2, -20, -102, -73, -46, -45, -9]
[3, 10, -1, 4, 80, 55, 15, -12]
[2, 3, -3, 47, 82, -21, 4, -1]
[-17, -20, -8, -65, -51, -12, -3, -7]
[16, 34, 13, 62, 21, -12, -5, 18]
[9, 4, 12, 6, 98, 36, 2, 20]
[-3, -7, -5, -58, 14, -33, -14, -5]
[-5, -2, -22, -8, 22, -6, 10, -11]
[6, 1, 32, 110, 1, 24, 24, -13]
[-5, -15, -23, -99, -59, 11, -20, -10]
[-7, -2, -14, -79, -79, -43, -3, -7]
[9, 8, 1, 11, 127, 21, 13, 18]
[-15, -24, -13, 38, -22, -11, 14, -6]
[11, -6, -19, -4, 1, -10, -14, 25]
[4, 21, 6, -12, -13, 22, -28, -22]
[1, -1, 7, 106, 61, 25, 4, -34]
[0, 10, 14, 9, -31, 20, 15, 13]
[-7, -16, -14, -60, -33, -3, -24, -9]
[-18, -18, -1, 21, -16, -27, -1, -8]
[21, 20, 23, -18, 60, 41, -5, 26]
[9, 11, 5, 52, 127, 0, 26, 6]
[-14, -12, -10, 24, -73, -19, 5, -19]
[15, 15, 11, -18, -48, -19, 24, 19]
[-4, 4, 2, 110, -118, -37, -1, 13]
[2, -13, 10, 59, 19, -2, 4, -5]
[4, 7, -11, -86, -102, 7, 17, 31]
[-1, 15, 20, 66, 63, 22, 7, -15]
[0, -2, 5, 11, -4, 10, -1, -6]
[12, 11, -2, -87, -6, 72, 9, 12]
[-6, -5, -20, -58, -40, -42, -17, -10]
[-2, -15, -18, -65, -95, -8, -13, -14]
