[-11, -8, -14, -34, 37, -9, -7, -5]
[5, 13, 16, 42, 67, -1, 0, 17]
[-3, -5, -11, 43, -54, -14, 5, 3]
[1, 9, 30, 121, 127, 49, 42, -5]
[-10, -6, -22, -82, -128, -41, -29, -3]
[-6, -10, -12, 86, 4, -19, -6, 0]
[-5, 8, 10, -95, -12, 3, -20, -31]
[1, -17, -31, -57, -40, -19, 13, 39]
[-5, -8, -41, -36, -48, -27, 2, -16]
[1, 0, 33, -66, 96, 1, 8, -8]
[10, 15, 54, 127, 127, 53, 23, 16]
[-12, -13, -20, -60, -106, -29, -16, -7]
[12, 8, -5, -95, -32, -50, -18, 2]
[-10, -9, -18, -42, 20, 25, -6, -5]
[-2, -2, 5, 68, 59, -3, -9, -17]
[5, 0, 11, 81, 37, 23, -5, 5]
[-1, 3, 8, 21, 108, 19, 43, 12]
[-15, -7, -10, -25, -69, -25, -29, -8]
[23, 14, 8, 29, 41, 19, 13, 24]
[-19, -11, -3, 14, -27, -12, -1, -25]
[12, -1, 6, 40, 17, -21, -1, -5]
[9, 0, -10, -77, -55, 12, 6, 44]
[-9, -2, -14, -14, -61, -2, -3, -25]
[-1, -3, -15, 7, -14, -4, -2, -5]
[3, 9, 20, -20, -106, -15, -16, -2]
[-5, 2, 14, -14, 75, 26, -2, -26]
[-4, -14, -25, -58, -26, -8, 0, 13]
[5, 3, -2, -51, -27, -16, -1, -3]
[2, 8, 17, 37, 22, 19, 10, 10]
[3, 1, -3, 12, 34, 1, -2, -6]
[-2, 0, 10, -34, 83, 2, 10, 6]
[-2, -3, 11, 79, 54, 9, -17, -18]
[-3, 10, -3, -78, 36, 12, 1, 10]
[-7, -11, -16, 20, -110, -18, 2, -5]
[-5, 7, 9, 32, 51, 11, -12, 1]
[15, 14, 13, 33, 127, 38, 5, 15]
[-12, -10, -3, 60, 54, -14, 7, -20]
[10, 7, -4, -33, 28, 17, -4, 12]
[-6, -7, -21, -83, -128, -38, 25, 8]
[-2, -7, -8, -22, 14, -9, -11, -5]
[-3, 0, 9, 61, 11, -25, -14, -7]
[1, -4, -1, -16, 27, 21, 9, 3]
[-4, -23, -22, -21, -50, 10, -23, -1]
[5, 9, 4, -70, -46, -7, 6, -3]
[2, 2, 6, 18, 35, 14, -7, 6]
[-3, 2, 0, -4, -50, -12, 4, -4]
[3, 5, 8, 36, 32, 14, 0, 1]
[2, 8, 15, 101, 73, 8, 0, -5]
[-3, 2, 1, 15, 80, 21, -7, -6]
[-2, -5, -9, -2, -38, -11, 6, 3]
[3, 2, 5, 6, 47, 22, 14, 4]
[-6, -3, -2, -2, 32, 9, -6, 2]
[11, 16, 7, -9, -27, -8, -10, 0]
[-13, -9, -3, 28, -13, -6, 1, 5]
[-4, -9, 4, 0, 42, 12, 4, -3]
[3, 4, -13, -57, -41, -19, 10, 7]
[7, 9, 11, 54, -115, -32, -18, -3]
[5, 4, 5, 26, 52, 3, -4, -6]
[-4, 0, 6, 15, 33, -5, -1, -5]
[1, -9, 0, 23, 44, -5, -2, 1]
[-2, -7, -3, -16, 6, 7, 3, 9]
[-9, 7, -4, -8, 8, 0, -8, -4]
[1, 2, 8, 25, -28, -6, -1, 3]
[-1, 2, 3, -15, 33, 3, 2, -3]
[-2, -3, -13, -56, -63, -22, -1, 1]
[-1, -16, -5, -16, -44, -7, -1, -4]
[-11, -10, -4, 0, 28, 5, -7, 4]
[-5, 12, 3, -14, -47, -11, -18, -3]
[3, 10, 1, -13, 13, 11, 6, 9]
[-3, 1, -10, 4, -6, 3, -14, -11]
[10, 5, 9, 12, -40, -11, -8, 0]
[-16, -20, 3, 16, 2, 8, 8, 0]
[0, -9, -7, -18, -2, 4, -3, -1]
[15, 16, 1, 9, -28, -6, 0, -4]
[3, 1, -6, -15, 30, 1, 4, -3]
[1, 1, 9, 6, 37, -2, 4, -3]
[-14, -15, -2, -14, -55, -5, -8, -11]
[-7, -4, -5, -5, -28, -21, 10, -6]
[12, 10, -1, -18, -64, -10, -1, 7]
[-6, -5, -5, -25, -27, 5, 1, 2]
[17, 2, -1, -5, 34, 11, -8, 2]
[11, 1, 7, 33, 25, 6, -1, 0]
[-8, 14, 2, 10, 0, -9, -4, 7]
[-1, -2, -1, 14, -13, -1, 18, 12]
[-14, -28, 1, 12, 24, 9, 4, -2]
[6, 8, -2, -4, -11, -14, 2, -14]
[18, 15, 3, 7, 28, -12, 4, 0]
[4, 15, 3, 4, -7, 0, 4, 0]
[9, 26, 4, -3, 12, 12, 10, 10]
[2, -14, -5, -7, -1, -9, 7, 4]
[-8, -9, -3, 17, 23, 1, -13, -9]
[12, 3, 2, 28, 39, 11, -5, 1]
[-7, -8, -8, -50, -73, 9, -5, 3]
[-7, -1, 9, 31, 53, 10, 1, 0]
[-4, -7, -1, -23, -68, -13, -4, -16]
[-9, -4, -1, 20, -15, 3, -5, 13]
[-5, -8, -4, 15, 54, 17, 3, 5]
[-4, -4, 0, -3, -8, -4, -1, 7]
[-6, -3, -1, -1, 4, -8, 14, 2]
[5, 6, 1, -17, -19, 5, -1, -12]
[2, 0, -2, -8, -18, -1, -4, 1]
[-6, -8, -1, 22, 7, -3, 0, -2]
[2, 3, -2, 15, 19, -6, 3, 5]
[-8, -5, 6, 0, -16, -3, -5, -5]
[-2, 2, 1, 7, 38, 9, 14, 2]
[5, 3, -2, -18, -25, -5, -2, 5]
[12, 14, 5, 1, -3, -1, -13, -12]
[5, 7, 1, 5, 4, 4, 0, 7]
[-1, 2, -4, -24, -31, 5, 0, 2]
[-10, -13, -2, 8, 18, 0, -1, -3]
[-3, -5, 1, 20, 25, 0, 0, 0]
[-4, -6, -13, -40, -65, -12, -7, -9]
[-4, -6, 1, -1, 12, 6, -1, -11]
[1, 0, 1, -17, -23, -5, 1, 15]
[-7, -1, 7, 1, 22, 0, 3, 0]
[-3, -5, -3, -3, 21, 8, 1, -1]
[-4, -1, 1, 4, 12, 2, -5, -4]
[-2, 7, -1, -11, -5, -3, 2, -2]
[-1, -3, 0, 5, 21, -1, -16, -18]
[-1, -11, -6, -11, -13, -2, 8, 5]
[0, 4, -1, 9, 1, 1, 0, 9]
[6, 3, 1, 10, 6, 6, -2, 0]
[-2, -5, -4, -17, -22, -3, 17, 10]
[-2, 0, 0, -26, -19, 2, 14, -12]
[1, 4, 8, 56, 81, 7, 2, -7]
[2, 1, -3, -15, -62, -4, -5, -3]
[-7, -2, -1, 12, 70, -1, -3, 1]
[-5, -5, -9, -12, -67, -15, -4, 2]
[1, 5, 1, 3, 13, -3, 7, 8]
[-5, -4, -5, -23, -9, -3, -3, -8]
[2, -2, 2, 3, -10, 4, 7, 2]
[3, -3, 2, 6, 36, 7, -22, 3]
[-13, -10, -2, -14, -28, -4, -4, -16]
[7, 4, 1, 17, 36, 0, -4, 6]
[-8, -4, 1, -7, 6, 3, 15, 18]
[7, 8, 1, 9, 1, 1, -1, -1]
[8, 1, -1, -4, -24, -5, -17, -4]
[3, 0, -4, -8, 1, 4, 17, -3]
[2, 0, -7, -1, -4, -4, -9, -11]
[3, 6, 4, 5, -2, 1, 2, 1]
[-1, 7, -3, -9, -5, 1, -2, 7]
[1, 0, -3, 1, 6, -5, -1, -3]
[6, 6, 0, 3, 0, -3, -5, 1]
[3, -1, 1, 5, -4, -2, -2, 0]
[1, -2, -2, -10, -12, -3, 3, 6]
[-9, -8, -1, 1, 1, 0, -7, -2]
[0, -2, -4, 2, -14, -3, -1, -5]
[1, 3, 0, -5, -8, 7, 6, 2]
[-2, -3, -4, -16, -8, -8, 2, 2]
[3, 0, 3, 11, 10, 2, -3, -5]
[-2, -6, -2, -1, 10, 3, -1, 1]
[-2, -5, -5, -6, 0, -5, 1, -3]
[5, 7, 4, -6, -32, 4, 2, 1]
[-6, -8, -4, 13, 43, 0, -8, -8]
[2, -3, -9, -7, -5, 3, 3, -1]
[-8, 1, 6, 14, 15, -5, -17, -14]
[0, -3, 0, -8, -14, 1, 8, 7]
[-2, 4, 2, -9, -20, -7, -2, -3]
[0, 1, 4, 4, -3, -1, -16, -4]
[-1, 0, -4, -5, -4, 1, 4, 5]
[1, 1, -1, 4, 13, -1, -2, -6]
[1, 0, -2, -3, -8, 1, 3, 1]
[-1, -2, -1, -1, -14, -3, -2, 2]
[0, -1, 1, 4, 7, 2, 1, 2]
[-1, -2, 2, 11, 51, 1, 0, 3]
[-1, 2, -3, -12, -57, -1, 1, 3]
[-1, -1, -3, -9, -11, -10, 0, 2]
[-1, -2, -1, 1, 6, 4, 0, 0]
[-2, -1, 0, 7, 10, 0, 2, -1]
[1, 0, -3, -1, 27, 6, 2, 8]
[-1, 1, 3, 5, -11, 2, 1, -7]
[1, -1, 2, 4, -5, 0, 4, -2]
[-1, -5, -4, 0, -5, 2, 1, -2]
[-2, -1, 1, 4, 15, 3, 1, -3]
[-3, 3, 1, -5, -9, 0, -4, 0]
[-1, -1, 0, 1, 10, -3, -1, -6]
[0, -5, -4, -7, -22, -3, 10, 19]
[3, -1, 1, 6, 5, 0, -21, -6]
[2, -1, -4, -11, -21, -6, 3, 3]
[2, 6, 5, 36, 56, 11, 3, 5]
[-2, -1, -6, -22, -20, -10, -3, -11]
[-4, 4, 1, -6, -40, 0, 12, 1]
[-4, 0, -2, 1, 40, 2, -10, 3]
[-1, -2, -7, -10, -9, -4, -4, -5]
[1, -1, -1, -1, -13, 0, 2, 1]
[1, 1, 5, 12, 26, 3, 1, 0]
[1, -1, 0, 5, 37, 4, 10, 2]
[-3, -6, -4, -19, -77, -11, -2, 2]
[2, -1, 3, 7, 11, 1, -3, 0]
[-1, -4, -4, -11, 3, -4, 3, -4]
[-3, -3, 2, 4, -4, 1, 4, 1]
[0, -3, -2, -2, 10, 1, 0, 1]
[-3, -1, -3, -2, -15, 2, -4, 1]
[1, 4, 5, 12, 24, -1, -7, -7]
[5, 2, 6, 12, -8, 0, 10, 9]
[-4, -5, -3, -19, -62, -5, -2, -3]
[-1, 3, 3, -2, 25, 2, 0, -9]
[-3, -3, -7, -9, -43, -10, -3, 5]
[-3, -3, -5, -2, 6, -1, -4, 4]
[0, -4, -6, -8, -26, -4, 3, -1]
[-5, -5, -1, 3, 10, 2, 4, 0]
[0, 0, 1, -3, 7, -2, -6, -1]
[-1, 1, 2, 3, -6, 2, 3, 2]
[-2, 4, -1, 1, 39, -2, -9, -7]
[1, 2, 9, 9, -7, 2, -2, 0]
[0, 0, -3, 0, 0, 1, 0, 2]
[-4, -3, -3, -6, -8, 0, -9, -10]
[-1, 3, 1, 8, 31, 3, 6, 1]
[-1, 0, -3, -12, -57, -5, -4, -1]
[0, -1, -1, -3, 15, -3, 3, 1]
[1, 4, 2, 9, 16, 4, 5, -2]
[-3, -3, -5, -8, -12, -7, -3, -1]
[1, -1, -1, 3, 25, 3, -2, 1]
[3, -1, -1, 4, 8, 8, 3, -3]
[1, -2, -1, -8, -47, -5, -7, -2]
[1, 0, -3, 8, 65, -2, -4, 3]
[0, -1, 2, 1, -2, 3, 15, 2]
[-6, -1, -1, -2, 17, 1, -8, -3]
[-3, -1, -1, 9, 26, 0, 0, -6]
[1, 0, 5, -2, -16, 3, -3, 2]
[-1, 0, -2, -10, -69, -11, -3, 2]
[2, -1, 1, 0, 18, 0, 4, 2]
[-3, -2, -2, -3, -16, -6, 0, -8]
[-5, -1, -3, 2, 1, 1, 2, -8]
[1, 0, -5, 10, 69, 5, -4, 13]
[-2, 2, -1, -13, -66, -2, 2, -3]
[6, 1, 0, -5, -11, -3, -6, 2]
[4, 5, 4, -5, -16, 0, 0, -4]
[1, -2, -1, 5, 20, 0, -4, -5]
[-2, -6, -1, 4, 19, 1, 4, 6]
[0, -5, -8, -12, 4, -7, -13, -12]
[3, -1, 5, 5, -18, 4, 3, 4]
[0, -2, -2, -1, -32, -2, -5, -5]
[-4, -2, -4, 0, 19, 1, -1, 2]
[-4, 0, -2, -14, -27, 0, 6, -3]
[-2, -1, -1, 2, 2, -1, -1, 6]
[-3, 2, 5, 17, 56, 5, 15, -2]
[-1, 2, 1, 4, -9, -6, 0, -4]
[-2, -2, 0, 7, 31, 2, -1, 8]
[2, -3, 0, -3, -4, -3, 2, 2]
[2, -3, -1, -6, -22, 0, -15, 1]
[-3, 0, -3, 2, 21, 1, -5, -7]
[-3, -2, -2, 3, 15, 0, 10, -4]
[-3, 1, -2, -1, 6, -3, -6, 1]
[1, 1, -3, -5, 5, 0, -1, -5]
[2, 3, 4, 4, 0, 4, 4, 4]
[-2, 3, 2, -8, -21, -2, -7, 2]
[-3, 0, -3, 1, 22, 1, 4, 0]
[-1, -2, -5, -15, -18, -5, -3, -3]
[2, 5, -4, -14, -52, -7, -3, -2]
[3, -3, -1, -2, -3, 0, 2, -3]
[3, 1, 1, 7, 15, 2, -2, -11]
[-5, -3, 2, -4, -5, 1, 0, 17]
[-1, -5, 3, 7, 28, 1, 1, 1]
[-3, -5, 3, -1, -11, -1, 2, 3]
[-4, -3, -2, 9, 5, -1, -1, -2]
[1, 0, -1, 3, 27, 2, -5, 0]
[2, -3, -1, 1, -3, -2, 5, -1]
[-1, -3, -7, -8, -17, -5, 0, 0]
[-2, 0, 1, 2, 22, 4, -1, 1]
[-1, 4, -2, -6, -29, -3, -2, -5]
[2, 4, 2, 4, 7, 3, 0, 2]
[-3, 2, 0, -5, 1, 1, 0, -5]
[-2, -3, -3, 6, 15, -4, -3, 0]
[-1, -2, -3, -11, -37, 0, 2, -2]
[2, 1, -1, -6, -16, 0, -10, 3]
[-2, -1, -1, 6, 21, -2, -3, -1]
[0, 0, 3, -3, -14, -4, 0, 2]
[-1, 0, 0, 1, 25, 3, 1, -5]
[-1, -5, -2, -4, -3, -9, 0, -4]
[0, -1, -1, 7, -8, 1, 1, -1]
[-2, -1, 1, -4, -4, 0, -1, 1]
[-1, 0, 2, 3, 6, 1, -2, -5]
[1, -1, -1, 7, 24, 9, 6, 8]
[-1, -3, -3, -5, 15, -9, -6, 0]
[-2, -4, -1, -12, -44, -6, -2, -2]
[1, 1, 0, 4, 5, 2, 3, -3]
[0, 0, 4, 7, 20, 4, 0, 2]
[0, 7, 1, 3, 1, 4, -2, 3]
[1, 0, -5, 4, 40, -3, -4, -5]
[1, 0, 5, 4, -30, -4, -5, 14]
[-4, -2, -1, -5, 1, 4, 17, -9]
[-3, -3, -6, -4, -22, 0, 12, 4]
[-2, 0, -2, -7, -23, -3, -17, -11]
[0, 2, 3, 16, 38, 2, -2, -2]
[-2, -4, -4, -12, -26, -6, -5, -1]
[0, 1, 1, -4, -12, -3, 0, -11]
[2, -2, -2, 3, -10, 2, 0, 19]
[4, 0, 0, 14, 25, 1, 4, 2]
[-3, 3, -3, -12, -17, -9, -9, 1]
[-3, 0, 0, -2, 5, 0, -4, -8]
[-2, 0, -3, -2, -7, 1, 2, -3]
[-1, -1, -2, -3, 4, 0, 0, -2]
[-1, -3, 0, 5, 8, 1, 1, 2]
[0, 1, 5, 3, 7, 0, 0, -2]
[3, -2, 4, 9, 33, 4, 8, 8]
[-1, -4, -3, -8, -28, 1, 1, -2]
[-3, -1, -4, -8, -19, 2, 0, -4]
[0, -3, -1, 1, 2, -1, -3, 2]
[1, 5, 3, 2, 10, 1, 1, -1]
[-1, -1, -7, -15, 10, -1, -1, -7]
[0, 2, 3, 2, -57, -1, 0, 8]
[-5, -3, -1, -3, 9, -2, -3, 1]
[-1, -2, 0, -6, -22, -7, 1, -2]
[0, -1, -4, 1, -5, -2, -1, 2]
[-1, 0, -6, -9, 12, -5, -4, -5]
[0, 2, 4, 9, 15, 3, 0, 3]
[-3, -2, -1, 2, 17, 2, -6, -2]
[1, -2, 1, 11, 25, 3, 2, -3]
[2, -6, 2, 0, 1, 3, -4, -2]
[1, -4, -1, 3, -19, -5, -2, -5]
[2, -1, -2, -27, -81, -8, -2, -2]
[4, 3, 5, 28, 61, 6, 3, 0]
[-5, -4, -9, -20, -35, -11, -3, -4]
[-1, -1, -3, -3, -28, -2, -2, -1]
[-1, 1, 0, 9, 34, 1, 4, -2]
[-3, -2, -7, -3, 11, 2, -1, 1]
[-1, 1, 10, 14, 11, 5, 2, 1]
[1, 1, 2, 2, 18, -4, -3, 1]
[3, 4, 1, -18, -16, 0, 5, 3]
[1, -4, -2, -29, 8, -3, 2, 3]
[1, 3, 4, 52, 66, 4, 2, 0]
[-10, -5, -5, -33, -61, -8, -6, -1]
[0, -2, 2, 37, 47, 8, 5, -3]
[3, 6, 0, -16, 16, -6, -2, -1]
[-4, -10, -4, 23, 8, 6, -3, -4]
[-4, 2, 0, -7, -4, 4, -1, 0]
[-1, 8, 7, 20, 19, 4, 4, -1]
[-5, -1, -7, -45, -76, -4, -5, 1]
[-9, -5, 0, -9, -6, -3, -2, -3]
[9, -4, -7, 1, -10, -7, -1, -3]
[-6, 3, -1, 22, 63, 3, 2, -1]
[8, 7, 6, 15, -1, 0, 1, 4]
[5, 6, -2, -24, -5, -1, 0, 2]
[-8, -4, -3, 11, 29, 1, 1, -10]
[2, -4, -3, -21, -84, -8, 5, 22]
[-1, -3, 2, 8, 1, 8, -4, -20]
[5, -5, -4, 39, 93, -2, -1, 15]
[-1, 0, -6, -46, -38, -3, -4, -2]
[5, 0, -2, -10, 8, 7, -5, -1]
[-11, -13, -11, -49, -91, -25, 1, -6]
[-4, -8, -2, 17, 90, 4, -5, -12]
[8, 16, 11, -13, -56, 1, 11, 11]
[-9, -12, -9, -10, -22, 1, 11, 3]
[1, 4, 13, 85, 91, 23, -5, 5]
[4, 15, -7, -89, -128, -24, 6, 0]
[0, -6, 0, 56, 46, -3, -1, -4]
[4, 9, -1, -29, -25, -3, -11, -10]
[0, 1, 8, 48, 123, 15, 4, 2]
[7, 2, -6, -8, -91, -18, -5, -6]
[-6, 5, 5, -22, 98, 20, 5, 3]
[-4, -9, -12, -28, -92, -34, -11, -10]
[5, 2, 10, 40, 49, 14, 7, 5]
[0, -2, 7, 13, 49, 9, 4, 0]
[-2, -1, -5, -38, -23, -2, 4, 1]
[-7, -14, -10, -10, -55, -17, -26, -8]
[3, -4, -10, -63, -70, -26, 19, -1]
[1, 8, 8, 37, 47, 3, 3, -4]
[6, 10, 6, 35, 89, 20, -13, -5]
[1, 3, -1, 20, 12, -3, -10, -12]
[0, -12, -13, -59, -93, -10, 9, 38]
[-3, -4, 1, 21, 10, 7, 7, 4]
[-5, -11, -6, -25, -30, -3, 6, 4]
[-2, 11, 14, 65, 127, 21, -10, -25]
[1, 8, 11, -13, 6, 4, 2, -4]
[0, -5, -6, -59, 63, -6, 3, 5]
[-8, -14, -17, -38, -46, -22, -20, -16]
[-3, -5, 6, 95, 112, 7, 14, 11]
[2, 1, -15, -100, 22, -5, -20, -11]
[-4, -1, -2, 40, -23, 7, 10, 0]
[-4, 0, 0, 3, -7, -15, -7, -5]
[4, 2, 12, 40, 47, 23, 16, 12]
[-8, -9, -10, 24, -74, -8, -11, -6]
[1, -2, 3, -9, -31, 4, -13, -18]
[1, 5, 3, -9, -18, -18, -3, 12]
[-6, -8, -12, -104, -128, -17, 0, -1]
[3, 5, 6, 60, 27, -8, -5, -4]
[1, 1, 5, -49, -30, 13, 5, 3]
[-1, -2, -6, -46, -37, -18, -21, 2]
[-7, -2, 7, 3, -10, -13, -11, -26]
[8, 7, 12, 38, 72, 54, 12, 25]
[-8, -9, -15, 4, 35, -18, -10, -15]
[3, 0, 0, 57, 42, 10, 16, 14]
[-16, -9, -2, -27, -78, -11, -18, -7]
[-6, -2, -6, 9, 42, -11, 4, -14]
[0, 12, 4, 2, -17, 2, 6, 11]
[2, -4, -9, -16, -59, 25, 11, 0]
[3, 0, -6, -86, 18, -6, 2, 0]
[8, 12, 34, 82, 94, 52, 14, 6]
[-8, -10, -14, -75, -38, -21, -4, -10]
[0, 3, 9, 56, 75, 10, -1, -5]
[9, 1, 1, 29, 85, 8, 12, 35]
[-5, -10, -14, -88, -84, -14, -5, 9]
[12, 6, 6, -21, -3, -21, 22, 20]
[-4, -8, -1, -8, 57, 34, -69, 11]
[6, 2, -9, -53, -27, -29, 38, -48]
[-23, -2, 8, 115, 100, 24, -4, -34]
[14, 3, 0, 16, -100, -29, -16, -5]
[-16, -11, -15, -83, -65, -33, -2, -24]
[8, 4, 4, 41, 93, 20, -6, 40]
[2, 0, -13, -68, -11, -41, -26, -31]
[-6, -12, -6, -1, -55, -25, 10, 69]
[4, 5, 5, -21, 51, 22, 20, 3]
[-4, -3, 0, 9, -48, 10, 1, -12]
[-1, -6, -8, -96, -83, -18, 9, -1]
[1, 14, 24, 112, 118, 64, 28, 16]
[-4, -1, 3, 4, -70, -44, -52, -9]
[2, 1, -1, -35, 101, 17, 4, 5]
[6, -1, -2, -11, -31, -10, -14, -7]
[-4, -5, -9, -32, -72, 4, -8, -7]
[-13, -5, -1, 7, 65, 6, 8, -7]
[10, 7, 15, 93, 61, 15, 9, -7]
[4, -1, 4, 112, 110, 56, 15, 7]
[-15, -11, -20, -103, 21, -41, -16, -24]
[4, -2, -7, -25, -11, -14, 10, -42]
[-10, -14, -14, -40, -39, 39, -10, 58]
[3, -2, -5, -46, -91, -21, 10, 21]
[8, 9, 16, 109, 127, 36, 0, -2]
[4, 7, 6, -79, -88, 5, 21, -8]
[3, 2, 2, 70, 46, 1, -6, -13]
[-1, 3, -7, -84, -77, -60, -6, 28]
[-6, -7, -27, -69, -33, 9, -20, -21]
[-5, -7, 18, 127, -5, -21, -4, -9]
[-4, 4, 1, -24, -48, -24, -16, -12]
[6, 2, 10, 42, 104, 24, 31, 14]
[7, 4, 0, -47, 107, 37, -15, 0]
[11, 9, 12, 21, -2, -37, 16, 25]
[-11, -6, -14, -76, 26, -14, -39, -41]
[-1, 0, 7, 72, 12, 19, 5, 26]
[3, 1, 4, 39, 36, -19, 28, 19]
