[4, 2, -10, 20, 127, 53, 0, -7]
[0, 1, 2, -73, -92, -44, 18, -19]
[-6, -5, -14, -83, 2, -4, -33, -1]
[-1, 1, -10, -90, -64, -27, -11, -15]
[-2, -3, 15, 105, 56, 1, 24, 17]
[-10, -15, -39, -103, -105, -68, -22, -16]
[-2, -2, 1, 58, 78, 20, -5, -16]
[6, 5, 26, 126, 36, 23, 2, 30]
[-15, -24, -40, -63, -15, 2, -4, -25]
[11, 17, 26, 26, 23, 12, 6, 20]
[7, 8, 29, -21, -2, 5, 3, 1]
[-3, 12, 24, 50, 65, 30, -14, -12]
[9, 11, 16, -28, 39, -20, 6, 17]
[8, 10, 25, 118, 68, 9, 13, 10]
[-3, -6, -19, 9, -6, 20, -17, -13]
[13, 17, 21, -22, 6, 32, 0, 15]
[3, 4, -5, -81, -46, -16, 34, 8]
[-13, -6, -15, -2, -43, -46, -48, -16]
[-1, -4, -6, -62, -29, -15, -15, 15]
[-1, -1, -9, -107, 105, 46, 16, -9]
[-10, -8, 0, 109, -113, -17, 11, 6]
[2, 0, 10, -6, 127, 14, 19, 0]
[5, 2, -3, -11, 7, 21, 7, -10]
[-11, -25, -36, -77, -98, -18, -14, -19]
[-3, -3, -24, 16, 42, -28, 3, -20]
[8, 13, 23, -23, -40, 25, 30, 33]
[-20, -14, 10, 1, -69, -35, -24, -34]
[12, 3, -1, -38, -86, -4, 19, -9]
[6, 21, 18, -59, 97, 24, 12, -3]
[-2, -3, -8, -16, -76, -3, -2, 18]
[2, 3, 3, 95, 127, -5, -41, -23]
[-3, 4, 1, 55, -68, 3, -15, -8]
[-8, -4, -2, 40, 53, -6, -31, -6]
[4, -3, -1, 84, 127, 1, 24, -10]
[12, 19, 37, 19, 69, 30, 21, 35]
[-16, -21, -55, -74, 27, -9, -2, 0]
[3, 7, 50, 37, 71, -7, -1, 5]
[-5, -8, 8, 13, 56, -4, 10, 7]
[7, 16, 18, 80, 80, -4, -15, -9]
[6, 3, 8, -25, 26, 26, 23, 15]
[-6, -7, -16, -128, -101, -25, -12, -5]
[6, 11, 21, 51, 66, 7, -2, -7]
[-8, -14, -38, -114, -78, -11, 11, -8]
[3, 4, 15, 91, 46, 24, -3, 0]
[9, 5, -4, -41, -26, -9, -8, 16]
[-11, -14, -22, -18, -28, -10, -14, -15]
[-8, -14, -33, -85, -56, -12, 3, -15]
[5, 6, 23, 41, 86, 19, 20, 31]
[-5, -14, -20, 29, -30, 15, 3, -10]
[3, 0, -8, -112, 8, -19, -5, 10]
[-7, 3, 14, 89, -67, -24, -11, -8]
[-7, -2, 12, 8, 34, -15, -13, -25]
[9, 12, 17, 99, 117, 41, -6, 2]
[6, 1, 0, 4, -46, 5, 22, 8]
[-3, -13, -23, -51, -67, 20, -4, 24]
[-3, -13, -26, -29, -52, -15, -6, -21]
[2, 0, 3, -7, 71, -4, -8, 12]
[-2, -1, -10, 18, 34, -6, -6, -8]
[-3, -5, -21, -10, 93, 14, 16, 2]
[-2, 3, 10, 32, 29, -27, -15, 7]
[10, 12, 24, -80, -9, 12, 7, -3]
[-11, -5, 8, 47, 17, 18, -9, -14]
[8, 5, 0, -13, -20, 1, 12, 12]
[-8, -8, -11, -29, -48, 0, 2, -11]
[-2, -6, -25, -91, -59, -18, -3, 1]
[-1, -5, -3, 34, 36, 0, -6, -30]
[3, -4, -1, -16, -7, 18, -2, 19]
[-4, -7, 5, 14, -41, -8, -31, -33]
[-1, -4, -4, -29, -60, -11, 18, 35]
[-6, -10, -15, 28, 44, 11, -15, -8]
[0, 0, 14, 60, 78, -9, 6, -16]
[-1, -5, -9, -102, -7, 0, 6, 4]
[0, 1, 0, 30, -20, -25, -3, 2]
[6, 5, -2, -57, -13, 13, 3, -1]
[-2, 1, -20, -126, -122, -8, 15, 4]
[-3, -2, 19, 80, 21, -27, -18, 8]
[-1, -9, -21, -22, 40, 1, -2, -13]
[3, 9, 1, -94, -108, -30, 0, 14]
[0, 8, 16, 19, 24, -1, 1, -6]
[0, -4, -9, -2, 18, 17, 5, 11]
[-2, 7, 6, 33, 14, 13, 2, -6]
[-2, -1, 0, 7, 13, -18, -6, -4]
[3, -1, 0, -3, -22, 2, 0, -2]
[-6, 0, -2, 22, 44, 16, 13, 1]
[-1, -8, 1, 52, 19, 0, -14, -2]
[-1, -2, -6, -24, -37, -9, -2, -2]
[3, -1, 0, -5, -5, -4, 5, -3]
[2, 3, -2, 6, 3, 1, 7, 5]
[-5, -3, -9, -67, -89, -9, 1, -5]
[-4, -7, 3, 45, 47, 11, 0, 0]
[-5, -3, 4, -45, -58, -19, -4, -13]
[-2, 2, -2, -27, -31, -8, 2, 0]
[2, -16, -10, 6, -17, -2, -12, 1]
[2, 0, -2, -3, -14, 4, 7, 8]
[-3, 12, 13, 26, 21, 8, 4, 8]
[-2, -9, -3, 24, 20, 9, -2, 7]
[9, 11, 9, 5, -7, -12, -6, -9]
[0, -7, -12, -13, -10, -9, -7, -1]
[6, -6, -7, -1, -7, 2, -1, -6]
[-4, 4, 6, -21, -12, 1, -1, -2]
[3, 1, -4, 9, 34, 12, 6, -1]
[-1, 4, 3, 1, -25, 2, 2, 1]
[-1, -3, -8, -4, 23, -6, 1, -2]
[-2, -2, -1, 14, 16, 15, 2, -9]
[-7, -4, 1, -16, -24, 10, 3, -3]
[-3, -6, -4, -28, -18, 10, -4, 2]
[1, 0, 2, -5, 42, 7, -1, -5]
[3, -7, -5, -22, -6, -31, -7, -9]
[-4, 2, -1, 31, 26, 0, -1, -9]
[1, -2, -7, -22, -15, -4, -6, 12]
[-2, -12, 4, 36, 54, -2, 2, 3]
[8, 17, 7, -40, -40, -15, 2, -2]
[-8, -3, -4, -25, -8, -5, -6, -7]
[7, 11, 4, 64, 3, 10, 12, 11]
[-46, -49, -13, -2, -12, -6, 5, 1]
[20, 51, 12, 22, 19, -2, 3, 11]
[12, 10, -1, 15, 11, -3, -3, -1]
[2, 2, -3, -31, -14, 4, -7, -8]
[15, 14, 3, -3, -3, -9, 9, 9]
[-18, -11, -3, 11, -11, -7, 11, 0]
[3, -16, -6, -16, 0, 5, 0, 0]
[-10, 5, 3, -14, -7, 8, 2, 2]
[11, -12, -1, -1, -34, -8, -1, -6]
[15, 21, 11, 47, 73, -6, -2, -2]
[-5, 3, -2, 9, 24, 10, 4, 0]
[-8, -21, -7, -32, -64, 0, 0, -8]
[-1, 5, -5, -11, 19, -6, -8, 1]
[-2, -16, -5, 4, 1, -3, -4, -11]
[-11, -3, -3, -16, -20, 1, 15, 0]
[-9, -7, 0, 17, 19, 10, 1, -3]
[-2, 12, 6, -3, -23, -2, 2, 0]
[2, -8, -1, -11, -14, -10, -7, -8]
[-8, -6, 3, 17, 11, 6, -2, 2]
[1, 3, -1, -46, -13, 0, -3, -3]
[5, 11, -2, 32, 26, 1, 2, -7]
[-9, -24, -7, 13, 4, -8, -1, 0]
[14, 25, 8, 9, 4, 2, -2, 1]
[7, 13, 7, 19, 14, 9, 5, 8]
[14, 15, -4, -16, -16, -6, -1, 0]
[0, -6, 1, -9, 4, -7, -8, -3]
[-4, -6, 8, 31, 62, 15, 0, 2]
[-6, -6, -7, -27, -26, -9, -3, -2]
[5, 9, 0, 5, 11, -4, -1, 10]
[-10, -13, -6, -14, -10, -8, -3, -4]
[-4, 2, 2, 15, 10, 8, 0, 3]
[3, 8, 7, 9, 21, 8, -7, -1]
[-6, -8, 1, 2, 0, 3, 11, -13]
[6, 1, -2, 11, 1, 0, 6, 15]
[-8, -11, -7, -10, -16, -3, 0, 6]
[-2, 1, -5, 6, 2, 4, -4, -25]
[-5, -1, -3, -7, -8, -4, -9, 15]
[0, 2, -2, -12, -12, -5, -3, -10]
[0, -5, -4, -12, -8, 0, 5, 0]
[0, 1, 3, -3, -3, -1, -2, 6]
[1, 9, 3, 11, 6, -6, -5, -8]
[-3, -1, -3, -27, -6, -7, -3, -5]
[-1, 1, -9, -9, -33, -4, -6, 3]
[2, 6, 19, 37, 108, 19, 12, 6]
[2, -3, -2, 19, 16, -4, -6, -7]
[-1, -1, 0, 14, -5, -1, -2, 1]
[-3, -1, -1, -19, -44, -2, -6, -10]
[-2, -8, -2, -4, -6, 4, 0, 17]
[-4, -11, -4, -11, 7, 3, 8, 4]
[-6, -11, 1, 1, -6, -1, 0, -3]
[-11, 3, -3, 7, 18, 2, -2, -2]
[-3, -9, -6, -7, -26, -5, -6, -4]
[-2, 5, 1, -4, 0, 4, 14, -8]
[-5, -1, -3, 2, -8, 1, -13, 3]
[-2, -4, 5, 1, 3, -2, 0, 7]
[4, -2, -5, -8, -25, -1, 9, 8]
[7, 2, -3, -1, 10, 1, -8, -5]
[10, 7, 2, 4, 5, -3, 6, -5]
[5, 8, -3, -4, 40, -1, 7, 12]
[0, 7, 0, 11, -3, -8, -46, -22]
[-2, 3, -2, -32, -41, -3, -1, 2]
[-2, 0, -6, -6, -32, -2, -4, -8]
[1, -2, 2, 0, 10, -3, -3, 5]
[-1, -2, -1, 1, -6, 3, 16, 6]
[-2, 3, 3, 10, 23, 3, -10, -19]
[-3, -5, -2, -14, 16, 1, 2, 27]
[1, -9, 0, -1, -22, -1, -3, -2]
[-1, -8, -2, 5, -2, -1, 0, 1]
[6, -2, 2, 0, 5, 1, 11, 2]
[-3, 1, 2, -3, -3, -1, 0, -10]
[3, 4, -2, 4, -5, -3, 2, -5]
[3, 6, -6, -12, -13, -5, 5, 4]
[-2, 1, 1, -7, -32, -7, -6, 10]
[1, 3, 4, 25, 52, 2, 0, 2]
[4, 1, -4, -15, 0, 1, -1, -3]
[1, -7, -9, 11, 22, -4, -2, -6]
[-1, -4, -2, -33, -78, -11, -7, -7]
[2, 0, -1, -2, -15, 1, 3, 1]
[-1, -9, -3, -6, -3, -6, -3, -4]
[-5, 0, -3, -15, -22, 2, 6, 3]
[-2, 4, 0, 10, 14, -3, -3, 3]
[-5, -1, -1, 6, 19, -1, -15, -14]
[-1, 2, 0, 2, 0, 0, 0, -3]
[0, -7, 0, -7, -8, 1, 11, 4]
[1, -1, 0, 7, 28, 3, -3, 4]
[-1, -3, 4, -4, -9, 1, 0, -5]
[0, -2, 0, 4, -8, 0, 0, 6]
[0, -3, 3, 1, -9, 2, 5, -1]
[-2, -4, -1, 5, 17, 3, -12, -8]
[1, -2, -3, 2, 5, 0, 8, 15]
[-3, 1, -6, -2, -18, -3, -7, -4]
[0, 3, 6, -8, -11, -3, 19, 5]
[-2, 0, 1, 7, 27, 4, 2, -4]
[3, 2, 4, 4, -16, 4, 0, -8]
[-3, -2, 2, 4, 38, -2, -7, 2]
[0, -3, -7, -28, -89, -3, -10, -8]
[0, -2, -5, 4, 3, -1, 2, 9]
[0, 0, -1, 3, 28, 0, 1, -14]
[0, 6, 2, -5, -24, 0, 6, 10]
[-2, -2, -5, -1, 38, -11, -7, -5]
[0, 1, -4, -7, -21, -1, 0, -1]
[-3, -4, 1, 4, 18, 0, 2, 3]
[-1, -1, 1, 1, -17, 2, -2, -7]
[3, 0, 0, 8, 15, 1, -4, 1]
[1, 0, 1, -2, -5, 0, 4, 3]
[0, 2, 0, 0, 12, -1, 1, -3]
[-3, -4, -1, 0, -6, -6, 0, -4]
[-3, 2, -3, 4, 31, 3, -1, 3]
[-1, 0, -4, -9, -49, -8, -4, -1]
[-4, 3, -2, 3, 10, 2, 0, 0]
[0, 0, 4, 2, 0, 1, 11, -5]
[2, 0, -5, -6, -7, -1, -2, 9]
[2, 1, 6, 5, 27, 6, 3, -1]
[2, -2, -1, 0, -1, 1, 0, 1]
[-2, -2, 2, 2, -21, -1, -4, 1]
[-4, -2, -1, -10, -22, -4, 1, -9]
[1, 2, 3, 18, 51, 6, 8, 16]
[1, -2, -5, -11, -7, -8, -2, -1]
[0, -2, 1, 10, 23, 8, 2, 5]
[0, 0, 4, 10, 15, 4, -2, 0]
[-3, 1, 1, 4, -10, 3, -5, -5]
[-3, -3, -5, -3, 9, -4, -5, -3]
[0, -4, -1, 6, 23, 2, -3, -4]
[4, 4, 0, -4, -21, -1, -4, 4]
[1, 0, 0, -1, 17, 3, 2, -2]
[0, 3, -2, -7, -17, 0, 4, 0]
[-3, 2, -4, -5, -6, -6, -2, -4]
[-2, -1, 5, 10, 39, 2, -3, 0]
[-3, -6, -4, -3, -28, -4, 4, -5]
[2, -6, -5, -6, -28, -3, -3, -1]
[-1, -4, 5, -4, -9, -3, -7, -4]
[4, -1, 5, 8, 27, 4, 5, 4]
[2, 1, 5, 7, 33, 0, -9, -9]
[2, 0, -4, -20, -51, -7, 0, 11]
[-3, 3, -4, -1, 4, -1, 1, -2]
[-6, 2, -2, 1, -5, 0, -1, -4]
[-3, -5, -6, -4, 6, 0, 4, -1]
[-4, -3, 5, 17, 19, 2, -15, -3]
[0, -3, -2, -11, -15, -2, 0, -2]
[2, -2, -4, 3, -3, 1, -6, 2]
[1, 1, -2, 6, 26, 4, 9, 1]
[-2, -2, -1, 1, 3, -5, 3, 2]
[0, 1, 2, 0, 2, -6, -14, -15]
[-2, 0, 0, -7, -7, 3, 3, 16]
[1, 5, -1, -7, -14, -5, -6, -1]
[-1, -3, -1, -1, -2, 0, 2, -3]
[3, -1, -3, 5, 17, -2, 6, 3]
[0, 3, -4, -9, -26, -2, 0, -7]
[-1, -2, -3, 4, 1, 3, -5, -3]
[-2, 2, 7, 6, 28, 5, 6, -2]
[-3, -4, -5, -7, -46, -3, 2, 6]
[-2, -5, -3, -2, -1, -6, -1, -2]
[2, 4, 3, -5, -6, -4, -2, 3]
[-1, 1, -2, 0, -13, 1, -1, -7]
[0, 0, -2, 1, 26, 0, 0, 0]
[-1, 0, 2, 6, -4, 3, -1, -1]
[-3, -2, -3, -9, -19, -3, -3, 0]
[-1, 2, 2, 8, 19, 2, 0, 0]
[-6, -3, 1, 1, -7, -3, -4, -4]
[1, 0, 2, 1, -6, 0, -8, 3]
[-1, -2, -4, -5, -2, -1, 13, 3]
[0, 1, 0, -3, 2, -1, -6, 0]
[3, 2, -3, 3, 10, 1, 1, 5]
[-2, -1, 0, -4, -6, -3, -5, -11]
[-1, -1, -1, 5, 28, 5, 0, -1]
[-1, 0, -3, -5, -24, -4, 2, 1]
[0, 1, -2, -11, -24, -2, 0, -4]
[2, -2, -4, 2, 23, 3, -1, -6]
[0, -5, -4, 1, -22, -1, 11, 8]
[-3, -4, 8, -6, 6, -4, -1, -5]
[-3, 4, 3, 2, -1, -1, 1, 1]
[-1, 1, 1, -8, -14, -2, 1, 0]
[-3, -1, -1, 3, 15, -1, -3, -11]
[-2, -4, -7, 2, 8, 1, -2, 9]
[1, 0, 2, 7, 23, 5, 1, 1]
[-1, -4, -3, -3, 18, 0, 0, 0]
[3, -2, 0, 16, 26, 1, 1, 1]
[-6, 0, -10, -40, -101, -18, -4, -5]
[-2, -2, -1, -7, -21, -2, -5, -2]
[1, 1, 5, 2, 7, 6, 6, 3]
[-1, -4, 2, -1, 5, 2, -8, -4]
[0, 2, 1, 9, 5, 0, 0, -4]
[4, 0, -2, 2, -1, -4, -3, 2]
[0, 2, 0, 5, 12, 1, -4, -3]
[-2, 3, 2, -5, -32, 0, -4, 1]
[1, -2, -4, 1, 7, -3, 3, -2]
[1, -1, -1, -2, -3, -2, -3, -2]
[1, 0, 2, 5, 6, 2, 4, 2]
[0, 2, 1, -8, 2, 0, -3, -1]
[2, 3, -1, 11, 10, 7, 1, 1]
[-2, -3, -4, 4, 14, -5, 2, -2]
[1, 0, 1, 4, 8, -2, 1, 1]
[-5, -4, -6, -6, -4, -1, -3, -2]
[-2, -4, 0, 8, 26, 3, -2, -4]
[-1, 1, 0, -3, -24, 1, 5, 6]
[-1, -1, -3, -5, -19, 0, -2, 1]
[3, 3, 3, -4, 6, -2, -1, 0]
[1, 0, 2, -10, -13, -3, -3, -1]
[-1, -1, 3, 4, 31, 4, 1, -11]
[2, 2, 1, 12, 5, 1, 2, 7]
[1, 1, 1, 5, -12, 0, -3, -4]
[-3, -4, -4, -6, 5, -3, 7, -2]
[1, 2, -3, 5, 19, 2, 4, 7]
[-4, -5, -2, -16, -42, -10, -4, -11]
[-5, -4, -2, 0, 13, 3, 16, 10]
[-1, 2, -1, 2, -12, -1, 2, 1]
[-2, -5, 0, -5, -11, -1, -2, -6]
[2, -1, 0, 2, 23, 4, 5, 1]
[2, 2, -1, -5, -11, -2, -5, -1]
[-1, 1, 4, -5, -7, -3, -7, -3]
[2, 1, -1, 0, 3, -1, 3, 4]
[3, 2, -6, 3, -1, 0, -3, 0]
[-7, 0, 4, -9, -24, 0, -3, 1]
[-3, -5, 0, 13, 35, 2, 0, -1]
[-3, 2, -4, 8, -3, 0, -6, -3]
[1, 0, 1, 0, 16, 0, 4, 3]
[-2, -4, -7, -11, -39, -6, -3, -4]
[-1, 0, 0, 8, 28, 3, 0, -1]
[-6, -7, 0, -13, -19, -4, -4, -6]
[1, -1, -1, -9, -43, -6, 0, 3]
[6, 2, 4, 5, 5, -2, -4, 3]
[0, -1, -1, -2, 29, 1, -1, 0]
[0, -1, -2, -12, -63, -5, -3, -16]
[-4, -2, -2, 0, 21, 1, 1, 19]
[4, -1, 2, 13, 38, 6, 2, -2]
[2, -3, -5, 7, -3, -5, -3, -4]
[1, 5, -1, -13, 18, 3, -4, 7]
[0, 3, -1, -4, 9, 2, -2, -10]
[0, 2, -1, 2, 18, 2, -2, -1]
[-3, -3, 0, -3, -15, 0, -3, 0]
[-3, -3, -2, 10, 23, 1, 0, -3]
[-4, 1, 7, -3, -16, 3, 17, 0]
[-4, 1, 0, -1, 11, -3, -3, 1]
[-2, 1, -3, -5, -12, -4, -3, -4]
[0, 4, -1, -6, -16, -5, -2, 3]
[4, 2, -5, 9, 10, 1, -3, -1]
[0, -4, -2, -1, -6, -2, -1, -4]
[1, -1, 0, -6, -9, 0, -2, -2]
[-1, -4, 2, 2, -33, -1, 7, 4]
[0, -2, 0, 10, 52, 7, -2, -2]
[-3, -5, -3, 2, -3, -10, -8, -8]
[-2, -1, -8, -37, -84, -14, -4, -1]
[-1, -4, 5, 9, 31, 4, 3, 5]
[0, -2, 0, -22, -44, -3, -6, -4]
[4, -4, -1, 9, 6, 0, -4, 2]
[-2, 2, 0, 11, 42, 3, 3, -1]
[-1, 0, 3, -1, 15, -3, -2, -3]
[-3, -2, -6, 1, -5, 1, -3, -3]
[1, 3, 0, -3, 2, 2, 3, 1]
[-2, -3, -4, 10, 7, 3, 2, 0]
[-1, 2, 4, 12, 37, 3, -2, -2]
[-7, -8, 1, 7, 10, 2, -5, -5]
[5, 8, -4, 5, 10, -3, 0, -3]
[5, 19, 5, -13, -32, -4, -2, 7]
[2, -3, -3, 6, 10, 1, -1, -2]
[-1, -2, 0, -5, -26, -5, 1, 1]
[-2, -8, 1, 15, 18, 7, -3, -6]
[-1, -5, -8, -34, -4, -7, -1, -4]
[-1, 5, 3, 12, 25, 1, -1, 2]
[-2, 1, 0, -8, -45, 0, 9, 1]
[-6, -6, -4, -18, -22, -3, -4, -6]
[4, 0, 5, 8, 14, 6, 1, 1]
[-5, -8, -5, 44, 15, 0, -3, 0]
[7, 5, -4, -53, -27, -2, -4, -3]
[4, 1, 3, -29, -24, -2, 0, 5]
[-2, -9, -5, 56, 96, 13, 4, -2]
[-13, -10, -5, -27, -101, -16, -2, -3]
[7, -3, -4, 10, -18, -1, -3, 0]
[-8, 2, -1, -22, -90, -3, 0, 1]
[6, 24, 5, -26, 13, -6, -6, -1]
[5, 3, 1, 27, 90, 21, 9, 3]
[-22, -13, 2, 13, 28, -1, -2, 0]
[15, -9, 4, 62, 48, 0, -2, 4]
[-7, -6, 1, -5, -105, -11, -1, -4]
[6, -5, 1, -1, 9, 4, 2, 3]
[7, 12, 2, 8, 62, 1, 3, -3]
[-4, -5, -4, -29, -29, 3, 6, 6]
[-5, -4, 2, 12, 31, -2, 2, -1]
[3, 4, 5, 57, 69, 10, -4, -5]
[-3, -10, 1, 14, -32, 0, -2, -5]
[-3, 0, -4, -8, 0, -7, -4, 2]
[-1, -5, -9, -87, -117, -16, -6, -8]
[-10, -1, -2, 10, 22, 5, 4, -4]
[7, -4, -11, -26, -1, 5, -11, 8]
[0, 21, 13, 61, 107, 7, 17, 3]
[-7, -21, 1, 23, 9, 0, 3, -1]
[15, 41, -7, -78, -63, -22, -2, 3]
[-5, 6, 8, 21, 36, 11, -3, -4]
[3, -8, -3, 2, -71, -5, -2, -2]
[9, -3, 2, 14, 69, 14, 27, 8]
[1, 4, 7, -4, 21, 13, -2, 0]
[4, 11, 14, 76, 0, 0, 2, 5]
[0, 5, 0, -36, 57, 10, -2, -1]
[-3, -11, -13, -30, -17, -12, -5, -3]
[-7, -18, -13, -41, -77, -33, -13, -7]
[4, 8, -6, -103, 11, -9, 9, 5]
[-1, 5, 21, 101, 113, 24, 2, 1]
[-8, 3, -2, 25, 54, 6, -10, -2]
[-3, -8, -13, -69, -94, -24, -4, 1]
[-2, -6, 0, 7, 20, 2, -3, -4]
[-15, -25, -24, -75, -27, -25, -9, -10]
[11, 13, 8, 28, -75, 3, 9, 5]
[0, 1, -1, -38, 64, 9, 10, 10]
[3, -7, -3, 40, 84, 6, 7, -7]
[3, 7, 2, -24, -128, -20, -7, 2]
[-7, -3, 2, 24, 17, -2, -5, -12]
[-8, -19, -8, -44, 66, 12, 3, 7]
[9, 18, 3, -17, -75, -8, -16, -2]
[9, 13, 4, -13, 54, 15, 37, 2]
[-5, 1, -9, 16, 73, 8, -14, -3]
[-6, -3, 14, 36, -13, -8, 3, -8]
[-7, -8, -5, -36, -21, 1, -8, 4]
[2, -1, 5, 8, 6, 4, -13, -2]
[-3, -7, -9, -66, 55, 7, -1, -3]
[1, -1, 4, 47, 44, 8, 1, -2]
[8, 8, 17, 82, 90, 22, 13, 8]
[-9, -10, -18, -68, -53, -38, -33, -12]
[0, -2, 5, 71, -92, -11, 21, 10]
[2, 5, 16, 78, 109, 52, 12, 3]
[-2, 2, -1, 60, -48, -8, 17, -9]
[4, 2, 2, 6, 21, -9, -10, 7]
[-2, -4, -6, -90, 20, -3, -11, 4]
[9, 6, 15, 101, 40, 7, 21, 14]
[-1, -8, -20, -88, -77, -19, -32, 5]
[-5, -3, 9, 57, 71, 19, 17, -19]
[-12, -2, 1, -63, -128, -20, -4, 8]
[0, 1, -17, -71, -51, -14, -18, -23]
[-9, -3, -7, 37, 106, -3, -25, -3]
[-8, -11, -14, -31, -22, 7, 31, 30]
[7, 4, -15, -64, 67, -29, -31, -7]
[-6, 6, 22, 51, 44, 14, -25, -23]
[-4, -12, -13, -53, 32, -27, -7, -6]
[-4, 1, 1, 8, -17, 9, -12, -11]
[8, 7, 26, 109, 125, 58, 26, 10]
[-7, -6, -6, -5, -68, -28, 0, 2]
[-5, -7, -19, -78, -49, -30, 16, 2]
[-3, 5, 2, -1, -8, 32, -28, -31]
[0, -6, -6, 57, -2, -23, 26, 30]
[2, 4, 4, -62, 83, 9, -5, -35]
[2, 4, 14, 57, -76, 5, 16, 34]
[-2, 1, 6, 30, 55, -1, 6, -26]
[6, -3, -19, -66, -19, -2, -3, -14]
[-2, 3, 11, 98, -106, -46, -18, 0]
[15, 19, 24, -34, 45, 33, 16, 6]
[-11, -17, -37, -122, -128, -47, 3, 9]
[3, 11, -10, -46, -30, -16, -15, 21]
[2, -3, 10, 25, -25, 22, -19, -36]
[-16, -18, -17, -31, 15, -14, -10, -32]
[12, 10, 12, 39, 32, 19, 29, 25]
[-5, -7, -10, -44, -56, -14, -6, -6]
[-4, -9, -7, 63, 85, 15, -4, 16]
[7, 6, 11, 20, 22, 10, 1, 0]
[1, -3, -2, 13, 49, 16, 2, 6]
[2, -1, 13, -10, 127, 70, 57, 12]
[-6, -4, -23, -37, -128, -44, -48, -29]
[-3, -1, 7, 84, 127, 39, 49, 10]
[8, 1, 1, 24, 68, 27, 20, 50]
[-9, -3, 7, -6, -70, -23, -38, -39]
[11, 3, -19, -128, 63, 40, 8, 11]
[-11, -12, -1, 43, -128, -37, -32, -20]
[1, 4, 16, 101, 92, 20, -25, -15]
[-4, -7, -16, -54, -128, -38, 40, -3]
[6, 3, -12, -105, -46, -26, -40, 22]
[-5, 3, 1, -45, 38, 7, 17, -7]
[0, 0, -14, 30, 27, 11, -23, -6]
[-2, 2, 4, 4, 13, -9, -44, -50]
[-4, -13, -8, 21, -85, -21, 73, 27]
[16, 7, 3, -6, 101, 30, -18, 26]
[-6, -11, -34, -121, -92, -66, -4, 0]
[-6, -1, -7, -31, 86, -6, -10, -4]
