[-2, 2, -1, -71, 8, 26, 13, -20]
[-2, 5, 17, -29, -55, -5, -7, -20]
[4, -8, -19, -55, -57, -25, 23, 15]
[2, 7, 8, 110, 127, 58, 16, 18]
[-7, -14, -22, -127, -4, -39, 3, -16]
[5, -1, -6, 58, 66, 29, 14, 11]
[6, 5, 31, 73, 30, -1, -26, -16]
[7, 13, 34, 70, 32, 16, 3, 23]
[1, 8, 14, 79, 127, 23, -14, -34]
[6, -1, 0, -74, -32, -33, 37, 38]
[-5, -14, -33, -27, -45, 24, 90, 61]
[4, 11, 15, 68, 61, 2, -58, -13]
[1, -3, 12, 127, 121, 16, -43, 22]
[-1, 4, -19, -69, -25, -18, -47, -56]
[7, 9, 13, 41, 53, 48, 3, 7]
[-3, -12, -13, -77, -128, -61, 9, -5]
[-4, -13, -31, -79, -39, -24, 4, 16]
[-1, 5, -2, -81, -32, -26, 14, -5]
[-3, 2, 28, 88, 107, 30, -11, -23]
[-4, -1, -18, -58, 80, 8, 32, -2]
[-5, 1, 7, -36, 40, 9, 3, 7]
[-4, -11, -25, -18, -80, -13, -4, 19]
[-4, -1, -2, 61, 38, 29, 1, -16]
[-4, -6, 5, -12, -44, -25, -19, -25]
[3, -4, 23, 45, 30, -14, 28, 49]
[-13, -6, -8, 13, 111, 13, 21, -29]
[1, 15, 13, -111, -109, -14, -26, 8]
[-1, 3, 22, 112, 81, 9, -39, 3]
[-6, -10, -30, -86, -114, -11, 24, -17]
[12, -3, 2, 43, -3, 24, -14, 46]
[-4, 8, 12, -28, 35, -22, -92, -13]
[1, -7, -20, -36, -31, 18, 58, 7]
[9, 12, 3, -47, -70, -6, 6, 13]
[0, 4, 17, 27, 79, 0, -11, -3]
[7, -3, -1, -51, -67, -17, 9, -8]
[-12, -3, -11, -48, -57, -22, -38, -15]
[-5, 8, 9, 15, 32, 6, 7, -2]
[6, -2, -17, -44, -101, 16, 11, 16]
[2, -5, -24, -108, -3, -28, -22, 16]
[9, 14, 53, 61, 79, 53, 51, 9]
[2, 0, -13, 32, 16, 4, -39, -4]
[-1, 0, 4, -58, -47, -6, -20, -10]
[-2, -13, -26, -127, -43, -4, 19, -2]
[-3, 0, 24, 115, 47, 3, -12, -13]
[-2, 9, 24, 99, -2, -12, 14, -12]
[-2, -8, -15, -17, 27, 23, 4, 12]
[7, 8, 3, 0, -104, -86, 2, 3]
[-6, -3, -17, 44, 97, 9, -23, -14]
[-4, -2, 7, 0, -75, -43, -5, 19]
[-17, -7, -6, 34, 122, 32, 6, -68]
[8, 6, 8, 39, 95, 22, 33, 41]
[-11, -13, -18, -89, -92, -40, -20, -43]
[3, -5, -11, -35, -83, -20, 26, -6]
[4, -2, 6, 10, 43, 12, -23, 6]
[-1, -1, -1, -79, -36, 2, -11, -11]
[7, 9, -3, 19, -50, 13, 10, 12]
[-4, 3, 12, 25, 40, -15, -13, -6]
[-2, -3, -6, -50, -128, -28, 7, 8]
[-2, -1, 19, 82, 116, 51, 8, -10]
[-2, 1, -14, -49, -83, -38, 2, 19]
[0, 2, 1, 24, -30, 8, 8, -9]
[-3, 1, 6, 48, 17, 16, 3, 10]
[-1, 14, 46, 59, -45, -33, -7, -11]
[1, -9, -24, -54, -23, 9, 5, 7]
[5, -3, -1, -35, 51, 15, 4, 4]
[-3, -3, -3, 52, 33, 3, 21, -19]
[-20, -13, -13, 54, 71, 33, 5, 10]
[4, -4, -6, -60, -105, -22, -9, 10]
[0, 1, -6, -49, -6, -3, -4, 5]
[3, 3, 8, 82, 82, -3, -20, 19]
[-4, -4, -7, -10, 13, 12, 0, -16]
[-1, 3, -4, -1, 69, -2, -1, 0]
[0, -5, -11, -14, -24, 4, -6, 1]
[9, 10, 22, 36, -37, -6, -2, 5]
[-4, -8, -11, -1, -11, -9, 0, -11]
[2, -4, 9, 53, 52, 8, -4, 8]
[4, 3, 3, -21, 18, 10, -3, -1]
[-2, 1, 18, 66, 56, 11, 9, 2]
[2, 4, 0, 26, 48, 7, 4, -5]
[4, 1, -3, -48, -73, -14, -16, 2]
[-3, -4, -15, -9, -3, 4, 7, -1]
[2, -2, -7, -35, -42, -12, 0, 13]
[3, -6, -13, -23, -5, -1, -4, -7]
[-2, -3, 2, 33, 16, -3, 0, -5]
[-5, -3, 1, 16, 16, 4, 0, 3]
[2, 2, 0, 2, -14, -6, -5, 2]
[1, 2, 8, 9, -25, -5, -11, -9]
[-8, 1, -3, 2, 6, 1, 9, 11]
[3, -1, -4, -19, -3, 2, 1, 1]
[1, 0, -4, -11, -47, -3, -6, 0]
[-2, -1, 4, 64, 64, -2, 5, -11]
[0, -5, -3, -20, -34, -9, -4, -8]
[-7, 0, 0, 5, 22, 3, -4, 4]
[-4, -2, -8, 1, -37, -4, -3, -12]
[7, 0, -6, -22, 7, 1, 2, -2]
[3, 5, 5, 25, 18, 3, -2, -5]
[-12, -6, 5, 37, 54, 3, -3, -8]
[17, 15, 4, -26, -18, -8, 0, -1]
[-9, 6, 3, 0, -31, -1, 1, 5]
[2, -7, 0, -16, 15, -3, -6, 2]
[5, 1, 0, -3, -16, 0, 0, 6]
[-9, -6, -5, -11, 9, -4, -1, 4]
[2, -2, -3, -9, -28, -6, 1, 4]
[-4, -7, -7, 5, 11, 1, 4, 9]
[5, 1, 7, 12, -1, 9, 4, 5]
[3, 7, 2, -14, -2, 2, 1, 3]
[1, -2, -4, 1, -2, 4, -1, -12]
[-1, 1, -1, -5, 10, 5, 17, -10]
[1, -2, 1, -7, -27, 3, -14, -5]
[-7, -14, -2, 15, 68, 6, 16, -8]
[-6, -1, -7, -64, -110, -17, -12, -8]
[-3, -5, 2, 6, 18, -1, 17, 1]
[13, 28, 9, 2, -11, 2, 11, 15]
[17, 12, 0, 2, 7, -3, 15, -7]
[-7, -9, -1, 14, 16, 0, -1, 7]
[-2, -6, 2, 13, 15, 9, 0, 12]
[3, -12, -5, -7, -1, -6, -11, -7]
[-16, -4, 0, -5, 3, 6, 11, 5]
[-6, -4, 1, 17, 0, -9, -4, -13]
[0, 6, 0, -21, -16, 2, -7, -4]
[12, -2, -5, 9, 9, 10, 3, 2]
[-1, -6, 4, 7, -2, -6, -12, -3]
[-8, -9, -3, -3, -4, -2, 3, -3]
[8, -7, -3, 6, 4, 1, -7, -1]
[-10, 9, -8, -6, 7, 1, 3, -1]
[-6, -1, -4, -28, -70, -12, 1, -3]
[5, 5, 9, 11, 50, 5, 5, -2]
[-4, -6, 1, 12, 4, 5, -8, -1]
[0, -5, 8, 38, 84, 12, 3, -1]
[-7, -6, 0, -18, -9, -12, -13, -1]
[-4, -9, -5, -8, -10, -1, -5, -1]
[-3, 13, 0, 2, 12, 6, -2, 0]
[-5, -8, -2, 6, -1, 4, 0, -6]
[16, 7, 0, 20, 3, 4, -1, 7]
[-7, 1, 4, 13, 7, -2, 4, 12]
[-11, -17, 0, -10, 0, 1, 0, 7]
[3, 22, 0, -9, -27, -2, -1, -3]
[-5, -11, -4, -11, 8, -2, 1, 4]
[15, 10, -8, -17, -23, -5, -4, -2]
[5, 17, 7, -4, -4, 1, -4, -4]
[-7, -2, -2, -17, -15, -2, -1, 0]
[-2, -2, -5, -5, -14, -3, -7, -1]
[5, 2, -2, -9, -11, -2, 0, -3]
[-7, 1, -2, 10, 33, -2, -3, -1]
[-3, -8, -2, -6, -30, -3, 2, 1]
[-5, -2, -4, -11, -8, -9, -16, -10]
[-5, -4, 2, 1, -11, 3, 12, 12]
[-5, -8, -2, -3, 16, -9, 0, -10]
[-5, -2, -3, -12, -33, -4, -5, 0]
[-2, -6, -1, -3, -11, 4, 3, 1]
[1, -1, -3, 16, 12, -4, -6, -15]
[6, -1, -4, -16, -11, 6, 9, 18]
[-6, -7, 0, -6, 19, -1, -7, -16]
[-3, -6, 3, 12, 9, -2, -20, 7]
[4, 1, 0, 3, 6, 0, -3, -5]
[3, 4, 5, 7, -8, 2, -1, -5]
[11, 15, 1, 17, 9, 3, 5, 2]
[5, -4, -7, -7, -6, -1, -1, -2]
[9, 11, -2, 0, -4, -3, 0, 2]
[3, 5, -5, -11, -27, -5, 0, 0]
[-5, -12, -4, -10, 7, -5, 4, 4]
[-5, 9, 7, 10, 21, 4, 3, -2]
[1, 2, 4, 8, 26, 4, -2, -1]
[-1, -8, -9, -15, -27, -7, -3, -5]
[0, -4, 3, -3, -14, 3, 2, 2]
[1, 4, 0, 21, 46, 0, -1, 0]
[-5, -2, 0, -12, -33, -1, -4, -3]
[-4, -6, -2, -8, -36, -5, -5, -1]
[-1, -8, -3, -5, 7, 1, 0, 3]
[-1, -3, -3, 13, 40, 7, -1, -1]
[-3, -6, 6, -5, -28, 0, 15, 1]
[1, 3, 1, -2, -33, -5, -1, 0]
[-3, 0, 2, 3, -28, -4, 7, 5]
[3, -2, 0, -8, -19, 0, -8, -3]
[-3, 1, -5, 3, 24, 1, -5, -6]
[-2, -3, -2, -7, -37, -6, -5, 4]
[1, 8, 0, 12, 27, 6, 5, 0]
[1, -4, 3, -5, 6, -1, -3, -14]
[-1, 0, -3, 0, 17, -3, 1, 28]
[0, 6, 0, 5, -1, 3, -2, -7]
[-2, -3, -3, -6, -10, -2, -4, -4]
[-1, 2, 1, 0, 2, 0, 6, 4]
[1, -2, 0, -1, 9, -3, -5, -9]
[-6, -2, 0, 2, 2, -1, -1, -4]
[-2, -7, -5, -4, -3, 1, -1, 3]
[0, 3, 7, 10, 3, 5, 6, 2]
[0, -2, -1, -5, -26, -6, 0, -4]
[1, 0, -3, 8, 30, 1, -2, 2]
[1, -3, 1, -1, -7, -4, -4, -4]
[-3, -1, -3, -2, -6, 0, 5, 0]
[0, 3, 1, 6, 26, 6, -6, -6]
[5, 5, 3, 8, 38, 9, -2, 9]
[-2, -1, -3, -13, -80, -5, 0, -1]
[-8, -7, -8, -13, 12, -4, -3, -4]
[4, -5, -3, -5, -28, -8, -7, -4]
[-1, 0, 0, 10, 56, 7, 1, 4]
[-2, -3, 0, -2, -40, -5, -2, 1]
[-2, 0, -1, -4, -17, -1, 4, 4]
[-3, -4, -3, 1, 11, 1, -2, -7]
[0, 0, -4, -8, -11, -4, 7, -2]
[-5, 0, 2, 16, 63, 3, -7, -7]
[-1, 5, 3, -5, -33, 0, -10, 2]
[0, 4, 5, 4, 31, 3, -2, 0]
[-3, -2, -1, -9, -56, -6, -1, 0]
[1, 1, -1, -2, -4, -6, 2, 2]
[2, -10, -4, 2, -2, -2, 0, -3]
[4, 10, 0, -7, 9, 3, 4, 1]
[-10, -1, 5, 1, -2, -7, -4, -11]
[1, 5, -2, 5, 45, 8, 5, 2]
[4, 4, 2, 3, -12, 0, 2, 2]
[-4, -5, 0, -6, -40, -5, -2, -4]
[6, -5, 0, 0, 29, 1, 3, 0]
[1, -6, 3, 2, -13, -4, -4, -4]
[1, 0, -2, -6, -12, -1, -5, 0]
[-4, 1, -2, 3, 38, 6, 12, 1]
[-6, -4, -6, -5, -40, -7, -9, -8]
[-5, -8, -3, -6, 11, 2, -2, 2]
[2, 0, 8, 14, 36, 1, -2, 2]
[-1, -3, 1, -15, -64, -8, -5, -1]
[-3, 5, -2, 3, 13, 0, 0, -5]
[4, 2, -2, 7, 20, 6, 4, 9]
[-2, 1, -3, -4, -12, -4, 7, -1]
[-4, -12, -6, 2, 11, 4, -2, -1]
[8, 6, 0, 2, 2, 2, 2, 1]
[-2, 2, 3, -3, 1, 1, -7, -8]
[1, 0, -4, 1, 9, -2, 9, 12]
[-2, 0, 1, -1, 0, -3, -15, -4]
[0, -3, 2, 4, 16, 1, -5, 2]
[-1, -5, -3, -5, -15, -1, 4, -3]
[-3, 2, 1, -7, -4, -2, -5, -5]
[0, -2, 3, 6, 14, -2, 7, 1]
[-3, -4, -3, -13, -17, -3, 4, 0]
[1, 0, 2, 23, 38, 0, -3, -3]
[0, 0, -6, -19, -46, -7, -3, -10]
[0, -1, -5, 4, 43, 3, 0, 8]
[0, 0, -1, -11, -38, -4, -7, -6]
[-1, 0, 6, 14, 27, 11, 3, 1]
[0, -3, -2, 1, 10, -1, -5, 2]
[-4, 0, 0, -4, -2, -5, 0, -4]
[1, 0, 5, 4, 14, -2, -1, -8]
[2, 8, -1, -9, -20, 0, 4, 19]
[5, 1, 4, 12, 20, 7, 2, -3]
[2, -5, -5, -2, -17, -4, 0, -1]
[0, 0, 0, 1, 14, -1, 1, 0]
[1, -3, -5, -7, -3, -4, -1, -9]
[-3, 1, 1, -1, -6, 1, -2, -1]
[0, 0, -1, -12, -34, -2, 1, 2]
[-4, -2, -1, 7, 18, -1, -1, 0]
[-4, -3, -2, -9, -47, -4, -5, -4]
[-2, 1, -8, -3, 6, 1, 4, 4]
[0, -1, 3, 1, -5, -3, -1, -6]
[-2, -1, -1, -3, -4, 3, 0, 5]
[-2, -10, -1, -2, 16, 1, -1, -4]
[3, -1, 2, 8, 6, 2, 0, -2]
[-4, 1, -3, -6, 3, -4, 10, 2]
[0, 3, 4, -1, -28, -5, -9, -3]
[-2, 0, 1, 2, 17, 2, 0, 0]
[-1, -4, -3, -5, -22, -1, -6, -11]
[2, 0, 0, 7, 28, 1, 6, 0]
[1, 1, -2, 4, 12, -1, 1, 4]
[0, 1, -2, -1, -1, -3, 15, 0]
[-1, -2, 0, -1, 1, 0, 2, 3]
[-1, 1, -2, 8, 2, -1, -6, -2]
[-1, -7, -3, -15, -42, -6, -3, -1]
[0, -3, -1, -4, 3, -3, -8, -1]
[-4, 5, 0, -4, 3, -1, -1, 1]
[1, -1, 0, 6, 19, 1, -2, 3]
[-1, 2, 2, 8, -2, 5, 4, 4]
[-1, -3, -8, -19, -36, -3, -1, 0]
[4, -3, -1, -1, -10, -1, 2, 0]
[0, 4, -1, 0, -20, 0, -5, -4]
[0, -3, 0, 7, 27, 0, 0, -2]
[1, 2, 4, 10, 25, 7, -1, -3]
[-4, -5, 0, 1, 4, 1, -4, 3]
[0, 0, 1, -6, -46, -3, -2, -2]
[-2, -5, -6, -12, -5, -4, -5, -10]
[0, 7, 3, 26, 74, 7, 6, 16]
[-4, -2, -1, -19, -75, -6, -1, 1]
[-2, -3, -2, -4, 7, 0, 1, -2]
[0, -3, -2, 3, 19, 3, 5, -3]
[2, 5, -1, -11, -9, -5, -3, -6]
[4, 1, 3, 7, 20, 0, 7, 2]
[3, -3, 1, -5, 1, -1, -7, -1]
[-1, -3, -5, 3, -4, -2, -5, -1]
[-2, -4, 1, -3, 6, 0, 1, 0]
[-5, 4, 4, 8, 23, 3, -4, 2]
[-9, -1, 0, 0, -17, 0, 9, -4]
[0, 2, 3, 5, 31, 1, 3, 2]
[1, -6, 1, -3, -16, -5, -2, -1]
[4, 3, -5, -3, 4, -1, -6, -4]
[1, 1, -3, -2, -2, 2, 1, 7]
[2, -2, -2, 2, 8, 1, -18, -4]
[2, 0, -1, 0, -25, -3, -4, -4]
[-3, -7, 0, 2, 6, 3, 2, -4]
[2, -2, 0, 17, 37, 2, 0, -1]
[1, 4, 6, -6, -4, 3, 11, 4]
[-2, 1, 0, -9, -32, 1, -3, -1]
[0, -1, -3, -15, -12, -6, -3, 0]
[1, 4, -1, -5, -17, 0, 0, 3]
[-1, -1, -2, 4, 24, -1, 3, 2]
[-3, -3, -7, -10, -33, -3, -3, -1]
[-1, -1, 1, 23, 46, 3, 7, 1]
[-3, -1, -1, -12, -32, -7, -3, -4]
[0, -3, -2, -3, -2, -3, 0, 2]
[3, -1, 0, -1, 10, 0, 1, 0]
[4, -2, -2, 4, 1, 3, 2, 2]
[-1, 1, 0, 2, 3, -2, -8, -3]
[1, 0, 5, 1, -5, 1, 1, 3]
[-3, -3, -2, 3, 21, -2, -2, 0]
[1, 0, 1, -12, -9, -2, -2, -4]
[-1, -1, 2, -12, -24, -4, -1, -3]
[-3, 1, -1, -4, -11, -1, 2, 0]
[-1, 0, -2, 3, -2, 2, 3, 1]
[-1, 1, -4, 5, 18, 2, 2, 2]
[0, -1, -5, 7, 26, 2, -1, -1]
[-3, 0, 3, -8, -13, 0, 2, 2]
[-5, -5, 1, 2, 11, -1, -4, 0]
[0, -1, 0, -1, -6, -1, -4, -1]
[-2, 2, 3, 1, 5, 0, 2, -1]
[-1, 0, -2, -1, -1, -1, 4, -2]
[-1, -2, -1, -1, 18, 3, -1, -1]
[2, -1, -2, -4, -8, 1, 0, -1]
[2, -3, -2, 4, 29, 1, 0, 0]
[2, -3, -6, 2, -23, 0, 0, -1]
[2, 2, 1, 1, -14, -5, -4, -1]
[-3, -1, -5, -7, -38, -2, -3, -5]
[-2, 0, 0, 2, 12, -2, 0, 9]
[-4, 3, -3, -9, 5, -3, -4, -2]
[1, -3, 3, 3, 19, 2, 1, 1]
[-4, -1, 4, 2, 19, 2, -3, -5]
[-4, 0, 3, 0, -12, -1, -8, -6]
[1, 3, 3, 7, 16, 4, 3, -2]
[7, -3, 0, -8, -26, 0, -2, 4]
[6, -7, -4, 0, 45, 3, 3, 8]
[-4, 0, -4, -3, -29, -5, -12, -9]
[0, -3, -6, -1, -10, -8, 0, -2]
[-3, 3, 1, 11, 34, 4, 3, -2]
[-4, 3, 1, -4, -5, -5, -2, 0]
[-3, 2, 5, -12, -27, -5, 2, 1]
[-4, -5, -2, 1, 20, 7, 2, 1]
[2, 1, 1, 6, 6, -1, -3, -2]
[0, 3, -1, 0, -13, 2, 4, 2]
[-9, -5, -1, 10, 17, -1, 2, -1]
[8, -7, -5, -5, 1, -1, 0, 2]
[-2, 6, -5, -12, -21, -2, 1, 0]
[-2, 1, 1, 10, 26, 0, 1, 2]
[3, 2, -1, -8, -6, -3, 3, -2]
[-5, 0, 1, -7, -7, -5, -3, 0]
[0, -2, -1, 3, 7, 6, 3, 1]
[-1, 7, 4, 8, 54, 1, -2, 0]
[-2, -5, -4, -17, -83, -8, -6, -5]
[2, -2, -9, 0, -17, -1, -2, 1]
[-2, 2, 4, 3, -21, 0, 2, 0]
[1, -7, 6, 12, 50, 3, 3, 4]
[9, 5, -3, -12, 22, -3, 0, 3]
[-2, -3, -3, 25, 87, -1, -4, -2]
[7, 3, -3, -29, -108, -12, -3, 0]
[-12, -2, -6, -29, -63, -6, -2, -1]
[-3, -8, 2, 11, 32, 6, -1, -4]
[4, 2, 3, -2, -9, 5, 0, 0]
[6, -6, 0, 6, 55, 3, 1, 1]
[6, -1, 5, 53, 82, 11, 0, -2]
[5, 10, -2, -16, -35, -12, 1, 5]
[-7, -2, -8, -43, -10, -13, -2, 1]
[-4, -2, 2, 14, 13, 11, 5, -6]
[-3, -5, -14, -39, 21, -6, -2, -5]
[-1, -2, 6, 74, 121, 14, 1, -1]
[-1, 1, 10, 13, -64, -8, -1, -1]
[-1, 3, 8, -9, 24, -6, -5, 5]
[-1, 0, -1, -11, -22, 3, -2, -2]
[-7, -1, -7, -26, -22, -2, -1, 6]
[1, 3, 1, 29, 32, 7, 5, 1]
[0, -7, -10, -33, -53, -9, -8, 3]
[0, 6, 5, 8, 9, 0, 2, -1]
[1, 2, 7, 46, 10, 9, 4, -3]
[-2, 1, -12, -68, -53, -12, -15, -9]
[-1, -1, -1, 12, 15, 6, 2, -3]
[-9, -22, -2, 12, 51, 2, 1, -2]
[8, 13, 1, -34, -67, -14, -13, -6]
[3, -4, 5, 23, 26, 3, 11, -2]
[2, 4, -4, -38, 26, 0, 2, -2]
[-5, -6, 3, 74, 62, 15, 1, -1]
[-11, -16, -10, -69, -57, -11, 26, 1]
[0, 5, 1, 56, 85, 10, -15, 11]
[-10, -8, -9, -41, -16, -4, -11, -10]
[13, 23, 9, 4, 21, 6, 4, 2]
[-3, -14, -6, 14, -2, 2, -4, -14]
[11, 12, 2, -12, 30, 2, 8, 3]
[3, 0, 9, 52, 87, 7, 3, 2]
[-2, -6, -7, -43, -54, -6, -10, -4]
[-4, 2, -4, -5, -84, -18, -5, 1]
[-11, -6, -5, -51, -13, 1, 1, -1]
[-8, -8, -2, 33, 1, -9, -7, -7]
[1, 9, 2, -27, -98, -4, -5, -14]
[3, 3, 7, 61, 127, 19, 18, 20]
[-2, -15, -19, -87, -95, -14, -6, 5]
[-4, -9, 4, 22, -64, -7, 0, -3]
[0, 5, -2, -12, -28, -6, 16, 1]
[-2, -8, -11, -57, -84, -25, -6, -7]
[-6, 2, 20, 118, 127, 14, 8, -4]
[6, 6, 5, -34, 12, 16, 11, 5]
[-3, -12, -17, -23, 4, -22, -24, -1]
[-5, 5, 4, 31, -3, -13, -2, -17]
[-10, -9, -2, -51, -13, -4, -3, -16]
[9, -1, -3, -8, 49, 12, -1, 25]
[2, 2, 3, -44, -54, -3, -4, 4]
[-5, -4, -2, 2, 10, 4, 24, -9]
[2, 0, 2, 9, 23, -3, -4, -12]
[-10, -8, 2, 8, -103, -5, 12, -20]
[17, 3, 6, 55, -15, -7, -7, 13]
[0, -7, -7, -47, -15, 0, -15, 6]
[-3, -9, -12, -35, -128, -19, -2, 0]
[13, 13, 10, 5, 127, 24, 11, 0]
[-10, -12, -3, 1, -95, -29, 1, -6]
[-7, -5, -11, -35, -52, -12, -17, -9]
[-4, 1, 5, 57, 34, 17, 1, -5]
[-11, -13, -19, 27, -10, -17, -13, -10]
[0, 4, 6, -27, 9, 1, 10, 6]
[5, -2, -1, 29, 82, 23, 7, 15]
[11, 16, 5, -24, -36, -22, 1, 3]
[-4, -6, -21, 22, -42, -20, -48, -28]
[9, 11, 26, 102, 127, 54, 31, 20]
[0, 3, 10, -42, -99, -18, -7, -11]
[2, -5, 14, 9, -5, 12, 2, 14]
[6, 7, 18, 35, 59, 8, 8, -9]
[-1, 1, -7, -34, 1, -21, -3, -6]
[-8, -4, -3, -8, 28, 8, -20, -2]
[-5, -10, 1, 53, 125, -2, -5, -9]
[0, -2, -17, -108, 44, 10, 12, 13]
[-3, -3, -13, -16, -128, -46, -9, -3]
[3, -8, -12, 3, 103, 75, 27, 14]
[-4, -1, -11, -33, -88, -34, -21, -17]
[-13, -9, -28, -99, -40, -38, -13, 3]
[0, 2, -6, -33, 58, 30, -2, -1]
[-4, 6, 25, 97, 110, -3, -17, -18]
[2, 1, -6, -71, -86, 18, 8, 14]
[12, 4, 13, 51, -65, 17, 60, 21]
[4, 8, 13, 86, 43, 75, 19, 7]
[-7, -5, -17, -64, 37, -66, -29, -47]
[11, 15, 10, -8, 107, 15, -5, 18]
[-3, 9, 7, -55, -119, -22, 5, 2]
[-3, -1, 2, 49, 84, 33, -6, -15]
[10, 7, -2, -5, 35, 21, 26, 27]
[2, 1, -11, 36, -3, -29, 3, -14]
[2, 2, 9, -18, 47, 25, -4, 8]
[-9, -19, -14, 19, 111, -51, -8, -4]
[13, 14, 26, -28, -27, 5, -9, 0]
[-4, -16, -7, 8, 36, -4, -6, 0]
[0, -1, 16, 102, -22, -31, -26, -1]
[-7, -2, -26, -60, -84, -17, 3, -10]
[0, 0, 8, 26, 68, 9, 10, 10]
[-1, -5, -23, -63, -94, -28, 0, -5]
[0, 5, 23, 13, 47, 0, -10, 0]
[4, 2, 10, -114, 72, 7, 6, -5]
[-4, -7, -11, -8, -104, -58, -21, -2]
[7, -1, 6, 73, 114, 32, 2, 17]
[-3, -4, -24, 3, 55, -4, -11, -12]
[4, 11, 34, 62, 49, -28, 1, 16]
[0, 5, 26, 101, 28, 28, 8, -4]
[-15, -8, -16, -92, -67, -56, -25, -16]
[6, 0, 18, 0, 9, 22, 13, 17]
[-1, -8, -18, -55, 9, -14, -4, -2]
[0, 2, 10, 108, 94, 12, -14, 3]
[-4, -11, -19, -3, 44, 45, 7, -11]
[-2, 2, 11, -4, -15, -27, -4, -9]
[2, 7, -2, -113, -6, 16, -7, 9]
[9, 15, 29, 52, 58, 30, 13, 5]
[-13, -12, -26, -76, -64, -56, -20, 8]
[9, 3, -8, 46, -34, 7, 11, 3]
[17, 17, 27, 31, 29, 54, 23, 17]
[-7, -21, -57, -128, -59, -47, -42, 12]
[7, 24, 45, 59, -16, 26, 5, -10]
[-3, -3, -2, -25, 20, 36, 7, -8]
[-11, -15, -17, 37, -99, -34, -27, -16]
[2, -7, 4, 85, 57, -6, 19, 7]
[-4, -4, -29, -37, -48, 29, 15, -6]
[-5, -11, -17, -41, 37, -2, -17, -7]
[3, 36, 63, 82, 1, 36, 12, 9]
[0, -17, -41, -128, 40, 20, 13, -5]
[-5, -17, 9, -1, 70, 32, 9, -5]
[17, 38, -10, -1, 127, 36, 23, 28]
[-15, -14, 7, 0, -128, -86, -29, -17]
[-4, 15, 29, 104, 35, 2, 4, 2]
[5, 6, 24, 62, 127, 37, 15, 1]
[-6, -11, -11, -49, -64, 16, -5, 2]
[0, -2, -22, -95, 71, 48, 13, 6]
[-9, -19, -38, -34, -119, -23, -18, -17]
[8, 3, 6, -47, -69, -40, 57, 12]
[-10, -5, 8, 26, 48, 2, -28, -8]
[8, -5, -10, 48, -10, 7, -17, 0]
[-2, 1, 18, -10, -72, -3, -10, -12]
[2, -5, -16, -34, -36, -55, 0, 16]
[-3, -1, -11, -86, -25, 37, 6, 10]
[-4, -9, -14, -42, -111, -29, -12, 1]
[10, 25, 15, -35, 62, 24, 23, 21]
[3, 9, -7, 22, -15, 0, -9, -10]
