[4, -9, -42, -37, 28, 46, 5, 0]
[-4, -18, -3, 52, 118, 30, 5, 3]
[-3, -2, 13, -31, -6, -28, -5, -1]
[-3, 7, 46, 127, -46, -62, -23, -13]
[3, 4, 41, 61, 127, 77, 29, 12]
[10, 11, 22, -34, 48, 36, 12, 7]
[1, 1, -29, -125, -54, 41, 5, -6]
[4, 8, 1, -33, 127, 75, 15, 11]
[3, 5, 1, 95, 53, -8, 3, 4]
[15, 13, 9, -128, -1, 32, 20, 9]
[-3, 9, 2, -34, 127, 91, 27, 20]
[0, -12, -64, -43, -82, -93, -29, -14]
[0, 7, 27, 25, -48, -34, -1, 8]
[10, 11, 5, 90, 59, 73, 0, -1]
[9, 20, 63, 127, 68, -8, 4, 2]
[8, -2, -38, -79, -96, -38, 7, 12]
[-5, -15, -56, -121, -128, -97, -20, -13]
[6, -6, -4, -81, -95, -39, -4, 6]
[-24, -14, 6, 123, -125, -128, -49, -35]
[1, 4, -9, 22, 81, 55, 9, 4]
[21, 25, 39, -31, 93, 90, 23, 17]
[-12, -17, -32, 61, 56, -6, 7, -2]
[7, 8, 23, 51, -38, 32, 9, 10]
[-4, 5, -1, -82, -42, -51, 0, 1]
[0, 16, 43, 77, -77, -9, -8, -11]
[-7, -6, 0, -72, -95, -38, -15, -14]
[4, -8, -16, 73, 62, 77, 14, 19]
[-3, -6, 0, -43, 62, 9, -5, -11]
[-2, -5, -12, -108, -91, -34, -21, -5]
[4, -5, -63, -36, 88, 46, 8, 1]
[6, 11, 50, -21, -35, -40, -6, -3]
[-8, -5, 1, -28, 53, 25, 8, 2]
[-6, -14, -41, -14, -12, 62, 13, 0]
[-9, -3, -5, -84, -65, -33, -11, -5]
[2, 8, 26, 9, 57, -75, -3, -1]
[-1, -3, 2, 127, 23, -1, -7, -2]
[13, 20, 70, -1, 74, 49, 5, 1]
[1, 2, -16, -51, -49, 44, 20, 10]
[-3, -15, -69, -101, 8, -40, -9, -13]
[-1, 15, 58, -27, -98, -77, -28, -13]
[10, 3, -24, -77, 43, 57, 26, 22]
[5, 11, 8, -22, 27, -39, -1, 10]
[12, -11, -27, 38, 13, -15, -11, -10]
[3, -12, -46, -47, 14, 57, 9, -3]
[-3, 6, 25, 43, -40, 63, 9, -6]
[5, 0, 7, 25, 26, -64, -16, -3]
[-12, -20, -60, 14, 63, 17, -3, -5]
[-12, -10, 22, 84, -29, -18, -15, -10]
[-19, -23, -59, -87, -36, -48, -16, -14]
[-4, -6, -10, 112, 92, -3, -9, -4]
[2, 11, 36, 29, 18, 64, 10, 4]
[-2, -12, -54, -29, 26, -18, -4, -2]
[2, 13, 65, 90, 100, -4, 4, 1]
[2, 3, 20, 127, 8, 11, -3, -5]
[-6, -16, -77, -128, -113, -16, -6, -2]
[3, 8, 1, -36, 80, 60, 21, 12]
[0, -3, -26, 18, -11, -9, 1, -3]
[0, 8, 16, -10, -74, -10, -6, -5]
[10, 13, 20, -36, -96, 6, 17, 20]
[-5, -2, 8, 9, -25, -14, -9, -8]
[-10, -15, -53, -95, 44, -27, -4, 2]
[-2, 4, 14, -20, 7, 32, 10, 3]
[3, 5, 14, 4, 68, -7, 2, 9]
[-1, 0, 7, 14, 127, -1, -3, 0]
[1, -2, 17, 30, 3, -1, -3, -5]
[6, 3, 30, 46, -17, 11, -1, 0]
[-2, -2, -7, -59, 13, 15, 7, -2]
[6, 9, 34, 127, 96, 14, 4, 5]
[-5, -7, -10, -45, -106, -17, -11, -5]
[-4, -6, -11, -76, -33, -9, 9, 1]
[-7, -6, -4, -7, -5, -7, -7, -8]
[2, 5, 8, 1, -15, 26, 8, 4]
[7, -2, -25, 3, 25, -2, -5, -4]
[1, 6, 25, 26, -7, -4, -5, 1]
[2, 0, -5, -13, -18, 10, -3, 2]
[-6, -8, -3, 0, -15, 4, 8, 2]
[0, 11, -1, 8, -7, -10, -13, -25]
[4, 12, -3, -22, -29, -8, -9, 26]
[3, 6, 7, 30, 30, 7, -5, -3]
[-2, 7, 2, -19, -49, -2, 6, -4]
[-11, -20, -10, -2, -16, -1, -7, -7]
[0, -17, -3, -2, -17, -8, -7, -1]
[0, 17, -7, -68, -54, -7, 34, 51]
[19, 10, 12, 92, 74, 14, -29, -6]
[-2, -1, 2, -18, -37, -10, 2, -1]
[-8, -8, 0, 3, 25, 11, 4, -3]
[-38, -66, -23, -37, -47, -20, -11, -9]
[6, -9, -6, -18, -29, 0, 6, -22]
[11, 23, 2, -8, 15, -2, -1, 5]
[38, 30, 9, -18, -6, 1, 22, 22]
[2, 13, 2, 5, -35, -4, -24, -17]
[3, -4, 3, -19, -47, -7, 2, 12]
[-3, -26, -7, 7, 17, -5, -10, -9]
[-8, 2, -1, 0, -17, -5, 5, 4]
[-3, 0, -4, -12, 25, 4, 5, -4]
[-14, -25, -6, 8, 14, 1, -28, -6]
[20, 52, 12, 6, 21, 3, 7, 2]
[-7, -4, -6, -17, -22, -9, -4, -7]
[12, 8, 7, 5, 21, 7, 4, 17]
[-19, 0, 8, 47, 81, 13, -1, -2]
[10, -20, -6, -3, 27, 2, 22, 11]
[-13, -10, 1, 2, -39, -6, -19, -36]
[-1, 1, 5, 13, -5, -1, 4, -10]
[1, 6, -1, -50, -47, -2, 12, 22]
[-4, -3, 3, 17, 14, 1, -45, -6]
[-8, -28, -6, -13, 16, 0, 13, 9]
[4, -6, 6, 20, 8, 1, -10, -42]
[0, -6, -5, -10, -30, 0, 12, 44]
[3, 20, 0, 12, 15, 5, 14, 7]
[-11, -6, -3, -30, -16, -11, -21, -23]
[6, 6, -1, -12, -4, 3, 25, 16]
[0, 4, -1, 9, -1, 3, 6, -11]
[-13, -13, -7, -33, -76, -6, 16, 15]
[10, 4, -3, 14, 58, -4, -18, 0]
[-23, 12, 4, -1, -27, 2, -4, -9]
[9, 9, -2, -42, -15, -2, -2, -9]
[-8, -13, -4, 30, 72, 5, 6, 0]
[-3, -7, 0, 36, -2, -1, 4, -9]
[-2, -12, -8, -23, -12, -3, -10, 2]
[-12, -7, -2, -25, -17, 4, 7, 6]
[-12, -15, 3, 6, -6, -5, -18, -14]
[-3, -10, 4, 5, 21, 8, 6, 0]
[4, -8, 2, 46, 39, 5, -5, 4]
[4, 0, -3, -5, -29, -8, -2, -16]
[-9, -10, 0, -13, -10, -9, -19, -7]
[7, 33, 2, -6, -18, 3, 35, 40]
[-3, 0, 0, 6, 13, 0, 1, -4]
[12, 13, 0, -10, -9, -2, 10, -3]
[-1, 9, 3, 19, 22, 0, 8, 9]
[4, 10, -3, -9, 13, 3, -13, -7]
[9, 16, 2, -10, -30, -12, -2, 2]
[-3, 7, 4, 16, 27, 0, 0, -6]
[-1, -4, -6, -3, 28, 3, 3, 4]
[-5, -6, -4, -33, -118, -12, -11, -13]
[4, -6, -3, -5, 40, 4, 2, -1]
[-3, -4, 0, -5, -19, 1, -8, -4]
[-1, -3, 4, -5, -38, 0, 7, 0]
[1, -6, 1, 4, 50, 15, 4, 1]
[-2, -5, 2, 38, 4, 3, -4, -5]
[-4, -7, -5, 3, -26, -1, 0, 0]
[-3, -5, -7, -12, -3, 1, -4, 1]
[-1, -6, 2, 4, 12, 4, -4, -3]
[6, -2, 0, -13, -5, -2, 0, 9]
[-2, 1, -4, -9, -2, -8, -6, -3]
[1, 2, 1, 9, 24, 3, 12, 3]
[-5, 5, 0, -10, -83, -11, -13, -7]
[3, 4, -1, 12, 87, 11, -1, -4]
[-6, 1, -13, -43, -81, -16, 2, -8]
[3, 4, 0, -11, -4, -6, -5, 1]
[1, -1, 0, 27, 55, 2, 8, 12]
[2, 6, 10, -7, -49, 1, 1, -6]
[2, -4, -2, 47, 75, 3, 1, 13]
[-5, -8, -3, -22, 1, -3, -1, -6]
[-1, -6, -4, 2, 27, 2, -4, -6]
[-1, 2, -2, 7, 13, 4, 1, -4]
[0, 1, 4, -7, -7, 6, -2, -1]
[-4, 0, -6, -26, -60, -2, 1, -3]
[2, -6, 7, 33, 47, 4, 3, 0]
[-11, 2, -5, -27, -24, -9, -9, -3]
[-1, 0, -4, -12, -26, -1, 4, -1]
[5, -1, 4, 21, 21, 1, 3, 2]
[1, 3, -2, -14, 5, -3, -12, -2]
[4, 3, 1, 6, 0, -4, -3, 0]
[3, 5, 6, 17, 60, 5, -1, -1]
[2, 3, -5, -7, -65, -4, 2, -1]
[-2, -2, -10, -29, -38, -10, -5, -3]
[1, -4, -3, -1, 9, -3, -6, -5]
[-1, -2, 0, 16, 45, 8, 16, 11]
[-1, -1, 0, -30, -5, -6, -23, -12]
[1, 2, 5, 44, 9, 3, 4, -1]
[0, -2, -3, -30, 2, 0, 0, 1]
[-1, -2, 2, 15, -3, -1, -1, -8]
[-2, -3, -2, 3, 11, 1, 6, 0]
[-4, -2, -4, -16, -13, -1, 1, 0]
[3, 0, 0, 20, 6, 2, 1, 4]
[-1, 1, 2, -15, -7, 4, -3, -2]
[0, -1, 0, 3, -7, 1, 6, 1]
[-1, 4, 0, 6, 19, 2, 1, -1]
[-1, -1, -7, -3, 12, -2, 1, 0]
[-2, 2, -1, -15, 10, 1, -2, 0]
[-5, -1, -4, 7, -19, -6, 5, 3]
[0, 2, 1, -3, 7, -3, -12, -5]
[-1, -2, -2, -5, -50, -2, 3, 6]
[1, 1, 1, 3, 3, -2, -2, -5]
[0, -1, 4, -5, 14, -6, -1, 1]
[4, -1, -2, -5, 31, 8, 6, 3]
[0, -2, 1, 0, 7, -1, -3, 0]
[-3, -4, -1, 4, -15, -3, -6, -2]
[0, -2, -1, 15, 17, 9, 4, -1]
[-4, -2, 2, -20, -32, -2, -2, -5]
[0, -2, 4, 25, 38, 2, -5, -6]
[-3, -2, -4, -35, -30, -7, 1, 6]
[-2, -1, 0, 20, 3, -4, 1, 1]
[0, -1, 3, -5, 31, 1, 0, -2]
[3, -2, -5, 24, -9, 0, 3, 1]
[-1, 0, -3, -33, -37, -7, -5, -9]
[1, 1, 3, 5, 13, 6, 3, 2]
[-5, -2, -6, -2, -10, -3, -1, 2]
[-1, 0, 0, 2, 30, 2, -1, -1]
[0, 0, 2, 11, -16, -4, -7, -2]
[-1, -1, -3, -8, -20, -3, 0, -1]
[4, -2, -6, -13, -19, -3, 7, 5]
[0, -2, 2, -8, 1, 1, 4, 1]
[1, -2, -2, -1, 7, -1, 3, -1]
[1, -1, 0, 3, 9, -2, -4, 3]
[-1, -2, -1, 15, 2, 5, -9, -8]
[0, -2, -1, -6, 2, 1, -1, -1]
[-2, -1, 2, -1, -11, -2, -1, -1]
[3, 1, 0, 5, 15, 1, 1, 0]
[-2, 2, 1, 7, 20, 1, 2, -4]
[-1, -1, -2, 2, 1, 2, 5, 10]
[1, 1, 3, -1, -3, -1, -7, -1]
[-2, -1, -5, -6, 18, -1, -1, 1]
[0, 0, 4, -3, -11, -5, -2, 1]
[0, 2, 0, -2, -20, 0, -2, -6]
[-1, 2, -2, -3, -16, -3, 3, 5]
[-1, 0, 1, -22, 3, 0, -2, -7]
[-2, -1, 0, 39, 55, 2, 2, 7]
[-2, -2, -3, -12, 1, -4, -1, -2]
[1, -1, 0, 0, -2, -1, -2, -3]
[3, -2, -1, 14, 15, 1, 1, -1]
[0, -5, -3, -28, -37, 2, 1, 0]
[1, -1, -1, -15, -8, -2, 1, -4]
[0, 1, -1, 11, 4, -5, 1, -2]
[-3, 0, 0, 3, -10, 0, 0, 2]
[-1, 3, 1, 10, -19, 0, 2, 1]
[2, 0, 1, -17, 5, -1, -1, -1]
[0, -1, 1, 22, 28, 2, -5, -2]
[-2, -4, -9, -17, 3, -2, 12, 2]
[3, 1, 9, 25, -41, 2, 5, 2]
[-2, -2, 0, -1, 34, -2, -3, -1]
[0, 1, 2, 6, 20, 4, -1, -1]
[1, 0, 0, 6, 3, 1, -5, -3]
[2, -1, -9, -18, -31, -9, -3, -1]
[-2, 0, -2, -21, -41, -1, 0, 1]
[-2, -4, -2, -6, -11, -4, -1, 0]
[-1, 2, 1, 8, 1, 1, -3, -2]
[0, -1, -5, -4, 37, 0, 0, 7]
[0, 1, 4, 11, 0, -4, -8, -11]
[-1, -2, -3, -17, -17, 0, 6, 9]
[1, 0, 3, 19, 24, 0, 1, -2]
[-1, 0, -1, -1, 3, -2, -13, -8]
[1, 0, -2, 3, -9, 1, -1, 1]
[-1, 0, -1, 17, 20, 4, -2, -6]
[-3, -4, -1, -10, -6, -5, -1, -2]
[-2, -2, -4, -9, 3, 3, 3, 1]
[-1, -4, -4, -5, -13, -4, 0, -3]
[-2, -1, 6, 31, 22, -1, -1, -4]
[1, 0, -4, -25, -19, 0, -2, 4]
[-2, -1, 1, 7, 20, -1, 3, -1]
[-3, -6, -11, -31, -74, -8, -1, 0]
[0, -2, -2, -2, -3, -1, -2, -2]
[0, -2, -1, 3, -24, -5, 1, -1]
[-1, 0, 4, -9, -11, -2, 0, -1]
[2, 1, 5, 8, 37, 6, 1, 2]
[-1, -2, -4, 11, -11, -3, -3, 1]
[1, 0, 2, -12, -12, 0, -11, -2]
[-1, 0, -1, 6, 36, 0, 7, 0]
[1, 1, -1, 22, 2, 1, -13, -5]
[-1, 3, 2, -26, -1, 0, -2, -4]
[-4, 0, 2, 4, -21, 0, 0, 0]
[-1, -3, -2, -33, -13, 1, -1, 4]
[-1, -1, -2, 19, 19, 0, 3, 1]
[1, 1, 1, 14, 10, 4, 1, 2]
[-2, 1, -2, 5, 30, -3, -3, -3]
[1, -3, -2, -24, -84, -7, -1, -3]
[0, -1, -2, 11, 50, 3, 6, 2]
[4, 1, -5, -23, -52, -6, -3, -7]
[0, -1, -1, -15, -10, 0, 1, 1]
[-2, 1, 2, 31, 40, 6, 3, -1]
[-2, 1, 2, -5, -6, 0, 0, 0]
[-2, -1, -3, -3, 0, -3, -1, 3]
[2, 1, 0, -4, 3, 0, -1, -2]
[-2, -4, -2, 11, 22, -2, -3, -2]
[-3, 0, -4, -23, -40, -3, -2, 1]
[-2, 0, 4, 11, 29, 1, 2, -2]
[0, -2, -1, -7, -27, -2, -2, 0]
[1, 1, 1, 0, -8, 1, -1, -1]
[-2, -1, 0, 19, 42, 4, 5, 3]
[-1, -1, -8, -26, -42, -3, 1, 0]
[-2, 1, 3, 15, 19, -1, -2, 1]
[0, 0, 2, 6, 18, 0, -3, 0]
[-2, -3, -2, 1, -26, -4, -2, -2]
[2, -2, -1, 19, 50, 0, 2, 1]
[2, -2, 5, -18, -33, -1, 3, 0]
[2, 3, -2, -8, 6, 2, -3, -2]
[1, 0, 0, -1, -1, 0, 1, 1]
[-1, 0, -3, -6, 6, 0, 2, 0]
[-2, 2, 2, 14, 9, 3, 6, 1]
[-1, -1, -6, -3, -8, -2, -2, -1]
[-1, -1, -3, 3, -10, -1, -2, -3]
[1, -2, 7, -1, 0, -4, 0, -1]
[2, -1, -5, -1, 6, -1, 0, 2]
[-1, 0, 0, 3, -20, -1, 2, -1]
[2, 2, 4, -17, -23, 2, 0, 0]
[-3, -2, -4, 3, -15, 1, -1, -3]
[-1, -1, -2, 5, 45, -1, -3, -2]
[-2, -2, -3, 3, -13, -1, -7, -1]
[1, 0, 0, 11, 9, 0, 5, 1]
[-2, 1, 1, -19, -22, -3, 0, 1]
[1, 4, 5, 21, 44, 4, 1, 3]
[-2, -2, 0, 0, 24, 3, 1, -1]
[-1, -1, -3, -32, -21, -8, -4, -4]
[-1, 0, 3, 33, 36, 3, 0, 0]
[-4, -5, -8, -13, -42, -1, -2, 0]
[-1, -1, -1, -6, 6, -1, 2, 0]
[-2, 1, -2, 5, -15, 0, -2, 1]
[0, -2, -5, -21, 9, -4, -3, 1]
[1, 1, -1, 11, 7, 1, 6, -1]
[-1, 2, -4, -4, 1, 0, -1, -1]
[-2, -1, -1, -16, -30, -2, 0, -2]
[0, 4, 4, 29, 42, 8, 2, -1]
[0, -4, -2, -7, -42, -7, -4, -2]
[-2, -2, -5, -17, 25, 3, 0, 2]
[1, 0, 2, -8, -11, 5, -1, 2]
[1, -4, -6, 0, -40, -5, -4, -1]
[1, 3, 19, 23, 10, 4, 1, 1]
[0, -1, 3, 8, 39, 0, 2, 0]
[-1, -2, -1, 14, 32, 3, -1, -1]
[-3, -4, -2, -28, -32, -8, -3, -3]
[0, -1, -6, -12, -45, 0, -3, -1]
[-2, -3, -3, 1, -10, -5, -3, -2]
[3, 0, -5, -10, 14, 1, 2, -1]
[-1, 1, 5, 20, 45, 6, 0, 0]
[-1, -1, -5, -31, -4, -12, -4, -3]
[-1, -1, 0, 1, -20, 1, 1, 0]
[-2, 0, 1, 15, 5, -5, -2, -1]
[-1, 2, -6, -23, -16, -4, 1, -1]
[-3, -3, -3, 18, 29, -1, -2, -1]
[2, 3, -4, -26, -51, -3, 0, 0]
[-1, 1, 8, 15, 9, 3, 0, 0]
[-1, -2, -3, 5, -22, -2, -1, 0]
[0, 2, -3, -19, 29, 5, 2, 0]
[0, 1, 0, 19, 30, 7, 3, 0]
[1, 1, 4, 4, 15, -2, 1, -4]
[-2, -3, -3, -32, -59, -7, -3, -2]
[1, 0, 2, 56, 23, 0, 0, 1]
[3, 2, -5, -24, 22, -1, -1, 0]
[3, 1, 5, 27, 20, 5, 1, 3]
[-2, -2, -4, -20, 6, -4, -3, 0]
[-3, -5, -18, -55, 1, 4, -3, -1]
[-1, 3, 24, 26, -12, -6, -3, 1]
[-5, -5, -6, -43, -8, -6, -3, -2]
[1, 3, 10, 94, 87, 15, 2, 1]
[-1, 1, 5, 12, -55, -8, -3, 1]
[0, -4, -22, -43, -18, -11, 2, -2]
[1, 3, 7, -24, 5, 12, 6, 0]
[-2, -4, -8, -72, -78, -29, -8, -3]
[1, -4, -8, -14, 16, 4, 1, 2]
[0, -1, 2, 63, 71, 15, 1, -1]
[0, 3, 2, -15, -85, -12, -5, -1]
[-2, -2, -2, 29, 57, 16, 6, 1]
[1, 1, 5, -27, 53, 4, 1, 2]
[3, -1, -6, -45, -96, -12, -4, 2]
[0, -5, 2, 30, 89, -7, -2, 0]
[3, 2, 7, 28, 13, 24, 5, 1]
[-1, -5, -8, -20, -69, -10, -5, -3]
[1, 10, 34, 82, 112, 17, 3, 2]
[-8, -9, -24, -88, -88, -13, -6, -6]
[-1, -3, -14, -41, -68, -21, -1, 0]
[1, 3, -3, 45, -1, -2, -2, 2]
[-3, -3, -1, -55, 13, -29, -3, -3]
[1, -2, -13, 23, 77, 32, 1, 1]
[0, 2, 18, 34, 120, -22, -3, 0]
[0, -1, -9, 19, 74, 28, 4, 2]
[-1, -3, -11, -9, -116, -37, -6, -2]
[2, -4, -2, 73, 55, -11, 0, -5]
[4, 2, 12, 8, -25, 10, 5, -2]
[3, 0, 4, -62, -4, 2, 0, -1]
[5, 1, -9, 50, 43, 42, 15, 4]
[1, 3, 7, 14, 64, 20, 1, 3]
[-3, -5, -25, -89, -111, 0, -5, -2]
[-6, 4, 24, 66, -45, -3, 4, -3]
[-5, -1, -17, -56, 9, 4, -3, 1]
[1, 5, 14, 50, 85, 59, 9, 1]
[-6, -6, -15, -35, -18, -44, -16, -12]
[5, -2, -12, -81, -103, 3, 11, 5]
[2, 0, 20, 75, 59, 5, -2, -1]
[2, -3, -24, -94, 20, 73, 23, 8]
[-3, 1, 15, 7, 63, -40, -12, -1]
[-5, -7, -34, -14, -67, -2, -5, -5]
[-13, -9, 2, 78, 19, 11, -3, -12]
[-14, -10, 11, -58, -15, -46, 0, 0]
[19, 39, 65, 115, 124, 90, 26, 13]
[-1, 12, 44, -107, -61, -112, -31, -9]
[-2, 3, 6, -28, -3, -26, 0, 2]
[-14, -20, -18, 86, 49, 3, -11, -14]
[1, -3, 1, 47, 42, -16, -7, 5]
[0, -9, -41, 85, 127, 67, 12, 0]
[2, 14, 57, 52, -93, -12, -2, 0]
[9, 3, -15, -114, -121, 30, 17, 16]
[-7, -9, -31, 32, 89, 12, 12, -2]
[4, -2, -27, 1, -47, 21, 12, 11]
[3, 4, 10, -43, 29, -16, 2, -1]
[9, 10, -11, 70, -65, -7, -3, 0]
[-6, -1, -4, -128, -114, -66, -16, -7]
[-1, -5, -3, 111, 65, 86, 6, -2]
[-5, -17, -84, -128, 40, -14, -1, 2]
[2, -3, -30, -106, -35, -4, 1, 0]
[9, 22, 87, 8, -40, 48, -5, 2]
[13, 17, 46, 94, 90, -26, 0, 9]
[-7, -27, -85, -48, 44, 43, 7, -6]
[1, 13, 97, 72, -3, -35, -18, -12]
[-1, -22, -64, 59, 55, 35, 6, -3]
[-15, -27, -39, -128, 103, 93, 5, -11]
[12, 19, 20, 5, 119, 96, 9, 12]
[-3, 8, 12, -41, -35, -75, -1, 3]
[-12, -15, -55, -128, 75, 61, 17, -1]
[6, 7, 0, -18, 68, 32, -9, 2]
[-2, -6, -6, -35, -25, 14, 6, 6]
[0, 3, 2, 56, 45, 5, -2, -2]
[12, 18, 43, -23, 35, 10, 12, 11]
[-4, -7, -45, -6, 83, -10, -4, -7]
[9, 22, 43, -71, -85, -24, 0, 5]
[-3, -8, -9, 69, -57, -56, -18, -6]
[-11, -17, -12, 12, -89, -50, -17, -10]
[3, -10, -6, -63, -38, -30, 9, 3]
[6, 1, -35, -50, 7, 67, 9, 1]
[-1, 5, 42, 14, -106, -107, -32, -12]
[-4, -11, -25, -57, -37, -17, -9, -6]
[-3, 9, 28, 79, -51, -77, -26, -10]
[0, -5, -21, -76, -125, -124, -16, 0]
[12, 13, 20, 49, 126, 95, 16, 6]
[-12, -16, -41, 62, 12, -41, -28, -21]
[11, 18, 55, -120, -104, -18, 4, 16]
[2, 10, 86, 117, 28, 63, 10, -2]
[7, -6, -38, -63, 99, 42, 23, 16]
[-3, -5, -15, 33, 28, 25, 11, 5]
[-8, 3, 32, 11, -128, -67, -20, -9]
[-3, -8, -11, -35, -20, -12, -15, -4]
[-15, -13, -12, -43, 60, 35, -4, -15]
[20, 6, -25, 4, 79, 1, 20, 18]
[-16, -17, 0, -23, 1, -2, -3, -10]
[-3, -14, -52, -36, -111, -61, -3, 7]
[2, 4, 34, -11, -71, -58, -6, -9]
[-9, 2, 3, -124, -80, -13, -5, -4]
[19, -7, -22, -7, -20, 23, 15, 15]
[-2, -4, 4, 15, -40, -24, -11, -7]
[-2, -24, -54, -106, 20, 2, -8, 2]
[13, 27, 90, 127, -55, 17, 11, 5]
[2, 11, 1, -53, 7, 9, 18, 8]
[-18, -16, -1, -9, 72, 18, -15, -19]
[-1, 2, 0, 57, -30, -34, -10, -7]
[-8, -8, -5, -6, -28, 15, 3, -4]
[-8, -9, -29, 9, -9, -85, -24, -10]
[5, 4, 14, 33, 16, -16, 1, 8]
[-13, -12, -35, 43, 39, 67, 10, -4]
[-4, -7, -16, -58, -28, -81, -20, -6]
[-2, -4, -1, -26, -17, 39, 12, -3]
[-11, -31, -68, -82, 93, -14, -14, -7]
