[-4, -5, 2, 69, 78, 6, 10, -10]
[-9, -9, -16, -66, -6, -1, 3, -2]
[-4, -13, -25, -95, -99, -63, -5, -5]
[-1, 6, -1, 87, 89, 20, -12, 1]
[4, -12, -5, -7, -52, -45, -3, -2]
[11, -15, -10, 71, 127, 43, 26, 14]
[-9, -3, -9, -100, -102, -31, -1, -14]
[-2, 8, 21, 96, 63, -12, -15, -4]
[-6, -13, -14, -37, 40, 23, 18, 14]
[-6, -1, -14, -41, -17, -17, -5, -15]
[11, 7, -10, 39, 103, 31, 3, -10]
[-10, -7, -2, -94, -82, -72, -41, 19]
[1, -7, -9, -21, -58, -23, -43, -21]
[-1, 21, 34, -21, 42, 37, 27, 36]
[-1, -3, -15, 12, 29, 17, 7, 5]
[-3, 9, -5, -7, -73, -21, 3, -11]
[4, -1, 20, 73, 70, -11, 7, 1]
[0, -9, -9, 7, -23, 0, -8, -14]
[-2, -11, 0, 37, 67, -2, -14, -2]
[0, 3, -4, -2, 126, 28, 13, -2]
[-3, 10, 27, 78, 78, -19, -1, -1]
[1, -13, -21, -8, -73, -3, -9, -13]
[2, 4, 24, 35, -60, -40, -2, 4]
[4, 3, 5, -35, 33, 14, -2, -9]
[-5, 4, -11, -19, -42, 14, 9, -3]
[-3, -1, 7, 6, -6, 3, -2, -1]
[-1, -2, 13, 13, 97, -41, 5, 1]
[2, -16, -25, -120, -121, -10, -4, -10]
[7, 0, 1, 15, -110, -20, -14, -5]
[6, 11, -7, 4, -39, 10, 11, 41]
[-7, -6, -18, -74, -70, -2, -7, -6]
[-2, 3, 39, 98, -36, -3, 17, 7]
[-2, 12, 22, -14, 67, 0, -4, -11]
[4, 1, -5, 15, 80, 25, -5, -11]
[-4, -4, -5, -59, -8, 4, 3, 1]
[4, -3, 7, 57, 56, 36, 2, -3]
[-7, -10, -11, -85, -60, -12, 5, 6]
[-4, 5, 8, 13, -19, -9, -5, -11]
[-4, -9, -15, -7, -51, -1, -3, -5]
[1, -3, -11, -49, 42, 11, 2, -3]
[-5, -1, 0, -14, -65, 5, -8, 2]
[-4, -3, -11, -18, 66, 12, 1, 0]
[1, 7, 14, 52, 39, 14, 5, -4]
[0, -2, -6, -74, -88, -16, 2, 1]
[8, 6, -4, 33, 79, 14, 10, 6]
[-5, -9, -7, 2, -93, -28, -23, -16]
[4, 3, 1, -18, 58, 34, 13, 7]
[-7, 7, 7, 32, 24, 6, 8, 0]
[-2, 4, 2, 7, 32, 21, -16, -11]
[0, -6, 1, -8, -4, -9, 17, 3]
[-6, -9, 3, 18, -46, -15, -14, -3]
[4, -3, 4, 39, 13, -7, -1, 0]
[-1, -4, -10, -7, -7, 16, 7, -2]
[3, -11, -4, -9, -11, -9, 0, -5]
[-1, 5, 10, 32, 38, 16, 5, 5]
[-1, 6, 3, -3, 3, -10, -13, -7]
[4, 0, 3, 60, 8, 0, 1, 5]
[8, 9, -15, -24, 30, -6, -5, -4]
[-1, 8, 12, 82, 19, -14, 4, 1]
[-3, -1, 8, 47, 91, 19, 1, -7]
[-7, -15, -10, -85, -97, -27, 1, 8]
[-3, -16, -2, -4, 27, 5, 1, 7]
[4, -3, 3, 4, 21, 15, -7, 1]
[7, 5, -1, -2, -5, 9, -2, 6]
[-3, 5, -4, 4, 22, 11, 8, 1]
[-2, 0, 4, 38, 20, 13, -10, -4]
[-4, -16, -15, -31, -32, 25, -3, -3]
[-20, -7, 3, 0, -8, 71, -9, -11]
[14, 7, -1, -10, -4, 22, -3, -4]
[-4, 11, 1, 3, -19, -18, 20, -6]
[3, 11, 6, 17, 44, -23, 3, 2]
[1, -16, -4, 11, -4, -29, -1, -5]
[-2, -3, -2, 9, -20, -30, 1, 5]
[-18, -9, 2, -19, 9, -24, -14, -3]
[12, 8, 4, 6, 1, -9, -10, -5]
[1, -1, 1, 5, 4, 7, 12, 17]
[-3, -5, -1, -14, -20, -2, -3, 0]
[-2, -7, 1, 26, 41, -22, 6, -3]
[-24, -6, -1, -5, -20, -19, 7, 6]
[2, 17, 6, 19, -5, -21, -13, -3]
[5, -2, -1, -10, -4, -28, 7, -2]
[5, 1, -6, -24, -11, -6, -1, -13]
[-4, -10, -9, -20, -15, 20, -8, -7]
[4, -6, -7, 13, -19, 13, -6, -8]
[-1, 3, 4, 9, 18, -16, -2, 1]
[1, 5, 11, 63, 29, 30, -2, 3]
[1, -2, -1, -3, 16, 1, 0, 5]
[5, -3, 1, -30, -58, -19, -1, 8]
[-4, 2, -6, -23, -5, -24, 2, 0]
[-1, 8, 6, 10, 20, -12, -4, -5]
[-3, -1, -1, -19, -46, -1, 1, -4]
[2, -1, -8, 4, -1, 4, 10, 0]
[2, 1, 11, 47, 45, 11, 3, 3]
[5, 1, -6, -47, -67, -12, -3, 0]
[2, 5, 4, 5, 0, 11, -4, -11]
[-6, -9, -3, -1, 29, -3, 3, 14]
[2, 1, -7, 18, 4, 1, 0, -1]
[-1, 6, 4, 9, 11, 2, 2, -1]
[-2, 3, 0, -8, -20, 11, -1, 1]
[-6, 5, 4, -14, -26, -1, -6, -8]
[-2, 1, 0, 35, 20, 8, 4, 2]
[0, 1, 3, 37, 28, 7, 0, 3]
[2, -4, -12, -43, 3, -17, -3, -4]
[4, 2, 6, 2, -13, 0, -2, 3]
[1, 0, 5, -3, 10, 7, -3, -18]
[-2, -11, -5, -16, 13, -8, -6, 11]
[0, 2, 0, -9, -20, 1, -6, -1]
[7, 8, 0, 12, 17, 3, 9, -3]
[6, 2, -3, -11, -16, -6, -4, 4]
[2, -3, -6, -5, 7, -5, -1, -12]
[2, -3, -1, 2, 1, 8, -5, 4]
[-4, -7, -5, 6, 6, 0, -4, -3]
[-6, -9, -3, -14, -28, 1, -5, -5]
[2, 5, 0, -20, -8, -3, 2, -1]
[1, 7, 9, 6, 4, 1, 5, 8]
[-7, -2, -6, -15, -27, -9, -6, -8]
[5, 5, 1, 24, 46, 4, 1, 7]
[-5, -2, -2, -24, -37, -10, -6, -6]
[-3, 2, -6, 7, -7, -12, 1, -7]
[0, 4, 4, 5, 30, 7, 12, 3]
[-2, -8, 1, -19, -41, -5, -13, -5]
[1, -1, -3, 6, 24, -3, 0, -1]
[-5, -3, -3, 0, -31, 3, 2, -2]
[1, -7, -3, -8, 9, 3, 3, 9]
[-5, 0, -3, 10, 38, 7, 3, 5]
[1, -1, -3, -6, -12, -2, 3, -4]
[2, 1, 2, 13, 10, 6, 4, 3]
[2, -3, 2, -2, -4, -4, -2, 0]
[7, 4, 3, -9, -2, -2, -3, 4]
[-6, 2, -2, 1, 3, 2, -8, -4]
[3, 0, -7, -3, -2, 2, 5, 5]
[2, 3, -4, 3, 5, 1, -19, 0]
[-5, -4, -9, 0, 1, -6, 1, -9]
[5, 8, 22, 5, -22, -6, -1, -8]
[1, -3, -1, 18, 27, 4, 8, 12]
[-3, -3, -2, -4, 6, 2, 2, -5]
[-3, -5, -4, 7, 59, 2, -4, 1]
[2, -7, -9, -30, -36, -6, -6, 1]
[0, -2, -5, -22, -44, -1, 5, 0]
[-2, -1, -8, -4, -41, -8, -12, -19]
[0, 2, 1, 16, 33, 5, 4, 0]
[3, 2, 2, 9, 10, -2, -2, -2]
[1, 7, 8, 17, 35, -5, 5, 3]
[-5, 0, 0, -1, 11, -1, 2, 7]
[-3, -2, 3, -7, -31, -1, 9, -4]
[-7, -10, -9, -4, 9, 1, -6, 4]
[3, -1, 1, -16, -3, -1, -6, -7]
[-3, 3, -1, 3, 0, -2, 4, 0]
[5, 2, -3, -11, -33, 7, 4, 6]
[1, -8, -2, 15, 20, -1, -2, 0]
[-1, -5, 0, -3, -21, -2, -2, -5]
[4, 0, 6, 14, 48, 4, 1, 5]
[1, -2, -4, -12, -88, -10, 1, 2]
[1, 3, -3, -3, -25, 3, 0, -3]
[-4, 3, 4, 7, 31, -1, -8, -4]
[1, 0, -7, -28, -45, -5, 0, 3]
[-5, 2, 4, 4, 27, -4, -6, -2]
[-4, 1, -7, 8, 41, -1, 0, -12]
[2, -4, -2, -3, -44, -5, -6, 2]
[-4, -5, 10, 9, 1, 4, -3, 14]
[4, -5, -5, -1, -1, 4, 7, 3]
[1, -2, -7, 8, 18, -2, -1, 1]
[-4, 9, 3, 6, 29, 4, 0, -5]
[-4, -3, -2, -5, -20, 0, -1, -1]
[-3, -7, 1, -5, -22, -2, -3, -2]
[0, -3, 12, -4, -4, 3, 5, 1]
[6, -1, 2, 7, 10, -3, -3, -3]
[8, 8, 2, 7, 23, 1, -4, -4]
[-3, 1, -3, -10, -29, -4, 1, 1]
[-4, 1, -1, 1, 6, 1, -1, 0]
[-9, -2, -5, -8, -12, -3, 2, 2]
[0, -4, -6, 0, 16, -3, 1, -3]
[4, 2, 3, 4, 33, 3, 0, 1]
[-4, -4, -9, -13, -21, 1, -7, -5]
[0, -6, 2, -5, -22, -2, -2, 0]
[-2, 3, 9, 4, -11, -3, 3, -5]
[1, 3, -2, 0, 2, -7, -3, -2]
[4, 5, -1, 11, 19, -1, 3, 6]
[-1, -6, -7, -8, 3, -1, -5, -3]
[-3, -7, 5, 0, -6, 4, 2, -7]
[-4, -3, 3, 5, 8, 1, 3, 2]
[2, 7, 3, 1, -13, -1, 3, 3]
[1, 1, -6, -5, 18, -2, -5, -2]
[2, 4, -8, 9, 14, 0, 2, 0]
[-6, 6, -1, 1, 26, 9, -14, -3]
[-2, -5, 3, -17, -36, 4, 0, -2]
[-1, -7, 0, 9, 11, 0, 4, 3]
[1, 1, 6, -10, -46, -6, 3, 15]
[10, 7, -2, 9, 11, 2, 4, -1]
[4, -3, -7, -2, -9, -8, -6, -7]
[0, -4, 7, 8, 29, 1, 2, -8]
[-6, -13, -8, -29, -46, -16, -4, -10]
[-2, -5, -4, -1, 4, -3, -2, -3]
[0, 1, 2, 0, 11, 4, 3, 5]
[0, 2, 10, 5, -3, 4, 1, 3]
[-6, 5, 1, 7, 10, 4, -7, -10]
[0, 2, 2, 3, 10, 1, 2, 15]
[0, -2, -7, -6, 4, -4, -6, -2]
[0, 6, -4, -4, 6, 3, 8, 7]
[-1, 6, 3, 9, 15, 5, 0, 3]
[-2, 2, 0, -8, -29, 2, 0, -1]
[-4, -6, -3, 5, -1, 1, 6, 0]
[-4, -10, -5, -1, -4, -3, 9, 1]
[-2, -6, 0, -1, -2, -9, -11, -5]
[3, -1, 2, 0, 5, -4, 2, -2]
[3, 5, 5, 8, 18, 8, -2, 2]
[0, -1, 1, -10, -25, -6, -10, -5]
[3, -6, -7, -9, -7, -1, -3, 1]
[3, 0, 11, 15, 26, 2, 2, -7]
[0, 6, -2, -8, -14, -6, 2, 1]
[6, 8, 5, 9, -5, 1, -1, -1]
[-2, 3, -11, -1, 18, -1, 1, 4]
[-3, -1, -2, -7, -42, -9, -3, -2]
[-3, -4, -3, 10, 10, -2, -12, -9]
[-3, -1, 1, -2, 6, 4, -1, 4]
[4, -1, -2, 3, -19, 3, 0, -3]
[-4, -7, -6, -7, 10, 0, 2, -1]
[1, 3, 1, -5, -14, 2, 4, -4]
[3, -4, 0, -9, -7, -1, -1, -6]
[-2, -2, -3, 11, 36, 6, 7, 2]
[-6, -2, -2, -16, -25, -1, -5, 0]
[0, 2, -2, 3, 16, -7, -6, 3]
[-4, 5, 2, 0, 10, -2, -3, -4]
[-4, 3, 8, 0, -5, -2, 4, 0]
[5, -1, 2, 1, 9, -2, -2, -2]
[2, -7, 4, 1, 6, -2, 2, 4]
[-2, -5, -10, -7, -12, -6, -4, -1]
[-2, 3, -1, 2, -13, 0, -3, -11]
[-1, -2, 2, -1, 6, 1, -6, 8]
[4, -1, 6, -11, -17, 0, 10, 9]
[-4, 2, -1, 13, 22, 2, -24, -10]
[1, -9, -10, -13, -21, -1, 17, 9]
[0, 1, -4, 3, 6, 7, -2, -10]
[-5, 2, -4, -4, -29, -5, 0, -2]
[6, 2, 5, 9, 32, 5, 3, 1]
[-3, 0, 6, -2, -31, -2, -1, -3]
[0, -2, -3, 9, 20, -3, 2, 4]
[-4, -4, 2, 4, 1, -8, 0, -2]
[2, -3, -3, -20, -40, -4, 5, 3]
[5, 0, -1, -3, 12, -4, -5, 3]
[0, -1, 0, -5, -14, 2, 7, 0]
[-1, -1, 3, 1, 10, 2, -5, 1]
[-8, 2, 3, 5, 2, 2, -1, -3]
[-1, 4, 2, 3, 20, 2, -4, -1]
[-3, -2, -5, -1, -17, -3, 2, 3]
[-2, 2, -5, 8, 15, 1, 4, -1]
[2, -9, -2, -4, -11, -8, -2, 0]
[3, -5, 3, 1, 8, 2, 5, -2]
[-1, 3, -3, 0, 8, -4, -2, -5]
[1, -1, -3, -7, -24, -3, -7, -2]
[2, 2, -4, 5, 27, 1, 0, -3]
[-2, 6, 7, 10, 23, 6, -3, 11]
[-1, 1, -1, 7, 31, 2, 5, -5]
[1, -2, 1, -24, -64, -4, 1, 7]
[0, 2, 4, -10, -17, -4, -1, -1]
[1, -4, 0, 3, 6, 0, -2, -6]
[2, -8, -2, -3, -14, -1, 0, 4]
[-1, 2, 0, 17, 36, 0, -2, -5]
[0, -2, -1, 8, 5, -2, -3, 5]
[0, 3, 3, -2, 7, 1, 16, 1]
[-10, 3, 2, -10, -17, -1, -15, -10]
[-5, -2, -5, 4, 18, -1, -4, -5]
[0, -3, -7, -8, -15, -2, 0, -1]
[1, -6, -6, -4, -7, -3, -7, 2]
[5, 2, 6, 7, 10, 3, 4, 3]
[2, 6, 6, 6, 11, 1, 0, -1]
[-4, 4, 2, 1, 12, 5, 2, -1]
[0, -3, -3, -5, -11, -1, -7, 0]
[2, -3, -6, -7, -9, -5, 0, 1]
[-6, -5, -6, -6, -19, -6, -9, -6]
[0, 2, 4, 12, 14, 5, 4, 4]
[-6, 2, -8, -6, -12, -6, -3, -1]
[4, 1, 0, 0, 14, 3, 1, 4]
[-1, -5, 0, -10, 4, 1, 1, -4]
[3, -3, -4, -9, -17, 0, 7, -3]
[0, 4, 2, 6, 27, 6, -4, -3]
[-1, 0, 0, -4, -30, -6, -1, 5]
[1, -5, -2, 8, 5, -3, 1, -4]
[-5, -6, -5, -4, -13, 0, 3, 8]
[1, 2, 2, 14, 23, 5, -1, -2]
[-5, -1, 5, -6, -3, -4, -4, -8]
[-2, 5, 2, 1, 2, 4, -1, 7]
[1, 0, 0, -2, -6, -5, -3, -11]
[5, -5, -1, -4, 12, -3, -5, 12]
[0, -1, -4, 0, 9, 7, 16, 4]
[-2, -5, -8, -1, 0, -2, 0, 3]
[1, 0, -1, 8, -2, -2, -19, -14]
[5, 4, -1, 2, 7, 3, 9, -1]
[3, -1, 2, -1, -8, -3, -3, -1]
[-4, -1, -2, -4, -11, -5, -4, -2]
[-2, 1, 3, -3, -10, -4, -1, 2]
[-3, -8, 5, 1, 15, 2, -6, -8]
[-1, -1, 0, 1, 15, 3, -4, -1]
[2, -1, 0, -5, -7, 0, 6, -1]
[-2, 2, -2, -1, 5, -3, 7, 6]
[-1, 2, -3, 2, -10, -1, 1, 0]
[-3, 1, 2, 5, 19, 4, 1, -2]
[2, 2, -3, 1, -12, -1, -2, 0]
[0, 1, -5, -9, -11, -9, -2, 0]
[-2, -5, -1, 2, -6, 2, -1, 2]
[-3, 2, -3, -4, -9, -1, -2, -1]
[-6, 3, -6, -4, -31, 4, 1, -4]
[4, -1, 1, -9, -12, 1, -2, 0]
[2, 3, 2, -2, -8, -3, -1, 0]
[-1, -5, 3, 6, -9, -5, -5, -2]
[-3, -6, 3, -3, 13, -2, -3, -7]
[-4, -3, -5, -1, -7, 3, 3, 1]
[-1, 1, 7, -1, 12, 5, 4, -1]
[1, -2, -3, -6, -4, 1, -1, 1]
[5, -2, 0, 0, -2, 0, 0, 2]
[-1, -2, 1, 1, 3, -2, 0, -1]
[-5, 0, 0, 7, 10, 1, -5, -2]
[1, 6, -2, 5, 3, -1, 2, -1]
[-2, 1, -4, 1, 20, 1, 3, -1]
[0, -2, -9, -4, -25, 0, 0, -2]
[3, 3, -3, -5, -19, -6, -1, -2]
[6, -3, 3, 2, 1, 3, 1, 2]
[2, -1, 7, -1, 5, 0, -11, 3]
[-2, 1, 5, 9, 48, 7, -1, -2]
[-3, -1, -9, -14, -50, -2, -3, -3]
[-3, 4, -3, 1, 14, 0, 4, 1]
[-3, -1, 3, -4, 4, -1, 5, 3]
[-7, 0, 2, -15, -24, -3, -1, 3]
[-3, -5, 1, 12, 41, -4, -6, -2]
[2, -1, 1, 6, 38, 4, -4, -2]
[4, 3, 1, -15, -64, -7, -4, -3]
[-1, 0, -2, 2, -16, -3, 5, 5]
[1, 4, -8, -12, -18, 2, 1, 1]
[-3, -7, 4, 0, 3, 0, 2, -6]
[1, -4, -2, 11, 22, 3, 5, 0]
[2, -4, 8, 22, 23, 3, -5, -3]
[1, -4, -1, -12, 14, -6, -1, 2]
[-3, 6, -5, 2, -16, 1, -1, 0]
[-4, 5, -4, -3, 18, 0, -5, 0]
[-4, 1, -7, -20, -73, -15, -5, -6]
[-1, -2, 8, 8, 32, 5, 3, 0]
[0, -1, -3, -16, -24, 0, 1, 1]
[-4, -1, -7, 8, 22, 3, 1, -2]
[-1, 3, 2, 20, 53, 10, 0, 0]
[4, -3, 4, 7, 2, 6, -3, 1]
[1, -7, 2, -18, -43, -9, -5, -1]
[3, 0, 3, -3, -14, -2, 0, 0]
[0, -6, -5, 8, 15, 1, -1, -1]
[3, 0, -2, -21, -18, -7, -4, -1]
[-5, -3, -3, 26, -12, -2, -2, -1]
[-5, -2, -2, 3, 51, 1, 0, -2]
[5, 5, 1, 18, 1, 1, 4, -3]
[1, 2, -1, -6, -22, -1, 4, -4]
[-5, -7, 4, 2, 20, 0, -1, 0]
[0, 13, 8, -1, -42, -1, 1, 1]
[-1, 0, 0, -9, 41, 2, -2, 1]
[-1, 2, -1, -15, -57, -3, 2, 0]
[2, -9, 1, -1, 5, -7, -1, 1]
[-3, -8, 2, -2, -5, -4, 2, -1]
[-2, 1, 2, 10, 23, 3, 1, 3]
[-3, -3, -3, 11, 7, 5, -1, -3]
[1, 9, 4, 36, 98, 21, 7, -1]
[4, -2, -12, -9, -37, -9, 1, 0]
[3, -1, -6, -43, 26, 2, -2, -2]
[0, -3, 9, 29, 18, 0, -1, 1]
[-2, -2, -1, 25, -5, -4, -4, -5]
[-2, 3, 9, 35, 108, 9, 3, -1]
[-11, -18, -10, -12, -96, -19, -5, 2]
[16, 18, 0, 2, 7, 2, -1, 5]
[-1, 10, 9, 25, 90, 21, -4, -7]
[-3, -5, -12, -60, -119, -25, -1, 15]
[8, 5, 6, 17, 34, 3, -1, 0]
[-6, -4, 0, -7, 0, -3, 1, 0]
[-3, 4, -3, -5, -6, -2, 1, 5]
[-7, -3, 5, 8, 41, 8, -7, -8]
[-4, -3, -7, -14, -41, -5, -5, -6]
[-1, -5, -4, -21, -12, 2, 0, 4]
[2, 5, 5, 31, 27, 8, 5, 4]
[-11, -6, -17, -33, -45, -22, -7, -11]
[1, -3, -5, -41, -99, -10, 0, -1]
[8, 3, 11, 89, 127, 18, -1, -6]
[3, -6, -3, -46, -121, -15, -4, 0]
[2, -6, 3, -21, 32, 11, -3, -4]
[-19, -17, -10, -41, -40, -13, -1, -4]
[-2, -4, 5, 28, 6, 5, -5, -5]
[-1, 4, -1, -31, 46, -3, 8, 13]
[15, 21, 17, 72, 75, 7, 21, 12]
[1, 10, -1, -23, -74, -9, -3, -5]
[-9, 13, -2, 27, 115, 16, 6, 2]
[-14, -21, -20, -48, -122, -28, -13, -8]
[3, -14, -7, 15, 77, 10, 0, 2]
[5, -4, 14, 30, 79, 12, 4, 3]
[-3, -11, -5, -34, 24, -9, -6, -4]
[7, 9, -2, -14, 9, 11, 6, -2]
[-7, 8, 3, -22, -120, -26, -8, -12]
[3, 5, -2, 12, 117, 6, 6, -1]
[-2, 1, 8, 31, 58, 6, 5, 4]
[0, -19, 2, -6, 89, 1, 2, 4]
[-19, -19, -9, 3, -43, -12, -7, -8]
[-4, 17, 1, -43, 46, 4, 2, 1]
[0, 16, 4, 30, 2, -10, -9, -10]
[13, 20, -5, -32, -26, -9, 7, 17]
[17, 16, -1, 18, 44, 18, -2, -6]
[8, 2, 0, 13, -60, -6, 0, 15]
[-6, -6, -13, -2, -29, -3, 3, 1]
[-5, -12, -11, -44, -51, 5, -8, -8]
[-8, -14, 7, 69, 33, 5, 0, 0]
[-1, -2, -2, -68, -62, -10, 0, -4]
[0, -1, 11, -6, -29, -5, -3, 3]
[0, -10, -2, -5, -55, -1, -6, -4]
[4, -4, -4, -18, 42, 6, -5, 0]
[-3, 3, 12, 85, 124, 13, -5, -6]
[1, 0, -5, -12, 6, 4, 4, -2]
[0, 8, 8, 15, 41, -7, -4, -2]
[2, -2, 0, -13, 9, -5, 2, 7]
[-7, -19, -6, -23, -55, -5, -3, -12]
[-7, -5, -15, -75, -82, -25, -12, -7]
[0, 15, 7, 38, 120, 10, 8, 16]
[-6, 6, 5, 85, 100, 18, 2, -5]
[0, 5, -1, -8, 65, 2, -2, -6]
[1, -13, -5, -35, -50, -10, 31, 20]
[7, 2, -8, -13, -119, -18, -18, -19]
[6, -13, 3, 10, 127, 10, 3, 1]
[13, 20, 15, 86, 109, 25, -1, 5]
[-8, -5, -19, -87, -94, -9, -5, -4]
[-3, 7, 2, 60, 72, 15, 2, -1]
[-8, -5, -6, -70, -22, -8, 3, -13]
[-4, -11, -19, -17, -57, -11, 0, -2]
[8, 6, 24, 100, 97, 20, -4, -1]
[-7, -10, -8, -35, 7, -5, 1, 4]
[10, 8, 9, 58, 53, 46, 4, 11]
[-13, -7, -9, -84, -106, -35, -12, -5]
[6, 0, -5, 6, -14, 16, 2, 2]
[5, 12, 5, 30, 57, 30, 11, 10]
[-11, -5, -13, -49, -36, -45, -14, -11]
[11, 13, 23, 91, 39, 10, 10, 23]
[-6, -1, 1, -6, 17, 0, -25, -27]
[3, 2, 22, 22, -66, 18, 9, 0]
[-7, -1, -5, -45, -125, -40, -2, -2]
[10, 3, 3, 44, 26, 6, 7, 10]
[-4, 0, -2, 16, 89, -2, -38, -5]
[5, 8, -3, -80, -103, -17, -3, -3]
[-2, -1, -4, 4, -40, 8, 22, -3]
[3, 1, 2, -15, -5, -3, 2, 2]
[0, 2, 3, 30, 4, -6, 19, 11]
[-12, -7, -5, -25, -13, -12, -8, -14]
[1, 6, 5, 41, 19, 2, -4, 9]
[-9, -6, -20, -128, -52, 0, -2, -6]
[7, 15, -11, -31, 43, 7, 8, 2]
[-3, 20, 7, 60, 18, 13, 0, -2]
[-2, -8, -6, 26, -128, -31, -14, -12]
[-4, -10, -3, 35, 20, 4, 6, -3]
[5, -11, 13, 20, -66, -3, 20, 1]
[5, -18, -16, -83, -83, -22, -22, 4]
[3, 2, -11, -88, -68, -6, -11, 8]
[-2, -1, 16, 124, 4, -26, -24, -15]
[-8, -13, -17, -93, -120, -19, 58, 12]
[-13, -17, -3, -59, 8, -7, -57, -22]
[5, 22, 4, 24, 93, 28, -3, -1]
[-5, -8, -28, -17, -49, -4, 0, -12]
[-2, -6, -8, -68, -37, -7, -21, -9]
[4, -9, 4, 28, 85, -7, 31, 15]
[2, -10, -21, -90, 118, 46, -1, 23]
[-8, -12, -6, -54, -28, -34, -14, -19]
[3, -6, 15, 79, 122, 0, -17, 10]
[1, -6, -1, -51, -21, -6, 7, -13]
[1, -6, -9, -79, -34, -29, -14, -10]
[9, 19, 20, 110, 127, 45, 17, 19]
[-3, -6, -39, -128, -80, 21, 28, -12]
[8, -4, -20, -11, 26, -24, -55, 2]
[5, 8, 35, 118, 77, 35, 31, 6]
[-11, -20, -27, -92, -30, -22, -23, -15]
[14, 25, 21, 13, 37, -7, 24, 1]
[-11, -23, -32, 26, -10, 10, 31, 19]
[1, -1, 6, -9, -57, 6, 2, -3]
[-2, -6, 1, -24, -22, 5, -2, 1]
[-10, -3, 3, -15, -19, -25, -17, -5]
[-5, 0, 7, 20, 46, 28, 21, 4]
[-4, 1, -11, -113, -88, -81, -17, 0]
[10, 13, 19, 97, 127, 127, 54, 2]
[0, -8, -16, 99, 31, -28, -4, 41]
[-9, -11, -12, -46, -56, -30, -37, -36]
[5, 5, 8, -60, -69, -53, -20, -2]
[2, 6, 17, 51, -22, -35, 1, -1]
[3, 11, 17, -74, 6, 43, 7, -3]
[1, 3, 3, -5, 93, 39, 16, -7]
[8, 0, -2, 14, 56, 4, 15, -3]
[-9, -6, -7, -128, -118, -87, -7, -6]
[-1, -3, -1, 2, -73, -47, -66, -21]
