[-6, 4, 7, 72, 127, 16, 11, -11]
[-6, 0, 1, 38, 77, 39, 10, 11]
[4, 3, -18, -37, -53, -35, -32, 7]
[3, -2, 3, -25, -26, 18, -7, 1]
[6, 13, 28, 82, 8, 20, 9, 9]
[-5, -10, 5, -23, -26, 27, -4, -17]
[-10, -12, -7, -76, -50, -23, -18, -10]
[1, 0, -5, 30, -15, 4, 10, 12]
[0, 3, 6, 22, -80, -17, -11, 1]
[-1, 3, 9, 59, -16, 25, 1, -4]
[1, 7, 26, 127, 27, 12, -1, 2]
[1, 0, 15, -5, -12, -10, 2, 9]
[6, 5, -8, -33, 45, 23, 36, 14]
[-15, -10, -12, 62, 36, -38, -18, -11]
[-3, -1, -2, -34, -15, 15, 46, -9]
[12, -2, -9, 35, 115, 4, -41, 10]
[-4, -1, 8, -21, 49, 51, 15, -14]
[-5, -3, -8, -54, -60, -84, -30, -9]
[-5, 4, -18, -98, -47, -27, -18, -8]
[-11, -8, -16, 35, -18, -47, -1, -21]
[5, 4, -14, 6, 12, -22, -2, 14]
[2, -2, 7, -21, 40, 21, 11, -4]
[5, 1, 6, 59, 66, 17, -4, -1]
[3, 9, 22, 5, 53, 55, 57, 16]
[-9, -1, 7, 49, -87, -61, -67, -9]
[-1, 3, 1, 81, 32, 10, 10, -1]
[5, 0, -5, 10, 29, 6, 0, -5]
[-3, -3, -6, -10, 101, 36, 3, -1]
[3, -2, -2, -2, 16, 15, 24, -8]
[7, 5, 2, -10, 74, 24, 13, 30]
[11, 4, 20, 12, 75, 6, 34, 16]
[-16, -18, -33, -66, -114, -60, -44, -23]
[-4, -1, -4, -37, 80, -5, 15, 1]
[-7, -1, 3, 69, 48, 31, -8, -11]
[15, 8, -4, 63, 43, -16, -10, 8]
[4, 6, 7, 26, 127, 100, 32, 9]
[3, -2, -10, -47, -117, 1, -16, -1]
[-8, -6, 5, 51, 29, -32, -23, -13]
[-11, -3, -1, -12, 5, 21, 10, -1]
[11, 5, 31, 57, 73, 33, 12, 10]
[-5, -16, -17, -80, -125, -20, -16, -6]
[4, -2, -25, -102, -3, 15, 4, 6]
[4, 5, 3, -9, 42, 14, -7, 0]
[1, 7, 20, 13, -17, -4, -9, -11]
[1, 4, 2, 36, 57, 22, 35, 37]
[-3, -2, -8, -72, -128, -9, 26, 2]
[-5, 2, -9, 64, 19, -20, -59, -12]
[-8, 0, -16, -38, -128, -52, -7, -17]
[0, -4, -6, 3, -29, -30, -15, -6]
[-1, 3, 6, 9, 104, 4, 12, 0]
[1, -7, 12, 61, 59, 25, 5, 6]
[0, -9, -7, 10, 0, 6, -1, 1]
[6, 14, 13, 41, -7, -15, 13, 5]
[-9, 1, -1, -78, -111, -12, -26, -13]
[5, -3, 3, -28, -24, -3, 8, 8]
[6, 2, 3, 6, -22, 13, 15, 14]
[-5, -2, 5, 57, 50, -15, -20, -16]
[1, 3, 5, 37, 108, 29, 7, 1]
[-5, -2, -7, -21, 5, -12, -4, 1]
[-3, -1, 10, 76, 42, 15, 5, -3]
[8, -2, 8, -19, -1, 3, 3, 0]
[0, 7, 2, 34, 62, 19, 6, 11]
[-8, -6, -2, -72, -40, -19, -11, -15]
[2, 3, -1, 12, 9, -10, -6, 2]
[6, 2, 1, 9, 69, 15, 29, 7]
[-2, -7, 2, -6, -38, -3, -11, -13]
[-6, -1, -12, -20, 9, 19, 11, 6]
[-5, 0, 9, 63, -24, -7, -8, -7]
[-7, -9, -16, -107, -49, -4, 5, 0]
[5, -2, -17, -5, -4, 0, 1, 2]
[2, 6, -8, 6, -15, -5, -2, 3]
[4, 1, 9, 12, 6, -1, 1, 2]
[-5, -2, 8, 29, 41, 5, 2, 1]
[4, -1, 2, 15, -6, -16, -7, 0]
[-5, -11, -3, -46, 6, -5, -3, -14]
[5, -1, -2, 23, 57, 9, 3, 6]
[-6, -1, 7, 34, 54, 6, 2, 3]
[12, -10, -6, -35, -1, -4, 7, 4]
[-16, -13, -6, -11, -40, 28, -14, -7]
[4, 12, -7, -45, 24, 14, 12, 8]
[-10, -1, -1, 2, -12, -17, -2, -4]
[12, 3, -3, 4, -53, -27, -6, -4]
[11, 12, 5, 9, 8, -10, 1, 2]
[-10, -10, -6, -38, -22, -4, -9, -8]
[3, 2, 1, 8, 61, 31, 3, -2]
[-14, -10, -4, -6, -28, -12, -2, -11]
[-2, -6, 3, 12, 17, -13, 3, -1]
[-4, -1, -8, -32, -26, -8, -2, -5]
[3, 3, -3, -32, -1, -11, -1, 1]
[-5, -4, -16, 37, 14, 18, 1, -1]
[1, 21, 37, 18, -18, -9, 6, 1]
[2, -3, -7, -40, -31, -15, -2, -1]
[-7, -20, 0, 19, -14, -3, -5, 0]
[-2, -2, -7, 0, 21, -3, 1, 7]
[2, -35, -28, -22, -32, -2, -2, 5]
[20, 41, 9, -1, 8, -2, 0, 4]
[3, 2, -5, -20, -18, -4, -7, -8]
[0, 16, 3, -25, -41, 3, -6, -1]
[-6, -8, -5, -8, 14, -5, 2, 7]
[0, -6, -10, -12, 8, 6, -15, -13]
[16, 5, 3, 3, -6, -3, 3, 9]
[2, 3, 14, 7, -2, 7, 5, 4]
[0, 1, 7, -10, -20, 20, 2, 4]
[-15, -21, -8, 42, 61, 1, -8, -3]
[-9, -8, -9, -5, -49, 1, -3, -7]
[-5, 1, 10, 17, 24, -10, 2, 6]
[-1, 4, 3, 7, -37, -7, 2, -2]
[-5, -14, -6, -18, 58, -2, 3, -4]
[0, 8, 2, -27, -26, -3, -2, -10]
[-1, -4, 4, -5, -100, -6, -1, -7]
[-8, -10, -13, -11, 18, -6, 0, -1]
[9, 16, 3, -10, -8, -8, -5, -7]
[-1, 2, -4, 22, 62, -13, 2, -6]
[-16, -19, 1, -22, -16, 1, -7, 1]
[15, 22, -1, 5, 16, 13, 4, 5]
[-16, -11, -8, -18, -55, -7, 4, 7]
[18, 18, 5, 21, 6, 3, -22, -7]
[-1, 6, 2, 0, 12, 8, 5, -9]
[-4, -5, 0, 7, -20, 3, -12, 13]
[3, -18, 4, 3, 42, -5, 9, 5]
[-7, -6, -1, -4, -28, 3, 2, 1]
[6, -1, -1, 20, 38, 8, 2, -3]
[12, 4, -1, -6, -5, -7, -3, -1]
[4, 7, -1, -3, -32, -8, -2, 2]
[-8, -7, 0, 14, 40, 1, 1, 3]
[-1, -5, -7, -25, -50, -8, -5, -5]
[-9, -3, 5, 21, 28, 5, 10, 2]
[-2, 0, 7, -23, -89, -2, -3, -4]
[4, -4, -3, -9, 20, 4, 7, 2]
[4, 17, -3, 4, -9, -12, 0, 1]
[-4, 8, -9, -9, 47, 4, -10, -10]
[-3, -2, 0, 14, -10, 0, 7, -4]
[-10, -6, 4, -11, -10, 0, 6, 6]
[-11, -28, 4, 3, 30, 7, -29, -7]
[25, 40, 4, -14, -32, -2, 14, 4]
[0, 1, -6, -10, 9, -1, 5, 18]
[1, 9, 2, 36, 30, 11, -1, -2]
[0, -16, 2, 8, 18, 7, 7, 2]
[2, -6, -1, 4, -6, 3, 2, -8]
[-4, 2, -4, -24, -13, 1, -9, -11]
[11, 12, -1, -6, -19, -7, 2, 7]
[-2, -3, -5, -9, 2, -11, -1, -6]
[-4, -17, 0, 5, -7, -5, -4, -5]
[8, 0, -2, 1, 13, 1, 0, 0]
[-1, -4, -2, 11, 1, -1, -4, -2]
[3, 15, 7, 0, 92, 6, 6, 4]
[-4, -3, 0, -17, -42, -12, -1, -1]
[-11, -4, -5, 0, 6, -3, -1, -1]
[-4, 0, 0, -5, -10, -2, -4, -4]
[0, 4, 0, 9, 9, 0, 1, 0]
[-2, -2, 3, 26, 33, 6, -1, -3]
[9, -7, 2, 3, 5, 8, 27, 1]
[-2, 5, -2, 5, 3, 4, -8, -5]
[-8, -6, -9, -14, -27, -7, 13, 16]
[-4, -7, 2, -24, 4, -1, -2, 0]
[-11, -13, 2, 23, 24, 3, 0, 4]
[10, 8, 1, -31, -49, -11, -16, -9]
[8, 10, 4, 15, -7, 1, -1, -2]
[-5, -1, -11, -10, -18, 0, -1, -1]
[4, -3, -3, -9, 14, 2, -12, 4]
[5, 1, 5, 19, 61, 6, 12, 0]
[-4, 0, 2, 8, -23, -6, -10, -9]
[-8, -6, -5, 7, 2, -2, -4, -2]
[-2, 5, 2, -12, -33, -4, -8, -4]
[-3, -5, -4, -5, -8, -3, 3, 4]
[1, 0, -2, -9, -21, -11, -3, -6]
[-4, -5, -2, 5, 14, 4, 8, 2]
[3, -1, -6, -12, 3, 2, 1, -3]
[-3, 0, 4, 10, 5, 8, 8, 3]
[-3, 0, -2, -15, -1, 1, -3, 0]
[0, 1, 2, 6, -11, 1, 2, 0]
[1, -7, 1, 5, 18, 4, -4, -4]
[-6, -16, -3, 7, -20, 2, -1, 0]
[8, 4, -4, 9, 36, 6, 3, 2]
[-1, 6, 2, -1, 25, 0, -7, -6]
[4, 7, 4, -6, -69, -12, -6, 6]
[-6, -3, -1, -12, -1, -5, 10, 3]
[1, 0, 5, 5, 27, 4, -2, -6]
[-5, -6, 4, -3, -4, 8, -2, 9]
[-1, 2, -7, 3, 6, -3, 5, 2]
[-3, -3, -4, -9, -28, -6, -5, -1]
[1, 2, 1, 6, 11, -3, -2, -1]
[2, 2, 2, 6, 8, -5, -4, 3]
[-7, -3, 2, -11, 3, -4, -1, -2]
[0, 6, 3, 23, 50, 7, 3, 2]
[-4, -3, -6, -1, -75, -7, 2, -1]
[4, 4, 5, 2, 5, 5, 5, -2]
[-5, -2, 1, 2, -17, -2, -1, -4]
[3, 4, -2, 4, 14, 2, -1, -1]
[1, 2, 3, -6, 22, -1, 1, 0]
[-8, -4, -5, 5, 6, -3, 1, -3]
[1, 2, 0, 3, -2, 4, -5, -3]
[4, -5, 0, -12, -27, -1, 0, 4]
[-3, -3, -5, -10, -10, -1, -3, 3]
[0, -3, -7, -20, -46, -1, -8, -2]
[-4, 3, 2, -6, 37, 6, -9, -14]
[3, 7, -3, 27, 38, -1, 1, -2]
[-4, -3, -6, -39, -72, -9, 14, 7]
[3, -1, 5, 26, 45, -2, -7, -6]
[3, -4, 3, 11, 10, 5, 7, 0]
[-4, -3, 1, -19, -33, -3, -4, 1]
[-8, -5, -6, 1, -16, 0, -5, 0]
[-3, -3, -5, -10, -14, -8, -1, 0]
[1, -1, -2, 10, 31, -3, 0, 0]
[0, 4, 3, -10, 12, -3, -1, -7]
[-1, -2, 1, 14, 24, 3, -1, 8]
[1, -3, -4, 8, -6, 1, 0, -2]
[4, 4, -1, 0, 5, 3, -2, -6]
[-12, -8, -8, -26, -28, -2, 4, 14]
[2, 0, 4, 16, 40, 3, -7, -9]
[3, 3, 1, -13, -24, 1, 3, -1]
[0, -4, -1, 0, -2, 0, 2, 3]
[3, -5, 0, -2, -14, 0, -4, -8]
[-2, -3, -2, 10, 55, 7, 6, 1]
[-1, 0, -5, -1, -44, -7, -1, 6]
[4, 4, 3, 1, 39, 4, 8, 0]
[-8, -7, -7, -4, -19, -10, -1, -5]
[0, 1, -3, 9, -8, -1, -4, -4]
[-2, 10, 7, 14, 35, 3, -1, 0]
[0, 4, 2, -13, -31, 0, -6, 4]
[3, 1, 4, -4, 4, 2, -4, 1]
[1, -1, 3, 20, 23, 3, -1, -5]
[1, -1, -5, -11, 1, -1, -1, -2]
[-2, -10, 0, 27, -14, -5, 1, 1]
[6, 4, 2, -4, 16, -1, -4, 6]
[3, 5, 1, -15, -21, -1, 10, 1]
[-5, -2, -5, -7, 13, -3, 3, 1]
[-1, 0, -2, -2, 11, 0, 4, 3]
[1, 2, 2, 13, 10, 2, -10, -7]
[-2, -4, -3, -24, -41, -9, -13, -2]
[-2, -3, 1, -6, -10, 6, 1, -3]
[-1, 1, 3, 2, -17, 3, -1, 1]
[1, 1, -5, 13, 39, 0, 2, 0]
[2, 7, 2, -5, -19, -3, 1, 8]
[0, -6, -3, -3, 13, -2, -1, 3]
[-2, -7, -5, 9, 39, -1, -1, -3]
[-7, 5, 2, -7, -34, -4, 1, -4]
[0, 0, -6, -8, 9, 0, -4, -6]
[2, -1, 0, 5, 11, 3, 2, -1]
[5, 2, -2, -6, -8, -1, -2, -7]
[2, -2, 0, -1, -15, 2, 8, 12]
[-5, 3, 0, -5, -6, -3, 1, -2]
[0, 3, 2, -3, 1, -4, -1, 2]
[2, 3, 3, 7, 5, 3, 0, -2]
[-4, -2, -3, -1, -27, -6, -1, -4]
[0, -1, 4, 17, 28, -1, 3, 7]
[-1, -6, -5, -25, -8, -3, -21, -11]
[-2, -4, -4, 12, 6, -5, -3, 1]
[2, 0, -3, 10, 22, 8, 0, -3]
[-1, 1, -2, -21, -9, -4, -2, 1]
[-3, -2, -2, 20, 10, -2, -1, -5]
[-2, 3, 2, -17, -21, 1, 12, 0]
[1, -2, 0, 7, 26, 2, 0, 1]
[-4, -3, 2, -2, -19, -4, 2, -7]
[2, -4, -4, 1, 6, 2, 6, 4]
[-1, -3, 1, -21, -20, -2, -8, -10]
[-1, 0, 0, -10, -13, -2, 3, 15]
[-4, 0, 5, 28, 37, 6, -4, -3]
[-2, 5, 1, -10, -12, -2, 5, 1]
[-5, -4, -8, 3, -6, -2, 0, 4]
[0, -1, 2, -9, -8, -3, -4, -9]
[1, -4, -3, 3, -8, 0, -4, -2]
[-1, 3, 4, 25, 45, 12, 4, 8]
[-1, -1, -3, -23, -63, -6, -6, -9]
[-5, 0, -5, -19, -35, -11, -5, -9]
[3, 0, -4, -7, 1, -1, 3, 14]
[2, -2, 0, 7, 36, 1, 0, 1]
[1, 0, -7, -2, 1, -4, 0, 8]
[0, -5, 2, 9, -1, -3, -2, -7]
[-7, -7, -3, -7, -34, 0, -3, -7]
[-2, 0, 3, 5, 23, 5, 7, -1]
[2, 1, 6, 13, 30, 2, -2, 1]
[2, 3, 2, -1, -5, -2, -3, -1]
[5, 1, -2, 12, 23, 0, -1, -2]
[2, -2, -5, -11, -25, -1, 0, -2]
[-2, 2, -4, -4, -11, -1, -2, -1]
[-2, 5, -2, 2, 10, 3, 2, 0]
[0, -1, 2, -9, 20, 3, 4, -2]
[0, 9, 3, -11, -30, -7, -22, -5]
[-3, 3, 8, 27, 35, 5, 14, 8]
[-2, -9, -4, -6, -15, -3, -6, -2]
[5, -3, -5, -13, -9, -5, -3, -2]
[-7, -10, -11, -2, -18, -3, -2, 0]
[-1, -4, 2, -20, 15, -2, 1, -1]
[-1, 3, 6, 28, -2, -2, 5, -2]
[-2, 1, 8, 10, 10, 1, 0, -4]
[1, 1, 4, 4, 30, 4, 11, -3]
[-1, -1, -11, -8, 5, -2, -9, 1]
[-1, 1, -6, -6, -9, -1, 0, 1]
[-5, 1, -6, -21, -67, -12, -4, -2]
[2, 4, -5, 8, -16, 2, 4, 3]
[0, -1, 4, -7, -3, -3, 3, 0]
[1, -4, 0, -11, 16, -2, -6, 3]
[-2, -8, -1, 10, 19, -1, -4, -7]
[-3, -2, 2, -3, -17, 2, 4, 4]
[-3, -4, -5, 6, 13, 3, -3, -3]
[2, 4, 4, 13, 38, 2, 5, 1]
[3, 4, 4, -3, -35, -6, 1, 0]
[2, 3, 3, -7, -18, -1, 3, -4]
[0, 1, 5, 8, -3, 1, -2, -1]
[-5, -7, -5, -10, 14, 4, 0, -3]
[-3, -1, 4, -3, -12, 0, -1, 0]
[4, -6, -3, -19, -30, -1, -8, -4]
[1, 1, -4, -3, -27, -1, -1, 2]
[-1, -6, 5, 11, -2, 0, 0, -5]
[2, 2, -6, 2, 29, 6, -2, -1]
[-1, -2, 3, -1, 22, 1, 20, 1]
[-3, 3, -2, 1, -3, 0, -4, -2]
[-1, 2, 0, 9, 5, 4, 4, 3]
[-7, -6, -5, -18, -26, -5, -9, -2]
[-1, -3, -4, -12, -18, -9, -5, -7]
[-1, -1, -3, -1, 19, 6, 2, 10]
[-6, 3, -5, -11, -12, -3, 0, -3]
[4, 7, 0, 8, 48, 7, 0, -1]
[5, 6, 5, 42, 34, -2, -3, 3]
[3, -4, -1, -22, -47, -2, 1, -5]
[-2, -5, -1, -7, 0, -4, -3, 0]
[-2, 0, 0, -15, -38, -7, 0, -2]
[-2, -2, 1, -3, 4, 4, -2, 3]
[0, -2, 6, 16, 6, -2, -1, 2]
[0, -6, -3, -7, -11, -6, -5, 1]
[1, -4, -3, 2, 30, 1, -1, -1]
[-3, 1, 0, -5, -17, -1, -3, 0]
[2, 2, -1, 12, 16, -1, 0, -1]
[-1, 2, -5, 1, -9, -3, -3, -1]
[0, 3, 2, 23, 54, 8, 4, -1]
[-11, -8, -5, -24, -75, -8, -4, 1]
[8, -2, 0, -4, 16, 5, 1, -5]
[-2, 5, 1, -5, -3, -1, -3, 1]
[-4, -1, -4, -4, -8, -3, 1, -1]
[-5, 1, -3, 8, 57, 12, 6, 1]
[-5, 0, -5, -6, -19, -3, -1, 2]
[2, -2, 2, 0, 15, -6, 2, 1]
[2, -4, 4, 10, -2, -3, -4, 1]
[5, 2, 2, 0, 16, 7, -3, 1]
[-5, 2, 0, 12, -18, -4, -5, -7]
[-1, 2, -4, -7, 17, 4, 5, -2]
[-1, 1, -1, -50, -68, -2, 4, -2]
[0, -3, 3, 25, -14, 2, -1, 0]
[5, 1, 2, 6, 12, -3, -3, 3]
[-4, -7, -2, 6, -11, -3, -3, -2]
[-2, -3, -2, 9, 39, -2, -5, -2]
[1, 1, 2, -19, -9, -4, -1, 3]
[-6, -9, -6, -14, -30, -1, 1, 5]
[9, 9, -3, -10, -45, -12, -18, -8]
[2, 1, -3, 4, -12, 2, 3, -1]
[1, 6, 3, 6, 5, 4, -1, -2]
[-4, 3, -3, 3, 46, -2, 4, -1]
[-1, -3, -1, 7, 1, 1, 5, -6]
[2, -5, 0, 14, 39, 1, -3, 4]
[-1, -7, -4, -18, -31, -4, -4, -1]
[8, -2, 0, 0, -1, 1, -4, -3]
[-1, -2, -6, -8, 3, 0, 1, 3]
[-2, 7, -1, 13, -18, -4, 0, -3]
[0, -4, -5, 9, 29, 0, 5, -1]
[0, 0, -1, -24, 10, -4, 7, 0]
[-4, -2, -7, 6, -20, 4, -2, -5]
[-5, -3, 2, -2, 34, 7, -1, -2]
[1, 1, 2, 5, -36, -5, -3, 0]
[-2, -6, 2, 13, 23, 5, -1, -2]
[3, 10, 5, 1, -9, -5, 4, 6]
[-1, -3, 5, -2, -12, -3, 0, 3]
[4, -6, -2, -15, 19, 2, -3, 1]
[5, 14, 7, 18, 29, 8, -2, -7]
[1, -10, -1, 2, 5, 1, 5, 2]
[-3, 4, 5, 6, 37, 4, 1, 8]
[-1, -2, -4, -25, -59, -12, 1, -2]
[-2, -6, -1, 15, 14, -1, -2, -4]
[-1, -7, -1, 12, 19, 4, 1, -4]
[0, -8, -10, -21, -15, -9, 0, -4]
[-1, 2, 4, -4, 1, 2, 0, 2]
[-4, -4, -1, -15, -34, -8, -5, 5]
[-2, -2, 0, 55, 50, 8, -2, 0]
[0, 5, -8, -23, -88, -7, -5, -3]
[-1, 4, -5, -4, 0, 3, 3, 3]
[5, 2, -2, -8, 15, 3, 3, 1]
[-3, -4, 2, -9, 1, -6, -3, 1]
[-3, -9, -4, 25, 78, 5, -1, -1]
[-8, -9, -1, -7, -44, -3, -1, -5]
[16, 29, 5, -15, -20, -2, -1, 3]
[-3, 0, 3, -31, -43, -9, -4, -1]
[2, -2, 0, 18, -15, -5, 2, 2]
[-5, -10, -6, 13, 99, 8, 1, -5]
[0, -1, -2, 24, -29, 4, 3, 3]
[-2, 0, -2, -5, 5, -6, -4, 0]
[-1, 3, 0, -38, -36, -4, -4, -1]
[-1, 1, -3, 20, 12, -1, -2, -3]
[-7, -6, -2, -3, -11, -4, -3, -4]
[-1, 7, -5, -16, 20, 3, 0, 1]
[-4, -1, -2, 9, 4, -2, 0, -4]
[5, 5, 2, -12, 35, 11, 2, 2]
[4, -10, 0, 27, 85, 3, 0, 0]
[-7, -5, -7, -27, -4, -5, 2, 1]
[5, -2, 2, 23, -48, -3, -4, -4]
[10, 1, -9, -26, -32, -11, 1, 2]
[-2, -4, -4, 29, 70, -2, -12, -7]
[-15, -13, -5, -27, -100, -14, -3, -5]
[7, 24, 5, -30, 55, 3, 3, 7]
[0, -4, 7, 24, 48, 8, 7, 2]
[-8, -7, 1, 35, -27, -9, 0, 1]
[4, -8, 6, 16, 127, 30, 2, 0]
[-14, -10, -14, -36, -74, -33, -15, -8]
[2, 7, 1, 4, 11, -1, -3, 0]
[-1, 3, 0, -51, -63, -4, 0, 2]
[-4, 6, 11, 78, 127, 16, 4, 0]
[3, -10, -6, -19, -46, -3, 1, -8]
[-19, -14, -8, -26, -7, -4, 2, 7]
[10, -7, -9, 2, -36, -17, -4, -5]
[2, 5, 3, -13, -9, 3, -4, -6]
[-21, -29, -12, -44, -77, -15, -8, 11]
[25, 60, 18, 50, 127, 17, 3, 7]
[-10, -4, -10, -44, -87, -4, -3, -4]
[6, 22, -3, -5, -70, -17, -2, -4]
[1, -2, -3, -10, 90, 18, 8, -5]
[-1, -13, 6, 82, -38, 9, 0, -9]
[-9, -8, -7, -45, -16, -11, -10, 9]
[5, -6, 1, -21, 48, 7, 8, 3]
[-4, -4, 13, 99, -6, 9, 4, 2]
[-9, -15, -21, -99, -98, -43, -14, -5]
[13, 12, 20, 62, 103, 42, 8, 3]
[-10, -18, -24, -113, -128, -44, -11, -13]
[9, 4, 10, 99, 127, 43, 10, 15]
[7, 4, 7, 29, -56, -1, 18, 5]
[1, -2, -1, 50, -2, -4, 15, 0]
[15, 6, -13, -98, -81, -5, -24, -7]
[-33, -20, 11, 41, 84, 21, 7, -11]
[46, 56, 6, -94, 10, 14, 12, 12]
[10, 22, 21, 77, 65, 11, 7, 10]
[-3, -1, 8, 81, 71, 25, 25, -1]
[30, 28, -2, -11, 13, -9, -2, 2]
[-29, -29, -10, 18, 78, 19, -6, -2]
[-13, -20, -12, -64, 2, -30, -14, -11]
[0, 8, 7, 19, -9, 1, 1, 4]
[-5, -7, 2, 4, -30, -6, 0, 0]
[-4, -13, -3, -13, 34, -3, -7, -3]
[-1, 10, 2, -8, 43, 10, -1, -6]
[-7, -15, -5, 70, -22, -16, 2, -2]
[-3, -4, -17, -128, -89, -20, -8, 1]
[-5, -11, -3, 12, -7, 17, 12, 5]
[-4, 0, 12, 31, -67, 5, -12, -15]
[3, -8, 2, -70, -64, -7, -6, -5]
[14, 32, 19, 44, 63, 29, -5, 4]
[-3, -17, -5, 97, 116, -26, -4, 2]
[0, 11, 2, 1, 51, 24, 3, 8]
[-9, -1, -4, -67, 64, -14, 0, -1]
[-2, -3, -8, 24, 95, 9, 5, -5]
[6, 12, 9, -71, -125, 17, 9, 7]
[-14, -27, -16, -17, -84, -40, -11, -7]
[4, 2, 12, 43, 107, 28, 2, 2]
[5, 7, 5, 3, -83, -14, 2, -2]
[-6, -15, -2, 0, 95, -9, -18, -11]
[0, -3, -11, 2, 4, -9, 0, 5]
[0, 10, -11, -34, -63, -1, -1, 5]
[-1, -6, 3, -13, 80, -5, -1, -6]
[-5, -15, -22, -90, -91, -14, -8, -8]
[0, 6, 7, 74, -25, -15, 6, -5]
[-2, 1, 19, 110, 38, 29, 7, 10]
[-10, -2, -16, -82, -66, -26, -26, -8]
[8, 7, 10, 87, 33, 15, -23, 4]
[-3, 2, -6, 13, 99, 7, 32, -1]
[2, -4, -4, 28, -62, 5, -3, -1]
[0, -2, 5, 20, 96, -25, 7, -5]
[-10, -1, 12, 99, -65, -25, -14, -10]
[3, -5, -21, -128, 61, -1, -4, 0]
[-10, -5, -5, -23, -29, -10, -1, -1]
[0, -4, -16, -98, -80, 4, 8, 2]
[9, 7, 12, -2, 111, 2, 3, 3]
[3, -1, 8, 55, -8, 34, 13, 14]
[-9, -11, -15, -38, 36, -40, -10, -15]
[7, 2, 6, -71, -6, 26, -5, 17]
[-7, 9, 19, 44, 1, -11, 18, -2]
[3, 4, 18, 11, 8, 29, -11, 2]
[2, -4, -19, -67, 49, -2, 5, 7]
[6, 5, 6, 60, 8, -2, 0, -2]
[-3, 0, 1, -17, -48, -25, -24, -8]
[-12, -7, -7, -47, -18, 9, -19, -30]
[12, 5, 3, -16, -11, 18, 13, 43]
[-11, 7, -20, -14, -3, 9, -4, -22]
[4, 4, 10, 32, 70, 6, 5, 5]
[1, -6, -12, -53, -29, -31, 18, 14]
[5, 4, 13, 32, 68, -18, -27, -14]
[0, -9, -14, 30, 7, 2, 11, 2]
[-6, -5, -4, -24, 50, 16, -10, -20]
[-11, -2, -5, 17, -103, -26, 21, -8]
[0, -4, 0, 80, 83, 20, -16, 12]
[-6, -16, -25, -90, -128, -38, -12, 1]
[13, -2, -14, -56, 127, 59, 29, 22]
[-4, -9, 6, -98, -81, -48, -12, -7]
