[3, 8, 21, 0, -100, -24, 12, -2]
[-3, -8, 3, 99, 127, 40, -7, 1]
[4, -12, -29, -99, -89, 12, 4, -5]
[3, 2, 14, 84, 115, 12, -9, 7]
[3, 11, -19, -86, -118, -23, 2, -3]
[-3, 6, 30, -47, -3, -25, -7, -8]
[-4, 0, 9, 83, 30, 22, 9, 5]
[4, 5, -10, -17, 7, 8, -20, -6]
[-1, -13, -18, 62, 88, 48, 41, 25]
[10, 8, 24, 77, 65, 66, -18, 6]
[-13, -18, -26, -20, -128, -39, -21, -4]
[0, -3, 5, 78, -37, -16, 6, -11]
[8, 10, 23, 49, 89, 10, 13, -16]
[2, 1, -30, -84, -96, -7, 8, 7]
[-5, 1, 16, 61, 52, -7, 4, -3]
[-7, -9, -23, -18, -119, -22, -10, 4]
[15, 22, 43, 21, 91, 69, 10, 9]
[-8, -10, -3, -30, -55, -29, 18, -8]
[13, 9, 8, -26, -11, 30, 0, 6]
[12, 10, 0, -28, 87, 61, 3, 8]
[-23, -6, -2, -43, -8, -59, -32, -27]
[4, 5, 8, 23, -42, -42, -5, 5]
[4, 3, 2, -59, -128, -32, 4, -2]
[9, -1, -11, 38, 127, 72, 25, 25]
[-3, 7, 17, 48, -89, -21, -16, -3]
[-12, -12, -3, 47, 19, -43, -13, -11]
[-11, -13, -22, 67, 6, -23, -4, -6]
[10, 17, 21, -30, 25, 48, -5, 1]
[-35, -36, -63, -67, -107, -42, -9, -16]
[3, 0, 2, 19, 5, -4, 10, -21]
[2, -3, 3, 23, 96, 20, -21, 28]
[-7, 2, 4, -81, 4, -24, -21, -13]
[-2, 5, 1, 4, 63, 48, -11, -17]
[13, 15, 7, -58, 24, -23, 35, 14]
[-8, -11, -19, 9, -128, -30, 12, -20]
[1, -3, 0, -2, 7, -9, -23, 13]
[7, -4, -1, 45, 83, 5, 7, -4]
[8, 1, 18, 56, 77, 77, 17, 16]
[-2, 5, -3, -55, -50, -6, -5, 0]
[-3, -7, -13, -56, 33, -21, -10, 5]
[-5, -12, -19, 36, -52, 4, 5, -7]
[-5, 4, -8, -18, -76, -49, -20, -6]
[1, 5, 32, 68, 51, 36, 0, -8]
[7, 2, -15, 22, 28, 31, 23, 5]
[4, -5, -3, -90, -119, -44, 2, 4]
[-7, -12, 2, 14, 114, 26, -16, -4]
[-7, 1, -16, -92, 73, -44, -21, -10]
[1, -1, 4, 9, 1, -21, 11, 9]
[4, 18, 31, 35, 125, 6, -15, 7]
[-2, -2, -12, -28, -68, -48, -2, 2]
[4, -1, -3, -116, -45, -45, 46, 6]
[-13, -20, 5, 58, -23, -68, -84, -17]
[0, -9, -22, -114, -62, 14, 1, 2]
[-7, -4, -4, 71, -47, -76, -31, -14]
[7, 5, 6, -13, 21, 92, 2, 8]
[-2, -1, -13, -40, -97, -6, 13, -11]
[5, 12, 13, 28, -65, -32, 14, 18]
[4, -6, -32, -83, 24, 26, 8, 5]
[-3, 10, 49, 92, -44, 18, 2, -7]
[-1, 1, 1, 8, -40, -12, 6, -1]
[2, 0, 10, 36, 99, 6, -2, -6]
[0, 14, 31, 20, 59, 19, 8, -4]
[4, -1, -4, 19, 79, -28, -5, 6]
[-4, -6, 6, 50, 56, 36, 19, 7]
[2, -3, -7, 29, -55, -43, -6, 1]
[-2, -1, 7, -6, 26, 3, -6, -9]
[-9, -8, -33, -78, -51, -22, -2, -7]
[1, 11, 9, -14, 8, 20, 5, 6]
[2, 1, -9, 6, 24, 9, 25, 4]
[0, -13, -16, -15, -73, -16, -5, -1]
[3, 17, 23, 64, 103, 9, -20, 4]
[-2, 3, 7, -28, 8, 23, 21, -12]
[-2, -9, -11, -20, 5, 6, -6, -2]
[0, 3, 2, 73, 66, 21, 16, -2]
[4, -10, -10, -14, 30, 8, -2, 5]
[-5, -3, -5, -34, -128, -3, 1, -3]
[-4, -5, 2, 32, 73, 5, -1, -9]
[2, 2, 7, 1, -56, -2, 0, 3]
[-2, -4, -12, -33, -6, 18, 6, 5]
[12, 3, 6, -13, 78, 7, 0, 4]
[0, 0, 6, 18, -8, 1, -6, -3]
[-3, -2, -3, -15, 22, 0, 4, 7]
[0, -17, -12, 0, 11, 13, -1, -5]
[5, -6, -1, -4, 18, 9, 4, 0]
[-13, 8, 6, -2, 15, -14, -11, -5]
[8, 21, 1, -32, -5, 10, 18, 6]
[-6, 9, 15, 91, -13, 4, -2, 0]
[1, 3, 25, 24, 32, 16, 5, 1]
[4, -8, -11, -6, 23, -18, -17, -6]
[-4, -3, 8, 14, 4, 7, -7, -2]
[-2, -15, -14, -33, -77, -5, 7, 0]
[11, 13, -9, -28, 13, -7, 11, 3]
[-14, 0, 6, -16, -82, -10, -26, -8]
[-2, -2, -7, -1, 46, 10, 4, 17]
[-4, -6, 0, -3, -1, 23, 2, -1]
[-21, -35, -15, -7, -22, -8, -7, -9]
[16, 41, 7, -17, -1, 0, 8, 12]
[13, 8, -2, 21, -5, 12, -4, -6]
[13, 3, -3, -27, -20, 14, -4, -1]
[12, 4, 2, 12, 11, 12, 2, -1]
[-8, -11, -8, 3, 12, 10, -7, -15]
[-6, -2, 7, 13, -35, -17, -11, -9]
[-1, -7, -2, 20, 43, -20, 3, 1]
[1, 6, -15, -36, -13, -21, 3, 2]
[2, -3, 14, 56, 79, 0, -2, 0]
[-3, -8, -3, -20, -46, -1, -1, -1]
[-11, -9, -2, -13, -24, -2, 2, 0]
[0, -2, -2, 1, -6, -1, -11, -4]
[-1, -3, -9, -27, -12, -5, 6, -1]
[-7, -4, -8, -50, -32, -6, -4, -6]
[3, 15, 1, 36, 49, -3, -1, -4]
[-6, -19, 1, 0, -8, -16, 10, 15]
[-5, -10, -5, -14, -30, -6, -4, -5]
[9, 13, 6, 25, 26, 13, 7, 9]
[8, 21, 3, 0, 8, 0, 1, 4]
[-8, -15, -13, -18, -18, -14, -8, -15]
[-12, -8, -8, -9, -7, 12, 1, -14]
[-5, -25, -2, 23, 10, 11, 6, 11]
[15, 35, 8, -3, 3, -5, 11, -6]
[-9, 4, 5, 10, -37, -11, -7, 1]
[-5, -3, -5, -8, 33, 2, 2, -1]
[-16, -8, 0, 25, 43, 9, -1, -8]
[3, -13, -3, -28, -59, -11, 4, 3]
[3, 9, 6, -5, -2, -5, 1, -3]
[2, 4, -1, -16, 2, 6, -1, 6]
[1, 7, -3, -5, -35, -2, -4, 3]
[-16, -21, -5, -36, -22, -4, -2, -4]
[3, 9, 0, 66, 25, -10, -7, 1]
[1, 4, 4, -28, -57, 1, 7, 3]
[1, -5, 2, 19, 31, 13, -2, -11]
[-21, -9, -14, -35, 12, -7, -31, -14]
[15, 10, 5, 21, 13, 3, 21, 14]
[2, 8, 0, 1, -12, 7, 22, 6]
[-12, -43, -7, 3, 4, 13, -10, -3]
[19, 40, 7, 13, -3, -10, 10, -4]
[-1, 4, -1, -14, -2, -5, -29, -3]
[1, 0, 0, 13, 20, 5, 2, 4]
[-6, 0, -3, -11, -10, -5, 5, -6]
[-4, -14, -3, -11, 12, 6, -9, 2]
[-4, 1, 7, 24, 47, 8, 2, -6]
[1, -10, -11, -35, -98, -12, -3, 5]
[2, -5, -12, 4, -35, -2, -4, 0]
[-11, -22, 3, 31, 49, 6, 3, 2]
[1, 9, -4, -28, -22, -6, 0, 3]
[-4, -7, 6, 25, 39, 12, -2, -10]
[3, 11, 3, -17, -13, -2, 11, -4]
[2, -12, 0, 5, -8, 0, 8, 17]
[-2, 8, 2, 5, 35, 3, -2, -10]
[8, 11, 3, 6, 7, 0, -3, 5]
[5, 13, 3, 2, 14, 2, -4, 11]
[3, 1, 3, 3, 11, -2, -1, -3]
[-6, -9, -3, -5, -14, -3, -1, -4]
[7, -5, -1, -6, -5, 0, 6, -4]
[6, 4, 0, -5, -2, -4, 2, 0]
[6, -7, -4, 6, 7, 0, -2, -4]
[-6, 2, -4, 2, -7, -3, -1, -1]
[-5, -8, -7, 0, -17, -5, -5, 3]
[-4, 11, 3, -7, -2, 4, -2, 1]
[-3, -4, 0, 14, 47, 5, -2, -1]
[2, -10, -5, -17, -42, -11, 0, -3]
[-1, 3, 1, -20, -3, -6, 0, -2]
[-3, -8, 0, 4, -12, 3, -1, -7]
[3, 3, -5, -44, -12, -5, -4, -2]
[1, 6, 6, 56, 58, 10, 1, 2]
[-4, -3, 2, 0, -3, 5, -5, -5]
[-3, 1, 0, 0, 1, -4, -8, -5]
[-5, -4, 2, 7, 6, 10, 7, 6]
[11, 8, 2, -14, -14, 0, 7, 7]
[1, -8, -2, -10, -27, -13, -10, -4]
[2, -6, -2, 12, 35, 4, 11, 6]
[1, 8, -1, 5, -23, -8, -2, -7]
[-4, -4, -6, -20, -22, -2, 1, -2]
[3, 7, 7, 11, 11, 3, -4, -2]
[-6, 0, 2, 2, 28, -3, -3, -7]
[-3, -9, -4, 0, -13, -7, 5, 0]
[1, -1, -6, -3, 11, 0, -14, -9]
[3, -8, -2, -10, -5, 0, -2, 0]
[-5, 4, 2, 5, -33, 2, 6, 4]
[-3, 0, 0, -7, 9, -4, -3, -1]
[-7, 0, -1, 4, 21, 5, 1, -1]
[3, -3, -4, -2, -42, -3, -1, 0]
[5, 3, -6, 2, 18, 1, -5, -5]
[4, 5, 1, 11, -9, 1, -2, 0]
[-5, -3, -5, -8, -1, 0, 1, -1]
[-3, -6, 2, 0, 31, 2, 0, 2]
[1, 7, 5, -4, -13, -3, -1, 2]
[-5, -1, -2, 0, -12, -2, 0, 1]
[-2, -2, -1, -2, 4, 3, 0, 2]
[0, -1, -1, 4, 12, -1, 3, -1]
[7, 10, 1, -11, -32, -8, -6, 0]
[6, -1, 2, 15, 43, 5, -9, 0]
[3, 0, -4, -15, -27, -2, 11, 0]
[-6, -2, -2, 0, -24, -10, -6, -6]
[-8, -9, -3, 1, 8, 5, 0, 2]
[5, 3, 1, -10, -19, -1, 6, 2]
[0, 2, 5, 26, 24, 3, -2, 0]
[-2, 6, -2, 15, 39, 2, 2, 3]
[-1, -3, -3, -29, -52, -8, -7, -3]
[-3, -8, 0, -3, -13, 0, 2, -17]
[1, 1, 3, -4, 18, 1, 6, 16]
[-4, 1, -6, -16, -36, -8, -1, -6]
[2, -7, -2, 31, 20, 3, -4, -7]
[-7, 2, -8, -16, -18, 0, 9, 19]
[-2, -5, 6, 1, 0, -10, -16, -13]
[1, -2, 2, 15, 36, 6, -1, -2]
[-4, -4, 0, -7, -8, -4, 1, -2]
[4, 8, 4, 17, 31, 2, -2, 0]
[-10, -5, -8, -3, -2, 3, 4, -2]
[7, 2, -2, -18, -33, -3, 4, 6]
[2, 2, 1, -4, 8, -4, -5, 0]
[1, -3, 2, 0, -12, 2, -4, -2]
[-1, 1, -5, -7, -13, -3, -1, -2]
[-4, -5, -1, 5, 18, 3, -3, -5]
[1, 2, -3, 7, 27, 2, 6, 6]
[1, 3, 6, 4, -15, -1, -5, 2]
[-1, -5, 2, -2, -24, 0, 1, -2]
[0, 2, -2, 9, 26, 1, -3, -4]
[-3, -2, -9, -13, -18, -5, -4, -1]
[-5, 1, 3, 9, 12, -3, -6, 0]
[2, -3, -2, -1, 0, -2, 4, -3]
[-2, 2, -1, -3, -3, -2, -2, -1]
[1, 0, 3, 2, 16, -1, -8, 3]
[0, -4, 3, -2, -14, 4, -2, 0]
[2, 0, 5, -12, -18, -5, 1, 0]
[-3, -5, -1, 11, 18, 4, 3, 0]
[7, 11, -2, -8, 7, 1, -1, -2]
[4, 7, -1, 9, 35, 4, 1, -3]
[-2, 5, -1, -4, 1, -3, -4, 0]
[-5, -3, -3, -2, -17, -7, 1, 2]
[1, -6, -2, 25, 20, 2, 1, -2]
[3, -11, -8, -18, -4, 0, 2, 4]
[5, 6, -6, 3, 10, 1, 5, -2]
[1, 3, 2, -6, -17, -2, -3, 0]
[-4, -5, 4, -3, -3, 6, 2, 1]
[-2, 3, 5, -4, -16, -4, 1, -1]
[-3, -4, -2, -7, -14, 0, -5, -8]
[1, 0, 0, 9, 52, 6, -1, 16]
[-1, 0, 4, 1, -10, -4, 12, -4]
[-3, -1, 1, 9, 0, -6, -16, 2]
[0, -1, 1, -9, -29, -5, -3, 0]
[4, 7, 0, -3, -18, 2, 2, -5]
[-1, -1, -3, 7, 33, 5, -1, 0]
[1, 4, -1, 1, 22, 1, 3, -4]
[0, -3, 0, -2, 1, -2, 1, -3]
[-2, -1, 2, -2, 2, -2, -3, -4]
[0, -5, -3, -6, -1, 1, -8, -3]
[-6, -7, -3, -5, -3, 1, 1, -4]
[-7, -1, 2, 11, 7, 3, -13, 0]
[-1, -7, -3, -14, -23, -2, 2, 0]
[2, -3, -7, -4, -8, -1, 1, -1]
[2, -2, -4, 3, -20, -2, -1, -1]
[0, 0, -1, -4, -1, -4, 1, 2]
[-1, -1, -2, 5, 4, 0, 1, -4]
[-3, 1, 0, -1, -9, -2, -1, -1]
[5, 1, 4, 3, 15, -2, 1, -2]
[4, 3, 2, -7, -12, -6, 5, 0]
[-1, -2, 5, 18, 63, 6, -1, -6]
[-2, 1, -1, -17, -41, -4, -2, 1]
[-5, -3, -9, -17, -68, -3, 0, -7]
[-3, -1, -4, -6, -12, -8, -2, -3]
[-1, 2, -1, 5, -8, -1, -3, -1]
[-2, -4, 2, 3, 14, 3, -3, 2]
[0, -2, -3, -1, 23, -2, 1, 4]
[4, 0, 2, 3, 2, 8, 1, 2]
[-10, -4, 5, -7, -34, -12, -7, -12]
[4, 8, 4, 3, 11, 7, 7, 9]
[4, 1, -3, 10, 27, 2, 14, -2]
[3, -2, -9, -8, -28, -5, -4, 1]
[1, -3, -6, -1, -5, -1, -2, 3]
[0, -6, 0, -6, -6, -6, -12, 1]
[0, 2, 3, 2, 6, 2, 4, 2]
[-3, 1, 3, 5, 17, 1, 1, -1]
[0, -4, -8, -10, -9, -2, -1, -1]
[-1, 4, 2, 5, -3, 0, -3, -7]
[0, -2, -2, -4, 11, 0, 2, 16]
[-6, -6, -3, -2, -2, 2, 1, -5]
[0, 1, 0, 10, -22, 3, -2, 2]
[3, -1, -2, -1, 10, 2, 7, 2]
[0, 0, -5, -10, -35, -6, -5, -4]
[-1, -2, 5, 22, 76, 5, 2, 1]
[0, -2, -4, -20, -51, -9, 1, -1]
[0, 2, 3, 3, -22, -4, 3, -5]
[-3, -3, 3, 4, 35, 6, 4, -4]
[1, -1, 3, -1, 7, 3, -2, -1]
[2, 1, 0, -2, 9, -4, 0, 0]
[2, -2, 2, -1, 5, -4, -2, -1]
[2, 1, 1, -3, -14, -2, -5, -2]
[-6, 1, -4, -1, -8, 0, -1, 0]
[-6, 1, 0, 4, 16, -1, 0, 1]
[-2, 5, -3, -1, -5, 0, -1, 1]
[-2, -3, 0, -2, -6, 1, -4, 1]
[0, -3, -4, 2, 11, -2, -1, -2]
[3, 4, -3, 4, 15, 3, 3, 2]
[-5, -4, -5, -7, -38, -3, -2, 1]
[-3, -7, -4, 1, 3, 1, -4, -7]
[1, 1, 0, -9, -30, -8, -7, -2]
[-2, -3, 0, -8, -21, -5, 3, -10]
[1, -3, 0, 3, 4, 0, 0, -2]
[3, -4, -2, -8, -16, -2, 6, 6]
[1, 0, -2, -4, -14, 0, -12, -10]
[-3, 1, 1, 9, 32, 2, -2, 2]
[-4, 1, 0, -8, -43, -4, -3, 0]
[-4, 4, 0, 4, 0, 0, -4, -1]
[1, -3, -6, -6, -6, -2, 2, 5]
[4, -2, 2, 2, -2, 0, -3, -2]
[5, 2, -2, 11, 54, 6, 4, -1]
[1, 2, 0, 2, 2, 0, 2, -2]
[-1, -3, -5, -11, -12, -3, 5, 1]
[3, -5, 0, 3, 18, 1, -2, 2]
[-3, 0, 3, -8, -3, -4, -1, 0]
[-3, -2, 1, -9, -23, -6, -2, -1]
[-4, 0, 2, 7, 9, 3, 5, 2]
[-4, 4, 6, 7, 1, 2, -2, 0]
[-1, -3, -3, -4, -2, 0, -2, 3]
[3, 5, 0, 0, -12, 3, -4, -4]
[0, -5, 2, 1, 14, -2, -7, -13]
[0, -3, -7, -3, 5, 5, 6, 23]
[2, 1, -2, 4, -29, -2, 1, 3]
[3, 0, -2, 3, 19, 6, 0, 4]
[-3, -3, 0, -6, -29, -3, -4, 1]
[-1, -3, -2, 2, 17, 5, 11, -10]
[0, 1, -1, -8, 6, -1, 1, -4]
[-1, 3, -3, 3, 7, -2, -2, -1]
[0, -2, 2, -12, -31, -5, 1, -1]
[-1, 0, 3, 2, 14, -6, -6, -5]
[3, -5, -1, 8, 17, 1, 2, -1]
[-1, 2, -3, 2, -1, 0, 0, -5]
[-4, 8, 1, 1, 23, -1, 5, 4]
[-1, -1, 0, -6, -23, -5, -5, -4]
[-5, 2, 1, 4, 12, 4, 3, 1]
[-1, -7, -2, 2, 23, 1, -3, 4]
[0, 3, -1, 2, 6, 1, -2, 2]
[1, -2, 0, 9, 0, -3, -2, 0]
[1, -1, 0, 3, 12, -2, -1, -1]
[0, -4, -6, -15, -28, -4, -5, 0]
[-2, -4, 0, 4, 9, -2, 0, 0]
[2, 2, -3, -8, -16, 0, 2, 0]
[3, -3, 4, 25, 70, 11, -1, 1]
[-6, -5, -3, -23, -41, -11, 1, -2]
[1, 1, 0, -16, 1, -5, -24, -11]
[2, 4, 0, -2, -14, 1, -4, 4]
[1, 3, 0, 1, 22, 7, 3, 4]
[-3, -2, 3, 4, 9, 8, -4, -1]
[-7, 4, -2, 12, -12, -2, 11, 3]
[-1, 0, -2, -2, 10, 0, -5, -6]
[4, 14, -2, -13, -33, -6, -4, 0]
[1, -1, -8, 17, 8, -6, -4, -6]
[0, -6, 0, -6, -6, -3, 3, -2]
[-5, -6, 2, 11, 6, 2, 2, -1]
[-3, -2, 0, 2, -7, 1, -6, 0]
[-3, -5, 4, -17, -28, -5, -1, -2]
[-1, -1, 5, 9, 26, 4, 4, 1]
[-1, -3, -6, -15, -26, -7, -3, -2]
[0, -9, -2, -11, 0, -4, -1, -4]
[2, -3, 2, 7, 14, 0, 0, -2]
[1, -5, -5, 12, 14, 2, 0, 2]
[-2, -3, -5, -29, -61, -13, -7, -10]
[0, 4, 5, 19, 34, 7, 5, 9]
[-1, 1, -2, -7, -3, 3, 1, 1]
[-5, 1, -5, -10, -6, 1, 2, 0]
[-4, 5, 0, 4, 4, 0, -3, -8]
[0, 3, 3, 3, 2, 1, 1, 2]
[6, 3, 2, 7, 1, -5, -2, -5]
[-2, 0, -3, -6, -15, -4, 2, 8]
[0, 1, -3, 11, 11, -2, 2, 3]
[0, 0, 1, -16, -28, -4, -2, -1]
[-1, 1, 4, -3, 10, 3, 4, 2]
[0, -5, -1, -10, 28, -2, -2, -3]
[-1, -7, -2, 22, -38, -2, -2, 2]
[0, -5, -1, 11, 10, 3, 1, -1]
[-2, 1, -4, 6, 17, 4, 0, 0]
[-4, -1, -1, -16, -40, -5, 0, -4]
[4, 6, 10, 7, 72, 10, 2, 4]
[0, -7, -3, -14, -50, -6, -3, -8]
[6, 7, 1, 14, -45, -4, 0, -5]
[-3, -10, -7, 10, 93, 11, 2, 1]
[-9, -17, -6, -24, -74, -12, -2, -2]
[12, 23, 1, -4, 12, 2, 2, 3]
[-7, -1, 1, -6, 41, 7, 0, 4]
[0, 3, -3, -14, -43, -9, -6, -2]
[-2, 1, 3, 19, 35, 0, 4, 0]
[-4, -7, 2, 2, 33, 10, -11, 1]
[-1, 3, 2, 2, -29, -7, -2, 3]
[0, -1, -4, -2, -19, -4, 0, 0]
[-1, -5, -2, -10, -15, 2, 0, -1]
[-3, -8, -6, 7, -1, -3, 4, -1]
[6, 3, 2, 7, 33, 0, 3, 3]
[-3, -2, -2, -2, -15, -6, -3, -4]
[0, 8, -1, 1, 30, 2, 1, -1]
[0, 2, -1, 17, 50, 3, 6, 0]
[-5, -10, 3, -10, -3, 6, -1, -2]
[-8, -22, 3, 20, -20, 5, -4, -7]
[14, 17, -5, -50, -62, -13, -6, 1]
[7, 3, -2, 9, 7, 5, -1, 1]
[5, 2, 0, 53, 88, 15, 4, 5]
[6, 1, -1, -50, -69, -10, 0, 1]
[-9, -1, 9, 54, 118, 6, 4, -2]
[-13, -12, -6, -59, -103, -12, -4, -9]
[-4, -6, 2, 13, 48, 6, 3, 6]
[3, 6, 3, 41, 2, 11, 4, 1]
[-1, -6, -6, -15, -43, -12, -4, -3]
[6, -2, -2, -16, 42, -2, -1, 0]
[0, 1, -1, 7, -8, 8, 3, 0]
[1, 6, -7, -66, -16, -10, 3, 0]
[-5, -1, 1, 29, 3, 12, 2, 3]
[-13, -10, -3, 21, -31, -7, -5, -8]
[-6, -7, -2, -53, -63, -9, -1, -1]
[-9, -12, -11, 37, 84, -1, -3, -3]
[23, 36, 10, -32, -1, 4, 4, 5]
[-11, -10, -6, 4, -37, -3, -3, -2]
[5, -2, 19, 52, 53, 2, -3, -1]
[-9, -12, -11, -49, -59, -15, -1, -7]
[-10, -18, -7, 1, 58, 5, 1, -1]
[7, 1, 2, 51, 110, 9, -2, -1]
[-7, -4, -7, -31, -92, -8, 0, -2]
[2, 3, 9, 12, 16, -2, -1, 0]
[-4, -4, -5, 20, 14, -2, -2, -3]
[4, 1, -9, -29, -19, -2, 1, 2]
[-3, 3, -1, 6, 79, 9, 3, -5]
[-3, 5, 14, 53, 100, 10, -12, -16]
[6, 6, -6, -60, -78, -14, -8, 25]
[-24, -30, -7, -44, -33, -8, 14, -2]
[24, 44, 10, -6, 25, -2, 0, 8]
[-6, 1, 5, 37, -72, 1, 10, 5]
[-1, -8, 2, 98, 109, -3, -11, -14]
[14, 20, 4, -6, -76, -3, -3, 5]
[-7, -11, -20, -49, -4, -17, -20, -8]
[0, 9, 7, 37, 102, 14, -4, -1]
[-7, -11, -4, -60, -16, -4, 1, -6]
[1, -1, 0, 33, 55, 17, 1, 3]
[-4, -14, -8, -23, -49, -10, 0, -5]
[8, 8, 3, 73, 29, -8, 2, 7]
[-9, -22, -6, -36, 9, 18, 3, -5]
[4, 4, 13, -18, 86, -3, -3, -8]
[3, -8, -9, -32, -112, -18, 1, 5]
[3, 6, 5, 33, 84, 15, -1, -5]
[-2, 0, 0, 7, 18, 4, -11, -6]
[16, 14, 5, -9, -75, -3, 36, 6]
[-1, 7, -15, -63, -58, -16, -10, -7]
[0, 1, 14, 59, 35, 12, -4, 15]
[1, -1, 0, 2, -77, 0, 5, -8]
[-6, -2, -21, -54, -45, -12, -26, 4]
[-10, -7, 3, 77, -33, -16, 10, 2]
[4, 5, -12, -128, -6, 4, -3, -17]
[-8, 1, 4, -12, -41, -10, -2, 11]
[-3, 0, 2, 6, 28, 12, -2, 1]
[1, -1, -3, -57, -45, -25, 0, 5]
[-10, -2, -1, 87, 103, 15, -6, -2]
[9, 11, 21, 42, 64, 23, 17, 4]
[-1, 2, 10, 36, -103, -23, -8, 1]
[0, 9, 16, -17, 127, 39, 11, 1]
[1, -4, -3, -9, -77, -18, 7, 1]
[2, 1, 6, 63, 127, 33, -1, -8]
[-4, -17, -15, -55, -38, -23, -16, 8]
[-5, -6, 10, 100, 127, 8, 10, 1]
[-2, -6, -14, -92, -61, -12, -28, -21]
[-7, -13, -11, 26, -48, 5, 8, 13]
[-2, 9, 2, -5, 65, 16, -4, 1]
[-14, -14, -14, -21, 40, -1, -25, -24]
[0, 7, -16, -106, -81, -28, 19, 29]
[1, 5, 6, 10, 43, 7, 2, -3]
[-7, -6, -7, 9, -20, -17, -2, -6]
[3, 3, 19, 94, 65, 10, 8, 24]
[5, 6, 3, -45, -58, 6, 12, -2]
[6, 9, 5, 45, 22, -22, -6, -4]
[5, 6, 30, 16, -10, 10, 4, 1]
[3, 5, 7, 20, 15, 5, 1, -12]
[-1, -5, -2, 16, 91, 9, 0, 9]
[3, -4, -17, -113, -126, -25, -12, -12]
[6, 5, 11, -40, 99, -5, 0, -9]
[9, 10, 0, 45, 39, 75, 10, -5]
[-14, -12, -26, -62, -91, -79, -27, -1]
[1, 3, -7, 34, 127, 44, 12, 11]
[0, -8, -26, -6, 48, -15, -2, -14]
[-6, -9, 1, 34, 46, 16, 13, 6]
[1, -2, 0, 49, -36, -3, -9, 25]
[-29, -25, 6, 21, 120, 22, -5, -22]
[21, 8, -5, -60, -98, -21, -1, 8]
[4, -7, -20, -59, -57, -29, -7, -7]
[0, 0, 19, 90, 78, 25, 2, -16]
[8, 12, 17, 9, -79, -29, 3, 3]
[-16, -7, 8, -2, -38, 0, -11, -1]
[-1, 5, -14, -87, -50, -30, -4, 0]
[2, 6, 15, -33, 31, 27, 8, -6]
[3, 2, -4, -35, -108, -18, -6, 4]
[-8, -9, 4, 76, 24, 20, 7, -7]
[8, 2, 23, 86, 81, -3, -14, 6]
[-1, -2, -16, 14, 81, 24, -9, -6]
[4, 5, 9, 13, 57, 11, 21, 2]
[3, 4, -11, -75, 127, 41, -19, -1]
[-6, -4, -6, 54, -128, -59, 23, -23]
[8, -1, -15, -86, -31, -15, 3, 47]
