[6, 6, 10, 83, 58, 23, -3, -17]
[-2, -9, -14, 76, 62, 9, 19, 27]
[7, 2, -1, -96, 20, 38, 42, 10]
[3, -1, -2, 66, 39, 28, 15, -3]
[-7, -7, -38, -128, 22, -67, -15, -15]
[-3, 6, 12, 70, 53, 7, -1, -4]
[-6, -3, -5, -37, 77, 23, -6, 5]
[-5, -2, 19, 35, -122, -42, 0, -18]
[0, -4, -11, -16, -38, 4, -15, 3]
[7, 3, -6, 42, 88, 36, 11, 5]
[-5, -13, -36, -30, -84, -53, -17, 0]
[-8, -1, 12, 20, -48, 5, -9, -17]
[10, 11, 42, 106, 102, 10, 0, 10]
[-1, 1, -4, -128, -113, -8, 22, -1]
[4, 14, 23, 44, 56, 8, -17, -3]
[1, -6, -26, -51, 79, -2, 9, -1]
[2, 5, -4, -30, -51, -28, -1, -8]
[-7, -1, 14, 122, -25, -22, 39, 21]
[0, 0, 2, -14, 46, 27, -60, -7]
[-6, -1, 2, -14, -43, -16, -10, -21]
[-8, -12, -23, 4, -86, -20, 10, 0]
[-1, 4, 7, -3, 122, 51, -6, -31]
[-3, -12, -6, -3, -21, -12, 22, 22]
[6, 6, 8, 33, 96, -2, 13, 0]
[-4, -5, -4, -30, 7, -33, -23, 3]
[16, -1, -8, 94, -28, 2, -2, 5]
[-5, -9, 2, 16, 65, 21, 3, -3]
[11, 25, 30, 8, 2, -23, -6, 0]
[1, 1, -3, -49, -44, 12, 15, 10]
[-8, -4, -36, -87, -113, 3, -11, -8]
[14, 24, 52, 47, 69, 32, 12, 14]
[-5, -7, -11, -33, -41, -23, 2, -2]
[2, -5, -4, -5, -18, 2, 4, -1]
[-7, 0, -1, -23, 8, -3, -16, -3]
[0, -7, -17, -18, -11, 11, 2, -4]
[-6, -3, -1, -57, -29, -8, 7, -15]
[-4, 1, 15, 65, 60, 11, 2, 4]
[7, 2, -7, -43, 93, 37, -5, 3]
[-2, 4, 6, 105, 62, 32, 22, 12]
[0, 2, 13, 18, 32, -43, 1, -7]
[-6, -10, -32, -58, 7, -22, -12, -8]
[11, 7, 17, 18, 15, -2, 1, 16]
[-8, -7, -10, 22, -30, 13, 7, -26]
[0, -8, 0, 45, 31, 32, 0, 3]
[0, 1, 6, 20, 117, 28, 12, 0]
[-6, -1, 7, -8, 53, 13, -5, -6]
[-1, -3, 2, -57, -103, -28, -13, 1]
[0, 4, -8, 27, 52, 9, 4, 2]
[-2, -7, -11, -56, -128, -45, -10, -8]
[5, 12, 36, -14, -53, -16, -9, -2]
[-3, -10, -30, -101, -25, -8, -14, -3]
[1, 0, 1, 24, -29, 10, 7, 3]
[2, 5, -6, -10, 70, 29, 2, 0]
[-13, -15, -15, -6, -90, -43, -12, -1]
[-2, -2, -7, -31, -42, -29, -3, -1]
[-5, -3, -6, -15, -31, -7, 6, 18]
[0, 2, 12, 52, 29, 15, -15, -5]
[3, -4, -2, 8, -2, 5, -3, -1]
[-7, -5, 1, 19, 3, 7, 12, 3]
[10, 2, -3, 7, 42, -2, -26, -13]
[-3, -3, 10, 29, 46, 0, 5, -2]
[0, 4, -18, -87, -77, -30, -1, -4]
[-4, -5, -6, 5, 20, 3, -5, 0]
[-9, -14, 3, 3, -21, -9, -1, 0]
[7, 5, -3, -15, -55, -13, 0, 4]
[-7, 0, 8, 38, 32, 11, -1, -3]
[12, 23, 13, 9, 25, 15, 0, 6]
[0, -4, -21, -47, -29, -1, 4, -3]
[2, 4, 14, 37, 58, -7, -4, -2]
[2, -17, -19, 25, 17, 3, 2, 0]
[4, 9, 1, -84, -67, -19, -4, 0]
[-6, -1, 20, 64, -8, -1, -2, -5]
[2, 0, 0, 7, 24, 5, 7, 4]
[-5, -11, -2, 29, 52, 9, 0, -3]
[-5, -15, -12, -7, 4, 3, -2, -6]
[11, 31, -1, -23, -29, 1, -3, 3]
[-8, 10, 1, -26, -38, -3, 0, -4]
[0, 9, 11, 31, 5, 7, 7, 4]
[-11, -14, -1, 21, -4, 11, 2, -6]
[-19, -34, -13, -21, 5, 8, 9, 8]
[12, 6, -4, 9, -31, -15, -5, -4]
[3, -12, 1, -7, -8, -10, 1, -1]
[19, 22, 5, 1, 0, -6, -3, -4]
[10, 3, -6, -3, 1, -14, -2, -7]
[-6, -7, 2, -16, -37, -15, 1, 4]
[0, 5, -3, -5, -6, -6, 1, 3]
[-4, -16, 0, 35, 11, -5, -1, 4]
[-21, -23, -2, 25, 31, 5, -2, -6]
[6, -3, -9, -39, -43, 4, -1, 2]
[-1, 6, 2, 34, 76, 9, 1, -3]
[-11, 1, 18, -24, -80, -10, -5, -2]
[1, 2, 6, -10, 12, 6, -5, -1]
[3, -4, -3, 21, 12, 9, 0, -2]
[-7, -6, -15, -8, -9, 7, 1, -2]
[9, 16, -11, -13, 11, 1, -5, 0]
[2, 3, 0, 3, -3, 1, 0, -3]
[-17, -18, 1, -21, -42, -7, 1, 4]
[18, 17, 11, 18, 8, -1, -3, 9]
[-2, -12, -10, 18, 26, -14, -2, 5]
[5, 13, 4, -17, -17, -10, -8, -2]
[5, 13, 0, -1, -5, 0, 10, -3]
[1, 7, 4, 25, 7, 1, -4, 3]
[-10, -13, -1, 1, 12, -1, -6, -24]
[-5, -26, -9, -20, -14, 13, -9, -2]
[15, 26, 6, 12, 6, 10, 2, 4]
[-7, 1, 1, -8, -18, -9, 2, -3]
[4, 13, -3, 21, 10, -9, 2, 7]
[-3, 3, -2, -2, 0, -1, 6, -2]
[-13, -15, 0, 14, -14, 0, -10, -2]
[-5, -21, 4, -22, -10, -4, -2, 0]
[-2, 3, 1, 11, 16, -5, 3, -2]
[-13, -10, -5, -7, -8, 5, 3, -6]
[-1, 7, 6, 6, 7, 3, -3, -4]
[-7, 15, 3, -13, -20, -9, -3, -2]
[1, -3, -1, -4, 33, 0, -1, 5]
[5, 1, -5, 6, -21, 0, -7, 11]
[-15, -14, -4, -8, 18, 11, 1, 0]
[2, 8, -5, -12, -58, -13, -3, -8]
[6, -1, 1, -12, -8, -3, 1, 7]
[10, 11, -5, -4, 3, 3, -1, 1]
[-8, -13, -4, 1, -7, 0, -5, -4]
[-4, -4, 2, -9, 6, -5, -1, -2]
[-3, -1, -8, -11, -4, -1, 7, -3]
[1, -5, 6, 12, 37, 6, -3, -7]
[4, 7, -6, -31, -51, 0, 12, 7]
[5, 2, 17, 36, 2, 0, 2, -2]
[-4, 0, 1, 3, 26, -1, 6, 3]
[-3, 4, 10, 24, 28, 5, 4, 4]
[0, -5, 0, -1, 4, 3, -5, -4]
[8, -5, -17, -4, 1, 1, 3, 0]
[4, 13, 9, 32, -25, -10, -3, -1]
[0, -7, -10, -10, -4, 4, 2, 0]
[0, 1, -2, 11, 33, 1, -11, -4]
[-3, 0, -8, -36, -23, -8, 15, 0]
[-7, -17, -9, -15, -22, -5, -9, -12]
[3, 9, 4, 1, -11, 2, 3, 8]
[5, -3, -1, 8, -15, 5, 1, 0]
[14, 12, 10, 44, 47, 5, 3, 6]
[-3, -6, -2, 15, 69, 1, -14, -3]
[8, 17, -4, -39, -96, -10, 5, -6]
[-1, -3, -2, -18, -4, -4, -4, 2]
[-1, -12, 5, -4, 34, 7, -1, 2]
[-10, -3, -3, -24, -69, -10, -10, 2]
[9, 2, 3, 26, 51, 6, 2, 0]
[6, 3, -6, -2, 10, 0, -3, 4]
[-1, -7, -8, 4, -13, -7, -3, -2]
[10, 8, 0, -4, 7, 1, 6, 2]
[-17, -8, -1, 0, 11, -1, -5, -4]
[3, -4, 1, 5, -6, -2, 6, 4]
[4, 0, 7, 7, 21, 4, -2, -4]
[0, 3, 5, 10, 28, 5, 1, 4]
[2, 1, -4, -33, -64, -8, -6, -2]
[-3, 1, -4, -16, 15, 2, -6, 1]
[-4, 1, 0, 18, -22, -4, 8, 1]
[-1, -4, -4, 9, 22, 3, 1, -3]
[-4, 6, -1, 4, 18, -6, -2, 3]
[-4, -16, -8, -14, -41, -10, -2, -5]
[-4, -2, -2, 16, 42, 11, -2, -6]
[-1, -4, 0, -8, -32, -1, 4, 0]
[7, -5, 2, 13, 23, 5, 3, 10]
[0, 9, -1, 0, 12, 1, 7, 4]
[-2, -8, -2, -15, -43, -4, -6, 0]
[-1, 4, 3, 5, -7, 5, 1, -1]
[-9, -17, -5, -4, 31, 0, 13, -2]
[-6, -10, -2, 12, -17, 0, -6, -6]
[9, 17, -2, 0, 15, 4, 1, -1]
[3, 14, 0, -2, -1, 0, -1, 1]
[-2, 0, 1, -7, -33, -2, 0, 2]
[-3, 0, 2, 7, 7, -1, 3, -3]
[-9, -9, -2, -2, 20, -3, -5, 1]
[-4, -10, -2, -2, -24, -3, -2, 0]
[1, 3, 1, 5, 50, 0, -3, -6]
[1, 3, -5, -10, -31, -1, -2, -3]
[-3, -5, 7, -12, -11, -2, -4, 2]
[6, -5, -3, -4, -16, -1, 2, 3]
[-2, -7, -2, -4, -42, 0, -3, -4]
[-5, -2, 3, 16, 66, 4, 0, -1]
[3, -8, -12, -18, -64, -13, -8, -2]
[3, 0, -2, 2, 24, 9, 21, 0]
[6, 16, 0, 11, -6, -3, -4, -5]
[1, 9, 6, -5, 1, 6, 1, 0]
[-6, 2, 4, 0, 9, 3, -2, -4]
[-5, -5, -1, -4, -1, -4, -11, -8]
[6, -4, -2, -9, -8, -3, 1, 12]
[3, 1, -4, -11, 13, -1, 8, 1]
[-2, 0, -1, 28, 39, 3, -8, 1]
[0, -5, -4, 9, 8, 5, 1, -2]
[-6, -5, -3, -25, -19, -11, -8, -7]
[-2, 13, 5, 27, -14, 1, 10, 6]
[1, 0, 1, -8, -20, -2, -11, -8]
[0, -5, -2, -6, 24, -3, -7, 0]
[-1, -2, -1, 18, 6, 2, -2, -4]
[2, -8, -7, -7, -5, 1, 3, -1]
[-4, -3, -2, 17, 43, 5, 5, 1]
[1, -2, 0, -22, -68, -9, -2, 3]
[1, 7, 2, 0, 21, 1, -1, 1]
[-3, 0, 1, -10, -18, -5, -4, 1]
[-8, 1, -1, -7, 15, 3, 8, 4]
[-1, -5, 1, -6, -9, -2, -7, -3]
[10, 5, 0, -2, -13, 3, -5, -5]
[-2, -9, -5, 0, -9, -3, -4, -4]
[8, 2, -1, -3, -7, 0, -1, 4]
[-2, 3, 3, 0, -1, -2, 12, 2]
[-4, -4, 5, 14, 35, 3, -5, -7]
[3, 3, -1, -3, -3, 3, 1, 0]
[-4, -2, -4, 8, 18, 0, 3, 0]
[-1, 5, -4, 3, 5, -1, -1, 0]
[-7, 1, -5, -41, -14, 1, 4, 0]
[-1, -7, 0, 26, 20, 1, -2, -1]
[2, -2, 0, -9, -31, -4, -3, 2]
[1, -1, 5, 12, 28, -1, -4, 0]
[-2, 0, 3, -2, -20, -6, -6, -4]
[3, -1, 1, -20, -31, -5, -3, -3]
[5, -1, -3, 4, 5, -1, 5, 0]
[-4, 2, -2, 12, 13, 2, -4, -1]
[-9, -7, -4, 4, 4, 2, 7, 2]
[5, -1, 0, 4, 24, 3, -1, -6]
[0, 5, 0, -16, -41, -2, 0, 17]
[2, -5, -2, -2, 17, -2, -4, -6]
[-1, -1, -1, -1, -17, -3, -2, 5]
[-1, -2, 0, -2, -8, -1, 2, -1]
[-4, -3, -5, -6, -7, -3, 0, -4]
[-2, 3, 1, -3, 10, 1, 1, 1]
[-2, -3, -1, 10, 10, 1, -2, -2]
[0, 12, -2, -6, 4, -2, -2, 3]
[-2, -2, -1, -4, 6, 0, -1, -2]
[-1, 0, 2, 6, -11, -2, 16, 0]
[-2, -6, -1, 9, 7, 0, 4, -3]
[1, -2, 7, -2, -8, 3, -2, 4]
[8, 0, 1, 4, 13, -4, -3, -3]
[-1, 1, 2, -4, -20, -5, -9, -5]
[1, 1, -2, -9, 15, 2, -2, 0]
[-4, 4, -7, -13, -6, -5, 0, -1]
[-3, 1, -5, -4, -13, 3, -2, -4]
[-3, 3, -6, 0, -7, 4, -1, 0]
[-3, -2, -5, 5, 7, -2, 3, -1]
[-1, -9, 4, 9, 10, 3, -4, 1]
[1, -3, 5, -7, 10, -2, 4, -1]
[-1, -6, -2, -11, -34, -3, -4, 0]
[2, 8, 0, 9, 11, -1, 0, 1]
[3, 2, -1, 0, -9, -3, -2, -2]
[3, -2, 3, 5, -1, -2, -3, -4]
[-5, -11, -4, -1, 8, 0, -3, 1]
[6, 0, 5, -9, -36, 5, -1, -2]
[-5, -8, 1, 11, 53, -1, -2, -4]
[0, -6, -4, -5, 0, 3, -2, 2]
[2, 4, -2, -13, -16, -4, -4, 1]
[-1, -5, -4, 7, 12, -1, -3, 1]
[-2, -1, 2, -5, -23, -3, 2, 1]
[-3, -1, 0, 7, 6, -1, 5, -6]
[-2, -2, -3, 1, 14, 0, -1, -3]
[-1, 1, 0, -3, -7, -3, 6, 1]
[-2, 2, -3, -2, -10, 2, -1, -3]
[-6, 5, 0, 3, -16, -2, 0, -6]
[6, -4, -2, -21, -1, 1, -1, 12]
[1, 2, 2, 31, 48, -1, -9, -8]
[-1, -3, -4, -30, -44, -6, -5, 16]
[-4, -4, -5, 3, -16, 1, -3, -4]
[-4, -1, -1, -2, -15, -5, 1, -5]
[0, -9, -1, -15, -1, 4, 3, 1]
[-1, -2, -3, 16, 12, 6, 0, -2]
[3, 10, 8, -6, 10, 1, -3, 4]
[1, 8, 4, 4, 11, 7, 19, -4]
[0, 3, 3, 11, 33, -2, -21, -5]
[-1, -2, -5, -3, -26, -6, 0, -3]
[2, -6, -2, -1, -6, -1, -1, 6]
[3, -5, -3, 13, 9, -2, -7, -2]
[-2, -2, -8, -13, -20, 1, 4, -1]
[6, 6, 1, 1, 9, 0, 0, 1]
[0, -4, -2, -2, 5, -1, 2, -2]
[-1, 6, 8, 9, 1, 0, -1, 1]
[-9, -6, 1, -3, 2, -2, 2, -1]
[0, -5, 2, 0, 6, 2, -5, -3]
[10, 3, -1, 8, 19, 1, 10, -2]
[-3, -3, -7, -15, -38, -7, -13, -6]
[-3, 0, 1, 11, 20, 5, 4, 1]
[3, -1, -2, -5, -11, 1, 3, 1]
[-4, 3, -3, -8, 5, -5, -3, -1]
[0, 4, 4, 24, 33, 0, -5, 2]
[2, 2, 4, -7, -21, -2, -3, 1]
[-2, -3, -4, -7, -43, -5, 0, -4]
[1, 3, 1, 2, -3, 2, 2, 5]
[-3, -1, -3, -2, 4, -4, 1, 0]
[2, -1, -4, -18, -6, -1, 6, 1]
[3, -2, -2, 13, 29, 2, -1, -2]
[-6, -3, 7, 4, 0, 1, -5, -1]
[-4, -2, -4, -4, -15, -3, -2, 0]
[3, 1, 4, 14, 2, 0, 3, 1]
[2, 5, 1, -18, -4, 0, -2, -1]
[1, -6, 3, -3, -6, 1, -1, -1]
[-1, 5, 4, 5, 24, 2, 1, -3]
[-5, -3, -3, -11, -26, -3, 1, -2]
[-4, 0, -4, 1, 12, 2, -3, -7]
[-1, 7, -1, 10, 35, 1, -1, 6]
[3, -1, -3, 6, 26, 1, -7, 6]
[4, -2, -13, -15, -22, -4, 4, 3]
[-5, 0, 5, 13, 10, 4, -1, 3]
[-2, 0, -3, -11, -10, -1, 1, -2]
[1, -7, 3, 1, -5, -1, -4, -5]
[-7, 1, 1, -1, -4, -2, -4, -1]
[3, 2, 4, 8, 9, 6, -2, 1]
[3, 1, 0, 1, 7, 4, 0, -1]
[-1, -3, -7, -12, -7, -6, 2, -2]
[0, 3, -1, -1, -10, -3, -1, 0]
[1, 3, -1, -14, -42, -6, 0, 0]
[2, -1, -1, 12, 46, 5, -3, -4]
[-3, -3, 2, -8, -51, -2, 6, 0]
[-2, -4, 3, 26, 12, 2, -2, -3]
[-5, -4, -6, -24, -23, -1, -1, 0]
[-1, -5, -4, -5, -4, -4, -1, 1]
[1, 2, 1, -1, 11, 3, 4, -1]
[-3, 3, 1, 7, 1, -1, -4, -7]
[-2, -2, -2, 0, 36, -1, 1, 14]
[1, 1, -3, -12, -33, -2, 1, -5]
[-2, 1, -2, 2, 6, -5, -1, -3]
[7, 0, 2, -5, -9, 0, 0, -2]
[-4, -6, 1, 17, 25, 3, 0, 2]
[-1, -5, -2, -2, -9, -1, -2, -2]
[-2, -7, -3, -7, -10, -5, -7, 1]
[0, -1, -3, 0, 9, -1, 0, 1]
[3, -1, 3, 1, 5, 1, 4, -3]
[-3, -1, -5, -19, -45, -5, -1, -4]
[0, 2, 1, -1, -11, -2, -1, -3]
[0, 0, -3, -7, -26, -3, -4, 1]
[2, -1, -3, 7, 35, -2, 0, 1]
[-4, 1, 7, 19, 18, 7, 0, 3]
[-4, 0, 3, -2, -19, -1, -3, 0]
[-2, 3, -2, -14, 13, 3, 2, 0]
[3, 4, 2, 25, 4, 2, 2, -2]
[-2, -2, -2, -7, -22, 4, -1, -1]
[-4, -4, -6, -8, 6, -5, -1, 1]
[-5, -8, 1, 5, 11, -3, -1, -1]
[4, 6, -1, -15, -49, -5, -9, -3]
[0, -2, 0, 4, 41, -2, 12, 1]
[1, -1, -2, -9, -18, 0, -2, -5]
[-6, 3, -5, -5, 1, 5, 0, 1]
[0, -4, -3, 9, -4, 0, 1, -5]
[2, 0, -3, -3, 40, 4, -5, 2]
[2, -3, 3, 18, 4, -1, 1, 0]
[1, -4, -2, -12, 31, 1, 2, -3]
[4, 6, -1, -25, -63, -5, 0, 0]
[-3, 0, -5, 4, -28, -9, -3, 0]
[-4, -7, 0, 4, 41, 1, 2, -3]
[-6, -6, 0, 15, -32, -4, -3, 3]
[8, 18, 0, -24, 8, 3, -1, 1]
[4, 2, 2, 35, 44, 9, 0, 2]
[0, 4, -4, -21, -17, -4, -2, -2]
[4, 1, 8, 10, -9, 0, 1, 0]
[-11, -9, 1, -36, 1, -2, 0, -4]
[0, -6, 0, 43, -15, -2, -2, -2]
[0, 0, 0, -22, -11, -2, -1, -10]
[0, -10, 0, 12, -17, -3, 2, 4]
[3, 4, 7, 37, 71, 11, 10, 1]
[-4, -5, -6, -36, -79, -6, 0, 0]
[0, 6, -4, 14, 47, 3, -3, 3]
[-2, 11, 3, -5, 50, 6, -3, -1]
[-5, -12, -12, -73, -104, -18, -5, -2]
[2, -6, 2, 42, 45, 4, 1, 2]
[15, 22, 19, 56, 72, 11, 5, 10]
[-14, 1, 2, -9, 10, -5, -2, -4]
[1, -2, 3, 10, 2, 8, 4, 2]
[-5, -4, -12, -36, -21, -5, -2, -4]
[5, 2, -4, -9, -24, 5, 1, -1]
[5, -6, -10, -45, 24, -2, -4, -2]
[-3, -7, -7, 46, 88, 3, -5, -2]
[-7, -23, -15, -65, -90, -17, -5, -3]
[-4, 4, 3, 60, 73, 0, -6, -4]
[8, 12, 1, -41, -80, -4, 4, 4]
[-7, -3, -1, -44, -13, -7, -9, -18]
[8, 14, 17, 80, 83, 12, 9, 27]
[-25, -19, -17, -16, -8, -9, -11, 0]
[4, -14, -14, -36, -25, -15, 4, -5]
[7, 3, -4, -53, -21, 3, -4, -2]
[3, 0, 10, 55, 24, 1, 1, -6]
[2, -4, 7, 7, -21, 1, 6, 0]
[-6, -7, -8, -4, 10, -3, -3, -3]
[-1, -7, -10, -17, -75, -20, -5, 3]
[-5, -2, -3, -73, -61, -2, 1, -5]
[2, 1, 5, 27, 70, 11, -1, 4]
[-1, -4, -3, 37, -53, 1, -4, -4]
[2, 1, 4, 27, -23, 4, 3, 1]
[-1, 11, 16, -6, 57, 2, -4, -3]
[0, -5, -5, 45, -33, -4, 1, -2]
[5, 6, 8, -33, 28, 15, 0, 2]
[-8, -7, -8, 37, 98, 8, 1, 4]
[-7, -24, -11, -26, -66, -15, -6, -9]
[7, 10, -10, -107, -91, -4, 2, -4]
[2, 22, 11, 103, -28, -21, -3, 2]
[9, -5, 9, 37, 59, 23, 17, 11]
[2, 16, 4, 51, 90, 1, -2, -16]
[-10, -19, -10, -50, -99, -23, -6, 3]
[3, -1, 3, -51, -32, 14, -9, 0]
[0, 7, 1, 1, 93, 4, 10, -1]
[0, -1, -9, 41, -121, -12, -1, -5]
[-2, 0, -3, -13, 9, -1, 1, -3]
[-7, -6, -5, 44, 72, 7, -3, -1]
[-3, 1, 8, -15, 75, 11, -2, 3]
[-3, -2, -8, -59, -52, -12, -3, -6]
[1, 3, 2, 1, -55, -1, 1, -8]
[-13, -18, 8, 43, 49, 23, 14, 21]
[11, 4, -17, -31, -43, -32, -21, -14]
[7, 13, 4, -8, -38, -2, 0, 7]
[-18, -19, 5, -21, 50, 9, -3, -6]
[13, 28, -6, -4, 63, -21, 17, 3]
[-8, -11, 5, 1, -43, -2, -70, -31]
[18, 29, 7, 60, 109, 32, 43, 39]
[6, 11, 11, 42, 52, 15, -7, 4]
[-11, -15, -15, -40, -75, -33, 0, -19]
[-6, 3, 5, 17, -17, 11, 14, -1]
[-1, -3, -10, -66, 8, -10, -17, -1]
[-2, -16, -5, -19, -34, -3, 6, -1]
[2, -7, -1, 2, 52, 14, 4, 0]
[2, 2, 9, 70, 88, 19, 7, 9]
[-17, -15, 2, -104, -79, -6, -9, -14]
[1, 7, 4, -14, -38, -1, 14, 9]
[7, 0, -5, -85, -124, -17, -20, -5]
[-1, 0, 4, 56, 46, -3, 12, -2]
[11, 5, 8, 39, -44, 13, 17, 6]
[3, 8, -11, -2, -45, -11, -6, 6]
[1, 2, 14, 16, 30, -2, -4, 1]
[3, -2, 5, 51, 11, 12, 1, 10]
[-5, 1, 12, 11, -44, 2, 19, -5]
[-3, 0, -6, -41, -36, -14, -11, -7]
[-9, -19, -6, -12, 5, 15, 1, -2]
[1, 9, 4, 12, -102, -20, 19, 12]
[-6, -9, -16, -46, 16, -9, -37, -9]
[0, 6, -4, -10, 124, 15, -7, -8]
[-10, -5, -6, 66, -77, -34, -14, -10]
[-5, -5, 0, -60, -81, 3, 12, 3]
[2, 5, 5, 39, 71, 5, -3, -2]
[6, 0, -10, -39, -85, -26, 11, 4]
[-3, -5, 7, 14, 55, 23, -1, -5]
[3, 5, 12, 33, 6, -3, -4, 1]
[-2, 2, -1, 52, 114, 4, 3, 3]
[-2, -5, -5, -16, -26, -13, -15, -5]
[5, 12, 1, 13, -32, -16, -9, 9]
[0, 1, -9, -84, 40, -5, 0, 2]
[1, 1, 2, 7, 75, 48, 0, -2]
[-5, -5, 6, 2, 56, -14, 1, -10]
[3, 1, -13, -104, -49, -18, -3, 1]
[13, 8, 8, 53, 94, 22, 27, 8]
[-13, -18, -31, -72, -9, -37, -15, -8]
[-3, -3, -8, 38, 72, 18, 7, 4]
[7, 12, 20, 84, 81, 18, 2, -3]
[-3, -7, 9, 62, 36, 6, 21, 9]
[3, -2, -10, -99, -73, -14, -2, 1]
[-3, 0, 29, 98, -86, -28, 11, 1]
[-5, -16, -33, -95, -55, -13, -20, -1]
[11, 12, 3, -4, 104, 37, 13, 5]
[-4, -5, -7, -19, -92, -29, -26, -3]
[-7, -6, -11, -39, 69, -22, -10, -9]
[0, -2, -6, -20, 36, 4, 5, 4]
