[1, -1, 22, 56, 24, 6, -1, 3]
[-13, -13, -36, -81, -54, -11, 2, -4]
[10, 16, 38, 55, 110, 24, -2, 3]
[-4, -9, 7, 97, -20, -11, 0, -13]
[8, 5, 15, -1, 13, 10, -3, 6]
[-19, -15, -27, -55, -54, -57, -9, -9]
[0, -2, -4, 5, 107, 19, 6, 8]
[9, 10, 1, 17, 127, 39, 12, 8]
[-9, -5, -44, -128, -28, -54, -21, -14]
[7, 12, 38, 111, 100, 74, 12, 3]
[-12, -12, -21, -17, -128, -54, -25, -12]
[10, 7, 0, 5, 96, 14, 27, 4]
[-5, -6, -34, -128, -51, 27, 5, 8]
[5, 5, 2, -31, -19, -54, -12, -9]
[-1, 4, 21, 95, 101, 89, 32, -27]
[-2, -4, -1, -72, 37, 11, -33, 26]
[3, -6, 21, 87, 71, 31, 2, -1]
[-8, -5, 8, 55, 3, -11, -7, -2]
[17, 9, 9, -75, 23, -18, 9, 12]
[-12, -11, -20, -58, -69, 5, -8, -16]
[-13, -14, -15, -2, 34, -25, 5, -1]
[0, -7, -34, -17, 40, 2, -1, 2]
[6, 13, 26, 24, 63, 17, 5, 1]
[1, 11, 13, -58, -120, -55, -6, -15]
[-6, -3, 2, 29, 18, 16, -7, -2]
[10, 1, -1, -35, -16, 9, 11, 8]
[-2, -3, -17, 74, 89, -17, -20, -2]
[-19, -19, -17, -61, -9, -15, -16, -19]
[-1, 7, 18, 79, -18, 26, 5, 13]
[25, 31, 40, 85, 123, 85, 24, 21]
[-14, -17, -38, -97, -111, -29, -7, -10]
[17, 22, 38, 71, 127, 75, 15, 15]
[-8, -14, -14, 3, -128, -69, -23, -21]
[9, 7, 29, 121, 127, 80, 36, 12]
[-2, -5, -15, -51, -71, 0, -5, -1]
[-10, -4, -7, -1, 29, -52, 3, -4]
[-6, -8, -26, -128, -120, -11, -14, -6]
[10, 6, -10, 12, 62, -2, 10, 14]
[-17, -17, -8, -10, -54, -45, -23, -16]
[-7, -6, -16, -34, -95, -40, 1, -7]
[8, 6, 21, 91, 5, 7, 1, 4]
[-9, -7, 23, 95, 105, -19, -15, -11]
[-1, -16, -50, -117, -102, -39, -6, 5]
[0, 0, 7, -51, -53, 0, -3, -6]
[3, 4, 10, 57, 115, 15, 4, 0]
[8, 8, 7, -48, 34, 69, 5, -4]
[-1, 3, 1, -54, -15, -37, 6, 7]
[-9, -11, -27, -55, 6, -24, 24, -12]
[2, 7, 4, 9, 56, 13, -37, -12]
[-1, -4, -9, -53, 27, -18, 6, 10]
[1, 3, 9, 67, -53, -35, -11, 1]
[9, 2, 4, 4, -49, 10, 13, 17]
[-4, -6, -38, -128, -14, -7, 3, -10]
[-8, -4, 16, 6, -117, -35, -23, -7]
[3, 3, 14, 6, 2, 25, -3, 0]
[9, 7, 12, 127, 127, 24, 4, 4]
[-1, 2, 1, 41, 47, 35, 11, 4]
[-8, -5, 5, -39, -24, 0, -12, -2]
[7, 20, 53, 78, 92, 47, 17, 9]
[7, 2, -9, 28, 66, 10, -2, 4]
[-3, -5, -16, -49, -108, 2, -1, 0]
[2, -2, -18, -15, -11, -4, 8, -3]
[0, 5, 0, -48, -22, -6, 7, 9]
[-3, -3, 2, 35, -5, 36, -5, -12]
[-4, -1, 5, 0, -33, -4, 1, 11]
[2, -2, -6, -31, -40, -10, -5, -8]
[1, -6, -14, -6, 52, 11, 3, 2]
[1, 3, 15, 39, 40, -10, -13, 1]
[-7, -4, -11, -28, -43, -7, 27, 0]
[-7, -1, 4, -35, -72, -15, -7, -3]
[8, 2, 0, 65, 42, 11, -7, 8]
[-3, -6, -2, -59, -121, -48, 13, -6]
[5, 4, 10, 1, 27, -3, -2, 2]
[-2, -1, -4, -8, 41, 4, 6, 2]
[-10, -7, -3, 2, -25, -13, -5, -7]
[-4, -3, 7, 34, 25, -1, -2, 3]
[-1, 0, 2, -12, -16, -2, -8, -5]
[-4, -5, -12, -15, -31, -15, -7, -5]
[5, -1, -6, 6, 19, 18, 5, 3]
[-3, 7, -4, -40, 38, -2, 3, 1]
[7, 4, 13, -16, -17, 5, 4, 3]
[6, 4, 4, 23, 72, 9, 0, 0]
[1, 0, 0, -27, -44, -1, 0, -3]
[4, -5, -8, 29, 0, -12, -7, -5]
[-1, -11, -3, 28, 99, 1, -3, 8]
[-1, -6, -2, -9, -11, 6, 0, 3]
[0, -3, 5, -11, 19, 7, 4, -1]
[-7, 0, 0, -9, -7, -10, -16, -12]
[-5, 7, 5, 4, -9, -2, 7, -4]
[1, -3, -3, -21, -5, 2, 6, 8]
[7, 5, -6, -7, 20, -2, 1, -3]
[-9, -7, 9, 63, 42, 2, -6, -2]
[-8, -8, -1, 1, -29, -3, -6, -3]
[2, -2, 6, 29, 12, 6, 2, -2]
[-4, 2, -7, 10, 28, 3, 2, 5]
[-6, -7, -2, -20, 3, 8, 0, -4]
[0, -12, 2, -15, -16, 1, -3, 0]
[-3, 14, 2, 12, -6, -8, 1, -4]
[5, 7, 5, 0, 18, 1, -2, 1]
[2, 3, 6, 9, -2, -2, -3, 2]
[-1, -3, -6, 5, 5, 2, 1, -2]
[-2, -4, -2, 13, 9, 1, -3, -3]
[-1, -5, -3, 16, 47, 4, 1, -2]
[-5, -1, -2, -26, -15, 4, 4, 0]
[8, 4, -3, -12, -15, -14, -2, -1]
[7, 7, 2, 1, -7, -11, -1, 0]
[-4, 4, 0, -7, 23, -5, -2, -2]
[1, 3, 1, 8, -34, -4, 0, -1]
[-2, 1, 0, 18, -13, 2, -2, -1]
[-6, -4, -1, -18, -20, -9, -2, -3]
[-6, -8, -7, -21, -35, -1, -3, -4]
[2, 0, 1, 15, 25, 11, -2, 2]
[-1, 4, 7, 20, 35, -7, -3, 0]
[-3, -3, -3, 13, -60, -8, -2, -2]
[-8, -9, -7, -2, -9, 0, -4, -3]
[-1, -3, -1, 1, 26, 8, -1, 0]
[-1, -5, -3, 2, 5, -5, -4, -1]
[5, -16, -6, -16, -13, -2, 2, -4]
[-5, 20, 5, -3, 2, 2, -6, 1]
[3, -6, 5, -4, -13, 2, -3, 0]
[0, 27, 3, 6, 4, 1, 11, -10]
[-1, -3, 1, -1, 19, 0, 12, 7]
[5, -3, -1, -5, -10, 3, -3, -12]
[0, 14, 0, -6, 6, 3, 0, 7]
[7, -5, -1, -26, -2, -6, -7, 5]
[4, 14, 2, 3, -12, -2, -5, -1]
[-6, -7, -8, -5, 13, 12, 7, 7]
[-7, -12, -3, 0, -13, -4, -1, -1]
[1, -6, 10, 55, 86, 3, 5, -2]
[-11, -7, -4, -11, -36, -18, -1, -3]
[-7, -12, -3, -8, -17, 5, 1, 0]
[-3, -2, 0, -4, 4, 0, -3, -3]
[-1, 5, -3, -5, -1, -1, -4, 0]
[-2, -4, 2, 18, 26, -3, -10, -8]
[-8, -4, 3, 8, -2, -3, -11, 1]
[2, 9, 5, 4, 24, 12, 19, -11]
[-2, -5, -3, -9, -19, 0, -5, 14]
[-4, -15, -4, 5, 16, -2, -7, -4]
[-15, -12, -7, -8, 2, 3, -8, -7]
[22, 35, 5, -4, -5, 6, -1, -18]
[15, 28, 5, -18, -20, 2, 20, 16]
[12, 12, -1, -5, 14, 1, 7, -2]
[5, -6, -5, -5, 7, -4, -4, 2]
[-2, -9, -4, -14, -21, 0, 1, 6]
[4, 1, 1, 20, 53, 4, 9, -6]
[0, 0, -5, -27, -45, -5, -11, 1]
[4, 3, 6, -7, 29, 5, 11, 3]
[0, -7, 0, -7, -43, -6, -4, 6]
[-6, -13, -12, 7, -28, -9, -9, -7]
[-4, -6, -1, 12, 5, 3, 1, 3]
[2, 2, 3, 21, 24, 4, -2, -4]
[-6, -8, -7, -39, -57, -6, 0, 6]
[-7, -8, 5, -2, 7, -3, -14, -6]
[-6, 1, 1, 12, 21, -2, 5, -12]
[-4, -3, 3, -2, -3, -1, 3, -5]
[-2, -1, 3, 12, 28, 6, 5, 5]
[-1, -6, -1, -4, -24, -8, -25, -6]
[8, 1, -4, 3, 21, 0, -5, 2]
[8, 10, -3, -5, -16, -3, 1, 1]
[0, 6, -4, 5, 10, 1, -8, 2]
[5, 10, -1, -13, -22, -4, 2, -1]
[2, 10, 2, -5, 5, -4, 9, 2]
[5, 11, -2, 5, 12, -2, 13, 10]
[0, -2, -1, 13, 34, 7, 1, -2]
[1, -5, 0, -9, 17, 2, 6, 5]
[2, -3, 2, -12, -32, 3, -9, -4]
[-1, -13, -4, -8, -27, -5, -1, 1]
[-1, -3, -1, 4, 14, 2, -2, 4]
[-6, -6, 3, 3, 19, 0, -8, -6]
[-3, -2, 3, 21, 52, 6, 7, 4]
[-5, -2, 2, -15, -53, -7, -1, -1]
[-7, -6, 0, 11, 7, 0, -2, -2]
[-1, -3, -3, 0, -10, 2, -4, -2]
[-7, -2, -4, 6, 12, 1, -5, 2]
[-2, -3, 2, -1, -1, 6, -4, -17]
[1, -1, -5, 4, -7, -1, 2, 19]
[1, 0, -2, -21, -17, -2, 0, -3]
[-1, 1, 0, 2, 30, 3, 7, 10]
[0, 3, -2, 2, 14, -7, -18, -11]
[-2, -5, -1, -19, -24, -6, -8, -9]
[0, -1, -1, 11, 28, 2, 11, 3]
[-1, -4, -5, -15, -49, -9, -13, 1]
[-1, 1, 4, 4, -8, 1, -3, 1]
[-5, 4, 7, 25, 30, 5, 5, 1]
[-4, 6, -3, -8, -29, -10, -6, -8]
[0, -2, -4, -14, -6, -4, -2, -1]
[-2, -1, -4, 8, 39, 0, 7, 8]
[-1, -4, 4, -5, -8, -2, -1, -3]
[1, -8, 4, -1, 5, 7, 6, 1]
[4, 6, 6, 20, 23, -1, 9, -3]
[3, 1, -3, 2, -10, -2, 3, 2]
[3, 0, -5, -3, 2, 1, 3, 0]
[-2, 1, -2, -2, -10, -3, -4, -2]
[0, -5, -1, 0, -5, -2, 3, 2]
[-1, 0, 2, -3, -10, 1, -3, -1]
[3, -3, -2, -14, -14, -2, -4, -7]
[2, 0, -2, -7, -18, 0, 10, -3]
[1, 1, 4, 20, 40, 11, 7, 17]
[-3, 3, 1, 20, 39, 3, -11, -12]
[-2, -1, -8, -24, -71, -10, -5, 2]
[-3, -9, -6, -3, 9, 0, -1, 10]
[-5, -2, -6, -30, -62, -23, -8, -10]
[-1, -4, -7, -5, -2, 0, -2, -1]
[0, -1, 1, 22, 35, 0, 1, 1]
[-3, 1, -2, 4, 5, 2, 1, -1]
[1, 3, 1, -8, -19, 3, -2, -7]
[0, 0, -1, -4, -9, -2, 6, 5]
[-3, 1, -1, -4, 7, 5, -1, -5]
[-3, 1, 2, -3, -12, -3, 1, 4]
[0, -1, 7, 8, 29, 5, -1, -5]
[1, 1, -2, -6, -20, 0, 2, 1]
[0, -2, -4, -1, 1, 0, 1, -1]
[1, -3, -3, 3, 7, 1, -3, -3]
[-4, -2, -3, -2, 11, 3, -3, -1]
[0, -1, 0, 2, -26, -5, 0, 0]
[1, -2, 5, 12, 35, 1, 2, 1]
[-2, -6, -2, -16, -24, -6, -2, -6]
[-1, -1, 2, 14, 23, 4, 3, 0]
[-2, -1, -1, -15, -30, -5, 4, 0]
[2, 3, 1, 0, 4, 3, 0, 2]
[-1, 3, 4, 13, 24, 3, 1, 2]
[-2, 0, -4, -16, -16, 0, -2, -5]
[-4, -3, 1, -2, 9, -4, -2, -2]
[0, 1, 2, -7, -8, -3, -1, 0]
[0, 2, 3, 9, 25, 1, -3, -1]
[-3, 0, -2, 2, 12, 0, 0, -5]
[2, 1, -2, 5, -4, 4, 1, 20]
[1, -2, -5, -6, -4, -1, -6, -6]
[1, 2, -1, 6, -11, 0, 4, 0]
[0, -3, -1, 1, -6, -2, -5, 1]
[-4, -4, -6, -6, -2, -6, 0, -6]
[0, -2, -5, -1, 9, 0, 1, 1]
[4, -1, -4, 3, -2, 2, -5, -2]
[5, 3, 0, 7, 7, 4, -1, -2]
[0, 0, 0, -18, -40, -3, 0, -8]
[0, -4, 0, 7, 15, 6, -1, 1]
[-2, 6, 7, -9, -36, -6, 1, -3]
[-2, 3, 7, 14, 43, 5, 13, 4]
[-3, 2, 0, -10, -8, -5, -10, -9]
[-1, -1, -7, -11, -27, -13, 2, 3]
[-2, 1, -5, -3, -1, 2, -1, 2]
[-1, -1, -3, 1, -5, -1, 2, 4]
[-1, -6, 5, 0, 27, 1, -2, -2]
[-2, -1, -2, 10, -24, -4, 3, -1]
[-2, -5, 2, 7, 4, -1, -5, 0]
[-2, 1, -7, -4, -8, -1, -4, -4]
[2, 1, -2, 0, 9, 5, 4, 0]
[1, 0, 2, -6, -2, 4, -6, 0]
[4, -2, -1, 4, 21, 0, 0, 6]
[-2, 0, -4, -2, -6, -7, -6, -6]
[2, -3, -1, 5, 1, -4, -1, -1]
[0, 1, -2, -3, -4, -2, 4, 1]
[-1, -1, -3, -3, 20, 2, 0, -4]
[0, 1, 3, -6, -29, -2, -5, -1]
[1, 1, 0, 9, 22, 3, 3, 0]
[-3, 0, 2, 0, -18, 1, 0, -1]
[-1, -4, 0, -8, -13, 4, 2, -13]
[-3, -5, -2, 0, 7, -7, -3, 9]
[-5, -1, -4, 0, -20, 0, 3, 0]
[-4, 3, 3, 1, 14, 0, -4, 2]
[-2, 0, -3, -2, -7, -3, -1, 2]
[0, -4, -1, -5, -7, -3, 0, -3]
[2, -2, -1, 1, 1, 0, 3, 2]
[2, 0, -4, 3, 14, 3, 1, -3]
[5, 2, -2, 7, 32, 4, 3, 1]
[-2, 2, -3, -1, -12, -8, -3, -5]
[-2, 1, -4, -6, -26, -4, -7, -2]
[-2, 0, -3, -8, -7, 0, 10, -5]
[-1, 0, 2, -6, -27, -4, -6, 5]
[3, 3, 2, 3, 14, 3, 0, -2]
[4, 1, 6, 15, 47, 4, 2, 0]
[0, 6, 4, -2, -25, -1, -4, 0]
[-4, -2, 0, 8, 23, 2, 2, -2]
[-5, -7, -4, -13, -33, -9, -1, -3]
[2, -2, -1, 2, 17, -1, 3, 6]
[-4, -7, 1, -3, -8, 2, -26, -8]
[2, -1, 0, 13, 41, -3, -1, -4]
[3, 4, 5, 14, 31, 7, 1, 8]
[-4, -4, -10, -36, -89, -17, -5, -6]
[2, -2, 1, -5, 10, 1, 4, 3]
[-4, -2, -6, -4, -12, 1, 2, 3]
[-2, -3, 3, 0, -1, -2, -4, -3]
[-2, -3, -1, 4, 3, 3, 1, -3]
[-3, -2, -1, 3, 8, 1, 0, 4]
[0, 0, 1, -2, -20, -2, -3, -2]
[2, 4, 0, 5, 14, 1, 1, -5]
[4, 4, -1, 10, 14, 0, 0, -1]
[5, -3, -2, -5, -6, -4, -4, -3]
[0, 0, 4, 12, 10, 0, 4, -6]
[-2, 0, -3, -8, -10, -1, 3, 6]
[-5, 5, 1, -2, 3, -2, -3, -3]
[0, 2, 0, 4, 32, 1, -4, 3]
[0, 1, -2, -15, -38, -3, 3, -3]
[0, -8, -2, 4, 14, 0, -1, -6]
[-1, -5, -2, -18, -35, 0, -7, -2]
[-2, -3, -1, 13, 55, 4, 7, 0]
[0, -4, -4, -11, -22, -3, -3, 5]
[-5, 1, -3, -7, -8, -1, -3, -4]
[-3, 0, -1, 11, 13, -2, -1, 3]
[0, 6, -1, -2, -21, -1, 5, -1]
[-2, -3, 1, 1, 6, 1, -1, 1]
[-2, -4, 0, 4, 6, -3, -4, -1]
[2, 0, 0, 3, 9, 0, -1, 0]
[0, -1, 2, 3, 5, -1, -2, 1]
[-3, -1, -3, -5, 3, 0, 0, 2]
[1, 0, 1, -6, -14, 0, 2, -3]
[-1, 2, 11, 11, 19, 2, 2, 1]
[1, -2, -4, -7, -14, -6, -3, -5]
[-1, 3, -2, -7, 1, 0, 2, 8]
[-1, 3, -8, -6, -43, 0, 0, 0]
[-2, -4, -5, 10, 63, 1, -4, 1]
[-2, -1, -1, 7, 9, 0, -11, 0]
[2, 0, 4, 3, 23, 1, -3, -2]
[-5, -3, -1, -12, -51, -8, -15, -11]
[-2, -2, -4, -2, -2, -5, 11, -7]
[-1, -2, 4, 1, 16, 3, 8, 4]
[-1, -3, -4, -10, -27, -3, -4, -2]
[1, 1, 3, 6, 20, 4, -3, 2]
[-1, -3, 1, 0, -6, 1, -5, -8]
[2, -3, -5, -3, 0, 0, 8, 13]
[4, 2, 4, 2, 4, 1, 4, 2]
[1, -1, 0, -3, -2, -6, 2, -2]
[-2, 2, 2, 8, 4, 3, -3, -2]
[-4, 2, -1, -8, 0, -1, 0, 0]
[-6, 1, -2, -6, -25, -3, -5, 2]
[0, 3, 2, 14, 33, 7, 4, -1]
[0, -4, 0, -10, -7, -2, 2, 4]
[-1, -3, -4, -7, -29, -4, -3, -4]
[0, -5, -4, 2, -16, 1, 1, -2]
[-1, -5, 4, -1, 22, 1, 2, -1]
[-2, -4, -3, -15, -60, -3, -3, 4]
[5, -2, -2, 0, 0, -1, -2, -5]
[1, -3, 1, 9, 38, 4, 2, 1]
[-3, 4, 1, 29, 37, 4, 4, -1]
[-2, 0, -1, -19, -35, -3, -2, -1]
[0, -1, 1, -13, -44, -5, 1, -1]
[1, 0, 1, 9, -9, -1, -1, -2]
[1, -1, -4, -10, 32, -1, 3, 0]
[-8, -2, 1, 31, 38, 4, -6, 1]
[-3, -5, -3, -19, -29, 0, -1, -1]
[-4, 7, -1, 13, 27, -1, 1, 3]
[5, -1, -5, -26, -28, -9, 0, -3]
[6, 8, 0, 19, -1, 1, 2, -2]
[4, 4, 5, 14, 31, 7, 1, -2]
[6, 3, 6, 25, 22, 7, 1, -2]
[-5, -9, -6, -31, -51, -14, -6, 1]
[1, -4, -3, -23, 0, -2, 0, 0]
[-1, -2, -2, 0, 47, 4, 1, 1]
[-5, -3, -1, -14, 3, -3, -2, -2]
[-5, 1, 1, -4, -43, -4, -1, 1]
[-5, -1, -1, -5, 9, 3, 1, 2]
[-2, 2, 3, 26, 12, 1, 0, -2]
[-6, -4, 1, -4, -35, -11, -2, -5]
[-2, -5, -2, -1, 46, 2, 1, 0]
[5, -4, -2, 15, 25, 1, 0, 2]
[-4, 5, -2, -6, -48, -5, -3, -2]
[-6, -7, -14, -66, -101, -15, -9, -5]
[1, -1, 8, 59, 29, 5, -1, -2]
[5, 2, 1, -18, 10, -2, 4, -1]
[4, -3, -3, 16, 31, 2, 5, 1]
[2, 6, 5, 31, 86, 12, 5, 2]
[-4, -4, -9, -62, -126, -13, -4, 1]
[0, -1, 6, 24, 50, 9, 1, 2]
[-3, -3, 1, -17, -25, -11, -4, -2]
[-4, -4, 1, -21, -69, -8, -3, 0]
[3, 4, 2, 17, 54, 8, 2, -3]
[4, 3, -2, -1, 4, -1, -1, 0]
[5, -2, -7, -14, -5, -3, -1, 0]
[6, 2, -1, 18, 41, 10, 1, 0]
[-5, 1, 0, 11, -25, -4, -4, -3]
[-6, 4, -2, 5, -22, 0, 3, 2]
[0, 3, 5, -11, 94, 16, 4, 1]
[-8, 0, -7, -7, -17, -12, -3, 0]
[-5, -4, 1, -2, -74, -10, -6, -2]
[1, 0, 1, -6, -5, -3, -1, -7]
[1, 0, 0, 0, 28, 2, 1, 0]
[12, 7, 5, 8, 33, 4, 3, 10]
[-14, -7, 4, 38, 66, 2, -5, -7]
[-2, 0, 3, 11, -42, -7, 0, -1]
[0, -3, -5, -31, -56, -2, -3, -1]
[0, 3, 4, 24, 79, 6, 6, -5]
[10, 10, -6, -28, -4, -5, 4, 4]
[-4, -4, -2, 6, 11, -12, -12, -5]
[0, -8, -2, 15, -23, 5, 2, -2]
[5, 1, 6, 26, -7, 5, 0, 1]
[-1, 1, 2, -6, 59, 8, -5, 4]
[0, 4, 4, 31, 110, 12, 8, 0]
[-8, -3, 3, -2, -48, 1, -1, 3]
[3, 7, -7, -34, -70, -12, -3, -4]
[0, -2, -2, -7, 2, -8, -3, -5]
[0, -5, -8, -15, -90, -9, -9, -11]
[-5, -3, 0, -31, -68, -13, 4, 10]
[0, -5, 6, 76, 74, 18, 3, 3]
[3, -9, -13, -79, -81, -18, 14, 6]
[-6, 1, -11, -30, 11, 2, -5, -4]
[-6, -1, 12, 22, -52, -4, -2, -11]
[16, 7, 8, 55, 111, 22, -28, -7]
[-8, 1, -3, -13, -55, -8, 3, -1]
[-1, -3, 0, -16, -16, -18, -10, -5]
[1, 1, -6, -15, 11, 1, 4, -1]
[-5, -8, -3, -46, -22, -5, 7, 11]
[-4, -6, 7, 110, 123, 26, 11, 3]
[-10, -6, -9, -49, 18, 0, 0, 2]
[4, 4, 5, 35, 28, 6, -1, -2]
[-2, -6, -3, -38, -7, 1, 9, -4]
[3, 9, 22, 85, 69, 1, -4, -8]
[4, -1, -7, -87, -12, 10, 9, 5]
[3, 4, -2, 43, 106, 2, -7, -6]
[-8, -3, 6, 8, 49, 8, -1, 4]
[2, -12, -8, -16, -31, -14, 9, 4]
[18, 5, 5, 80, 113, 11, -4, -3]
[-11, -14, -20, -94, -95, -36, -1, -13]
[9, 34, 3, -19, -52, -7, -3, 4]
[1, -13, -8, -24, 41, 7, 29, 3]
[-3, 9, 18, 127, 91, 27, -34, 5]
[5, 0, -7, -49, -33, -12, 0, -8]
[-8, -10, -20, -60, -62, -34, 4, -7]
[0, 2, -2, -25, 70, 12, -13, 2]
[-5, -9, -2, -29, -73, -17, 7, -4]
[5, 9, 25, 93, 127, 38, 5, 7]
[-7, -9, 3, -13, -19, 12, -2, 2]
[-7, -3, -8, -6, 15, -11, -5, -7]
[-1, -3, 0, -15, -45, -5, 5, 2]
[3, 3, -3, 9, 25, 8, -5, 3]
[3, -1, 4, 22, 74, 31, 17, 3]
[-2, 7, 2, 21, -106, -6, -25, -4]
[-6, -2, 4, 33, 80, -11, 4, -3]
[3, 7, -2, -11, 7, 6, 3, 5]
[-3, -9, -11, -49, 25, -23, 2, -7]
[-5, 2, 8, 61, 70, 35, 12, -5]
[-4, -16, -20, -96, 16, -37, -9, -2]
[8, 13, 7, 37, 66, 16, 6, 0]
[-11, -9, 6, 39, 19, 0, 11, -3]
[2, 2, -2, -16, 30, -1, -31, -8]
[9, 13, 31, 88, 53, 53, 38, 25]
[-9, -15, -31, -87, -90, -64, 3, -7]
[1, 0, 4, 99, 67, -2, -39, -3]
[-2, -3, -16, -121, -83, -27, -4, -5]
[-5, -5, -14, -32, -40, -52, -16, -12]
[-6, -10, -18, -84, -47, 18, -4, -4]
[-1, 7, 7, -20, 7, -12, 8, 10]
[-9, -12, -7, 33, 45, -31, 6, 5]
[5, -1, 19, 78, 42, 25, 6, 4]
[0, 7, 10, -25, 30, -5, -22, -14]
[-5, -7, -8, 7, -72, -22, 3, -21]
[-3, -4, -4, -37, 105, 37, 24, 40]
[8, -4, -15, -70, -128, -56, -11, -5]
[1, -3, 22, 127, 127, 53, 1, 5]
[-2, 2, -5, -98, -75, 7, 11, -22]
[5, 5, 6, 38, -19, -21, -19, 3]
[-18, -13, -14, -9, 81, 12, -22, -26]
[-2, -10, -9, -5, 28, 23, 20, 35]
[26, 32, -11, -87, -85, -15, 20, 27]
[-3, 5, 23, 123, -46, -36, -46, -15]
[-3, -3, -16, -128, -88, 17, 3, -25]
[2, 8, 9, -27, -64, -37, -11, -5]
[-4, -1, 13, -1, -96, -40, -1, 4]
[1, 7, -11, -105, -28, 31, 14, 0]
[0, -3, 6, 127, 13, -24, -10, -2]
[-14, -15, -17, -97, -70, -47, -15, -11]
[-6, -12, 22, 127, 127, -2, 4, 6]
[8, 5, -3, -88, 48, -10, 1, -17]
[-11, -1, 4, 74, -98, 0, -6, -3]
[-1, 3, -1, 7, 91, 15, 20, -18]
[4, -15, -14, -82, -97, -34, -6, 60]
[14, 13, 2, -13, 45, 12, -23, -19]
[8, 12, -1, -66, -27, -4, 41, 22]
[10, 11, 0, -35, 123, 22, 6, -1]
