[-23, -24, -24, -7, -71, -38, -35, -15]
[-15, -17, -5, -3, -43, 21, -2, -36]
[-3, 3, -4, -52, -86, -21, -4, 6]
[9, 8, 9, -24, 51, 21, -3, -1]
[1, 0, -4, 15, 94, 31, -4, -11]
[0, -2, 1, -56, -89, -23, 24, 21]
[7, 13, 26, 67, 127, 33, -5, -5]
[-11, -18, -25, -17, -103, -9, -6, 1]
[1, -1, 4, 60, 69, 60, 5, -8]
[1, 6, 10, 91, -20, -41, -11, -8]
[16, 17, 9, -32, 26, -16, 10, 17]
[-15, -13, -22, -10, -98, -27, -27, -20]
[7, 9, 18, -72, -70, 8, 26, 11]
[-1, 2, -2, -57, 85, 19, 7, 11]
[-3, -5, 10, 79, 95, 39, 3, -14]
[10, 2, 14, 66, 103, 19, -34, 41]
[-11, -16, -35, -75, -30, 17, 7, -47]
[6, 11, 23, 84, 86, 48, 3, 11]
[-6, -7, -32, -124, -50, -38, 4, 4]
[2, 3, 15, 101, -9, 7, 12, -6]
[9, 9, 5, -16, 126, 26, -11, 9]
[-1, -4, -3, 15, -11, 14, 28, -2]
[0, 2, -13, -49, 97, 55, -12, 3]
[2, 6, 1, -45, -35, -38, 10, 6]
[7, 6, 13, 73, -1, -8, -1, 14]
[-8, -13, -21, -44, 44, 35, 15, -7]
[-4, -7, -18, -51, -14, 7, -5, -3]
[7, 3, 7, -60, -76, -10, 23, 9]
[-2, 0, 11, 106, 39, 15, -9, -12]
[7, 12, 33, 71, 97, 8, -13, 3]
[-1, -4, 8, 18, -13, -4, 10, -6]
[2, 0, -7, -2, 2, 5, -7, -1]
[-7, -3, -9, -48, 13, 11, -2, -1]
[-10, -5, -22, -79, -39, -35, -20, -7]
[-8, -8, -7, 10, -39, -35, -13, 3]
[8, 14, 22, -27, 98, 89, 36, 3]
[-5, -4, -13, -50, -71, -44, -19, -15]
[3, -1, -3, 28, 1, 7, 28, 8]
[-2, -9, -8, -26, -87, -47, -21, 8]
[1, -5, -3, 76, -8, 8, 8, 9]
[-1, -5, -15, -75, 36, -3, 24, 1]
[-2, -3, -12, -68, -126, -7, -30, 13]
[8, 5, 4, -13, 10, 0, 3, -13]
[3, -3, -2, -15, -66, -33, -8, -6]
[3, -1, 0, 75, 73, 17, -4, -6]
[-2, -2, -1, -1, 29, -30, 9, 2]
[1, 2, 28, 108, 25, -39, -9, 1]
[1, 4, 1, -44, 5, -2, -9, 2]
[6, 9, 10, 65, 101, 34, 10, 5]
[-6, 2, 17, 45, -32, -10, -7, -8]
[-9, 0, -1, -9, 32, 33, 3, 0]
[2, 6, 11, 24, 75, 17, 5, -6]
[1, -4, -6, -56, -11, -1, -3, 7]
[5, 0, -5, -13, -40, -16, 3, 2]
[-5, -3, -5, -81, -2, -10, 1, 1]
[0, 9, 12, 88, 33, -14, 18, -18]
[-4, -2, -5, -35, -81, -30, -28, 15]
[-3, -6, -18, -53, -66, -67, -32, -12]
[-1, -5, -6, 37, 65, 8, 5, -5]
[6, -3, -5, -64, 51, 38, 7, 2]
[0, 8, 16, 73, 46, 27, 34, 13]
[7, 0, -11, -52, 99, 35, 3, 3]
[-2, -3, -8, -30, -70, -31, -5, 10]
[-3, -5, -12, 76, 77, 4, -15, 1]
[-2, 0, 25, 29, 77, 40, 1, -16]
[-6, -9, -14, -21, -80, -12, 4, -4]
[5, 8, 3, -13, 15, 3, 4, -2]
[4, 2, 11, 44, 17, -2, -4, 0]
[-1, -1, -15, -87, -48, -33, -7, 0]
[0, 1, 12, 110, 91, 15, 14, -3]
[-7, 2, 0, -55, -83, -4, -3, 0]
[-13, -12, -24, -122, -128, -50, -23, -11]
[-5, 0, 1, 64, 31, -2, -4, -2]
[-1, -1, -9, -44, -5, -12, 6, 6]
[0, 2, 10, 46, 23, 20, -13, -7]
[-3, -7, -3, -14, -58, 5, -1, 2]
[-4, -4, -5, -16, -18, 9, 6, 4]
[2, -2, -5, -27, -4, 23, 14, -2]
[1, 2, 6, 10, 10, -17, -14, -2]
[-3, -6, -8, -28, -23, -7, 16, 7]
[4, -6, -5, -17, -2, 15, 2, 1]
[-2, -5, -2, 25, -46, 5, 3, -6]
[5, 0, 7, 51, 94, 25, 6, -1]
[-5, 3, -3, -49, -107, -7, -10, -4]
[1, 5, -6, -37, -23, -3, -7, -7]
[-2, 1, -8, -5, 9, 4, -4, -3]
[1, -3, 1, 21, 24, 13, 6, -1]
[0, 4, 9, 27, -16, -15, -2, 9]
[6, 0, 4, 9, 55, 10, -2, 1]
[2, 1, -6, -18, -37, -16, -9, -2]
[-2, -3, -3, 37, 100, 14, 7, 1]
[3, 0, 1, -38, 14, 6, 0, 0]
[-3, -4, 1, 0, -34, -6, -5, -3]
[-6, 5, 7, 17, 3, -13, -7, -7]
[-10, -4, -12, -29, -33, 2, 7, 12]
[-9, -20, -5, 43, 38, 5, 0, 3]
[18, 31, 3, -39, -36, -13, -15, -9]
[2, -10, 5, 15, -3, 0, 16, 4]
[-15, -12, -4, -10, -6, 1, 3, -13]
[-9, -9, 2, 26, 16, 8, 11, 6]
[6, 3, -1, 1, -25, -5, -12, -2]
[3, 7, 6, -3, 8, 1, -6, -2]
[5, 9, -4, -10, -12, -1, 1, -3]
[-2, -5, -3, 20, 40, 2, -3, 1]
[-9, -15, -8, -4, -17, -7, 5, -9]
[-1, -2, 8, 9, 9, 4, -3, 1]
[-4, -7, -3, -24, -27, 2, 1, 1]
[7, 6, -1, 11, 19, 0, -6, -3]
[-6, -9, 0, 2, 9, -10, -2, 0]
[0, 3, -2, 8, 1, 0, -6, 0]
[7, -1, -2, -9, -6, 4, 0, 1]
[11, 8, -5, 4, 1, 4, -1, -1]
[0, 2, 0, 8, 1, 3, 2, 1]
[-9, -14, -7, 8, 17, 5, -4, -4]
[0, -2, -4, -17, -11, 0, 2, -1]
[7, 10, 7, 41, 32, -1, 2, 4]
[8, 10, 0, 4, -6, -8, 2, 2]
[-5, 9, 3, -5, -3, -4, -7, -8]
[-2, 5, 3, 2, -5, 10, 4, 3]
[-3, -22, 1, -4, 9, 1, 8, 3]
[8, 22, 2, -6, -10, -8, -14, -10]
[3, 2, 0, 2, 24, 3, 11, 12]
[11, 0, -11, -6, -3, -3, -7, -8]
[-4, -5, -5, -28, -66, -13, -7, -4]
[-7, -13, 0, -16, -12, -8, 5, 0]
[-10, 2, -2, -9, -6, -2, -2, -6]
[-2, 1, 6, 20, 2, 1, -2, 6]
[8, 15, 2, 7, 41, 1, -1, 0]
[-15, -26, -7, -6, -10, 1, 1, 0]
[9, 9, 11, 4, -32, -2, -7, -1]
[1, 12, 1, -11, 12, 5, 4, -1]
[-5, 4, 2, 7, -3, -3, -7, -7]
[2, -6, -3, 8, 0, 0, 0, 5]
[-7, -7, -4, 3, 16, 9, -4, -4]
[-7, -7, -2, 6, -20, -2, 4, -1]
[2, 7, -6, -2, 39, 3, 7, 2]
[-10, -5, -2, -16, -71, -11, -30, -5]
[-4, -18, -6, -1, -8, 4, 15, 15]
[23, 17, 3, -1, 11, 6, -2, 7]
[7, 15, 8, 4, 18, 0, -4, -14]
[5, -2, -1, 5, -14, -1, 10, 19]
[-4, 0, -4, 1, 9, 2, -11, -2]
[-6, -5, -2, -3, -6, -1, 18, -3]
[-15, -13, -4, -4, 11, -3, -4, 3]
[4, 12, 4, 19, 27, 3, 2, -3]
[4, 6, -4, -45, -29, -7, -5, -5]
[-2, -7, -5, 33, 43, 6, -1, -4]
[2, 0, 0, 8, 14, 0, 1, 3]
[-8, -9, 4, -8, -46, -1, 4, -8]
[-4, -7, -2, 25, 49, 3, 0, -1]
[-16, -13, 0, -22, -48, -2, 3, 1]
[-4, -6, 1, -6, -20, -3, -4, -1]
[-2, -6, -2, -1, 48, 9, 0, -2]
[-1, -2, -3, -17, -68, -10, -11, -6]
[6, -8, -6, -4, -3, 4, 17, 4]
[5, 14, 4, 1, -3, 3, 4, -9]
[4, 2, -4, -8, 11, -1, -11, 19]
[5, 5, 1, 11, 16, -3, -12, -19]
[-5, 8, 10, 13, 20, -3, -11, -2]
[6, -10, 1, -14, -34, -5, 3, -2]
[9, 12, 3, 8, 19, -4, 15, 9]
[-3, -4, -2, -6, 6, -2, 5, 9]
[0, 7, -3, -17, -17, -1, -11, 5]
[0, 1, -2, 0, 17, 1, -4, -7]
[-7, 0, -2, -3, -22, -2, -3, -11]
[3, 0, -4, 14, 39, 5, 3, 6]
[1, 2, 4, -2, -6, -3, -4, -6]
[-4, -3, 1, 7, 25, 3, -2, 3]
[-3, -7, -7, -1, -28, -7, 5, -4]
[-3, -3, 2, -10, -28, -6, 5, 5]
[-2, -10, -7, -2, -1, 0, -1, -7]
[-2, -5, -4, -2, -8, 1, 0, 2]
[0, -6, 3, 8, 31, 10, -12, -3]
[7, 3, -1, 10, 20, -7, 2, -7]
[1, -3, 1, -5, -12, -2, -1, -4]
[-2, 3, 2, 7, 1, 1, -11, 10]
[-2, 0, 1, -3, 8, 3, 15, -2]
[-8, -9, -5, -13, -61, -12, -10, -5]
[2, 11, -1, -3, 4, -5, -6, 0]
[5, 1, -5, -2, -5, 3, 5, 8]
[3, 4, 2, 6, 13, 4, 6, -7]
[-3, 1, 5, 15, 46, 10, 3, 1]
[-4, -7, -5, -20, -73, -10, -3, -1]
[-6, 0, -1, 1, -7, 0, -3, -7]
[-4, -4, -3, -9, 6, -1, -3, 0]
[1, 1, -1, 2, 1, -3, 4, 3]
[1, -4, 3, 6, 26, -1, -6, 1]
[4, 7, 2, -1, -3, 2, 1, 1]
[1, -4, 1, 4, 5, -2, -1, -2]
[0, 2, -1, 4, 3, -1, -3, -5]
[0, -4, -6, -5, -3, 0, 5, 6]
[-2, -5, 2, -4, -18, 0, 2, 2]
[0, -1, 1, 3, 11, 2, 4, -3]
[-3, 4, -3, -3, 12, 0, -1, 2]
[-4, 4, 3, 32, 47, 6, -4, -1]
[3, -1, -3, -11, -23, -4, 0, 3]
[-7, -4, -2, 0, 1, -2, -5, -3]
[6, 2, 0, -4, -24, -2, -1, -2]
[5, 1, -5, -3, 6, -3, 5, -1]
[2, 5, 3, 9, 18, 4, -3, 0]
[-5, -2, -3, -7, -16, -2, -1, -9]
[-8, -3, 1, -4, -5, 1, -2, 7]
[-4, -4, -3, -4, -1, 0, 5, 15]
[1, -4, -5, -1, -6, 0, -1, -3]
[2, -1, -1, 5, 23, -1, -3, -3]
[3, 0, 2, 2, -14, 0, 5, 0]
[-2, 0, 0, -8, -20, -5, -5, -7]
[1, 1, 0, 8, 32, 2, -1, -3]
[-3, -3, -2, 4, 2, 1, 4, 2]
[0, 0, -1, -9, -10, 0, 0, -5]
[4, -1, 5, 7, 15, 6, 4, 3]
[-1, -1, 2, 0, 6, -2, 3, 0]
[-1, 4, 0, -3, -18, -2, -3, 0]
[-2, 4, 2, 5, 13, 2, -1, 0]
[-3, 0, -5, -17, -34, -4, -5, -4]
[0, -1, -4, 2, 29, 1, -1, -2]
[3, 2, 4, 3, 21, 3, 1, -1]
[-5, -7, -1, -9, -68, -4, 0, 1]
[2, 2, -2, -1, 9, 1, -1, -1]
[0, -2, 2, 1, 30, 2, -1, 2]
[4, 1, -4, -1, -40, -4, -9, 0]
[-5, -3, 1, -6, 18, -3, 3, -5]
[1, -6, 3, 0, -30, 0, -1, 4]
[3, 3, 1, -3, 7, 2, 1, 1]
[-2, -1, -4, -7, 19, 2, -5, 1]
[-1, -1, -5, -8, 3, -1, 1, -1]
[-2, 1, -3, 7, 19, -3, -1, -6]
[-1, -1, -1, 1, -41, -6, -1, -2]
[-5, -3, -6, -3, -7, 0, 8, -4]
[0, 1, -3, -2, 6, -1, 1, 11]
[-2, -4, 2, 2, 26, 2, 2, -2]
[-1, -6, 1, -8, -20, -5, 4, 0]
[-2, -4, -1, -7, -9, -5, -25, -11]
[1, 5, -2, 12, 30, 0, 1, 1]
[2, 1, -2, -16, -28, -5, -7, -4]
[2, 1, 2, 12, 29, 1, -2, 1]
[0, -3, 0, -2, -18, -1, 6, 2]
[1, -4, 3, 9, 31, 3, 0, -3]
[0, 1, 1, -5, -21, 1, -4, 0]
[-1, 0, -6, -1, 8, 1, 0, -3]
[0, 5, 6, 11, 14, -1, 7, 3]
[0, 2, -4, -2, -12, 0, -4, -5]
[-3, -3, -2, 4, -8, -3, 0, -1]
[-2, -4, -2, -5, 5, 2, -3, -1]
[-2, -2, 0, 3, 16, 3, 1, 5]
[0, 1, -1, 3, -3, 0, -1, 2]
[-2, 3, 1, 3, 20, -1, 2, -2]
[1, 4, 1, 7, 3, 4, 0, 2]
[0, -2, -2, -11, -37, -6, 2, -2]
[-1, -6, -2, -4, -8, -3, -8, -8]
[-1, -1, -7, -2, 13, 0, 4, 6]
[1, 1, -3, 9, 2, 1, 4, 1]
[0, 1, 2, -5, -12, -1, 7, 2]
[1, -2, 5, -4, 2, -1, -8, -6]
[0, -4, 5, 4, 12, 5, -1, -8]
[1, 2, 1, -4, -1, 1, -4, -3]
[0, -6, -3, -9, -20, -3, 2, 1]
[0, 3, 1, 6, 42, 0, 0, 3]
[-5, -1, 1, 11, 13, 4, -1, 2]
[-6, -2, -4, -10, -47, -4, -3, -2]
[-2, -1, -4, -1, -3, 0, 1, -5]
[3, 0, 2, 3, 25, 3, 3, -3]
[0, -2, 3, 1, 2, 2, -5, -13]
[-2, -9, -2, -8, -6, -4, 4, 18]
[0, 4, -4, 0, 4, 0, -2, 2]
[-3, -2, -1, -5, -10, -2, 4, 2]
[0, 5, 1, 0, -2, -2, 0, 7]
[-2, -3, -1, -9, -19, -5, -7, -11]
[1, 0, -1, 1, 16, 0, -5, -2]
[2, 3, -2, 0, -2, -3, 3, 7]
[3, 1, -1, -3, -5, 1, -4, 1]
[0, 0, 0, -3, -15, -3, 0, 0]
[-2, 0, 3, 6, 18, -1, -4, -1]
[-1, -1, -4, -1, -7, -4, -1, -6]
[-2, -6, -6, -12, -39, -7, 3, -1]
[0, -4, 1, 14, 47, 9, 7, 10]
[4, -3, 2, -5, -4, 0, 1, -9]
[-3, -2, -1, 18, 28, 6, -2, 9]
[0, -1, 1, -12, -33, -1, -2, -2]
[-1, 3, -2, -6, -31, -6, -2, -4]
[-4, -1, -2, 4, 17, 2, 1, -2]
[-1, -4, -3, -6, -23, -3, -1, 2]
[5, 7, -3, 4, 20, 1, 0, -1]
[-1, -2, 8, 1, 12, 0, -2, -4]
[-1, -2, 2, -1, -1, -4, 3, 2]
[-2, 1, 0, -10, -16, -1, 0, -3]
[-3, -4, 0, 8, 7, 1, -3, 3]
[1, 1, -1, -5, -12, -3, -1, -6]
[-1, -2, -3, -4, 3, -4, -2, 0]
[-6, 7, -2, -5, -20, -5, -1, -6]
[2, -2, 0, 8, 40, 3, 4, 5]
[3, -1, 1, 11, 23, 3, -1, 0]
[0, -8, -4, -31, -76, -8, -2, 1]
[-3, -6, -2, 2, 47, 5, -3, -7]
[-1, 1, -1, -11, 0, -2, -4, -1]
[-5, 2, 0, 12, 28, 3, 20, -1]
[-1, 1, -2, -3, 8, 1, -2, 0]
[-2, 2, 2, 10, -33, -3, -2, -10]
[-2, -1, 2, 13, 48, 5, 8, 18]
[-2, -1, -1, -9, -29, 0, -8, 8]
[1, 3, 1, 3, 7, -1, -23, -11]
[-3, -9, 0, -7, -4, -2, 4, 2]
[5, -2, 2, 7, 21, 0, 0, -4]
[1, 1, -1, -2, -27, -3, -1, -8]
[-1, -1, -5, -7, 2, -5, 6, 15]
[1, 2, -8, -6, -20, -5, -7, 0]
[-3, -8, -3, 2, -4, 0, -7, -5]
[0, 1, 2, -11, 0, -3, -4, 0]
[-1, -5, 1, 5, 7, 0, 3, -5]
[1, -3, 6, -6, -3, -3, 0, -2]
[-2, 1, 2, -5, -15, -1, 0, 3]
[0, 2, -4, 1, 22, 8, -2, -5]
[-6, 5, 3, 13, -4, 1, 2, 1]
[1, -1, -2, -7, 7, -2, 0, 3]
[0, -2, -2, 20, 20, 0, -5, -6]
[1, -2, -3, -14, -28, -1, -3, 2]
[-1, -2, -2, 0, -15, -6, 1, -2]
[0, 0, 4, 3, -7, -2, 1, -1]
[2, 4, 0, 1, 22, 0, 0, -5]
[0, -1, 2, 7, 21, 2, 1, 2]
[-3, 1, 0, -3, 61, 7, 2, -3]
[1, -2, -3, -7, -56, -4, 1, 5]
[-1, 0, -2, -17, -29, -4, -17, -4]
[-2, 0, 2, 12, 20, 0, -5, -12]
[-2, -3, -1, -3, -19, -1, 7, 15]
[-1, -2, 6, 3, 7, 1, -7, -1]
[-2, -1, -1, 1, -11, 0, 3, -1]
[-1, -2, -2, -5, -23, -6, 0, -5]
[1, 1, -3, 6, 16, -6, -6, -4]
[0, -2, -3, -1, 6, -1, 2, 1]
[1, 1, -2, 2, 3, 3, 6, 6]
[-4, 0, -6, -17, -40, -1, -2, 2]
[-2, 0, -3, 1, -5, 0, 1, 0]
[3, 2, 0, -3, 5, -5, 3, -2]
[0, 2, 2, -4, 21, 1, 2, -4]
[0, -3, -4, -3, -30, -1, -4, -1]
[-3, -4, -2, -2, 15, -3, -1, -1]
[-3, -4, -2, 1, -13, -2, -1, -3]
[2, 4, 2, 8, -16, -4, -3, -3]
[-3, -6, -4, -20, -6, -4, 3, 6]
[0, -1, 2, 5, -11, -1, 1, -1]
[0, 1, 2, 4, 10, 4, -5, -2]
[2, -3, -2, -10, -27, -2, 1, -1]
[1, -2, -3, 8, 22, 2, -2, 3]
[-2, 2, 4, -5, -2, -1, 6, 5]
[-5, -1, -3, 1, 14, -2, -23, -17]
[1, -1, 1, -6, -10, 0, 2, 13]
[7, 1, 0, 5, 10, -2, 2, -5]
[-1, -1, -4, -2, -6, -4, -11, -6]
[0, 5, -2, 0, 5, 0, -4, 2]
[-4, -4, -3, -6, -13, -1, 6, -3]
[-2, 7, 1, 2, 25, 0, -6, -2]
[3, 3, 4, 13, 31, 4, 4, 2]
[4, 2, -1, 0, -11, 3, 5, 2]
[-2, -2, -6, -15, -4, -2, -4, -5]
[-2, -3, -1, -5, -32, -3, 4, 2]
[-2, 0, 2, 3, -7, -1, -2, -2]
[0, -5, -2, 10, 14, 0, 3, 3]
[3, 3, 3, 9, 39, 5, 0, 0]
[-4, -3, 1, 8, 19, -2, -1, -2]
[-3, -2, -3, -8, -2, -2, 0, -2]
[-2, -5, -2, 3, 7, -1, 3, 0]
[-1, -1, 7, -5, -16, 2, 2, 0]
[2, -2, 1, 0, 9, 5, 2, -1]
[-1, -4, -3, 17, 17, -4, 0, -9]
[8, 10, 1, -8, -10, 4, 7, 5]
[0, -4, -5, 4, -36, -1, -2, -2]
[1, 2, -4, -1, 4, -2, -4, 2]
[-3, -4, -4, -5, -12, 1, 2, 0]
[-4, -7, 2, 2, 1, -4, 0, -2]
[2, 6, 2, -2, -1, -1, -1, -1]
[-5, 1, 0, 6, 21, 0, -3, 1]
[1, 1, -2, -30, -53, 1, -1, 1]
[-2, -5, -2, 13, -1, -2, -1, 2]
[-1, -3, -2, -4, -16, 6, -1, 1]
[2, -2, 0, 5, 53, 1, 0, 0]
[-1, 0, 0, 6, -7, -1, -2, -8]
[-5, 1, -2, -32, -87, -15, -2, 3]
[2, -1, -5, -1, 16, -2, 0, 0]
[-1, -8, -5, -4, -12, 1, -1, -1]
[-1, 2, 10, 50, 74, 10, 2, 0]
[-4, -5, -3, -8, -28, -2, 0, -5]
[6, 8, 5, 13, 22, -3, -1, 0]
[-3, 3, -3, -8, 6, -2, -1, 0]
[4, 7, -1, -1, -7, -1, -1, -2]
[-2, 3, -3, -5, -17, 1, 0, -2]
[-2, 2, 2, -17, -3, 3, -1, -1]
[-1, -5, 1, 16, 21, 4, 0, -4]
[-3, -10, -9, 15, -38, -15, -3, -1]
[0, -2, -6, 10, 56, 2, 1, 1]
[2, -4, 4, 1, 20, 6, 1, 1]
[1, 1, 9, -3, -46, -6, -2, 1]
[2, 6, 3, -14, 1, 8, 4, 2]
[1, -1, -2, -23, -25, -8, 1, -2]
[-4, -1, -2, 9, -29, 2, -1, -1]
[-2, -6, -10, -10, 45, 0, 0, 0]
[0, 2, 12, 34, 55, 9, 0, 0]
[-8, -6, -7, -18, -6, -5, -4, -1]
[0, -3, 3, 8, -14, 0, 2, 0]
[2, 1, -4, 1, 43, -2, 1, 0]
[0, -9, -6, -13, -23, -9, 2, -1]
[5, 22, 14, 25, 73, 15, 3, 1]
[-6, -1, -2, 2, 13, -2, 3, 2]
[3, 5, 6, -39, -50, 8, 0, -3]
[0, 6, -2, 34, 60, -6, 2, 1]
[-6, -10, -11, -46, -32, -10, -1, -3]
[5, 3, 12, 60, 101, 23, 8, 4]
[-3, -6, -8, -35, -60, -29, -8, -2]
[1, -7, 9, 36, 31, 13, 2, -1]
[-4, -4, 7, 78, 63, 4, -2, -2]
[-3, -5, -16, -56, 28, -9, -5, -3]
[4, -4, -3, -22, -96, 0, 3, 4]
[3, 7, -1, -55, -67, -10, -2, 0]
[1, -2, 4, 84, 43, 11, 1, 2]
[-3, 1, 0, 12, 81, 13, 2, 3]
[-5, 3, -3, -14, -22, -15, -7, -13]
[-11, -20, -18, -71, -28, -17, -13, 1]
[9, 13, 11, -10, 31, 13, 9, 1]
[10, 13, -5, 26, 46, 0, -3, 5]
[-9, -7, 11, 28, -35, 5, 4, -7]
[-8, 4, -7, -24, 47, 9, 5, 1]
[9, 4, -10, 0, -36, -16, -7, -8]
[-4, -8, -12, -75, -128, -24, -7, -7]
[9, 8, 11, 54, 125, 17, 8, 1]
[-9, -10, -4, -20, -18, -21, 1, 2]
[-3, -9, -4, -13, 60, 4, 4, 0]
[3, 8, 9, 16, -62, 2, 13, 0]
[1, -1, -13, -59, -40, -10, -7, 1]
[1, 7, 9, 7, 87, 3, -3, -3]
[-17, -13, 1, 42, -75, 5, -3, 0]
[6, -5, -1, -5, -28, -12, -12, -9]
[-2, 3, 3, 27, -48, 5, 6, 21]
[-8, -16, -14, -50, -21, 0, 1, -4]
[11, 2, 1, -68, -4, -4, -1, -1]
[-23, -27, -6, 9, 26, -1, -2, 0]
[21, 35, 11, 46, 46, -2, -8, -2]
[0, 10, -8, -66, -109, -11, 0, -5]
[1, -1, 8, 92, 75, 19, 4, 15]
[0, -1, -8, -43, -25, 3, -11, 2]
[-13, -17, -6, -3, 33, 9, -19, -11]
[1, 12, 6, 56, 50, 3, 1, -8]
[-6, -5, -2, -56, -67, -12, -6, -4]
[12, 4, 3, -1, 16, -3, 3, -1]
[-4, 4, -5, 4, -23, -3, 7, 4]
[9, 3, -4, -77, -74, -14, 0, 4]
[-13, -10, 15, 103, 127, 24, 2, -2]
[-7, -5, -9, -36, -42, -26, -10, -2]
[4, -5, -9, -48, 22, 5, 11, 1]
[-4, -8, -10, 37, 44, -4, -4, -3]
[6, 5, -20, -52, 7, -3, 0, -1]
[-3, 3, 9, -2, -10, 1, 1, -3]
[-2, -5, 8, 58, -16, 3, 3, -7]
[-14, -13, 3, 25, -87, -9, -10, 8]
[0, 3, 6, -67, -46, -18, -2, -9]
[-11, -9, -8, -8, 6, 0, 2, 1]
[39, 44, 10, 1, 98, 23, 13, 19]
[0, 1, -5, -17, -21, -4, 10, -1]
[-4, -6, -18, -89, -116, -40, -33, -6]
[4, 7, 17, 95, 32, 3, -15, -8]
[-19, -18, -17, -87, -37, -10, 2, -1]
[-5, -2, 5, 54, 113, 20, -1, 2]
[-6, -6, -8, -71, -27, -29, 3, 0]
[8, 1, 6, 60, 93, 34, 18, 1]
[-20, -25, -20, -52, -124, -36, -11, -14]
[10, 9, 9, -22, 66, 22, 3, 4]
[4, 4, 14, 16, 68, 21, 1, -4]
[7, 6, -20, -81, -68, -3, 34, 25]
[-11, 2, 34, 127, 127, 48, -38, -12]
[0, -9, 1, -32, -128, -27, 1, -26]
[7, 12, -7, -17, -30, 10, -11, 18]
[5, -2, -2, -13, -112, -16, 40, 10]
[-2, 2, 2, -11, 103, 23, -26, -20]
[10, 3, -4, -42, -101, -15, 17, 13]
[18, 27, 14, 48, 87, 5, 6, -1]
[-4, -7, -5, -9, 83, 19, -40, -16]
[-2, -5, -1, -11, -102, -12, 32, 34]
