[-11, 1, 18, 119, 127, -16, -39, -43]
[-8, -15, -4, 6, -118, -20, 12, 0]
[-3, 2, 4, 49, 86, 8, 2, 5]
[0, -10, -6, -53, 53, 14, 2, -5]
[-2, -7, -21, -16, 63, 3, -1, 7]
[1, -6, -4, 24, 42, 13, 6, 3]
[-6, -4, 2, -128, -87, -42, -18, -7]
[9, 10, 22, 85, 66, 35, 11, 5]
[-3, -2, -6, 58, -107, -36, -8, -1]
[0, 1, 1, -32, 0, -10, -6, -8]
[4, 6, 20, 58, 73, 48, 2, 2]
[2, -13, -19, -77, -77, -39, 15, 12]
[8, 17, 14, -4, 122, 47, 7, 12]
[10, 15, 15, 8, -14, -6, 7, 3]
[-19, -20, -36, -97, -128, -40, -6, -42]
[18, 14, 14, 34, 74, 22, 21, 80]
[-13, -15, -11, -22, 77, 33, -25, -17]
[-6, 6, -6, -29, -80, -2, -5, 2]
[0, 7, 1, 42, 40, -26, -2, -3]
[-9, -11, -22, -102, -70, -29, 6, -15]
[-2, -13, -18, 55, 34, 5, 6, 5]
[-9, -15, 3, -39, 71, 36, 3, -9]
[8, 8, 38, 64, 97, 6, 2, 15]
[-4, 4, 41, 36, -116, -26, -13, -24]
[10, 6, 2, -93, -53, -38, 4, 12]
[-9, -13, -18, 3, 9, 35, -7, -18]
[-2, -11, -31, 58, 38, -6, 3, 8]
[-10, -17, -47, 89, 127, 81, 13, -14]
[13, 23, 60, 93, 67, 52, 23, 1]
[1, 18, 70, -97, -93, -78, -13, 3]
[6, 3, 8, -109, 53, 16, 15, 14]
[-8, -17, -28, -67, -53, -73, -20, -10]
[11, 7, -21, 36, 94, 32, 22, 21]
[-13, -13, -24, -54, -17, 32, -18, -25]
[5, -1, 2, -55, -90, -4, -8, 13]
[11, 23, 15, 89, 111, 39, 17, -4]
[-6, 3, -4, -77, -92, 13, -18, -8]
[3, -11, -33, -34, 90, -27, 16, 14]
[4, 6, -14, 3, -86, -1, 14, 33]
[2, -1, 19, 13, 20, -12, -23, -6]
[-12, -14, 1, 14, 38, -11, -11, -13]
[9, -6, -25, -33, -43, -36, -7, 1]
[4, 2, -29, -3, 70, 38, 13, 1]
[-6, 5, 49, 40, -68, -48, -22, -12]
[0, 10, 20, -31, -42, -20, 14, 7]
[-4, 3, 27, 114, 126, 47, 8, -7]
[-13, -17, -42, -128, -123, -77, -45, -24]
[8, 7, -14, -49, -24, -1, 16, 16]
[-17, -21, -31, 44, -89, -69, -17, -17]
[-5, 4, 9, 53, -20, -19, -13, 3]
[6, 14, 57, 127, 62, 49, 20, 1]
[-8, -10, -23, -81, 80, 13, -22, -11]
[-1, -6, -34, -88, 55, 1, 29, -4]
[-2, -9, -10, -58, -84, -52, 5, -4]
[0, 12, 23, 63, -17, -41, 2, -7]
[0, -3, 9, 45, -70, -13, -21, -8]
[2, -3, -15, -79, -128, -14, -28, 7]
[-2, 1, -3, 127, 127, 27, 1, -8]
[7, -3, 6, 31, -17, 28, 22, 2]
[-1, 0, -11, -24, 100, -12, 0, -16]
[3, 10, 19, 50, 76, -23, 0, 21]
[12, 8, -3, 0, -7, 15, 16, -4]
[-3, -8, -25, -98, 50, 9, -33, -12]
[-7, -23, -46, 8, 48, 13, 14, 3]
[8, 22, 82, 90, 83, -4, -3, -3]
[2, -4, -17, 7, 65, -14, -1, 7]
[-5, 2, 10, -41, -18, 22, -6, -2]
[0, -3, -20, -54, -83, 32, 5, 0]
[-7, -6, -12, -71, -117, -30, -4, -7]
[-10, -15, -26, -79, 0, -3, -2, 5]
[-3, -3, 0, 22, 101, 39, 7, -8]
[3, 13, 44, 69, -18, 79, 16, 10]
[-10, -12, -21, -33, -68, -30, -11, -8]
[5, 0, -1, 13, 57, 36, -2, -3]
[-6, -9, -28, -67, -76, -92, 0, 1]
[-11, -2, -9, -114, -89, -21, -33, -35]
[0, -1, -15, 55, 79, 17, 33, 48]
[-2, -7, -5, -3, -109, -28, -8, -10]
[15, 3, 13, 86, 127, 46, 9, 13]
[6, 4, 9, -37, -50, -19, 2, -5]
[-6, -7, -18, -88, -106, -49, -22, -22]
[-5, -6, -17, 11, -54, 17, 17, 7]
[1, 2, 32, 60, 22, 20, -7, 0]
[-2, -5, -21, 17, 41, -30, -1, 5]
[2, 3, 26, 28, 30, 22, -6, -13]
[4, 4, 6, 15, 111, 30, 10, 13]
[-5, -1, -4, -30, -20, 11, -16, -11]
[1, 0, -17, 1, 60, 18, 8, 7]
[7, 2, -5, -3, 99, 26, 10, -1]
[-7, -3, -1, -51, -34, 0, 3, -2]
[-6, -6, 0, 26, -54, -21, -7, -4]
[-1, 1, 13, 15, 74, 3, -9, 2]
[1, -4, -14, -13, -99, 16, -2, 2]
[-7, 4, 15, 66, 2, -35, -14, -25]
[-6, -5, -24, -53, -17, 13, 0, 10]
[8, 4, 14, 11, -117, -18, 30, 33]
[4, 3, 7, 33, -28, -22, -23, -16]
[1, 4, 8, 20, -19, -21, -9, 7]
[4, 2, -9, -27, -70, 11, 0, -8]
[-3, -4, -1, 22, 3, 20, 6, -7]
[1, 13, 31, 25, 121, -2, 7, 6]
[-9, -5, 8, -49, -68, 7, -6, -8]
[7, 4, 8, 21, 32, 19, 6, 5]
[1, 0, 21, 40, 44, -3, 1, 0]
[0, -11, -20, -19, 12, 7, 1, -5]
[3, -1, -1, -32, -15, -20, -1, 2]
[6, 18, 15, 40, 52, -4, -3, -1]
[-5, -2, -12, -47, 7, 4, -1, 2]
[0, -9, -6, 32, 9, -2, -4, -7]
[-10, -17, 2, 14, -5, -6, -2, 2]
[11, 9, -1, 14, -7, 30, 12, 16]
[-3, 13, 9, 27, 5, -22, -13, -1]
[11, 5, -5, -20, -36, -10, 1, -1]
[-7, -4, -8, 11, 8, -18, 11, -2]
[-1, -8, 4, 3, -3, -14, -2, -9]
[1, 6, 3, -32, -42, -5, 6, 3]
[0, -7, -4, -21, -38, 17, 1, -8]
[1, 3, 7, 46, 116, 10, -11, 2]
[-4, -14, 2, 7, 40, 10, -1, 9]
[-1, -6, -4, -3, 12, 20, 18, 4]
[-15, -8, -16, -36, -32, 16, -12, -15]
[10, 6, -12, -19, -24, 22, 3, 0]
[-4, 5, 22, 47, 19, -14, -6, -9]
[-1, -6, 0, 25, 5, -31, -2, 2]
[-18, -15, -3, -11, 12, -10, 8, 2]
[8, 19, 5, 5, -13, -10, -10, 15]
[-2, -12, -3, -2, -5, 1, 7, -2]
[7, 21, 2, -9, -14, -5, -20, -10]
[-8, -19, -4, 5, 19, 9, -1, -4]
[28, 37, 3, 7, 0, 9, 8, -2]
[-4, 1, -4, -19, -26, -10, -8, 3]
[3, 20, 2, 21, 37, -1, 5, 1]
[-1, -1, -11, -29, -44, -6, 3, 15]
[-44, -57, -7, 26, 66, 6, 5, -13]
[49, 67, 9, -6, -14, 0, 0, 9]
[-8, -20, -8, -8, -15, -13, 5, -3]
[10, 29, 5, -11, 17, 7, -5, 1]
[-5, -4, 4, 7, 14, -7, -4, 8]
[-15, -20, -9, -54, -102, -14, -3, -2]
[-6, -21, -15, 9, 19, -10, -11, -7]
[-5, -7, -3, 12, 5, 3, 5, -1]
[7, 16, 5, -2, -9, 8, -6, 0]
[-14, -9, -4, 10, 35, -6, -5, -8]
[-5, -13, 2, 17, 20, -4, 5, -10]
[1, -9, 2, 13, 9, 1, -1, -5]
[6, -1, 2, -5, -15, 5, 5, 4]
[9, 6, 7, 8, 8, -4, -11, -10]
[-19, 2, 1, 0, -2, 3, 2, -2]
[8, -1, 6, 8, 5, 3, 13, 0]
[10, 16, -1, -25, -33, 0, -15, -4]
[7, 21, 6, -3, -11, -1, 19, 7]
[3, -8, -4, 3, 24, -2, -8, -5]
[-3, 7, 0, 20, 23, -2, 16, 2]
[-3, -9, -5, -15, -47, 2, 16, 10]
[-13, -20, -10, -6, -5, -3, 6, 8]
[2, 2, 7, -18, -28, 5, -8, -7]
[3, 0, 3, 11, 18, 3, -8, 1]
[-9, -9, -1, 25, 54, 7, 6, -7]
[-1, -11, -10, -15, -29, -4, 0, 3]
[-12, 0, -6, 18, 12, -1, -2, 0]
[-11, -3, -5, -3, -3, 1, -2, 4]
[16, 0, 5, 0, 2, -1, -9, -15]
[-3, -8, 2, -7, 11, -6, -9, 11]
[5, 5, 0, -8, -9, -6, 6, 3]
[5, 2, -2, 2, 1, 9, -10, -2]
[-6, -2, -2, -7, -19, 5, 1, -3]
[-5, 1, -3, 11, 15, 1, -6, -2]
[7, -3, -2, -5, -10, -6, 15, -4]
[-7, -3, 4, 16, 23, 4, 2, -2]
[8, 3, 3, -6, -28, -8, -12, 2]
[-5, -8, 2, 2, 6, -1, 10, -8]
[1, -1, -3, -21, 4, -10, -6, 7]
[-1, 3, 0, 10, 14, 1, -3, -5]
[-5, -8, -6, -34, -63, -8, -6, -1]
[-2, -5, -1, 0, -2, 3, -5, -5]
[-1, 1, -1, -6, -25, -2, -8, -9]
[0, 6, -1, 1, 5, -1, 7, 8]
[-1, 2, -3, -9, 4, 2, -3, 18]
[-3, 3, -1, 16, 30, 1, 1, -4]
[4, 0, 0, -3, -7, 5, 7, -2]
[2, 0, -1, -11, -4, -3, 1, -4]
[-4, -2, 2, 0, -2, 3, 2, 4]
[-3, -7, -2, 4, 4, 3, -2, -9]
[4, -6, 4, 8, 20, 0, -2, 4]
[3, 3, 0, -13, -37, -8, -9, 1]
[3, 10, -4, 22, 26, -5, -4, -1]
[-2, -5, -3, -1, 40, 6, 14, -4]
[7, -4, 1, 7, 14, 0, -3, 5]
[2, 8, -3, -9, -35, -8, 1, 0]
[-3, -9, -1, -12, -12, -1, 9, -4]
[-1, 3, -1, 9, 19, 0, -6, -5]
[-4, -3, -4, 1, 18, 3, 14, 3]
[-4, -11, 0, 1, -8, 0, -18, -5]
[3, 8, 1, -15, -27, 0, 6, 6]
[1, -2, -2, 26, 58, 5, -7, 2]
[-2, 3, 4, 5, 31, 3, 13, -4]
[-1, -3, -6, -14, -62, -17, -6, 0]
[5, 9, 0, 5, 0, 0, 1, -11]
[-2, 2, -2, -11, -31, -1, 3, -5]
[5, -1, -4, -2, -2, -1, 18, 23]
[4, 4, 4, 8, 19, 3, 1, -2]
[-3, -5, 6, 9, 10, 4, 2, 0]
[2, -1, 1, -7, -14, -3, -15, -5]
[-2, 1, -2, -7, -13, -3, -9, -1]
[-5, 1, -5, -11, 3, 1, -6, 0]
[2, -1, -3, 1, 15, 1, 21, 2]
[1, -4, 2, 12, 17, 5, 6, 2]
[-2, -5, 2, -5, -39, -6, -10, -7]
[-1, -8, 0, -5, -27, -7, -1, 0]
[-1, 3, 0, 3, 45, 0, -8, -1]
[-6, -2, -4, -11, -22, -9, 2, 0]
[-5, 0, 3, 5, 11, 3, -8, -3]
[1, -1, 1, 11, 44, 11, 3, -3]
[-3, -7, -6, -14, -36, -4, -10, -5]
[2, -1, 1, 5, 2, 3, 4, 14]
[0, -2, -4, -5, -53, -5, -8, -11]
[1, 6, 1, -4, -2, -1, 17, 13]
[-3, -5, -5, -6, -11, 1, -8, -3]
[0, 12, 5, 4, 19, 3, -3, -6]
[1, -4, -2, -3, 13, -2, 1, -6]
[3, 5, 0, 12, 23, 1, 7, 1]
[1, -1, 6, -3, -8, -5, 1, 7]
[0, -6, -4, -7, -10, -2, -2, -3]
[-3, -5, -1, -17, -3, 2, -2, 0]
[-7, -9, -6, -7, -8, 1, -11, -12]
[0, 3, 6, 19, 37, 2, 1, 4]
[-3, -6, -3, 3, -3, -2, -4, -3]
[-2, 8, 2, 11, 49, 2, -8, 2]
[-1, -2, -8, -24, -69, -6, -2, -2]
[-3, -1, -7, -10, -44, -7, -7, -1]
[-1, 2, 2, -5, -12, -1, 2, -1]
[7, 4, 1, 12, 7, 3, -4, 1]
[0, 0, -1, 1, 30, 0, -6, -3]
[0, 0, 1, 12, 16, 3, 7, -6]
[-2, -2, -2, -8, -16, -3, -6, 3]
[0, -2, -2, -5, -14, -2, -5, -2]
[-3, -2, 6, 8, 20, 3, 1, -1]
[1, -1, 2, -6, -15, 1, 5, -1]
[-1, 0, 1, 5, 12, -2, 4, 1]
[0, 5, -5, -17, -42, -7, 4, 1]
[-1, 0, -6, 18, 47, 2, -3, -10]
[0, 1, 2, 2, 15, -4, -4, 8]
[5, -3, 0, -1, -13, 3, 3, 2]
[0, -1, 2, 3, 7, -3, 7, -3]
[1, -4, -7, -34, -68, -10, 4, -4]
[0, 6, 3, 16, 31, 10, 1, -2]
[-4, -1, 3, -9, -52, -8, -7, -5]
[-2, -3, -4, -7, -27, 1, 0, 0]
[-4, -6, -1, 9, 43, 4, 0, 1]
[0, -5, -4, -1, 4, 1, -8, -1]
[2, 1, 0, -1, 4, 1, 13, -2]
[1, 0, -1, 3, 2, 2, -2, -5]
[-1, 4, 0, 8, 1, 2, -5, 7]
[-1, 1, -5, -6, 7, -1, -8, 9]
[0, -1, -3, -2, -5, -5, -4, -4]
[-1, 3, 1, 1, 10, -2, 0, -8]
[1, 2, 8, 5, 13, -2, 2, -1]
[0, -1, 3, -5, -16, 1, 7, -1]
[0, -5, -2, -2, 11, 2, -1, 1]
[-4, -8, -3, -2, 12, -4, -4, 0]
[-4, -3, 3, 4, 20, 3, -3, -3]
[0, 1, -4, -15, -49, -8, -3, -2]
[-2, -5, -7, -5, 8, -1, -3, -2]
[1, 3, -2, -3, -1, 3, 0, 9]
[0, 3, -3, 7, 23, 3, -3, 1]
[0, -2, -4, 6, 15, 3, 0, -7]
[-5, -1, 10, 4, -1, 4, -4, -4]
[1, -6, 0, 13, 22, -1, 0, 2]
[-2, -3, -1, -6, -30, -11, 11, 2]
[-3, -3, -6, 1, 16, 7, -22, -8]
[4, 4, -4, -3, -15, -1, -1, 1]
[-4, -2, -1, -4, -17, 2, -2, -2]
[0, 2, 1, 2, 28, 2, -1, -2]
[1, -3, 1, -3, 0, -4, 4, 3]
[0, 2, -3, 0, 12, -6, -7, -5]
[-1, 2, 0, -7, -11, -3, -3, -2]
[-1, -3, -2, -7, -9, -4, -8, -4]
[-1, -5, -2, -7, -25, -3, 6, 6]
[-1, 3, 5, 10, 10, 3, -5, -2]
[2, 2, -2, 6, 4, 1, 3, -2]
[2, -5, -3, 6, 5, -2, -4, -16]
[0, 0, 1, -1, 9, 3, 2, 17]
[-3, -6, -10, -12, -13, -6, 1, 1]
[-4, 3, -1, -7, -2, -4, -8, -2]
[-4, 4, 1, 0, -8, 2, 6, 4]
[-1, -1, 6, 8, 17, 2, 1, -7]
[0, -1, -1, -2, -12, 2, 0, 5]
[3, 1, 0, 12, 32, 3, 1, 3]
[3, 1, -5, -9, -42, -2, -7, 1]
[-3, 4, 0, 15, 41, 3, 2, -2]
[-7, -2, -4, -13, -47, -5, -2, 1]
[-3, -3, 1, -5, -5, -5, -5, -6]
[0, -8, -1, -8, -8, -2, 2, 3]
[0, -3, -2, -10, -5, 0, 2, -2]
[2, 0, 5, 6, 14, 2, 1, -1]
[1, -5, -3, 3, 2, -3, 1, 0]
[0, 3, 5, 10, 1, 4, 4, 7]
[-5, -2, -2, -8, -11, -2, -18, -8]
[0, -7, -3, 1, 24, 7, 16, -3]
[0, -1, -1, -4, -20, -3, -2, 2]
[0, -2, 2, 7, 7, -3, -3, -3]
[3, 4, 1, 11, 25, 1, 2, -1]
[-2, 6, 3, -16, -52, -6, -5, -1]
[1, -1, -5, -2, 8, 1, 1, 2]
[-2, 5, 4, -2, -13, 1, 1, 2]
[0, 1, -2, 12, 57, 3, 5, -2]
[2, 0, -8, -15, -43, -9, -7, 0]
[-2, -5, 0, -5, -9, 2, 5, 3]
[3, 1, -3, -1, 14, -2, 7, 0]
[1, 1, 1, 3, -16, 0, 2, 0]
[4, -4, 0, 5, 31, 2, 5, 0]
[-3, -1, 2, 6, -1, -5, -6, -5]
[-1, -4, -1, -3, 9, 0, -1, 1]
[0, -1, 2, 8, 2, 1, 4, -3]
[-4, 1, -4, -4, -3, -4, -9, -14]
[-3, -4, 0, -2, -2, 1, 6, 19]
[0, 2, 1, -6, -11, 3, -4, 0]
[-1, -2, 2, -10, -27, 1, 1, -1]
[-1, 0, -2, 1, 28, 1, -3, 4]
[-2, 1, -2, 1, 16, -3, -3, -5]
[-3, -5, -2, -1, -1, -4, -2, 0]
[0, -5, -2, -1, -9, -3, -2, -1]
[1, 2, -2, 8, 19, 6, 3, 7]
[-3, 6, -4, -2, -16, -2, -12, -10]
[2, 0, -5, 0, 17, -4, -1, 0]
[-3, -6, -4, -12, -21, -4, 6, 3]
[-3, -3, 2, 2, -4, 4, -1, 1]
[-4, 4, 1, 14, 33, 2, -3, -6]
[-1, 1, 1, -6, -36, -2, -20, 0]
[4, 0, 2, 8, 46, 5, 5, -2]
[5, -5, 3, 1, -4, -3, 0, 0]
[0, -3, -1, -11, -39, -9, 1, -1]
[-1, 0, 0, 2, 9, -2, -4, -3]
[-5, -2, -5, -11, -14, -1, -1, -6]
[-3, 1, 1, 3, 1, 8, 7, 10]
[-3, 3, 2, 6, 16, 7, -15, -12]
[5, -2, -3, -11, -13, -2, 3, -1]
[4, 2, -2, -9, -25, -4, 0, 4]
[-2, 0, -3, 2, 7, -6, -8, -7]
[-3, -3, -1, 4, 14, -5, 6, -2]
[-5, -2, 1, 6, 21, -3, 4, 3]
[3, 4, -3, -10, -37, 0, -3, 3]
[-5, -2, 0, 4, 4, -3, -3, -4]
[2, -4, 5, 1, -15, 1, 6, -3]
[-1, -6, -3, 7, 52, 5, -14, 7]
[-4, -3, -3, -15, -72, -7, -4, 2]
[-6, 1, -3, 8, 17, 5, 4, -2]
[0, -1, -7, -15, -30, -9, 6, 4]
[0, 6, -1, 2, -8, 0, 6, -6]
[5, 3, 1, 7, 50, 4, -5, -1]
[-2, -2, 3, 2, -32, -1, -12, -2]
[-6, -7, -2, 0, 37, 1, 1, -5]
[0, -4, -4, -18, -61, -3, 1, 1]
[-4, -3, 0, 1, -6, 1, 1, 2]
[5, -1, 1, -2, 9, 2, -3, 0]
[3, 7, 3, -1, 1, -3, 0, -1]
[0, -3, -4, 6, 7, -3, 5, -1]
[-4, -2, -2, -4, -24, 3, -2, -3]
[1, 1, -4, -1, 13, 2, 0, -1]
[2, -4, -3, 3, -5, -1, 1, -2]
[0, 2, 0, 1, 6, -3, -1, -1]
[-1, -1, 8, 4, 9, 0, -2, -1]
[-3, -5, 0, 7, 21, 1, 3, 5]
[3, 5, 2, -6, -11, -1, 2, 5]
[-5, 2, 6, 39, 30, 6, 1, -3]
[-1, -2, -9, -16, -1, -10, -8, 1]
[2, 2, 1, -5, -19, 4, 2, 0]
[-5, -2, 2, 5, 34, -1, 1, -6]
[-6, -5, -5, -9, -48, -6, -2, -7]
[1, 4, 0, 13, 10, 3, 2, 0]
[2, -1, -3, 9, 21, -1, 0, -1]
[0, -3, -1, -11, -18, -5, -5, 1]
[1, -1, 4, 3, 35, 0, 1, 2]
[4, -4, 3, -16, -37, -1, 2, 0]
[1, 0, 3, 10, 20, 5, 0, 2]
[-5, 6, -6, -13, -21, -1, -1, 0]
[-1, -3, -3, 0, 38, -2, -2, 2]
[2, 3, 4, 1, 0, -1, -3, -2]
[4, 6, 0, -11, -17, -3, -1, -2]
[5, 5, 0, -11, -20, 3, 4, 5]
[-2, 1, 0, 37, 64, 10, 1, -3]
[-6, -5, -7, 0, 8, -1, 1, -3]
[-2, -11, 3, 1, -12, -2, 0, -1]
[-1, -6, -2, -8, -46, -3, -4, -3]
[-3, -6, -3, -18, 24, -4, -1, 1]
[0, 3, 7, 29, 0, 7, 6, -4]
[0, -2, -17, -62, -55, -20, -5, 2]
[-3, -1, -2, 5, 8, 2, -2, 0]
[-4, -7, -6, 3, 12, 5, 1, -7]
[6, 16, 3, 3, 11, -2, 0, 1]
[-4, 2, 2, -5, -37, -4, 2, 0]
[-1, -12, 3, 19, 25, -1, -3, 0]
[10, 12, -2, -45, -64, -6, -2, 5]
[7, 24, 6, 36, 118, 12, -6, -1]
[-2, -7, -5, -2, -48, -8, -6, -5]
[4, 0, -2, -13, -11, -10, -3, -9]
[-5, -7, 0, 13, -1, 3, 1, 9]
[2, -11, -3, 15, 19, 0, 3, 2]
[3, 12, 3, -15, 36, 10, 6, 4]
[-7, -7, 2, -2, -41, -5, -11, -12]
[2, 0, -1, 6, 17, 2, 3, 13]
[-4, -9, -11, -31, -127, -6, 3, 4]
[-13, -10, 5, 67, 92, 2, -6, -7]
[-2, 4, 2, -12, -17, 4, 5, -5]
[-4, 6, 5, 6, -50, -9, -2, -9]
[-1, -4, -7, -45, -9, -7, 3, 4]
[0, -11, -4, 13, 23, 7, 0, -1]
[0, 1, 3, 12, 104, 6, 3, 7]
[-16, -17, -6, -1, -54, -10, -1, -9]
[14, 17, 3, -6, -26, 0, 0, 4]
[6, 24, 11, 20, 43, 13, 4, 4]
[-1, -8, -6, 6, 68, -2, 1, 4]
[22, 25, 2, -9, -53, -11, -9, -6]
[-17, -20, -19, -93, -102, -23, -3, -7]
[0, 0, -6, 5, 103, 4, 3, -1]
[3, 1, 1, 58, -2, 12, 2, 1]
[-6, -11, 0, -42, 73, 11, 2, -4]
[-7, -3, 8, 23, 19, -5, -5, -3]
[-4, 0, 1, -21, -15, 0, 1, 5]
[-8, -7, -8, -19, -88, -26, -5, -1]
[0, -3, 5, 29, -28, 0, -3, -4]
[-1, 3, 8, 24, 43, 9, -13, -3]
[9, -11, -1, -2, 67, 18, 8, 10]
[3, 12, -15, -43, -68, -7, -2, -6]
[3, -2, 28, 73, 57, 32, 12, 24]
[-3, 8, -7, 42, 112, 4, -12, -13]
[9, -9, 5, -13, -34, -14, -2, -1]
[-18, -17, 2, 40, 46, 6, -24, -8]
[-3, -3, -3, -4, 41, 1, 44, -6]
[8, 18, 9, 33, 63, 26, -6, 6]
[-7, -5, -13, -85, -128, -32, -10, -4]
[0, 1, 0, -32, 41, 9, 0, 2]
[0, 3, -5, -13, 60, 0, -8, -5]
[-2, -10, 9, 66, 63, 25, 20, 8]
[-1, 7, -14, -19, -95, -23, -5, -8]
[2, 3, 4, 1, 72, 15, 11, 3]
[-5, 3, 1, -26, 33, 3, -15, -13]
[5, -2, -3, -96, -68, 4, 22, 25]
[-6, -4, 15, 93, -66, -4, -12, 0]
[15, 8, 2, 44, 15, -13, -11, -2]
[-14, 1, -31, -117, -98, -39, -13, -15]
[2, -11, 7, 110, 86, 11, -12, -4]
[-7, -5, 6, 24, 91, 25, 16, 4]
[-11, 4, 8, 66, 32, -6, 32, 3]
[12, -19, -20, -60, -117, -22, -28, -11]
[-19, -28, -7, 76, 88, -17, 2, -2]
[35, 44, -13, -128, -66, -15, -1, 0]
[1, 9, 12, 70, 83, 24, 5, -30]
[0, -1, 12, 73, 72, 27, 13, 35]
[-17, -17, -28, -68, -128, -58, -15, -5]
[7, -4, 14, 21, 107, 42, 25, 16]
[-23, -30, -42, -95, -128, -65, -27, -9]
[2, 14, -10, -60, -36, 8, 8, -10]
[2, 0, 37, 37, 37, 37, -2, -6]
[-9, -5, -4, 56, 96, -4, -4, -5]
[-2, 4, -2, -67, -94, -15, -10, -8]
[1, -4, 1, 16, 95, 30, 10, 7]
[-2, 0, -13, -19, -91, -39, 9, -11]
[5, -11, -10, 88, 11, 15, -19, -17]
[19, 6, 21, 50, 51, 58, 18, 30]
[-22, -5, 28, 104, -68, -20, -33, -39]
[17, 17, 1, -56, 110, 30, 25, 23]
[13, 33, 12, 36, 10, 18, -7, 18]
[7, 6, 16, 74, 44, 15, 12, 21]
[8, 5, 5, -7, 102, 4, -10, -9]
[-8, 1, -9, -65, 1, 24, 6, -15]
[-16, -16, 13, 48, 39, -2, -9, -11]
[3, -4, -17, -125, -13, -12, 4, 4]
[-5, -4, -6, 7, -18, -19, -6, 5]
[0, 0, 6, -46, -128, -42, -17, -6]
[-7, -7, -12, -24, 94, -6, 10, 5]
[-3, 4, 10, 25, 54, 7, -7, -15]
[-6, -4, -2, -4, -71, -15, 1, -7]
[9, 6, 0, -11, 41, 13, -22, 24]
[0, -10, 4, -22, 20, 12, 14, 4]
[6, 2, -3, 11, 50, -10, 0, -1]
[9, 17, 14, 76, 59, 14, -5, -7]
[-9, -22, -24, -64, 35, -16, -2, -4]
[-3, -8, -19, -99, -109, -22, -22, 11]
[-5, -14, 4, 45, 31, 14, 1, -52]
[15, 25, 19, 58, 94, 34, 5, 8]
[12, 9, -2, -12, -24, 3, 22, -18]
[9, 21, 2, -50, 54, 2, 3, 15]
[-24, -13, -12, 40, -128, -38, -22, -17]
[-2, -16, -13, -102, 37, 18, 28, 47]
[-8, -17, -19, -14, -69, -26, -13, -7]
[-13, -14, -1, 36, 50, -18, 6, -27]
[14, 11, 12, -12, -6, 29, 2, 7]
[-4, -3, -7, 97, 97, 3, 3, -5]
[-1, -5, -8, -30, -33, 18, -7, -10]
[1, 7, 18, -22, -48, -6, 9, 11]
[-4, 0, 15, -16, 37, 4, 9, 12]
