[5, -7, -22, -6, 50, -21, 7, -8]
[6, 9, -3, -56, 8, -39, -4, 16]
[-9, -8, 8, 82, 22, -3, -8, -9]
[9, 12, 10, -91, 116, -12, -2, 36]
[10, 13, 4, -1, 58, 50, 15, -10]
[-3, 5, -2, 36, -10, -12, -15, -42]
[5, 5, 0, 17, 93, 7, 17, -6]
[-7, -10, -15, -28, -128, -47, -21, -6]
[-6, -8, -18, -81, -128, -26, 1, -4]
[3, 12, 18, -19, 126, -9, -8, 10]
[-9, -6, -7, 4, -67, 2, -12, 15]
[12, 4, -10, 16, 38, 9, 11, 11]
[0, 13, 24, -1, -108, -73, -24, -8]
[-7, 3, 35, 118, 18, 26, 4, -2]
[-2, -4, -7, -55, -32, 13, 9, -10]
[9, 1, 14, 64, 106, 20, 15, 7]
[-4, -12, -16, -18, -100, -40, -9, -11]
[10, 10, 12, 31, 127, 15, 5, 13]
[18, 15, 30, 91, 113, 43, 24, 15]
[-35, -29, -61, -99, -128, -91, -40, -29]
[-18, -35, -18, 82, 127, 39, -9, -5]
[26, 32, 13, 31, 57, 39, 51, 37]
[-14, -1, 10, 88, -64, 25, -33, -23]
[1, -10, -20, 22, 95, 21, 13, 19]
[-2, 1, -11, -106, -39, -36, -19, -34]
[-3, -18, -24, -51, -86, 36, 27, 10]
[-7, -9, -11, -109, -75, -26, -11, -12]
[-16, -4, -10, -67, -74, -24, -25, -18]
[-5, -3, 3, 33, 56, 40, 16, 24]
[5, 8, 15, 100, 73, 37, -8, -4]
[8, 0, 0, -10, 11, -10, 12, 9]
[4, 3, 4, -17, 73, 49, 0, -16]
[6, 7, 20, 50, 90, -20, 12, 18]
[-3, -9, -19, -74, -98, -32, 14, 12]
[1, 10, 13, 45, 127, 31, -24, 1]
[8, 18, 22, 38, 3, -23, -6, 7]
[2, -2, -9, -32, -10, -11, 2, -2]
[4, 2, 4, 33, 22, 0, -39, -9]
[0, -8, -24, -63, -29, 12, 12, 1]
[2, 6, 16, 53, -23, -28, 7, -1]
[0, 3, 0, -55, 14, -32, -21, 2]
[-6, -11, -12, 49, 40, 28, 1, -8]
[-14, -26, -44, -106, -127, -59, -17, -8]
[0, 8, -9, -52, -111, -9, 5, 6]
[-4, -2, 8, 57, 42, -9, -12, -22]
[3, 2, 8, -29, 16, 7, 8, 8]
[9, 17, 39, 123, 117, 37, 16, 19]
[0, 0, -14, -89, -42, -11, 4, -13]
[-8, -5, -15, -111, -95, -21, 8, 32]
[-4, -10, -8, -16, -10, -21, -14, -34]
[4, -3, -4, -15, 8, 22, 7, 15]
[1, -8, 3, 58, 46, 14, -1, -24]
[-1, 4, 2, 63, 7, -13, 14, 12]
[11, 16, 20, 27, -82, -21, -5, 4]
[0, 2, 7, -11, -15, -19, 12, 1]
[-12, -11, -25, -33, 17, -4, -3, -1]
[11, 5, 4, 5, -21, 4, 3, -5]
[0, 2, 3, 16, 62, 41, 24, 7]
[-2, -10, -25, -36, 17, -12, -45, -12]
[7, 8, 37, 115, -1, 8, 28, 27]
[-3, -4, -14, -99, -88, -28, -5, -10]
[-12, -3, -9, -17, -19, 0, -30, -1]
[-1, 11, 21, -9, 67, 26, 10, -14]
[5, -2, 5, 45, 71, 15, 16, 25]
[-4, -5, -13, -70, -61, -15, -30, -21]
[0, -6, -7, -32, 39, 2, 19, 4]
[-3, -6, -15, 30, 59, 39, 5, 2]
[2, 10, 29, 64, 127, 1, -13, -7]
[-8, -1, -4, -17, -61, -10, 3, -7]
[0, -3, 2, 6, -7, -13, -3, 2]
[-7, -11, -20, -40, -25, 23, 9, -4]
[3, -4, -10, -53, 23, -5, -4, 5]
[8, 6, 24, 86, 127, 25, 16, 10]
[-5, -4, -7, 62, 95, 38, -6, -5]
[0, 1, 11, 96, 66, -8, 3, -3]
[3, 8, 15, 13, 19, -3, 3, 7]
[4, 4, 4, 3, -13, -15, -5, 5]
[-1, 0, 1, 0, -12, 2, 0, 6]
[1, -1, -26, -76, -57, -22, -2, -5]
[-6, -5, -8, -34, -54, 1, 9, -7]
[1, 7, 23, 42, 41, 60, 0, -1]
[-5, -7, -14, -39, 18, -7, -1, 0]
[-3, -4, 0, -42, -128, -49, -3, -4]
[-1, -3, -6, -15, 52, -2, -6, 5]
[2, 1, 3, 7, 40, 5, -6, -7]
[2, 3, 7, 31, 41, 12, -3, 2]
[1, 2, -3, -20, -10, -4, 3, 1]
[-1, -1, -11, -14, -23, -1, 2, 3]
[-5, -2, 2, 15, -20, -15, -8, 3]
[-1, -3, 2, 6, -6, -16, -6, -1]
[-3, 1, 18, 33, 18, 5, 0, 1]
[3, 4, 9, 15, -23, -7, -3, -3]
[-5, -7, -7, 12, -15, -4, 0, -5]
[-1, -3, -6, -38, -35, -21, -5, -11]
[4, 6, -5, -33, 17, 1, 1, 8]
[-7, -4, -3, 32, 30, 8, -1, 3]
[-16, -17, -5, -4, -22, -9, -2, -4]
[9, 24, 7, 21, 51, 8, 3, 6]
[12, 9, 2, 4, -35, -7, 5, -2]
[5, 7, 0, -14, -9, -1, -12, -6]
[-6, -2, 0, 3, 7, -1, 18, 4]
[-6, -17, -6, 3, -20, -3, -13, 7]
[-7, 3, 9, 10, 19, -1, 1, -3]
[-1, -4, -5, -20, -34, 6, 2, -1]
[-1, -9, -1, 13, 10, 4, -9, -8]
[-8, 6, 9, 61, 28, 5, 2, -6]
[0, -25, -16, -17, -22, -18, -8, -11]
[-10, 20, 0, -38, -16, 7, 3, 2]
[-3, -17, -10, -10, -1, 2, 2, 5]
[22, 39, 7, -5, -17, -6, -12, 2]
[3, 2, 7, 13, 5, 0, 3, 6]
[1, -8, 1, 21, 10, -1, -1, -1]
[2, 9, -5, 3, 11, 3, -6, -1]
[-6, -16, -3, -11, 2, 0, 8, 4]
[-1, -9, 0, 27, -4, -7, -2, -5]
[-11, -13, -10, -53, -24, -2, -5, -6]
[10, 12, 4, 27, 11, 6, 0, 5]
[-6, -21, 0, -21, -10, -7, 0, -2]
[-1, -1, -8, -21, -75, -14, 1, -1]
[-19, -22, -3, 19, 29, 1, 2, -6]
[14, 20, -1, -21, -9, -2, -2, 4]
[12, 17, 4, 1, -3, -11, -5, -2]
[4, 13, 1, 13, 25, -4, 15, 10]
[-11, -6, -1, -10, -10, -1, -3, -3]
[0, -10, -5, 3, 1, 0, 1, 1]
[-5, -9, -1, 5, 1, 0, 0, -4]
[-16, -16, -7, -5, 14, 3, -16, -11]
[16, 8, 5, -6, -29, 1, 0, -3]
[4, 2, 3, 11, 14, 8, 2, 2]
[-5, -15, -4, -17, -20, -6, 5, 0]
[-1, -1, -4, -4, -68, -10, -2, 0]
[-5, -9, -2, 59, 82, 3, -7, -6]
[-6, 2, 3, 4, -11, 4, -3, 3]
[4, 4, 4, 1, 6, 3, 14, -2]
[-14, -8, -8, -16, -42, -20, -5, -8]
[-8, -11, 3, -4, -16, 4, -2, 0]
[14, 3, -3, -15, 11, 11, -1, 8]
[-5, 0, -6, -17, -28, -12, -5, -11]
[14, 13, 9, 26, 74, 9, -8, 7]
[8, -14, -7, -6, -32, -6, 9, -13]
[2, 8, 4, -6, -3, 4, 7, 20]
[-7, -12, -3, -8, 0, -3, -6, -7]
[7, 5, 4, -1, 22, -6, 0, 4]
[-3, -7, 0, -9, -30, 4, 4, -2]
[-6, 0, -1, 12, 22, 6, 3, -10]
[-6, -8, -4, -2, -8, -4, -9, 0]
[8, 1, 1, -2, 10, -5, -4, 0]
[6, 14, -3, -5, -10, 5, -1, 6]
[-5, 1, -4, 1, -3, -1, 4, -1]
[1, 5, -4, -3, -22, -10, 4, 5]
[-10, -10, -2, -5, 36, 3, 6, -6]
[0, 0, -4, -37, -59, -4, -2, 0]
[0, -2, 4, 41, 60, 8, -7, -8]
[0, -2, -4, -21, -60, -13, -2, -6]
[-6, -1, 3, 19, 37, 4, 0, -3]
[2, 6, 0, -24, -53, -4, -3, -4]
[-24, -25, -8, -15, -30, 4, -5, 5]
[0, 11, -1, 1, 10, -7, -14, -5]
[1, 0, 2, 3, -1, 0, 20, -13]
[8, 9, -1, -6, 20, 3, 1, 19]
[-6, -5, -2, -11, -17, -1, 0, -14]
[-5, -9, 0, 4, 10, 5, 4, 5]
[1, 2, 0, -7, -27, -5, 0, 4]
[3, 8, 2, 24, 39, -1, -6, -3]
[3, -7, -5, -13, -33, -8, -1, -3]
[0, -1, -1, -2, 16, 4, 5, 5]
[8, 13, 4, 16, 27, -2, -4, -1]
[0, -1, -3, -24, 4, 2, -2, -1]
[2, 5, -1, 2, 7, 0, -3, 4]
[5, 1, -2, -11, -12, 0, 4, 2]
[-3, -9, -1, 20, 30, -2, -2, -1]
[-7, -9, 1, 11, 20, 1, -4, 0]
[5, 1, 1, -20, -47, -2, 2, 1]
[-3, 2, 1, -3, 0, 4, 2, 1]
[-7, -10, -6, -9, -53, -1, 0, 3]
[-5, -3, 1, 17, 43, -3, -4, -16]
[7, 2, 1, -7, 5, 0, -15, 19]
[4, -5, -1, 11, -25, 0, 8, 0]
[9, 18, 4, 5, 23, -1, -5, -1]
[3, 11, 2, -6, -40, -5, -3, 8]
[-2, 6, 1, -3, 6, -4, -5, -9]
[0, -8, -2, 7, 26, 1, -4, 1]
[4, 4, -7, -15, -16, -1, -1, 2]
[10, -1, -3, -1, -6, 0, 2, -2]
[0, 5, 0, 6, 8, -1, 7, -2]
[2, 7, 0, -1, -6, -4, -2, 2]
[-4, -5, -3, 4, -14, -2, -1, -5]
[2, -2, 5, -2, 17, 2, 2, 3]
[-1, -5, 1, -3, -10, 0, 1, -2]
[2, -5, -3, 7, 14, 5, -2, -2]
[-4, -5, -2, -5, 4, -3, -2, 1]
[-2, -3, -9, -2, 5, -2, 1, 3]
[0, -1, 1, -6, -51, -2, 2, 0]
[-4, 1, 5, 21, 106, 9, -4, -5]
[-2, -4, -6, -7, -39, -7, 0, -5]
[-1, -7, -5, -19, -59, -7, 2, 2]
[3, 8, 0, 3, 2, 0, 0, -4]
[-3, 2, 4, 7, 10, -1, 1, -2]
[-7, -10, -4, -10, -15, -4, -8, -6]
[-3, 7, -4, 7, 13, 4, -2, 4]
[-3, -1, 1, -3, 14, 2, 3, -1]
[8, -2, 3, -6, -19, -2, -3, 4]
[0, 0, 5, 8, 18, -2, 7, -3]
[-2, -1, -1, 3, -33, -1, -20, 1]
[0, -3, -5, -10, 20, 4, 0, 1]
[-6, -2, 0, 5, -3, 3, -1, 3]
[-9, 4, 1, -1, 7, -1, 0, -3]
[0, 7, 2, 21, 83, 5, 7, -12]
[6, -2, -2, -19, -47, -10, -3, 14]
[1, -1, 0, -13, -17, -4, -4, -5]
[1, -5, -3, -6, -18, 2, 0, 4]
[-2, -4, 0, 8, 24, -2, -1, -5]
[-4, -5, -1, 1, 40, -1, -5, -7]
[2, 1, -1, -20, -66, -6, 8, 1]
[-2, -2, 0, 25, 37, 11, 1, 3]
[-4, -1, -2, -13, -29, -5, 0, 2]
[-2, 1, 0, 10, 12, 1, 0, -6]
[-2, -2, -3, 2, 1, 0, 0, -2]
[0, 2, 3, -3, 6, -3, -1, 1]
[-5, -1, 2, -3, -18, -3, -1, -3]
[2, 0, -3, 0, 11, 1, 2, -3]
[2, 3, 2, 21, 52, 6, 1, -5]
[-1, -6, -3, -19, -43, -10, -5, 0]
[3, 0, 0, 3, 15, 0, 2, -2]
[0, 0, -2, -2, -17, -2, 1, -1]
[-6, 1, 0, 9, 18, 2, -1, 0]
[3, 5, 2, 6, 39, 6, 0, 1]
[-5, -5, -4, -23, -55, -11, 0, 1]
[-2, -1, 2, 18, 33, 3, -1, 1]
[0, -7, 0, -11, -28, -3, -1, -1]
[0, 0, -3, 1, 10, -1, -11, -1]
[0, -1, 1, -9, -18, -2, 25, 0]
[1, -1, -3, 3, -1, 2, -4, -2]
[0, 3, -1, -2, -3, -1, 3, 3]
[-5, 0, 4, 7, 18, -3, -6, -6]
[5, -1, -3, 1, 34, 4, 1, 1]
[0, -2, 2, -1, -30, 0, 2, 0]
[-1, -2, -1, -9, -10, -1, 1, -2]
[3, 3, -1, 2, 3, 1, 7, -1]
[0, 3, -1, 3, -19, -4, -9, -8]
[1, 5, 7, 2, 11, 1, 0, -1]
[-7, -4, -5, 1, -5, 0, -5, 2]
[-2, -2, -4, -3, 0, -4, 2, 1]
[-3, -1, 2, 5, 14, 1, -6, 2]
[-3, -4, -1, -18, -35, -2, -4, -3]
[1, 4, 3, 28, 73, 4, 3, 0]
[0, -2, -3, -7, -27, -1, -3, -3]
[-1, -2, -5, 1, 20, -1, -4, 3]
[-1, -2, -5, -6, -25, -3, -4, -4]
[6, -4, -2, -5, 0, -1, 3, -3]
[2, -1, 1, 1, 8, -3, 5, -1]
[-3, -1, 0, 1, -7, 1, -5, -6]
[1, 1, -4, 6, 21, 1, 3, 8]
[-5, 0, 6, -10, -46, -2, -2, 2]
[-1, -1, 1, -6, -12, -2, -3, 0]
[-1, -1, 2, -4, -4, 2, 2, 1]
[-1, 2, -3, 0, 11, 0, 1, -3]
[0, -5, -3, 7, -15, -2, -2, -2]
[2, 6, 2, -16, -20, 2, 1, 4]
[-1, -4, -1, 1, 7, -1, 1, 0]
[2, -1, 3, 1, 5, 4, -12, -3]
[-1, -2, -5, -5, 4, -1, -2, -2]
[-2, -3, 0, 21, 71, 8, 0, -1]
[-3, 0, -4, -8, -81, -7, -3, 0]
[-2, 3, 1, 2, 28, -1, 0, 1]
[0, 2, 0, -2, -16, -1, -2, 1]
[1, -3, 1, 0, 11, -1, 1, 4]
[1, 4, 2, 2, 9, 2, -1, 0]
[-2, -3, -1, 2, -13, -1, 2, 1]
[1, -3, -1, -6, 3, 2, 2, 2]
[1, -1, -3, 0, -14, -3, 2, -1]
[-2, -8, -5, 4, 24, 1, -3, 0]
[1, 6, 3, 2, 0, 0, -1, 0]
[3, 6, 3, 6, 20, 0, -7, 2]
[-5, 0, -2, -4, -16, -1, -2, -2]
[1, 2, 2, -3, -15, -2, -5, -2]
[0, -2, -4, -4, -1, 3, 1, -2]
[1, -3, -4, -9, 1, -2, 3, -1]
[-3, 2, 3, 6, -18, -2, 1, -1]
[-3, 0, 3, 11, 34, 0, 1, 0]
[2, -3, -1, -9, -24, 2, -2, 1]
[0, -1, -3, -2, -17, 0, 1, -4]
[-2, -3, -9, -4, -3, -2, 2, 2]
[-4, 0, 3, 15, 51, 5, -1, -1]
[-1, -3, -4, -18, -55, -9, -3, -1]
[-2, -1, -3, -11, -15, -2, -2, -2]
[-1, 2, -2, -4, -14, -3, 0, -2]
[1, 0, 0, -1, 24, -1, -2, -3]
[1, -4, 0, 7, 30, 4, 3, 2]
[-2, 0, -2, -5, 0, -2, 7, 1]
[-4, 0, 1, 0, 11, -1, -13, -5]
[4, 7, 4, -2, -3, 4, 1, 1]
[1, -2, -4, 4, -7, -2, 2, -2]
[-4, -2, -7, -6, -23, 1, 3, 1]
[2, -6, -2, 3, 16, -3, 4, 0]
[-2, -4, -2, -9, -28, -7, -2, -6]
[2, -2, 5, 3, 12, 2, 3, 6]
[1, 3, 6, 13, 33, 10, -2, 2]
[-4, 0, 5, -3, -16, -3, -2, -1]
[0, -3, -3, -5, -16, -3, -2, -5]
[1, -5, -2, 7, 11, 0, -2, -2]
[-2, -1, -3, -6, 0, -5, -2, 1]
[0, 0, -6, -5, -4, -4, 1, 0]
[0, 3, -4, 1, -3, -3, -1, 6]
[0, 3, 1, 8, 10, 5, -2, -1]
[1, 1, 2, -6, 14, -1, 2, -2]
[-3, -3, 1, -3, -4, -1, -1, -1]
[-3, 0, 0, -7, -9, -3, -2, 2]
[0, 2, -3, -5, 5, 0, -2, 0]
[-1, -1, -4, 3, -18, -3, -7, -3]
[-2, -3, -1, -2, -1, -3, 4, -3]
[-1, -4, 0, 5, 14, -3, -1, -1]
[2, 1, -6, -4, 8, 2, 2, -2]
[-1, 1, 2, 1, 24, -4, -4, 1]
[-2, -4, -1, -6, -10, -5, 0, 0]
[4, -3, 3, -5, -28, -6, 0, -3]
[5, -2, 2, 4, 21, 2, -3, 3]
[0, 2, 2, 9, 17, 6, 1, 1]
[0, -5, -3, -12, -38, -3, -4, -2]
[-1, 2, -5, -4, -5, -1, 1, -4]
[-4, 0, -2, 5, 1, 0, 4, -4]
[-4, 2, -2, 4, 0, 1, 0, 0]
[-4, 1, 7, 6, 9, 0, -3, -3]
[4, 4, 1, -1, -8, 1, 2, 4]
[3, 4, 4, -5, -3, 3, -7, -3]
[-3, -1, -2, -2, -21, -2, 3, -2]
[-4, 0, -5, 4, 16, -1, -1, 5]
[-1, -3, -3, -7, -24, -6, -5, -2]
[0, 1, -1, -3, 10, -2, 2, 2]
[1, -8, -8, -14, -33, -4, 3, 2]
[0, 1, 7, 28, 76, 7, 2, -1]
[0, 3, 1, -9, -33, 2, 4, 5]
[0, 4, -1, 3, -9, 1, 6, 0]
[0, 4, 4, -10, -10, -5, -5, -3]
[2, 1, -4, -4, 10, 2, 4, 1]
[-7, -5, -3, -10, -22, -4, -5, -3]
[1, -5, 7, 0, 1, 0, 0, -3]
[1, -3, -3, -3, -11, -1, 0, 3]
[-1, 4, -6, 0, -6, -1, -2, 0]
[0, 2, 3, 6, 24, 5, 0, 0]
[-3, 0, -2, -1, -5, -1, 0, 3]
[0, -8, -4, 5, 10, -1, -2, 0]
[-3, -8, -1, -13, -36, -4, -4, 0]
[5, 1, -3, 16, 41, 9, 1, 2]
[-3, -3, -3, -4, -21, -1, 3, -3]
[3, 5, 6, 11, 29, 5, 1, -1]
[-2, -2, 1, -20, -54, -7, -9, -8]
[-2, -2, -2, 25, 63, -3, 19, 10]
[0, -2, 0, -7, -9, -2, -20, -4]
[-1, 0, -2, 7, 17, 2, 1, 2]
[-1, 1, -3, -11, -35, -3, -4, -2]
[-3, 1, -1, -11, -20, 0, -4, -2]
[-3, 1, 0, 1, 31, 0, 6, 3]
[-1, -1, 4, 0, -11, -1, 3, 0]
[-1, -2, -7, -2, 16, 3, -1, -1]
[-4, -6, -2, -13, -39, -6, -7, -2]
[2, 1, -3, 2, -2, 4, 2, 2]
[1, -1, 2, 1, 19, 5, 0, -1]
[-3, -4, 3, 0, -8, -5, 2, -2]
[-1, -3, 1, 2, -20, -6, -3, -8]
[-1, -3, -1, -15, -18, 1, 1, -2]
[-1, 3, -1, -22, -29, -1, -1, 0]
[2, 2, 3, 25, 75, 3, 2, 1]
[-3, -4, -5, -13, -27, -11, -7, -5]
[-1, -7, -1, 5, 19, -1, -1, -2]
[1, -4, -3, -7, -23, -4, -1, -3]
[0, 1, 1, -12, -26, -6, -4, -5]
[1, -5, -2, 13, 24, 5, -1, 1]
[0, -3, 5, 8, 10, 1, 6, 0]
[-8, -6, 5, 9, 40, 4, 5, 2]
[-6, -4, -1, -15, -62, -11, 1, -7]
[-12, -11, -2, -3, 10, 0, 0, -3]
[9, 6, 0, 5, 0, 7, -1, 5]
[3, 9, -8, -4, -6, 2, -5, -1]
[-3, 5, 0, 2, 20, -4, -5, -2]
[1, -2, 0, 5, 13, 0, -3, -1]
[-7, -6, -2, 15, 5, 7, -2, 1]
[-4, -10, -1, 5, 13, -2, -6, -3]
[4, -6, 2, 15, 1, 0, 6, 0]
[4, -2, -1, -3, -57, -6, -6, -2]
[-4, -1, -5, -21, -21, 5, 5, 4]
[0, -1, -5, -11, 10, -9, 1, -2]
[-3, -3, -11, 6, -8, -4, 0, -4]
[-4, 5, 9, 11, 66, 8, 2, -4]
[-25, -30, -1, 14, 20, -2, -1, -2]
[19, 54, 7, -6, -32, -6, -6, 1]
[3, 0, 9, 6, 33, 7, 7, 3]
[1, 6, -7, -19, -15, -8, 1, 0]
[2, 6, 3, -5, 12, -1, 3, 2]
[-11, -23, 1, 12, -12, 0, 0, -8]
[-3, -4, -12, -58, -96, -16, -4, 0]
[7, 8, 3, 46, 97, 14, -1, 0]
[2, -7, -6, -34, -8, -8, 0, -8]
[-1, -12, -2, 34, 16, -3, -5, -4]
[-1, 7, 4, 8, 46, 4, 0, -2]
[-4, -13, -3, -9, -38, -1, 5, -1]
[11, 10, 4, 12, 66, 8, 0, 2]
[5, 1, 2, -42, -63, 0, 2, 1]
[-8, -4, -2, 51, 43, -4, -7, -7]
[4, -5, 3, -17, 2, 3, -3, -3]
[16, 5, -7, 15, 79, 0, 2, -3]
[-2, 9, 0, -32, -75, -9, -9, -9]
[-4, -5, -1, 10, -1, 6, 24, 12]
[-17, -5, -3, 18, 5, -3, -3, -4]
[8, 12, -1, -34, -83, -1, -4, 2]
[-8, -14, 0, 49, 102, 8, 1, -3]
[-1, 0, -5, -29, -41, -14, -13, -2]
[1, -6, 5, -32, 37, 6, -1, 8]
[2, 1, 1, 21, -46, 0, 0, -2]
[5, 0, 5, 25, 104, 14, 4, 6]
[-1, -6, -10, 17, -26, -13, -11, -9]
[2, -5, -5, -5, 30, 2, 1, 0]
[-6, 0, -7, -14, -9, -5, -6, 1]
[-7, 0, -2, -43, -114, -9, 1, 1]
[-5, 1, 6, 19, 83, 26, 4, 12]
[3, -12, -12, -64, -56, -18, -5, -8]
[-15, 8, 6, 44, -7, 6, 3, -2]
[-2, -6, -5, -3, 51, -8, 1, -1]
[-14, -23, 1, -30, -68, -15, -18, -19]
[-8, -21, 0, 8, -10, -2, -4, -2]
[24, 31, 15, 39, 72, 9, 4, 11]
[13, 21, 4, -36, -24, 12, 5, 7]
[9, 12, -2, -56, -15, -9, -2, -2]
[-4, 15, -7, 1, -14, -12, -2, -8]
[-13, -26, -8, 6, -34, -7, -3, -6]
[-3, -12, -1, 67, 89, 6, -1, -2]
[7, 0, -3, -5, 45, 7, 17, 10]
[-4, 9, 7, 8, -27, 16, 11, 8]
[-15, -10, -21, -72, -86, -43, -8, -12]
[-1, -8, -6, 7, 49, -7, -4, -10]
[-3, -7, 4, 14, 25, 16, -2, -3]
[12, 13, -12, -45, -31, -15, -11, 8]
[0, 0, 26, 39, 67, 26, 17, 7]
[8, -9, 3, -57, -128, -12, -5, 2]
[-18, -2, 9, 61, 70, -7, 29, 9]
[25, -5, 5, 18, 40, 10, -9, -23]
[19, 21, -7, -79, -63, -8, -5, 41]
[-17, -9, 4, 59, 38, 1, 7, 3]
[8, 2, -11, 19, 76, 2, -2, -1]
[-9, -3, -4, 4, -62, -10, 18, -12]
[6, 7, 7, 6, 16, 10, -2, -9]
[4, 0, 0, 11, 36, -3, 2, -2]
[-7, -4, -4, -37, -109, -15, -17, 1]
[-13, 0, 9, 98, 106, 31, -1, 4]
[1, -16, -13, -28, 49, -17, -6, -7]
[-8, -5, -9, -13, -57, 1, -22, -9]
[-3, -1, 6, -4, -26, -11, -14, -9]
[4, 12, 2, 31, 54, 8, 0, 6]
[-10, -9, -3, -85, -104, -16, 3, -13]
[10, 11, 3, 41, 67, 5, -8, -6]
[9, 16, -3, -2, 28, 3, 6, 26]
[-3, 7, -10, -73, -59, -11, -4, -5]
[-31, -33, 1, 119, 127, 19, -11, -2]
[24, 52, 5, -15, -78, -11, 2, -2]
[-3, -2, -9, -84, -42, -14, -17, -27]
[-15, -12, 0, 23, 100, -7, 35, 21]
[20, 51, 23, 83, 101, 25, -20, -14]
[-8, -24, -6, -7, -59, -10, -5, 5]
[12, 13, 16, 66, 100, 17, 18, 13]
[-12, -11, -20, -45, -69, -14, -22, -12]
[-3, -16, -14, -44, -19, 0, 12, 5]
[3, -3, 4, -9, 123, 43, 14, 6]
[-1, 4, -14, -52, -100, -31, -18, -12]
[2, 7, 20, 56, -42, 4, -1, 9]
[3, -4, 14, 127, 37, 20, -1, -1]
[-3, -9, -18, -50, 69, 3, 5, 0]
[-4, -14, 2, 2, 46, 15, -2, -12]
[-9, -16, -19, -61, -26, -33, -16, 9]
[5, 11, -2, -20, 5, -5, 11, -1]
[-11, -8, 19, 102, 85, 23, 16, 7]
[-8, -13, -5, 31, -37, -4, 31, -24]
[26, 49, 33, 127, 89, 15, -11, 22]
[4, 3, -2, -15, 0, -8, -37, -10]
[-10, -18, 1, 37, 54, 16, -9, 8]
[-18, -23, -32, -87, -62, -16, -3, -11]
[6, 1, 7, -32, 23, -3, 8, -5]
[-5, -18, -17, -48, -115, 6, 9, -2]
[3, 6, 19, 43, 62, 7, 10, 4]
[8, 15, 1, -2, -14, -5, -5, 4]
[1, 4, -1, -17, -17, 9, -1, -10]
[-6, -2, -13, -55, 34, -8, -5, -11]
[-9, -16, -18, -40, -4, -25, 0, 17]
[20, 17, -8, 6, -91, -27, 2, 19]
[4, -7, -6, -58, -74, 2, 0, -11]
[-3, 9, 31, -28, -29, 19, -3, -3]
[6, 7, 4, 21, -128, -29, 3, -7]
[-5, -4, 12, 23, 92, -10, -5, -2]
[-20, -28, -17, -65, -106, -35, -35, -18]
[14, 20, -10, -78, -59, -5, 41, 0]
[-17, 20, 2, 44, 37, -7, -43, 9]
[16, 12, 13, 30, 57, 9, -3, 22]
[0, -6, -6, -23, -16, -20, 10, -14]
[9, -4, -4, -1, -27, -19, -1, 28]
[-11, -14, -22, -128, -109, -1, -6, -23]
[-5, -10, -2, 80, 82, 3, 11, 2]
[-9, -9, 12, 117, 112, 53, 6, -7]
[-1, 10, -8, 10, -38, -13, 5, -4]
[14, 0, -8, -86, -111, -46, 1, 23]
[5, 6, 29, 111, 63, 61, -6, -6]
[-7, -13, -31, -110, -36, -68, -9, -3]
[-1, -5, 12, 33, -70, -16, -4, -4]
[10, -12, -29, -16, 127, 41, 29, 8]
[-6, -5, 17, -86, 15, -36, -15, -10]
[1, 13, 29, 39, 70, -11, 13, 3]
