[-5, -8, -17, -66, 19, 24, 2, 10]
[4, 2, -5, -36, -117, -43, -22, -3]
[-5, -4, -13, -69, -72, -45, -44, -18]
[5, 10, -5, -33, 64, 31, 10, 5]
[-1, -1, 18, 20, 51, 6, 4, -7]
[-4, 3, 12, 67, 89, 33, 42, 3]
[12, -2, -13, 36, 64, 12, 16, 22]
[1, 5, 11, 61, 26, 25, -10, -12]
[-8, -16, -18, -95, -61, 0, -4, 2]
[8, 13, 32, 69, 99, 43, 4, 12]
[-9, -11, -25, -114, -128, -66, -14, -8]
[8, 5, -3, 11, 91, -8, 9, 20]
[-9, -14, -26, 11, 23, 26, -7, -22]
[-9, -9, -12, -91, -16, -22, -3, -18]
[2, 20, 27, 90, 104, 50, 2, 27]
[3, 0, -12, -118, -121, -44, -5, 2]
[-1, -6, -6, 42, 7, 13, -2, 1]
[9, 4, -3, -5, -87, -7, 3, 5]
[-12, -8, 6, -48, -110, -1, 1, -19]
[5, -2, -2, 24, 79, 38, 27, 4]
[4, 16, 38, 119, 106, -7, -8, 11]
[-6, -9, -30, -103, -4, -23, -16, -4]
[4, -6, 21, 26, 19, 20, -2, -16]
[-3, -5, -9, -44, -102, -17, 11, -9]
[-4, -6, -6, -7, -61, -15, -2, 10]
[-9, -3, 3, 64, 86, 20, -7, -13]
[-6, 5, -9, -75, -20, 28, 11, -6]
[-15, -12, -18, -42, -74, -53, -26, 6]
[-16, 5, -5, 26, 105, 5, 23, -27]
[2, 0, 14, 25, -117, -20, -11, -15]
[10, -3, -16, 6, -21, -3, 4, 31]
[16, 21, 21, -7, 81, 46, -4, 1]
[6, -8, -13, -10, -38, -38, 0, 11]
[0, 4, -2, -18, -55, 17, 11, -3]
[-8, 1, 18, 75, 30, -8, -13, -25]
[-8, -4, 13, 68, 75, 7, 3, 3]
[-1, -5, -5, 2, -57, -27, -7, -2]
[11, 11, 7, 29, 115, 28, 8, 4]
[-9, -7, -22, 23, 89, 17, -3, 2]
[-11, -11, 9, 28, -35, -15, -14, -12]
[4, 3, -13, -78, 21, 50, 10, 12]
[-3, -10, 8, 20, 10, 19, 6, 1]
[0, -2, -2, 10, -4, -14, -27, -3]
[2, 16, 9, 37, 37, 29, 24, 6]
[0, -20, -15, -58, 78, 2, -26, -5]
[2, 11, 2, -30, 81, 37, 11, 5]
[-10, -14, -29, -14, 37, -21, 6, -10]
[8, 0, 0, 41, -72, -45, -25, 1]
[4, -6, 9, -36, -12, 35, 2, 2]
[4, -5, -3, -6, 74, -4, 17, 12]
[-2, 4, -4, -24, -5, -1, 2, -4]
[0, 4, -7, -6, 18, 20, 2, -1]
[-4, 4, -5, 50, 39, -4, -6, -5]
[0, -1, 5, 29, -22, -18, 9, 6]
[4, 17, 14, -113, -42, 13, 13, 2]
[-7, -4, -6, 27, -29, 11, -8, -7]
[2, -6, 12, 30, -5, -10, 9, 4]
[-15, -5, 4, -38, -17, -19, -21, -7]
[9, 1, -1, 30, 71, 14, 6, 3]
[-2, -2, 7, -62, 1, -20, 2, -7]
[1, -2, 1, 13, -66, 9, -8, 2]
[-4, -15, -23, -14, -21, 3, 15, -5]
[2, 0, -15, -30, 11, -25, -1, -6]
[6, 1, -7, -5, -20, 7, -6, 3]
[11, 13, 4, 15, 38, -18, 2, -3]
[-22, 2, 10, 14, -44, -6, -7, -1]
[-5, -8, -9, -8, -54, -12, 7, 5]
[0, -4, -8, 62, 31, 5, -5, -9]
[4, 2, 7, -71, -63, -11, 3, 4]
[-2, 0, 12, 96, 81, 14, -7, 1]
[-4, 2, 8, -3, -62, -7, -2, -13]
[2, 0, -6, -45, -31, -3, 0, 3]
[-4, -9, 2, 14, 48, 26, 6, 1]
[5, -1, -1, 33, -14, 2, -8, -4]
[10, 12, 1, -29, -12, -8, 2, 2]
[10, -2, 0, -20, -26, -15, 1, 3]
[4, 20, 5, 35, 62, 11, 2, 1]
[-13, -20, -12, -41, -105, -39, -15, -12]
[2, -15, -4, 20, 30, -2, 2, 1]
[-18, 8, 1, -15, 28, 8, 16, -6]
[-5, -7, 5, 19, 11, 6, 0, 13]
[16, 12, -7, -32, -30, 16, -9, 0]
[6, -1, -3, -1, 13, 7, -1, 5]
[-17, -27, -6, -3, -13, 17, -8, -8]
[8, 2, 2, 13, 6, -4, -24, -10]
[-12, -1, -6, -6, 29, -13, 15, 20]
[20, 10, 9, 10, -24, -15, -3, 3]
[-2, 31, 7, 7, 13, -13, -2, 6]
[21, 20, -3, 3, -7, -12, 6, 3]
[2, -6, 5, 20, -5, -5, -4, -1]
[-7, -4, 5, 25, 20, 13, 0, 14]
[-14, -18, -7, -41, 31, -1, -1, -7]
[-14, -6, 1, 38, 5, 12, 3, -6]
[4, -4, 0, 10, 23, -25, -2, -6]
[-13, -4, -4, 13, -3, -22, -6, -4]
[6, 5, -3, -7, -18, -13, 1, 8]
[3, 11, 10, 0, 23, -8, -1, -6]
[3, -7, -4, -15, 2, -5, 0, 3]
[-11, -18, 10, 23, -9, 15, 0, -3]
[-9, -3, -2, -9, -6, 9, -11, -1]
[2, 5, -2, 2, 21, 16, 26, -4]
[9, 13, -5, -23, -24, 19, 4, -6]
[-12, -21, -3, -21, 2, 21, 2, 6]
[29, 11, -1, 2, 3, -4, -17, -5]
[-17, -13, -3, -1, 7, -20, -7, -2]
[11, 27, 15, -16, 3, 15, -6, -9]
[-13, 0, -11, -29, -38, -10, 2, -4]
[-1, -14, -8, 37, 23, -15, 0, 1]
[-5, -6, -3, -11, -54, -29, 1, -4]
[-10, -14, -2, 4, 15, 0, -2, 6]
[-2, 0, 0, -13, -14, 15, -1, -8]
[-4, -27, -7, -7, -12, 13, 3, 1]
[-1, 10, -2, 7, -21, 3, -4, -1]
[-7, -9, -11, -12, -18, -2, -7, -4]
[2, 9, 0, -6, -7, 11, -4, -4]
[-4, -9, 10, 43, 42, 11, 4, -2]
[14, 7, -1, -13, -2, 0, -11, 1]
[-5, -21, -5, -4, -4, -9, 24, -5]
[-3, -16, -10, 0, 4, -11, -6, -21]
[-2, 34, 10, -12, -26, 7, 9, 26]
[10, -17, 6, 6, 6, -3, 16, 3]
[11, 15, 0, -6, -6, -9, 1, 9]
[14, 30, 2, -5, 1, 5, 9, -1]
[-3, -7, -1, 2, -6, 10, 5, -3]
[-10, -4, -4, -5, 38, -1, 3, 2]
[-11, -9, -9, -15, -61, -22, -7, -10]
[-4, -7, 4, 11, 5, 6, -2, 3]
[3, -2, -2, -6, -30, 5, -4, 4]
[-8, -3, -2, -10, -28, -8, 1, 5]
[-1, -3, 3, 11, 29, 0, -8, -5]
[-11, -3, -2, 7, 4, 6, -5, -8]
[5, 6, 6, -11, -20, 5, 5, 5]
[-4, -6, 1, -21, 0, 6, 2, 2]
[-4, 6, -5, 3, 13, 2, -8, -4]
[10, -4, -3, 0, 7, -1, -7, -11]
[8, 13, 0, 7, -2, -1, 22, 14]
[-5, 10, 0, 10, 4, -4, -3, -11]
[8, 1, 0, 4, 21, 0, 4, -1]
[3, 7, -1, -21, -36, -10, 3, 25]
[6, -2, 4, 31, 54, 9, -11, -13]
[2, -2, 4, 10, 20, 0, -7, 6]
[-2, -4, -3, -5, -9, -6, -5, -5]
[-2, -3, 2, -1, -11, -7, -3, 0]
[6, 1, -4, -18, -30, 0, -3, -1]
[3, -12, -5, 10, 32, 7, 2, -3]
[-5, 5, 2, -4, 13, -4, -9, -2]
[-1, -3, -4, -20, -69, -13, -4, 3]
[-5, -1, -4, -8, -12, -6, -2, -4]
[-2, 8, 2, -2, 17, 1, -1, -9]
[2, -5, 1, -7, -18, 0, 2, 7]
[-5, 0, 5, 23, 48, 7, 9, 3]
[-2, 2, 0, -6, -2, 3, -6, -9]
[1, 4, -6, -6, -12, 1, -3, 11]
[5, 5, 0, 12, 18, 8, -7, -3]
[-3, 4, -7, 0, 1, -3, 7, -9]
[0, -12, -5, -4, -7, 0, 1, 4]
[2, -7, -1, 10, 22, -2, 6, 3]
[-3, 7, 8, -2, -4, -3, -6, 4]
[-1, 8, 4, 14, 27, 4, -8, -10]
[-8, -7, -3, -36, -58, -7, -4, -2]
[-6, -3, 4, 11, 4, 5, 1, -4]
[4, -7, -7, -1, 21, -6, 16, 3]
[0, -5, 3, 15, 19, 1, -8, 0]
[-3, -7, -13, -18, -19, -10, -3, -7]
[-2, -5, 1, -2, -35, -2, -7, 4]
[-5, 5, 13, -6, -14, -4, -6, -7]
[-8, 7, 1, 8, 30, 4, 7, 8]
[0, 1, 2, 1, 7, -1, 3, 0]
[-5, 2, -7, -5, -8, 0, 0, 0]
[-3, 1, -7, -6, 10, 0, -3, -2]
[12, 2, 3, 4, -9, 2, -1, 1]
[-3, 3, 1, 12, 28, 5, 5, 0]
[-4, -8, -6, -14, -13, -4, 2, 3]
[-5, -2, 1, -7, 0, 0, -9, -10]
[4, 7, 0, -17, -32, -5, -3, -1]
[2, -2, 5, 11, 17, 2, 3, -1]
[5, 1, -4, 2, -15, -1, -4, -2]
[3, -6, -12, -1, -7, -1, -4, -1]
[-5, -1, 0, 0, -50, -3, 0, 18]
[0, -1, 4, 8, 37, 8, 7, 3]
[-4, 8, 1, -18, -49, -9, -21, -15]
[-8, -1, 0, 5, -16, 1, 3, 8]
[0, -1, -6, 2, 18, -1, 3, -5]
[4, 0, -6, 0, 0, 3, -4, 3]
[1, -2, 1, -6, -4, 0, 6, 7]
[2, 1, 3, 5, -5, -2, -2, -6]
[-5, 0, 0, 8, 37, 3, -1, -4]
[-2, 4, 4, -11, -8, -2, -3, 2]
[-2, -8, 1, -3, 4, 0, -1, -4]
[0, -1, -3, 3, 0, 1, 1, 2]
[0, -6, 5, 0, 5, -2, 2, 3]
[4, -3, 0, 7, 11, 2, 2, 0]
[2, 2, -2, -10, -25, -2, 4, -1]
[1, -3, 1, 13, 24, 0, 3, -2]
[-4, -7, 1, -5, 10, -5, -4, -5]
[-4, -2, -3, -4, -33, -4, -7, -5]
[-2, 0, 2, 3, 14, 2, 6, 2]
[0, 3, -1, 0, 18, 4, 0, 2]
[2, 5, -5, -5, -23, 3, -3, -2]
[-1, -4, -3, 2, -2, 0, -16, -1]
[-1, -3, -3, -4, 4, 3, 11, -3]
[-2, 2, 4, 24, 62, 2, 2, -1]
[-1, -1, 2, -7, -22, -2, 1, -5]
[-4, 0, 0, 1, 5, -6, -1, -12]
[2, 1, -3, 5, 6, -3, 2, 21]
[2, 0, 2, -5, -3, 3, -1, -4]
[1, -4, 3, -2, -1, -2, 12, 5]
[1, -3, -3, -5, -2, -6, -1, -2]
[4, 3, 0, -5, -56, -6, -3, -5]
[-1, 2, 0, 0, -1, 3, -2, -3]
[-2, -4, -5, 5, 31, 5, 2, -1]
[-6, -6, 3, -3, -15, 6, 3, 4]
[2, -6, 4, 18, 43, 2, -1, -2]
[0, -3, -4, -19, -40, -11, -3, 7]
[-4, -2, -7, -4, -1, -3, -6, -2]
[5, 8, -2, 4, 6, 4, 1, 1]
[0, 1, 10, 14, 42, 8, -3, -5]
[-1, -5, -1, -3, -24, -6, 2, -2]
[-1, -1, 1, 3, 3, -1, -5, -2]
[3, -1, -3, -7, -1, 1, 0, -1]
[-3, 6, -2, 3, 11, 5, 8, 27]
[0, 1, -9, -12, -16, -7, -2, -6]
[-2, 2, 2, -6, -12, -5, -5, -5]
[5, 3, 6, 3, -3, 0, 3, 2]
[-5, -5, -1, 2, -6, -2, -9, -12]
[-5, -5, 3, 8, 14, 5, 1, 0]
[-1, 2, -1, -5, 0, -4, 3, 0]
[0, 0, -3, 3, 11, 0, -2, 0]
[2, 4, 0, -5, 8, -2, -2, -6]
[-1, -2, -3, 0, -6, 2, -1, -2]
[1, -6, -5, 6, 3, -2, -3, -2]
[-3, 2, 3, 1, 1, 5, 5, 16]
[-1, -7, -5, 0, 12, -5, -2, -3]
[0, -2, 1, -7, -9, -4, 2, 0]
[2, 1, 5, 1, -21, -2, -5, -9]
[2, -3, -3, 5, 3, 0, 5, -3]
[-1, 4, -3, -3, 7, -2, -1, -3]
[4, 5, 0, 2, 9, 1, -4, -2]
[-4, -5, -3, 7, 35, 5, -1, 3]
[-3, -3, -5, -9, -29, -3, -1, -4]
[-1, 3, 1, 5, 44, 3, -2, -6]
[-1, 1, 3, -15, -75, -13, 4, -4]
[-5, -3, -3, -7, -14, 2, 1, 2]
[1, -2, 3, 4, -10, 1, -6, 3]
[-6, -1, -3, -6, -21, 0, -4, -6]
[0, -1, -3, 4, 16, -4, -1, 7]
[2, -2, -1, 7, 7, -4, -3, -2]
[0, 0, -3, -12, -3, -2, 4, -3]
[-1, -3, 2, -6, 0, 4, 2, 0]
[-2, 0, 4, -6, 9, -1, -4, -2]
[-2, 0, 1, -6, -17, -1, -1, 5]
[-4, 1, 3, 13, 44, -2, -4, 1]
[-2, 1, 2, -2, -36, -5, -3, -1]
[-6, -12, -4, 0, -12, 1, -1, -8]
[3, 1, -2, 2, 11, 6, 3, -2]
[4, 2, -2, 1, -8, -1, -2, 0]
[1, -1, -7, -5, -7, -5, -6, -4]
[-6, 4, -3, 4, 15, -3, -13, -8]
[0, -2, -4, 0, 1, -2, 7, 4]
[3, -2, 3, 3, 9, 3, 2, 7]
[4, -1, 2, -3, -2, -1, 1, 3]
[-3, 1, 2, -1, 10, -1, 8, 6]
[0, 0, -3, -10, -16, -5, -28, -16]
[3, 2, -2, -4, -15, 3, 5, 1]
[1, -3, -2, 2, 10, 0, 0, -4]
[-2, -2, -4, 9, 21, 1, -2, -9]
[-1, -1, -1, -4, 0, 1, 9, -3]
[-1, 0, -2, -11, -1, 2, 3, 5]
[1, 2, -1, 12, 27, 6, -11, 2]
[-3, 2, 2, 0, -33, -2, 18, -1]
[0, -3, 4, -6, 4, -6, 1, 1]
[-2, -6, 1, -1, -12, -2, -3, -2]
[-2, -1, 3, 3, 0, 2, 3, -3]
[2, -2, -1, -2, 1, -5, -5, 7]
[-6, -2, -4, 2, 4, -2, 1, -2]
[0, -1, -3, 2, 0, 3, -1, 0]
[-4, 0, -3, 3, -4, -3, 3, 3]
[0, 4, 2, 5, 6, 1, -4, 0]
[3, 3, 3, -2, 0, -1, 4, 1]
[-1, 0, -4, -5, 9, -2, -3, -3]
[-3, -2, 3, 1, 1, -1, 6, 1]
[1, -2, -2, -16, -27, -4, -5, -4]
[-2, 1, 0, -1, -7, 0, -1, -1]
[2, -2, -3, 20, 52, 3, 2, -5]
[3, -3, -8, -16, -55, -7, -1, -5]
[-1, -6, -1, 2, 20, 2, -3, -1]
[4, 9, 4, -9, -17, -2, -2, 3]
[0, 3, 2, 2, -16, 2, -8, -1]
[-2, -1, 4, -5, 12, 2, 24, 11]
[-2, -1, -5, 3, 0, -7, -23, -17]
[-1, 2, 7, 3, -5, 1, 3, 3]
[-1, 0, -1, -2, -4, 0, -1, -2]
[1, 0, -3, -2, 0, -1, -1, -6]
[2, 1, -5, -3, -7, 1, 9, 11]
[-3, -8, -6, 6, 9, -4, -9, -3]
[-3, 8, 1, -3, -7, 1, 5, -2]
[-3, 1, 1, 6, 3, 1, -6, -2]
[0, 5, -1, 2, 10, -1, 3, 2]
[3, -2, -7, 0, 10, -1, -4, -2]
[0, -8, 2, -6, -30, -5, -2, 6]
[-3, -6, 0, 0, 17, -2, -3, -2]
[-1, 0, 4, -11, -27, -6, 1, 0]
[0, 0, -2, -2, 9, 1, 8, 3]
[0, 3, -4, 10, 25, -2, -4, -4]
[3, -1, -6, 2, 16, 3, -6, -2]
[-3, -8, -4, -9, -51, -8, -5, -1]
[-4, -1, 0, -5, 1, 3, 5, 0]
[-2, -6, -1, -12, -30, 1, 4, -4]
[-2, 6, -3, 8, 29, 0, -4, 0]
[-3, -6, 2, 4, 29, 1, 5, -2]
[-1, 1, -3, 7, 12, -3, -2, 2]
[0, 0, 3, 7, 17, -1, 1, -2]
[2, 4, 8, -7, -3, 2, 0, 3]
[2, 2, -4, -25, -37, 0, -6, -5]
[-1, -4, -2, 17, -1, 0, -1, -1]
[2, -1, -2, -2, -5, 0, 3, -5]
[-4, -5, 2, 22, 20, 5, 4, 0]
[-2, 0, -2, 1, 13, 0, 5, 0]
[-1, -3, 0, -19, -26, -2, -5, -18]
[-2, -8, -3, -18, 1, -2, 2, 29]
[-2, -1, 1, -6, -1, -4, -1, 0]
[-4, -2, -3, 1, 9, -2, -5, -3]
[0, 3, -9, 2, -16, 2, -5, 0]
[-1, 3, -2, 15, 8, 5, -4, -10]
[3, 2, -1, -12, -58, -2, -1, -3]
[-4, -8, 8, 18, 64, 4, 3, 1]
[10, 9, 2, -16, -29, -10, -5, 5]
[2, 2, -2, -18, -50, -3, -2, 0]
[1, -6, -4, -14, -14, -2, -3, 1]
[-1, 1, -4, 9, 23, -1, 0, -4]
[-5, -6, -1, 37, 14, 3, 6, 1]
[-2, -4, 0, -1, 4, 5, 4, -2]
[-10, -12, 1, 1, -9, 1, -2, -3]
[8, 19, 1, -10, -20, -9, -5, -5]
[-1, 0, 6, 15, 76, 5, 2, 1]
[5, 3, -8, -30, 2, 0, 5, -1]
[-1, -4, 1, 11, -12, 2, -7, -1]
[-9, -19, -3, 21, -7, 3, 5, 0]
[-1, -3, 0, 11, 7, -2, 0, -3]
[9, 27, 10, 14, 36, -1, 3, -4]
[0, 1, 0, -21, -30, -3, 2, 3]
[1, -2, -3, 3, 50, 1, 0, 4]
[-7, -8, 0, -5, 50, 13, 6, -2]
[-7, -9, -4, -31, -51, -17, -13, -8]
[-3, -4, -7, -42, -31, -13, -6, -8]
[8, 8, 14, 82, 35, 8, -1, 3]
[-5, -5, -9, -52, 27, 1, 1, 0]
[-5, 0, 2, 27, 37, 8, 1, -4]
[7, -2, -11, -30, -29, 1, 2, 0]
[-5, -9, -11, -30, -97, -12, -7, -10]
[9, 21, 6, 3, -12, 1, 17, 25]
[1, 0, 7, 53, 126, 20, 10, 2]
[-2, -3, 2, -27, -86, -11, -15, 0]
[-1, 5, 4, -30, 9, -4, 5, 5]
[2, -13, 5, 23, -57, -5, -13, -8]
[7, 12, -8, -31, -15, -7, -1, 7]
[2, -10, -2, 46, 90, 16, 9, 0]
[-6, 9, -7, 3, -2, 0, -3, -2]
[-1, -8, -7, -73, -24, -3, -3, -2]
[-1, -7, 10, 90, 58, 14, 3, 1]
[6, 17, 7, 3, -12, 4, -2, -1]
[-5, -2, -3, -15, -27, -5, 1, -2]
[-2, -6, 2, 15, 17, -7, 1, -11]
[-5, -17, -7, -34, -24, -1, -1, 21]
[4, 13, 2, 3, 2, -2, 0, 1]
[0, 4, 4, 40, 79, 11, 5, 0]
[-8, -2, -7, -9, -57, -17, -7, -5]
[-6, -27, 2, 4, 77, 7, -1, -11]
[22, 23, 0, 18, 106, -2, 8, 3]
[8, 3, -4, -19, -73, -15, -3, 1]
[-1, 3, 4, -11, 5, 17, -2, 1]
[-4, 11, 7, 7, -98, -1, -3, -9]
[-8, -12, 3, 69, 80, 14, 11, 20]
[0, -6, -7, -20, -24, -8, -11, -5]
[3, -5, 1, -5, -63, -5, 3, 5]
[-5, -2, 1, -9, -55, -13, -4, -9]
[3, 1, 1, 30, 70, 8, 12, -1]
[8, 7, -2, -76, -69, -13, -4, -4]
[-7, 0, 12, 66, 48, 15, 4, -1]
[3, 1, -6, -29, 77, -2, -3, 8]
[-20, -25, -11, -42, -128, -21, -2, -6]
[13, 16, 13, 70, 70, -6, 0, 5]
[-19, -12, -9, -102, -102, -4, 4, -4]
[23, -7, 2, 82, 79, 18, 12, 4]
[7, -12, -10, -87, -37, -1, -17, -16]
[-6, -10, 1, 30, -7, 10, 0, 2]
[0, -5, -8, -9, -42, -10, -14, -2]
[11, 29, 15, 41, 73, 10, 17, 4]
[-10, 1, -17, -103, -106, -22, -6, -2]
[-8, -4, 2, -48, 16, 7, 10, 0]
[-6, 2, 10, 30, 55, 5, -18, -14]
[-8, 2, -6, -12, -18, -5, -8, -1]
[7, 9, 11, 98, 106, 13, -3, -2]
[-11, -8, -28, -108, -72, -32, -9, -5]
[16, 12, 14, 107, 127, 14, 14, 15]
[-16, -34, -19, -97, -108, -17, -15, -18]
[3, 16, -9, -7, 117, -3, 3, -1]
[-31, -37, 1, 55, -12, 22, 39, 15]
[40, 64, 14, 24, -54, -6, -35, -4]
[4, 4, -4, -77, -111, -25, -12, -2]
[-22, -8, -1, 44, -11, -20, -19, -4]
[8, 7, -1, -81, 53, 9, -7, -22]
[0, 0, 2, 66, 92, 5, 12, 20]
[-3, -2, 8, 37, 78, 7, 6, 4]
[3, 2, 4, -73, -45, 17, 6, -1]
[-6, -27, -9, -7, -40, -19, -17, -12]
[-3, -13, -7, -34, 97, 15, 12, -1]
[4, 11, -4, 7, -67, 4, -10, -7]
[-8, -14, 6, 11, 40, 5, 15, 16]
[3, 21, 27, 115, 117, 26, 3, -2]
[-2, 2, -8, 3, 113, 10, 8, -1]
[-15, -3, -9, -42, 12, -17, 5, 9]
[8, -4, -5, -95, -97, -17, 0, -14]
[-19, -20, -15, -18, -86, -16, 3, 10]
[13, -1, 18, 75, 11, 23, -43, 3]
[-7, 2, 5, 90, 99, 28, -9, -1]
[10, 6, -5, -34, -25, 9, 31, 21]
[10, 8, 16, 87, 127, -4, -42, -9]
[-7, -12, 0, 22, 0, 0, 31, 12]
[-3, -2, -20, -95, -78, -31, -28, -18]
[5, 5, 14, 82, 83, 13, -25, 0]
[-1, -5, 8, 12, -117, -19, 14, 8]
[-11, -17, -12, -61, 56, -4, 14, -19]
[15, 3, 10, 3, -33, 1, 10, 32]
[-15, -7, -22, -64, -95, -46, -23, -42]
[7, 7, -12, -3, 73, 22, 3, 10]
[-13, -5, -14, -27, -52, -28, -7, -8]
[3, 2, 8, 13, -66, -5, 15, 3]
[10, 4, 13, 44, 101, 34, 1, 6]
[2, 5, -9, -22, -5, -11, 20, -16]
[-5, -8, 7, -52, -128, -42, -39, 5]
[-3, 12, -8, -54, 11, 6, 37, -8]
[-4, -11, -9, 30, -41, -15, 10, 7]
[8, 3, 8, -26, 111, 27, -19, 18]
[-5, 6, -4, -26, -27, 12, 59, -22]
[7, 2, -7, -44, -51, -23, -33, 6]
[2, 22, 18, 110, 105, 29, -17, -22]
[6, 13, -8, -34, 56, -3, 32, 19]
[-7, -12, -20, -54, -67, -41, -7, -10]
[-14, -17, -4, 93, 127, 11, -19, 9]
[0, -12, -3, -4, 53, 29, 23, -7]
[10, 5, -9, -70, -128, -31, -40, -11]
[11, 8, 16, -29, 17, 7, 2, 11]
[-7, -9, -15, -32, -16, -12, 3, -9]
[5, 3, 3, -63, -79, 9, 20, 18]
[-5, -3, 16, 39, 64, 5, -8, 20]
[-14, -9, -23, -80, -92, -31, -19, -18]
[7, 4, -7, -43, -13, -29, 10, -6]
[-4, -8, 13, 35, 71, 26, 6, -13]
[-10, -14, -23, -96, -72, -37, 11, 17]
[-9, -9, -17, -38, -22, -10, -19, -7]
[7, 9, 25, 37, 98, 41, 27, -1]
[-8, -4, -11, -41, 45, -26, -13, 17]
[4, -12, -8, 79, -15, 11, -2, -29]
[9, -2, 14, 127, 56, 1, -13, 10]
[5, 24, -10, -58, -107, -28, 7, -36]
[-11, 22, -6, 83, -25, -2, -14, 7]
[-1, 36, 5, 42, 50, 63, 13, -14]
[1, 18, -10, 5, 24, -13, 5, 8]
[16, 7, 33, 101, 127, 31, 18, 17]
[-8, -32, -8, 14, -125, -63, -28, -11]
[-7, -16, -5, 6, -17, 3, -10, -14]
[0, 7, -6, -33, 31, 36, 9, 7]
[-16, -13, 6, 64, -106, -64, -50, -15]
