[10, -16, -22, 32, 127, 50, 15, 6]
[2, -36, -11, -59, -92, -40, -6, 30]
[-2, -6, -5, -39, -1, 16, 7, -10]
[5, 9, 51, 81, 72, 39, 10, 13]
[-8, -1, -13, -123, -107, -84, 0, -7]
[-2, 14, 13, 82, 106, 12, -3, -17]
[0, -2, 31, 4, -6, -11, -13, 9]
[-8, -14, -10, -11, 55, 48, -29, -38]
[14, 19, 26, 12, 68, 37, 28, 67]
[-12, -17, -31, -91, -71, -92, -37, -34]
[8, -3, -13, -6, 34, -46, 27, 70]
[-21, -4, -23, -120, 22, 17, 13, -77]
[3, -5, 13, 103, 55, 4, 1, -17]
[1, 1, 4, -55, 56, 4, -25, -13]
[0, 2, 0, 40, 63, 17, 16, -31]
[-2, -13, -34, -128, -102, -21, 6, 21]
[4, 9, 15, 82, 72, 68, 7, -2]
[4, 6, 12, -17, -30, -2, 8, 30]
[-1, -10, -18, -86, 8, -20, 2, -2]
[9, 2, 10, 102, 29, 3, 19, 37]
[-7, -5, -8, -5, 23, -7, -50, -20]
[-7, -11, -43, -22, 30, -1, 5, 6]
[-4, 3, 49, -41, -1, 9, -9, -10]
[5, 6, 10, 16, 59, 12, 0, 18]
[4, 10, 9, -17, 49, 71, 22, 13]
[-7, -4, -9, -35, -73, -35, -1, -15]
[-5, -7, -25, 42, 12, -4, 1, -27]
[-8, -18, -15, 26, -66, -1, 5, 14]
[8, 4, 10, -18, 8, 11, 6, -10]
[6, 9, 6, 8, 97, 18, 30, 20]
[-4, -2, -6, -7, -61, -8, -24, -20]
[11, 5, 12, -44, -94, 3, 30, 49]
[-33, -9, -29, -108, -85, -98, -83, -63]
[17, 9, 1, -53, -12, 32, -3, -29]
[-6, -4, 9, 48, -90, 8, 1, -11]
[2, -3, -16, -13, 7, -15, -13, -28]
[10, 6, -11, -114, -72, -9, 30, 52]
[-1, -2, 7, 35, 70, 36, 12, -13]
[-5, -2, -6, -44, 4, -21, -23, 1]
[2, 0, 11, 87, 32, -15, -1, 9]
[-4, -10, -36, -83, 8, -10, 6, 2]
[3, 0, 21, 51, -68, -11, 2, 11]
[15, 15, 1, 127, 127, 47, 5, 20]
[-12, -4, -8, -24, 95, 1, 6, -12]
[-1, 6, 34, 95, -17, 11, 16, -5]
[3, 6, 15, -17, -23, 0, -9, 19]
[-6, -11, -32, -121, -70, -4, 19, 16]
[2, 3, 7, 59, 52, 59, -31, 1]
[5, 6, 8, 33, 79, 34, 13, -5]
[0, 5, 14, 14, 93, 12, 4, -20]
[7, 5, 9, 17, 60, 25, -2, 0]
[6, 4, -9, -75, -24, 5, 4, 54]
[0, -13, 3, 50, -25, 24, 10, -4]
[-16, -10, -8, -31, -70, -36, -15, -11]
[2, 7, 1, 11, 96, 7, 41, 3]
[-10, -7, -16, -78, -3, -26, -60, 17]
[13, 16, 15, 31, 19, 3, -4, -14]
[2, 7, 10, 76, -58, -31, 10, 17]
[-7, -8, -10, 37, -31, -17, -22, -37]
[-3, -9, -17, -70, -107, -22, 15, 2]
[11, 7, -6, -45, 26, -3, 0, 17]
[-8, -9, 2, -97, -85, 4, -18, -19]
[7, -3, 3, 56, 82, 43, 7, 13]
[11, 14, 12, 55, 4, 23, 15, -7]
[-1, 3, 12, 28, 10, 13, -12, -33]
[2, -3, -13, 18, -22, -1, 7, 35]
[-9, -7, 6, -36, -39, 0, 4, -2]
[-1, -6, 1, 20, 28, 1, 14, -8]
[-7, -9, -16, -64, -100, -17, 17, 4]
[7, 11, 7, 19, 127, 41, -5, -3]
[-5, -7, -5, -5, -43, -24, 1, -5]
[7, 6, 6, -21, -11, -6, 6, 13]
[-8, -8, -7, -18, -79, -49, -17, 6]
[9, 7, 4, 30, 116, 52, 17, -25]
[-1, 1, 1, -1, 10, -11, -11, -5]
[-2, -1, -3, -10, -10, -7, 2, -2]
[0, 3, 5, 45, 69, 17, 6, 18]
[-8, -3, -7, -32, -31, -6, 2, -3]
[3, 1, -1, -12, 29, -1, -1, 5]
[5, 4, 11, 46, 24, 12, 8, -13]
[-3, -3, 0, 14, 0, -12, -4, 5]
[-3, -1, -5, -12, -32, -11, -5, -4]
[-1, 4, 15, 1, -12, 2, 3, 1]
[-4, -8, -9, 29, 31, 6, -9, -12]
[-3, -7, 2, -23, -20, -9, -7, 5]
[1, -4, -9, 30, -2, -9, 4, 3]
[-3, 6, 7, -8, -4, -13, -4, 2]
[5, 5, 10, 43, 43, 9, 0, -7]
[5, 2, 16, 49, 117, 11, 1, 4]
[4, 7, -5, -50, -35, -9, -3, -2]
[-7, -3, -22, -38, -51, -14, -14, 4]
[-8, -7, -8, -27, 23, -6, -9, -8]
[-7, -12, -7, 23, 15, 2, 2, -10]
[-4, -2, 2, 37, 18, -5, -13, -1]
[8, 5, 6, -5, -28, 6, 20, 10]
[0, -1, -6, -23, -21, -8, 1, 7]
[2, 6, 1, -22, -51, -20, 9, 2]
[-2, -1, 3, -10, 3, -4, 0, -4]
[-6, -12, 0, 46, 10, 9, -20, -1]
[-4, -11, -5, -1, 31, 4, 2, -5]
[-10, -5, -4, 18, -8, 8, -7, -9]
[-8, 10, 12, 17, -6, -2, 2, -10]
[31, 7, -5, -2, 1, 3, 2, 1]
[-1, -6, 6, -3, -6, 5, -4, -2]
[-1, -5, -15, -32, -24, -4, -8, -4]
[3, 1, 10, -2, -16, -2, 5, 0]
[-1, -3, 7, 11, 24, -3, -4, 8]
[-10, -8, -4, -3, -1, 1, 2, 1]
[9, -5, 1, -19, -6, -8, 3, -1]
[7, 16, 2, 8, 28, 3, 6, -5]
[0, 5, -9, -27, -32, -4, 3, -8]
[7, 1, 1, -28, -47, 3, -4, -5]
[-5, 9, 4, 7, 26, -10, -5, 1]
[-5, -12, 3, 41, 53, 3, 0, 2]
[-14, -7, -2, 7, 9, 5, -5, 2]
[-2, -3, -5, -8, -4, -9, -1, -1]
[0, 13, -11, -8, 0, -9, 2, -2]
[2, -11, 0, 0, -16, -6, -2, -5]
[-13, -20, -2, -2, -11, -7, 0, -13]
[11, 26, 6, 0, 8, 7, 1, -5]
[1, 0, 13, 8, 9, 3, 6, -5]
[7, 40, -3, -9, 0, -7, 1, 1]
[-10, -11, 8, 2, 3, -11, 3, 22]
[6, 4, -5, -1, -8, -10, 0, -2]
[-1, -9, -8, -5, -18, -6, -2, -1]
[-7, -21, -1, 1, -9, 0, -3, -6]
[14, -8, 7, 10, 1, 18, 0, -10]
[-9, 19, 1, -18, -25, 2, -15, -8]
[5, 16, 7, 6, 14, -1, 2, -4]
[-7, -10, -10, 0, 9, 6, 15, 19]
[-3, -11, -7, -6, 9, -3, -19, -9]
[11, 8, 2, -1, -1, -10, -5, -5]
[-6, -11, -5, 5, 16, 2, -9, -4]
[2, 0, 2, -14, -42, -2, 8, 6]
[9, 12, 1, 23, 47, 5, 12, 1]
[-3, -11, -5, -1, -4, -6, -13, -23]
[-11, 0, -1, -22, -33, -10, -2, 14]
[-2, -6, 0, 18, 13, 2, -8, 2]
[-10, 9, 6, -2, -8, 11, 15, 3]
[-8, -20, 4, 5, 10, 2, 3, 1]
[-5, 1, -2, -9, -16, 2, -3, -5]
[1, 1, -2, -2, 6, 4, -9, -2]
[-1, 8, -7, -9, -27, -9, -10, -5]
[4, 4, -3, 6, 3, -4, 0, 5]
[0, -12, -2, -9, -5, -4, -4, -5]
[-8, -11, -1, -1, 2, -2, 0, 2]
[4, 0, 2, 3, 10, -4, -4, -9]
[1, 8, 4, -1, 0, 2, 23, 23]
[3, -3, -9, -10, -33, -3, -16, 5]
[-3, 2, 2, 6, 24, 4, -3, 0]
[-4, -1, -4, -5, -38, -6, -1, 1]
[-1, -8, -3, 0, 19, 6, 11, -5]
[9, 1, 7, -1, 20, 0, 5, -3]
[-3, -6, -3, 3, 11, 7, -1, -2]
[-2, 0, 1, 5, 6, 6, -1, 7]
[-3, -4, -3, 16, 12, -5, -6, -5]
[2, 2, 1, -13, -15, -1, 9, -4]
[7, -1, -1, -7, -26, -5, -6, -3]
[5, 5, -1, 7, 18, 0, 0, 0]
[-3, -6, -1, 5, -4, -3, -11, -10]
[-8, -13, -4, 5, 11, 1, -3, 6]
[-2, -6, 1, 3, 1, 0, 8, 0]
[2, 16, -5, -26, -28, -4, 1, 5]
[-6, 4, 4, 8, 8, 0, 1, -5]
[-1, 2, 5, 3, -8, -3, -5, -4]
[-3, 2, -1, 5, 15, -6, -4, 1]
[6, 7, 0, 9, 26, 0, 0, 4]
[-2, -11, -14, -30, -45, -4, 9, 4]
[-3, 4, -1, 2, -21, 0, -3, -11]
[0, -1, 0, -18, -40, -5, 4, 1]
[2, -3, 6, 9, 28, 3, 3, -5]
[4, 1, 6, 5, 8, 4, 7, 7]
[0, -4, -3, 1, 22, 4, 2, -1]
[-10, -1, -3, 2, 27, -1, -5, -8]
[-6, -9, -2, 4, 9, -2, -5, -1]
[0, -5, -5, -13, -35, -5, 5, 5]
[2, 6, -5, -5, -9, -6, -22, -6]
[1, -3, 1, -2, -13, -3, -6, -4]
[-1, -3, -1, -4, 1, 1, 1, -3]
[-1, 4, 5, 13, 16, 3, -7, -2]
[0, 0, 1, 6, 6, 1, 7, 8]
[6, 5, -5, -8, -6, -1, 9, -1]
[0, -2, -2, -2, -10, 1, -6, -1]
[0, 2, -3, -4, -12, 8, 15, 0]
[-3, -1, -3, 14, 39, 5, -3, 0]
[-7, -3, -8, -7, -60, -7, -12, -2]
[-1, -4, -7, -16, -34, -7, 3, 1]
[6, -8, -3, -10, -19, -7, -6, -2]
[0, -4, 10, 6, 44, 1, 9, 1]
[1, -3, 1, 13, 23, 2, 3, -2]
[-3, 10, 8, 2, 7, 2, 2, -3]
[-6, 1, 2, 14, 44, 1, -4, -5]
[0, -1, -4, -11, -26, -1, 4, -1]
[1, -1, -1, -4, -1, -1, -3, 2]
[0, -3, -5, -6, -14, 0, -4, 2]
[2, 4, 11, 6, 10, 5, -2, 2]
[-1, 5, -7, 0, -7, -5, 2, 0]
[-2, 5, 1, -4, -6, 0, -3, 3]
[0, -6, 2, 7, 12, 2, -1, 0]
[0, -3, -4, 2, 18, 3, -2, -1]
[7, -3, -2, -2, -23, -5, -4, -3]
[-2, -2, 4, 2, 2, -3, 1, 10]
[0, 0, -6, -4, -3, -3, -1, 0]
[2, 4, 2, 3, 27, 3, -4, -1]
[-5, 1, 0, 1, -23, 1, 4, -5]
[-2, -2, 3, -7, -2, -4, -1, -7]
[-2, -4, 4, 4, 20, 7, 4, 2]
[-2, -4, -3, -5, -55, -8, -8, -1]
[0, -1, -1, 5, 4, -1, 1, 2]
[0, 0, -1, 0, 20, 0, -3, -6]
[3, 0, 3, -3, -17, 1, -3, -4]
[2, 8, 11, 3, 7, 2, 3, 11]
[-4, -1, -5, -4, -5, -3, 1, 0]
[-1, -1, -2, 4, -2, 0, -2, 1]
[3, 5, -4, -4, -3, 0, -1, -1]
[-1, -2, -3, -4, 30, 5, -4, -5]
[-3, -3, -1, -6, -29, -5, 13, -1]
[1, 2, -2, 4, 6, -1, -3, 1]
[1, 3, 2, -2, -6, 1, 7, 5]
[-2, -2, 2, 2, 21, 2, -35, -16]
[-1, 0, -1, -9, -20, -6, -5, 1]
[4, -5, -10, -11, -34, 5, 9, 10]
[0, 0, -1, 2, 12, -1, 8, 1]
[-1, 5, -1, -7, -22, 1, 10, 3]
[-2, -1, 1, 0, 2, -3, -5, -5]
[-1, 1, -1, 5, 12, 0, -3, -8]
[2, -1, -2, -4, -2, -1, -2, 1]
[-4, -3, -3, 5, 19, -1, 7, 2]
[-1, 0, 8, 1, 11, -2, -1, 0]
[1, 0, 11, 1, -5, -2, -1, 0]
[-2, -3, 2, 0, 14, 3, -3, -1]
[-4, 0, -1, 0, -22, -3, 1, -3]
[1, -4, -7, -7, -14, 2, 0, 1]
[0, 0, 1, 1, 10, -2, 0, -1]
[0, -7, -2, 3, 13, 2, -4, 0]
[2, -1, -5, 17, 38, 6, 5, -3]
[-1, -2, -9, -39, -77, -21, -9, 0]
[-4, 3, -2, -9, -22, -2, -2, -3]
[-2, -3, -1, 7, 9, 0, -4, -6]
[5, 3, -4, -4, -8, -2, 2, 8]
[-2, 2, -1, 14, 35, 6, -3, -3]
[-3, -4, 0, 0, 7, 1, -10, -4]
[-4, 6, 0, 5, -19, 0, 6, -2]
[-2, -2, 3, 3, 2, 1, 3, 0]
[-1, -2, 5, 1, 10, 5, 0, -3]
[0, -1, 1, -2, -1, -4, -10, 3]
[5, 0, 2, 3, 3, 1, -4, -4]
[1, 0, -5, -4, -8, -6, 3, 2]
[-4, 2, 2, -1, 15, -1, 3, 3]
[-1, -5, -1, -1, 4, 3, 5, -4]
[-2, -2, -2, -4, -3, 6, 0, -2]
[5, -3, -4, -9, -19, -1, 4, 1]
[-1, 4, 1, 11, 34, -1, 7, -4]
[-4, 2, 1, 10, 13, -2, 2, -3]
[0, -2, -9, -19, -44, -6, -4, 0]
[-2, -2, 0, -6, -3, -5, -7, -2]
[-6, -2, 4, 3, 17, 1, -6, 0]
[-4, -5, -3, -6, -13, -4, 5, 0]
[-2, 2, 3, 10, 18, 0, 1, 3]
[0, -3, -6, -3, 15, 5, 15, 0]
[5, 4, -1, 2, -3, 1, -1, 0]
[0, 2, -3, 6, 13, 1, 4, 4]
[0, -1, 0, 2, -2, -3, -5, 1]
[-2, -2, 1, 7, 0, 3, -2, 2]
[1, -10, -1, 0, 0, -6, -2, -2]
[5, 4, -3, -7, -19, -6, -4, -5]
[-2, -3, 1, -2, 0, 1, 5, 8]
[-4, -1, 7, 7, 17, 2, -3, -4]
[-2, -3, -1, 3, 14, 0, 1, 0]
[-2, 0, -3, -11, -30, -2, -4, -3]
[4, 6, 2, 5, 20, 7, 0, 1]
[-1, -4, -2, -17, -50, -10, -9, -3]
[-1, 0, -5, -11, -14, -4, -3, -2]
[-1, -1, -1, 7, 12, 2, 1, 0]
[0, -1, -1, -7, -30, -2, -2, -3]
[2, -3, -1, 7, -18, 3, -2, 2]
[4, -2, -1, 18, 37, 3, -8, 2]
[2, -2, 0, -8, -4, -2, 17, -2]
[2, -5, -3, 3, 9, 2, -2, -2]
[-3, 4, -3, 0, 5, 1, 4, -2]
[-4, -4, -6, -6, -19, -1, -12, -2]
[0, 2, 5, 6, 29, 4, -5, -1]
[2, 10, 4, 1, -16, -4, 1, 3]
[-1, 2, -2, -6, 14, -2, 3, -3]
[-1, -2, -5, -5, -25, -4, 0, -2]
[-2, -1, 3, 3, 17, 1, -4, 1]
[5, -2, 4, 12, 46, 11, 2, -1]
[1, -7, -6, -18, -69, -13, -9, -2]
[1, 3, 0, 0, 12, -3, 2, -1]
[0, 2, 0, -14, -28, -3, -2, 1]
[-3, -3, -2, 0, -5, 3, 3, 0]
[-3, -2, 1, 2, 33, 3, -3, 1]
[-7, 0, 0, -4, -13, -4, 2, 2]
[-5, -4, -2, 13, 22, -3, -2, -4]
[4, 5, 0, 0, 15, 4, -2, 2]
[2, 0, -4, -3, 8, 1, -2, 1]
[5, -2, -2, -5, -13, 2, -1, -8]
[-3, -1, -4, 2, 2, 0, -3, 2]
[-5, -5, -8, -14, -34, -7, 1, 2]
[-2, 7, 9, 15, 39, 2, 4, 0]
[2, 1, 3, -1, 3, -1, 4, 2]
[1, -2, 1, 7, 14, 3, 0, -3]
[-4, -3, 2, 0, 7, -1, -4, -2]
[1, 0, -2, 6, 39, 5, 1, 4]
[1, 5, -9, -21, -90, -15, -7, -5]
[1, 4, 0, 5, 21, 6, 0, -1]
[0, -13, -4, -14, -25, -5, -4, -5]
[-1, 0, 3, 2, 12, 5, -2, -2]
[-3, -1, 8, 26, 60, 7, 8, 1]
[3, -3, -1, -18, -34, -5, 4, 0]
[0, 1, -1, -6, -4, -2, -17, -1]
[-2, -2, -2, 7, 1, -4, 11, 2]
[-3, 4, 2, 12, 30, 3, -3, 1]
[-1, 1, 4, 7, 0, 1, -1, 1]
[9, 9, 2, 5, 8, 1, -3, 0]
[2, -2, -4, -10, -20, 0, -5, -2]
[-2, 5, -1, -5, -16, 1, 2, 1]
[-7, -12, -8, -4, 7, -7, -4, -5]
[0, 1, -7, 13, 35, 3, 4, 1]
[1, -1, -1, -12, -26, -4, -6, -1]
[-4, 0, -5, -29, -52, -8, -2, -7]
[-3, 0, 10, 48, 50, 5, -2, 1]
[2, -4, -3, -42, -62, -7, 4, -2]
[4, 5, 5, 27, 42, 4, 3, -1]
[-5, -12, -2, -21, -5, -2, -1, 12]
[2, -6, -6, -17, -49, -2, -3, -3]
[-2, -1, 4, 27, 37, 9, 1, -3]
[2, 5, 3, 8, 7, 5, -2, 1]
[-1, -2, -1, -3, 15, 2, 1, -2]
[-2, -3, -6, -17, -21, -7, 0, 0]
[-7, 4, 1, 21, 1, -5, 2, 2]
[-1, 2, 2, -10, -20, -3, 3, 1]
[-2, -5, -2, 6, -6, -2, -1, -5]
[1, -2, 4, 9, 62, 8, 4, -1]
[6, -6, -4, -15, -33, -5, 0, -2]
[-6, -5, -7, -1, -25, -8, -3, -2]
[-3, 3, 5, 42, 66, -2, 0, -1]
[-5, -2, -10, -52, -81, -8, -3, -3]
[3, 5, -2, -19, 0, 5, 1, -2]
[3, 5, 4, 26, -3, 5, -3, 1]
[0, -5, 3, 8, 17, -3, 4, 2]
[3, 4, 3, 14, -17, -3, -1, 2]
[-12, -20, -3, 1, -20, -3, -1, 4]
[0, 10, 2, -21, 5, 3, -1, 1]
[6, 13, -5, 6, 18, 1, -2, 1]
[2, 4, -1, 0, 15, -2, 3, 0]
[6, 9, 6, 26, 74, 18, 9, 3]
[-7, -11, -2, -51, -60, -19, -5, -6]
[-7, -7, -4, 20, -9, -11, -1, -4]
[8, 11, 5, 0, 34, 9, -4, -2]
[-12, -10, -9, -23, -67, -16, -5, -6]
[2, -7, -2, 18, 28, 10, 1, 4]
[4, 7, 14, 70, 95, 22, 2, 3]
[-5, 1, -13, -76, -104, -12, -6, -1]
[-2, -2, 3, 7, -4, -15, -1, 0]
[8, 3, -2, 3, 45, 6, 1, -5]
[-3, -10, -12, -105, -128, -22, -4, 1]
[-4, -8, 5, 95, 82, 10, -1, -3]
[-7, -2, 7, -4, 82, 18, 4, -2]
[-5, 2, -1, 16, 3, -8, -2, -5]
[-6, -16, -14, -75, -101, -11, 9, -6]
[13, 4, 1, 28, 88, 9, -1, -2]
[13, 27, 14, -5, -67, -9, 2, 4]
[-9, -17, -15, 20, 53, -2, -2, -4]
[0, 4, 11, 34, 83, 13, 1, 3]
[3, 5, -4, -26, -64, -14, -7, -1]
[-8, -10, 4, 23, 124, 13, 2, 7]
[5, -1, -3, -16, -16, 3, -5, -1]
[-5, -2, -1, -26, -33, 1, -8, -1]
[-7, -9, -10, -1, -15, -8, -7, -4]
[-2, -2, 1, -3, -6, -1, -9, -3]
[2, 2, -1, -10, -29, 0, 6, -1]
[-10, -10, -9, -42, -41, -14, -10, -11]
[-3, -3, 3, 25, 84, 3, 1, 5]
[-5, -13, -18, -30, -86, -11, -5, -9]
[14, 22, 11, 56, 40, 10, 13, 8]
[5, 6, 2, 1, 23, -1, -9, 0]
[0, 11, 5, -40, 9, 0, 1, 1]
[-23, -22, 13, 86, 74, 21, 7, 0]
[-6, 2, -8, -79, -12, -6, 5, 13]
[20, 1, 1, 34, 80, 8, -15, -20]
[-10, -4, -16, -56, -38, -11, 5, 6]
[-3, 0, -16, -31, -94, -41, -9, -9]
[6, 5, 3, 9, 32, 3, -4, 10]
[-6, 9, 13, 65, 32, 6, 2, 0]
[-7, -4, -7, -69, -62, -9, -6, -7]
[4, 4, 3, 68, 109, 16, 22, 5]
[3, 0, 2, 15, 74, -3, -18, -4]
[-3, 1, -14, -46, -89, -22, 1, -3]
[0, -4, 11, 88, 67, 20, 4, 0]
[8, -2, -7, -84, -8, 5, -3, 2]
[-5, 3, 1, -17, -71, -15, 4, -7]
[2, -6, 15, 48, 44, 23, 8, 8]
[-11, -9, -12, 18, -14, -16, -6, -5]
[1, -14, 5, 19, 27, 9, 2, 2]
[-12, -3, -9, 21, 52, 7, -3, -12]
[21, 7, -10, -77, -105, -31, -17, -1]
[-16, -16, -2, -36, -19, -3, 4, 3]
[20, 12, 0, -12, 73, 11, 7, 7]
[-6, 16, 11, -3, -37, -9, 18, -6]
[15, 8, 3, -31, -54, -10, 12, 6]
[2, -11, 5, -18, -48, -11, -17, -10]
[-2, -16, -6, -28, 12, 4, -12, -1]
[-12, -32, -6, -27, -2, 5, -4, -7]
[-13, -8, -1, 42, 27, 3, 7, 1]
[0, -3, -6, -21, -37, 4, 4, 1]
[9, 36, 17, 80, 44, 18, 6, 4]
[-5, -3, -6, -55, 53, -14, -9, -5]
[-19, -10, 0, 80, 78, 11, -1, -6]
[1, 11, -6, -45, -57, -18, 2, 2]
[17, 10, 5, 57, 79, 16, 3, -8]
[24, 56, 8, 43, 28, 10, -20, 5]
[-5, 4, -22, -91, -58, -31, -6, 6]
[18, 1, 22, 111, 127, 24, -15, -13]
[-12, 7, -18, -101, -47, -27, 5, 2]
[-33, -47, -8, 43, 54, 5, -17, -31]
[32, -2, -5, 20, 79, 9, -12, 22]
[16, 28, 1, -22, -31, -1, 7, -25]
[2, 5, 10, 43, -7, 16, -9, 29]
[-7, -6, -14, -75, -120, -35, 34, 22]
[-33, -8, -3, 20, 85, 10, -10, -24]
[-4, -10, -7, -42, -79, 4, 7, 13]
[9, 8, 34, 96, 68, 18, -9, -12]
[0, -14, -3, -78, -128, -11, -8, -7]
[3, -6, 9, 57, 121, 27, 21, 14]
[5, 1, 1, -52, -23, -15, -3, -4]
[-10, -2, -4, 38, 45, 17, 0, -14]
[4, -8, 4, 37, 6, 34, 43, 23]
[-6, 2, -9, -19, -98, -30, -52, -40]
[-10, -1, -4, 8, 13, -22, -34, 4]
[2, 0, -15, -98, 21, 16, 12, -8]
[4, -16, 1, 29, -63, -21, 7, -2]
[-2, -5, -2, 52, 62, 9, -1, -19]
[24, 29, 32, 105, 13, 13, 8, 39]
[-9, -8, -23, -62, -72, -16, 9, -4]
[4, 7, 6, 17, 46, 0, 0, 31]
[-17, -4, -10, -96, -25, 2, 9, -45]
[-19, -22, -6, 45, -32, -19, -23, -16]
[-3, -5, -6, 22, -111, -37, -1, -2]
[8, 11, 22, 66, 108, 41, -1, -6]
[-9, -15, -25, -90, -102, -20, 16, 15]
[8, 2, 4, 14, 8, 40, 31, 9]
[-3, -7, -10, -34, 76, -31, -21, -12]
[-7, 0, -5, 41, 67, 26, -16, -29]
[15, 4, 12, 37, 64, 26, 56, 75]
[0, 0, -9, 0, 73, -23, -14, -36]
[4, -1, 0, -33, -125, 4, 8, -9]
[-20, -21, -17, -36, 31, -16, -5, -9]
[6, 25, 15, 2, -45, 3, -26, -14]
[3, 9, -2, 4, 28, -2, 24, 42]
[23, -10, -5, -17, -46, -1, -6, -13]
[-12, -9, 2, -17, -1, 3, 0, 41]
