[14, 48, 93, 100, -69, -27, -5, 7]
[-2, -2, -7, -38, 72, 35, 5, 1]
[-8, -9, -25, 0, -75, -1, -3, -12]
[5, 12, 70, 60, 121, 22, 9, -1]
[-1, -11, -39, 6, 30, 12, 6, 2]
[0, -3, -15, -55, -63, -18, -4, 0]
[3, 13, 15, 14, 44, 11, 10, 7]
[-10, -7, -28, -16, -121, -17, -9, -2]
[-3, 5, -4, -17, -27, -12, 2, -2]
[6, 3, 12, 24, 2, 1, -3, 3]
[-3, -9, -3, 23, 38, 1, -10, -10]
[4, 3, 2, 21, -50, 10, 7, 1]
[-2, -8, -20, -31, -18, 14, 5, 16]
[3, 13, 5, -55, -14, 15, 13, 6]
[-2, -1, -10, 65, 17, 5, 1, 1]
[2, 9, 20, -4, -18, 9, -3, -2]
[-4, -12, -5, -32, 64, -15, -14, -16]
[-2, -23, -25, -5, 0, 3, -2, 11]
[-6, -3, 14, 54, 61, 21, 7, -3]
[11, 23, 12, 28, 31, 9, 2, 4]
[-17, -21, -33, -40, -68, -14, -7, -21]
[7, 2, -2, 30, -15, -4, -5, 1]
[-35, 5, 12, -2, 8, 6, -5, -1]
[22, 1, 2, 15, 12, -2, 13, 21]
[24, 25, -10, -14, 16, 2, -1, -5]
[4, 10, 8, 24, 37, 8, -5, -4]
[8, 3, 11, 10, 14, 6, 0, 5]
[-20, 0, 1, -13, -61, -3, 7, 11]
[-4, -9, 0, 31, 40, -8, 3, 3]
[-36, -69, -13, 95, -37, -11, -22, -48]
[34, 46, -3, -24, -67, -5, 14, 41]
[16, 26, 4, 40, 39, 10, -20, -19]
[-6, -26, 0, -10, -21, 4, 10, 3]
[-5, 0, -4, -22, 8, 6, -8, 1]
[1, -15, -6, -34, 46, -5, -29, -19]
[-12, -11, -6, -35, -13, -1, 3, 2]
[-8, -1, -3, -30, -1, -4, -10, -7]
[0, 1, -9, -47, 27, 0, 13, -3]
[1, -12, -5, -24, -33, -2, 12, -7]
[0, -4, -1, 8, 18, 0, -4, 3]
[-7, 6, -1, -9, 5, -10, -9, -20]
[2, 1, 0, -45, -42, -8, 28, 30]
[12, 37, 12, 1, 45, 0, -17, 5]
[11, -12, -3, 0, -6, 2, 16, -1]
[-9, 9, -1, -22, -50, -15, -15, 5]
[16, 9, 8, 20, 15, -3, 15, 5]
[-6, -4, 1, -2, 13, -2, 1, -52]
[-10, -21, -8, 16, 7, -6, -2, 45]
[3, 2, -1, -8, -3, 4, 22, 24]
[-12, -15, -5, 25, 16, 1, -25, 12]
[-15, -25, 1, 8, -5, 12, 32, -10]
[-2, 27, 8, 5, 0, -8, -42, -46]
[3, 5, -3, 14, 20, -4, -2, -6]
[-3, 21, 0, -19, 13, -4, -1, 2]
[-6, -20, -6, 4, -28, -3, 9, 15]
[-12, -7, -1, 18, 28, -3, 0, -12]
[10, 7, -8, -10, 29, 5, -9, 11]
[-7, -15, -9, -14, -22, 0, 2, -18]
[16, 19, 8, -5, -65, -5, -17, 5]
[-7, -14, -10, -20, 10, 1, 18, -10]
[-5, 14, 5, 4, 8, 1, 30, 18]
[3, 6, 0, -5, -8, -2, -7, -19]
[14, 0, 0, 5, 48, 4, -23, 11]
[-10, -7, 3, 19, 7, 1, -4, -9]
[-4, -11, -10, 0, 2, 2, -2, -13]
[-12, -1, 2, -2, 5, 4, -12, -2]
[1, 5, 1, -13, -32, -16, -3, 4]
[-3, -1, 0, 24, 17, 7, 6, 10]
[-4, -10, 0, -24, -9, 0, -3, -4]
[4, 4, -1, 1, -6, 7, 7, 4]
[-11, -11, 2, 18, 44, 4, 3, -1]
[1, -1, -6, -35, -14, -4, 7, -4]
[7, -2, 3, 52, 34, 0, 0, 2]
[6, 7, -4, -54, -68, -14, -10, 4]
[-5, -1, -5, -17, -8, -1, -3, 0]
[-1, 2, 6, 35, 20, 6, 0, -2]
[-7, -5, 6, 2, 10, -4, -4, -8]
[8, 9, 9, 16, 16, -1, -16, 5]
[0, 2, -5, 3, 12, 7, 18, 18]
[10, 7, -4, -14, -3, -4, 2, 7]
[-10, -5, -4, -16, -30, -1, -8, -2]
[0, 0, -6, 8, 1, -3, 1, -5]
[3, 7, 3, -4, 9, 4, 10, -3]
[7, 9, 0, 5, 18, -2, -6, -10]
[7, 6, -3, -7, -11, -3, 2, 16]
[1, 8, -3, -13, -19, -6, 9, -5]
[-1, -4, 0, 16, 26, 5, 4, 5]
[0, -8, 0, -20, -59, -4, 7, -4]
[6, -2, -1, 21, 19, -1, -7, -5]
[-2, -7, 4, 8, -4, -4, -3, 4]
[-3, -9, -4, -3, 36, 4, -9, -6]
[-4, -5, -9, -19, -11, 0, -4, -1]
[-1, -8, 4, 2, -14, -4, -1, -3]
[2, 4, 6, 20, 19, 3, 3, -2]
[-5, -2, 5, 10, -3, -2, -5, -1]
[0, -1, -3, -23, -4, 1, 0, -1]
[-2, 0, -3, -5, 5, 0, 9, -10]
[1, 1, -3, 2, -12, 1, 13, 4]
[3, -4, -8, -10, -13, -3, 2, 7]
[-1, 2, -1, 1, -12, 2, -2, 1]
[7, 5, 2, 5, 4, 5, -1, -1]
[2, 1, 4, 11, 71, 7, 0, -8]
[-5, -10, -5, -33, -99, -27, -7, -11]
[5, 1, -2, 26, 29, 4, 3, 19]
[-9, 4, 5, 3, 19, 1, -2, -2]
[1, 0, -10, -1, 19, 1, 0, 6]
[2, 4, -3, 34, 16, 6, -7, 2]
[-3, 0, 7, 0, -16, -6, 8, -6]
[-1, 0, 0, -5, -6, 0, -5, -6]
[-1, 3, -1, -7, 4, 0, -1, 1]
[0, -5, -7, -5, 26, 0, 1, -4]
[-1, -6, -3, 10, 7, 2, 1, 1]
[1, -5, 4, -36, -40, 0, 0, -1]
[1, -10, 8, 2, -29, 3, 1, -4]
[-3, -4, 6, 22, 31, 2, 6, 4]
[0, 1, -11, -26, 17, -7, -3, -6]
[-2, 0, -4, 0, 3, -7, 0, 3]
[0, 5, 0, 11, 4, 1, -12, -2]
[-3, 0, 1, 3, -14, 2, -3, -8]
[-1, 1, 10, 0, 12, 6, 2, 2]
[-2, 2, -2, 10, 0, -1, -7, -6]
[-4, -2, -2, -11, -1, -5, 1, 0]
[3, 1, 2, 15, 41, 13, 8, 2]
[-4, -1, -7, -34, -103, -12, -6, -4]
[3, -1, -8, -18, -13, -5, -1, 1]
[-5, 1, 1, 14, 2, 3, 0, -4]
[-1, -6, 7, 3, 24, 6, 1, 2]
[-1, -1, 4, 9, 17, -1, -4, 3]
[-1, -5, -2, 2, -3, -1, 5, -1]
[3, -2, -6, 8, -4, -1, -1, -2]
[-1, 4, -8, -21, 1, -4, -3, 3]
[-4, -3, 2, 4, 2, 3, 4, -6]
[-4, -3, 3, 10, 16, 2, -3, -8]
[-1, -1, 0, 3, -6, 0, 5, 9]
[7, -1, -2, -19, -34, -5, 0, -3]
[6, 3, 0, 14, 25, 6, 0, 0]
[4, 4, -5, -3, -9, 1, -3, -1]
[-4, 1, -2, -26, -7, 5, 4, 1]
[-6, 0, 2, 28, 8, -1, -10, 2]
[-1, 4, 4, 3, 9, -2, -1, 4]
[-3, -3, 3, 0, 2, -1, -3, 0]
[1, -1, -2, 1, -12, -3, 3, -2]
[-4, -1, -6, -15, -17, 1, 0, 0]
[-2, -1, -6, -5, 9, 0, 1, -2]
[-3, 1, -2, 17, 22, 1, 8, 2]
[5, -1, -2, -23, -24, -10, -2, 0]
[3, 4, -2, 2, 24, 1, 4, -9]
[3, 1, 1, 4, -12, 0, -5, -8]
[-4, -9, 0, -17, -37, -6, -6, 10]
[-4, -4, 2, 20, 6, 3, -8, -2]
[-2, -4, -3, -5, -18, -9, -15, -7]
[-3, 0, 2, 7, 25, 0, 10, 3]
[1, 12, -1, -17, 9, 4, -2, -4]
[4, 10, 5, 18, -2, -3, 4, 2]
[-1, 2, -6, -21, -5, 0, -4, 3]
[0, -8, -4, -4, -11, -2, -4, -6]
[-2, -4, 0, -3, -4, -4, -3, -1]
[3, -1, -2, 0, 11, 6, -2, 3]
[5, 2, -1, 5, 8, -2, 2, -1]
[-2, -1, 3, 2, -7, 4, 0, -3]
[-6, -6, -4, -4, -16, -1, 6, 1]
[-6, 1, 3, 15, 57, 0, -2, 1]
[-2, -3, 5, 13, -7, -4, 3, 3]
[2, 1, -3, -14, -17, 7, 2, 5]
[2, 4, -2, 4, 7, 0, -6, 0]
[-1, -4, -8, -13, -22, -6, 1, -9]
[2, -2, -4, 18, 45, 1, 3, 2]
[0, -4, -1, 9, 20, -4, -4, -1]
[-1, -4, -2, -10, -21, -1, -3, -5]
[-2, 1, 3, -18, -19, 3, -3, 2]
[1, 5, 6, -5, -12, 13, 7, 3]
[-2, -1, -3, 11, -2, -4, 2, 1]
[0, 4, -2, 2, 8, -2, 2, -1]
[-2, -4, -1, -32, -21, -5, -7, -5]
[-1, -10, 3, 14, 63, -1, 0, -5]
[0, 2, -2, -35, -87, -13, -5, -8]
[-1, 5, -6, 0, 11, -6, 1, 8]
[-3, -2, -4, 8, 9, -2, -2, -4]
[-1, 5, -3, -16, -30, 1, -10, -6]
[-14, -14, -3, 19, 55, 3, 4, 17]
[11, 3, 6, 12, 4, 0, -3, 2]
[4, 4, 1, 11, -12, 4, 9, 7]
[1, 1, 2, 2, -2, 2, -3, 2]
[-1, 5, 1, 6, 32, 6, -1, -5]
[-4, -8, -1, -7, -21, -1, -3, -5]
[0, -8, -5, 4, -3, -2, -4, -5]
[4, 0, -10, -19, -13, -2, 2, 1]
[-5, -1, -6, -14, -13, 1, -3, -3]
[-6, -1, 2, 25, 9, 0, 4, 0]
[1, 1, -2, 6, 10, -3, 1, -4]
[-3, 1, 9, 4, -1, -2, 6, -1]
[4, 7, 6, 0, -3, -4, 1, 1]
[3, -2, 3, 0, -6, -5, -6, -3]
[8, -2, 0, 6, 25, 3, -8, -3]
[-3, 1, 2, 7, 8, 5, 8, 3]
[1, -4, 0, 0, -25, -8, -3, 2]
[-5, -3, -4, -3, -1, 3, 5, 1]
[0, -3, -11, -5, -26, -2, 0, -3]
[1, -2, -3, -5, 7, 0, -2, 2]
[2, 3, 10, 11, 23, -1, 1, 0]
[-4, -3, 3, -15, -16, 0, -11, -1]
[-8, -1, 6, 7, 28, -3, 2, -1]
[-1, -4, 1, 11, -7, 3, -8, -2]
[2, -5, -6, -13, -14, 1, 12, 1]
[9, -3, -5, -11, -6, 2, -1, 2]
[-3, 5, 0, 11, 5, 2, -5, -2]
[-3, 2, -5, -17, -12, -4, -1, -3]
[-1, 6, 1, 1, 9, 1, -14, 3]
[-1, -3, 1, 3, 2, 0, 5, -5]
[-2, -1, 1, -9, -27, -5, 9, 5]
[-1, 0, 1, 13, 35, 3, 4, -4]
[4, -4, -8, -5, -62, -2, -1, -5]
[-4, -5, -5, -11, -17, -1, 3, -2]
[-1, 1, 5, 7, 13, -3, -5, -1]
[-3, -1, 6, 5, 11, 2, 6, 4]
[-1, -4, 2, -7, -11, -6, -3, -3]
[0, 2, 4, 6, 10, 3, -1, -1]
[1, 0, 0, -9, -31, -5, -2, 1]
[-3, -2, -14, -20, -3, -2, -4, 1]
[-4, 3, -3, 29, 37, 1, -1, -4]
[-2, -1, 3, -16, -3, -2, 4, -5]
[-1, 2, 4, -3, 3, 5, 9, -1]
[6, 2, 2, -15, -31, 5, 0, 4]
[3, 0, 4, 37, 45, 2, -2, -5]
[0, 5, -7, -2, 0, -8, -1, 2]
[-1, 0, -1, -8, -29, -3, 1, 0]
[-4, 1, 2, -5, -19, -2, -2, 0]
[-5, 2, -2, -3, 12, 4, -1, 1]
[-1, -2, 3, 8, 29, 2, -3, -3]
[3, -3, 0, -3, -1, -1, -7, -1]
[2, -3, -7, 1, -19, -4, -7, -3]
[0, -5, -1, -3, 21, -4, 10, 4]
[-1, -3, 3, 8, 12, 2, -1, 2]
[-3, 0, 0, -4, 12, 0, -5, -4]
[-3, 0, 5, 5, -14, -1, -1, -3]
[-1, 2, -6, -18, -24, 0, -5, -7]
[1, -3, -12, -23, -22, -2, -1, 1]
[-2, -4, -2, 7, 9, 0, 2, 2]
[0, 0, -3, 9, 15, 1, 0, 4]
[-4, 4, -3, -7, -11, -2, 0, 2]
[-2, 4, 3, 21, 57, 6, 5, -1]
[-6, 0, -2, 1, -40, -1, -4, -4]
[-1, -6, -1, 4, 8, -5, 4, -2]
[8, -5, 7, -12, 1, 1, -2, 4]
[5, -3, -2, 3, -19, -5, 0, 0]
[6, -1, 8, -5, 32, 7, 2, -8]
[-2, 6, -1, -4, -5, 7, 5, 14]
[-4, 1, -4, -13, -24, -2, 3, -4]
[-3, -1, 1, 1, 2, 0, -5, -2]
[-1, -1, 0, 13, 12, 1, -3, 0]
[-2, -5, 0, -1, -30, -5, 2, 0]
[-4, -1, -4, -14, 22, -1, -5, 2]
[-5, 1, -9, -6, -18, -6, 0, -3]
[-2, -1, -4, 7, 18, -2, -2, 3]
[2, -2, -1, -5, -10, -2, -7, -6]
[1, 4, 5, 15, 34, 8, 0, 2]
[0, -1, 2, 1, -18, -11, -4, -6]
[6, -3, -4, -18, -29, -6, 0, 1]
[3, -1, -4, 5, 6, -1, 1, -1]
[2, -4, 10, 10, 16, 10, 3, -2]
[-2, -5, -1, -1, 8, 0, 1, -2]
[-6, 3, -4, -10, 9, 0, -2, 3]
[-2, -2, -7, 12, 9, 7, 2, -2]
[-4, 4, 4, -1, -26, -6, 0, -4]
[3, 2, 2, 10, 28, 5, 4, -2]
[3, 0, -4, -15, -29, -10, 2, -1]
[1, 3, -3, -5, 2, -2, -6, -1]
[-2, -2, -6, 14, -7, 0, 8, 1]
[-1, -2, 0, -13, -5, -4, -6, 1]
[-2, -6, -4, 4, 28, 6, 3, -1]
[-1, -4, 1, -3, -11, 1, 1, -2]
[0, -2, 1, -11, -5, -7, -4, -2]
[-2, -5, 3, 18, 2, 3, 1, 3]
[1, 0, 2, 1, 19, 2, 1, -1]
[-6, -10, -32, -39, 6, -5, -3, -1]
[-1, 4, 6, 40, -6, -3, -10, 1]
[9, 27, 57, 41, -24, -1, -2, 4]
[0, 8, 20, 14, 22, 7, -2, 0]
[-1, -3, -4, -17, -47, -15, 0, -5]
[-3, -21, -67, -100, 15, -1, 5, 3]
[2, 5, 13, 41, 28, 5, 9, 5]
[-5, 8, 38, 38, -9, -8, 1, -1]
[4, 8, 20, -3, -7, 4, -1, 0]
[4, 0, -1, 18, 31, 9, -7, -2]
[-6, -10, -22, -50, -84, -20, -11, -8]
[-1, -14, -21, -25, 8, 13, 2, -1]
[0, 1, 9, 30, 45, -1, -2, -3]
[-1, 0, 1, -21, -16, 3, -4, -4]
[0, 2, -13, -8, -29, -11, -3, 3]
[-3, -3, -12, 6, 16, -5, 0, -2]
[-2, -6, -14, -42, -70, -12, 2, -1]
[3, 4, 7, 68, 56, 9, 0, -1]
[2, 6, 13, -9, 6, 6, -4, -2]
[2, 0, -2, 49, 77, 3, 1, 3]
[0, -1, 4, -38, -54, -8, -2, 4]
[0, -1, -12, -42, 62, 11, 5, 2]
[-2, -10, -27, -63, -52, -11, -4, -3]
[1, 4, 16, 79, 62, -4, 0, 0]
[1, 7, 4, 25, 3, 12, 1, 0]
[-1, 12, 43, 64, -86, -14, -2, -4]
[1, 0, -17, -41, 14, -9, 4, -2]
[1, -7, -28, -29, 32, 9, -3, 0]
[6, 3, 23, 60, 81, 14, 4, 5]
[-6, -12, -30, -56, -56, -12, -14, -8]
[-4, -3, 0, 0, -40, 7, -1, 0]
[4, 10, 25, 51, 65, 13, 6, 2]
[-18, -11, -24, -27, -109, -43, -8, -17]
[-5, -6, -15, -69, -51, -16, 3, 11]
[-1, -6, 3, 54, 44, -5, -5, -2]
[-1, 3, -3, -7, -46, 14, 3, -2]
[7, 3, 2, 3, 33, 12, 4, 10]
[-5, -6, 10, -3, 7, -5, -11, -8]
[-6, -11, -20, -52, -47, -10, -1, -3]
[1, -2, -21, -1, -13, 15, -4, 2]
[4, 2, 13, 36, 127, 15, 2, 1]
[2, 0, -10, -26, -43, -14, 2, 3]
[-1, 12, 40, 92, 50, 17, 5, 4]
[-1, 14, 26, -37, -72, -19, -1, -1]
[-4, 2, 2, 9, 37, 3, 3, -1]
[6, -1, -4, -33, 51, 18, 5, 4]
[1, -11, -16, 7, -7, -8, -2, -5]
[4, -3, -13, 44, -11, 14, 1, 6]
[0, -6, -12, -57, -95, -13, -10, -10]
[0, 3, 21, 55, 4, -10, 5, -1]
[1, -2, -7, 67, 1, 18, 4, 4]
[-7, -7, -19, -39, 15, -8, 0, -3]
[-7, -3, 2, -34, -73, -30, -14, -5]
[-3, 2, 2, 60, 45, 2, -4, -11]
[7, 8, 2, -31, 16, -4, 2, 13]
[-10, -14, -25, -44, -47, 38, 4, -10]
[4, 17, 40, 120, 127, 78, 12, 6]
[-2, -3, -2, -28, 65, -34, -8, 1]
[1, 7, 28, -3, 14, -34, -5, -1]
[0, -1, 0, 4, 0, -29, -8, 2]
[4, 7, -2, 27, 94, 40, 13, 8]
[1, 4, 12, 56, 59, 30, 10, 2]
[-4, -5, -6, -22, -37, 4, -2, -3]
[5, -2, -2, 1, -39, -23, -3, 5]
[-5, 1, 17, 56, -24, 14, -2, -5]
[-5, -9, -42, -105, -65, 29, -1, -3]
[5, 7, 12, 100, 123, 53, 7, 0]
[2, 0, 12, 4, 83, -4, 3, -3]
[1, -5, -36, -125, -128, -5, 1, 1]
[3, -3, 15, -26, 4, -12, 6, 0]
[6, 18, 70, 77, 1, 3, -5, 3]
[-17, -11, 5, -24, -126, -69, -27, -21]
[13, 3, -22, -68, 12, 29, 23, 22]
[-4, 10, 35, 127, 68, -102, -10, -5]
[-2, -21, -41, -128, 34, 45, 3, -2]
[-10, -22, -54, -30, -46, -11, 4, -1]
[8, 27, 98, 102, 90, -25, 2, 10]
[0, -7, -74, -93, -65, 31, 18, 7]
[-19, -5, -19, -49, -27, -109, -40, -26]
[2, 17, 24, -35, 74, -58, -22, -7]
[-9, -30, -63, -38, 3, 3, -1, 3]
[0, 11, 24, 49, -54, 27, -2, -2]
[-5, 6, 14, -87, 63, 19, 10, 1]
[6, 11, 38, 53, 89, 47, 1, 4]
[-5, -7, -37, -4, -27, -39, -10, -11]
[5, -4, -27, -85, -2, 5, -2, 1]
[11, 26, 51, 77, 18, 82, 22, 6]
[4, 13, 24, -32, 59, 35, 5, 6]
[-13, -23, -71, 55, 61, -10, -13, -7]
[-6, -7, 31, 0, 67, 83, 7, -2]
[4, -7, -25, 116, 117, 2, 3, 4]
[15, 0, -45, -58, 103, 116, 36, 16]
[4, 1, 29, 20, 2, 54, 10, -4]
[5, 30, 87, 127, 17, -27, -15, 1]
[-8, -29, -77, -90, 7, 18, -18, -14]
[21, 7, -52, -128, 92, 36, 25, 20]
[2, 24, 103, 35, -128, -99, -16, -6]
[1, -14, -19, 5, -30, -17, 22, 11]
[-8, -14, -21, -6, -105, -85, -20, -11]
[-4, -2, 31, 16, -45, -17, 0, 2]
[7, -7, -56, -121, 2, 104, 29, 21]
[2, 28, 115, 116, 62, -109, -22, -4]
[-6, -9, -32, 44, 67, -67, -11, -6]
[-1, -3, -19, -40, -52, 11, -2, -6]
[-3, 1, 2, -32, 39, -43, -4, -8]
[3, -15, -117, -128, -96, 39, 13, 7]
[-14, -8, 43, 10, 30, -52, -10, -16]
[-5, -8, -32, -29, -32, -39, -16, -5]
[5, 27, 91, 116, 127, 0, -10, 2]
[-4, -20, -58, -94, -42, -5, -2, -7]
[-2, -3, -47, 36, 7, 15, -5, -5]
[7, 25, 96, 127, -12, 13, 4, 4]
[-15, -35, -120, -95, -47, -7, -10, -12]
[-1, 3, 34, 62, -14, 14, 4, 3]
[-3, -15, -48, -123, -108, -16, 19, 7]
[0, 6, 48, 127, -1, -50, -13, -5]
[13, 9, -23, -115, 28, 11, 16, 16]
[-9, -27, -79, -128, -128, -17, -14, -18]
[11, 21, 69, 52, -15, 61, 22, 11]
[-8, -34, -128, -124, -128, -42, -12, 0]
[3, 46, 117, 127, 101, 2, 6, 10]
[3, 3, -4, -57, 25, 20, -1, 8]
[3, 10, 12, -54, 127, 65, 8, 10]
[2, -6, -67, 16, 60, 53, 13, 3]
[-23, -25, -48, -74, -128, -89, -31, -25]
[-1, 13, 51, 58, 48, -2, -5, -5]
[-5, -18, -78, -112, 14, 9, 4, 4]
[-4, 13, 90, 79, -86, -41, -17, -8]
[11, -7, -6, -74, 88, 37, 7, 2]
[-16, -17, -22, 63, -85, -82, -35, -23]
[-6, -1, -12, -100, -104, -44, -10, -5]
[-6, -1, 19, 49, 44, 52, 5, -3]
