[-14, 8, -5, -36, 44, 4, -1, -17]
[-3, -18, -25, 77, 118, 8, -5, -26]
[6, 25, 58, -57, -91, -21, -8, 3]
[17, -7, -1, 45, 32, 23, 7, -7]
[-10, -16, -13, -105, -115, -51, -19, 5]
[-19, -22, -28, 5, -9, 5, 0, -7]
[2, 0, -3, -2, 87, 10, 17, -6]
[6, 11, 0, -44, -80, -15, -5, -3]
[14, -5, 14, -8, 77, 2, 37, 65]
[-24, 11, 16, 13, 57, 14, -21, -47]
[0, -9, -39, -58, -94, -35, -1, 47]
[-6, 18, -6, 43, -31, 10, -28, -43]
[4, 30, -2, -57, 6, 10, 47, 31]
[-6, 0, -24, -128, -32, -40, -46, 1]
[-7, 6, 14, 80, 121, 39, -15, -1]
[-6, -3, -5, 1, 73, -24, 3, 15]
[20, 22, 18, 16, -45, 8, -19, -38]
[5, -3, 22, 84, 81, 22, 26, 20]
[-18, -12, -4, -8, 22, 14, -5, -18]
[7, -21, -20, -100, -74, -50, 5, 42]
[3, 4, -1, 31, 38, -4, -16, -48]
[22, 17, 42, 26, 4, 22, 34, 50]
[1, -4, -1, 69, 127, 45, -8, -53]
[8, -8, 15, 2, -22, 2, 16, 7]
[-60, -30, -21, -56, -128, -44, -26, -19]
[22, 13, -5, -7, 112, 32, 20, 5]
[2, -8, -19, -19, -66, -14, 6, 31]
[-5, -4, -14, -106, -108, -54, -23, -21]
[0, 1, 8, 1, 46, 9, -16, -6]
[17, 10, 16, -24, 56, 40, 0, 27]
[-5, -2, -2, 29, -14, -42, -22, -7]
[8, 2, -5, 11, 22, -3, 8, 12]
[3, -10, -1, 28, 66, 12, 13, -7]
[-27, -27, 13, 48, 13, -7, -20, -21]
[4, -4, -1, -83, -103, 2, -4, 32]
[-8, -4, -8, -29, 11, -8, -28, -78]
[-5, -7, 1, -19, -27, -3, 42, 67]
[12, 13, 5, 35, -33, 21, -19, 15]
[-15, -11, -18, -77, 7, 2, 3, -12]
[-7, 16, 35, 25, -60, -9, -8, 0]
[22, -5, -2, 71, 88, 11, -13, -18]
[-15, -8, -7, -66, -128, -24, 19, -3]
[14, 2, -10, -37, -12, 4, 5, 25]
[-1, 1, 10, 41, 82, 41, 27, 17]
[14, 7, 15, 115, 82, 39, 2, -13]
[-12, -19, -42, -35, -85, -78, -10, -9]
[8, 23, 35, -26, 66, 40, -5, -11]
[7, 17, 15, 89, 17, 19, 31, 4]
[4, 5, 0, -43, -67, -25, -8, 13]
[-7, -1, -4, -23, -32, -15, -11, -19]
[-7, -7, -21, -25, -128, -36, 8, 9]
[-9, -2, 7, 32, 103, -1, -20, -2]
[-5, 0, -14, -101, -105, -21, -21, -16]
[4, -6, -5, -49, 30, 16, 11, 49]
[2, 3, 8, 105, -23, -33, -21, 20]
[5, 8, 4, -24, 14, 20, -13, -20]
[-4, 0, 2, 49, 79, 18, 4, -51]
[-4, -5, -14, -95, -102, -48, -17, -15]
[-2, 4, 13, 2, 64, 2, 14, 7]
[4, -3, -3, 68, 104, 35, -5, 3]
[4, 5, 3, 12, -47, -17, 7, 15]
[4, 9, 16, 41, 58, 20, 11, -21]
[6, 0, -5, -3, -3, 22, 12, 5]
[-3, -6, -3, -10, -72, -32, -12, 6]
[-2, -9, 0, 28, 69, 21, 5, 0]
[7, 12, 20, -10, 3, 1, 14, 9]
[-24, -23, -40, -78, -75, -15, -7, -18]
[3, -4, -11, -56, -107, -4, -2, 3]
[0, -5, -11, -21, 34, -11, -9, 13]
[5, 8, 8, 58, 103, 6, 11, 4]
[0, 2, 4, -2, 12, 34, -4, -2]
[0, -5, -9, -29, 70, 16, 28, -14]
[-10, -4, 5, 17, 9, -7, -28, 11]
[-2, -10, -22, -81, -24, 23, 9, 2]
[-8, 9, 30, 127, 50, -15, -3, -2]
[1, -9, -18, -25, -65, -15, -8, 5]
[2, 6, 8, -30, 11, -6, 9, 16]
[-4, -3, -2, 25, 76, 8, -3, -39]
[-1, -2, 7, 4, 90, 8, 14, 3]
[-1, -5, -6, -80, -76, -1, -5, 12]
[5, 0, -1, 31, 5, 32, 7, -8]
[-6, 1, -8, -30, -126, -47, -8, 6]
[2, 3, -6, -42, -42, 7, 0, -2]
[5, 6, 0, 12, 74, 8, 6, 8]
[-3, -6, -7, -8, -61, -25, -11, -7]
[-6, -4, -2, -14, 40, 9, -2, -2]
[7, 9, 7, 22, 39, 15, -1, 2]
[-4, 0, 4, 14, 8, 5, -2, 8]
[3, -8, 2, 35, -20, 22, -3, -7]
[-7, 0, -10, -42, -100, -17, -14, -8]
[1, -10, -13, -22, -32, -10, 2, 0]
[-5, 4, 20, 80, 42, -23, -12, -14]
[1, 0, 4, -46, -9, 11, 49, 40]
[1, 0, 9, -24, -20, 9, -1, -24]
[2, 4, 1, 63, 47, 5, 1, -4]
[6, 5, -11, -39, 62, 26, 13, 9]
[-1, -2, 2, 40, 21, -5, -18, -8]
[5, 1, -9, -4, 102, -4, 2, 4]
[-11, -7, -11, -64, -103, -24, 14, -1]
[-4, -1, 12, 83, 17, 6, 9, -25]
[-2, 3, 3, -36, 44, 5, -22, 3]
[4, -5, -2, 35, 33, -7, 2, 6]
[0, -3, -4, 35, 33, 3, -9, -4]
[1, 2, -1, -28, 20, 11, 7, 16]
[-3, -3, -5, -49, -84, -11, -4, -7]
[-1, 0, 9, 80, 105, 11, -6, -7]
[7, 1, 10, -5, -40, -2, -5, 1]
[0, -1, -9, -43, 6, -8, -9, 8]
[4, 3, -10, -14, -49, 6, 2, -14]
[-5, -2, 0, 56, 46, 23, 6, -3]
[8, 0, -2, -4, 7, -7, 8, 3]
[-2, -9, -7, 5, -50, 2, -18, 7]
[-13, 4, 12, 10, 18, -5, -7, -8]
[6, -4, -3, -65, -119, -10, 2, -1]
[4, 4, -5, -17, -26, -6, 2, 2]
[-2, -5, 6, 15, -2, 1, -8, -3]
[6, -3, -1, 36, 15, -23, -6, 1]
[4, 8, 7, -57, -81, 2, 0, 8]
[-6, -2, 7, 51, 115, 18, 6, -8]
[-2, 6, -6, -62, -109, -22, -2, 15]
[3, -2, -5, 21, 31, 5, 14, 12]
[3, 6, -6, -17, -23, 8, 1, 16]
[-2, -3, -4, -5, 14, 4, -6, 19]
[-1, 2, 1, 26, 30, 2, 1, 6]
[-6, -3, 1, -14, -28, -16, -7, -8]
[3, -3, -3, -9, -1, 4, 9, -8]
[-2, -6, 3, -6, -33, 1, -9, -18]
[-8, -6, -3, -2, 26, -1, 10, -12]
[-16, -5, -4, 3, -16, 3, -3, -12]
[9, 21, -10, -18, -8, -8, 2, 2]
[-21, -6, -8, -10, 2, -7, -1, 3]
[7, -15, 8, 6, -3, -11, -8, -12]
[18, 20, -1, 14, 23, -4, 4, -2]
[-1, -5, 3, -7, -16, 5, -2, -5]
[4, 7, 5, 42, 32, 2, -4, -3]
[-6, -7, -13, -5, 15, 4, 0, 8]
[-5, -1, 3, -16, 7, -3, -1, -6]
[2, -2, 5, 20, 2, 10, 3, 8]
[3, 0, -4, -14, -9, 5, -1, -7]
[-5, -5, -2, -29, -27, 2, 4, -1]
[-1, 1, -3, 18, 3, -5, -1, 1]
[-16, -22, 5, 38, 43, 1, -3, 0]
[15, 15, -4, -45, -33, -5, -3, 16]
[-2, -9, -4, 24, 2, 4, 2, -10]
[-15, -16, -8, -47, -31, 1, 0, -4]
[5, 19, 6, 9, 7, -4, 1, -6]
[-2, -7, 11, 13, 13, -2, 1, -2]
[6, 7, -4, -5, 4, -2, -3, -2]
[-2, -15, 3, 7, -16, 7, -1, 2]
[-9, -18, -7, -3, -13, 1, -4, 5]
[-1, -1, -1, -6, 0, 10, -1, -4]
[1, 1, -10, -38, -4, -16, -5, 5]
[-13, -10, 5, 20, -3, -12, -4, -1]
[9, 18, -1, -3, 9, -14, -2, -4]
[3, 10, 1, -17, -21, -8, 2, -7]
[-9, -8, -3, -9, -13, 2, -6, -8]
[3, 4, -3, 17, 6, 5, 3, 15]
[1, -4, -2, 2, 11, -9, -2, -3]
[1, -10, -1, -11, -1, -3, 11, 1]
[-5, -5, 1, -1, 2, 1, -29, -11]
[-2, 2, -3, -10, -3, 1, -4, -10]
[14, 17, 4, -9, -20, 5, -1, 15]
[-5, -7, -7, -8, -2, -2, -6, -3]
[1, 12, 0, 17, 3, -6, 6, 2]
[5, -5, -7, 3, 10, 5, 1, 1]
[-6, -4, -3, 4, -1, 9, -4, -1]
[4, 1, 6, 15, 9, -4, -3, -1]
[-3, -3, 6, -5, -6, -4, 2, 6]
[1, -1, -1, 2, 12, -2, -4, -2]
[-10, -15, 0, 3, 3, 6, 10, -1]
[4, 7, -5, -3, -6, -3, 5, 2]
[-4, 0, -5, -1, -20, -4, 1, -6]
[-6, 2, 4, -4, 21, -1, 17, 1]
[0, 13, 3, 38, 43, 4, -3, -5]
[-9, -5, 3, -21, -68, -5, -10, -1]
[1, 8, 4, 3, -17, 1, 3, -3]
[12, 16, 0, 2, 30, 6, 17, 18]
[-9, -23, -13, -33, -53, -10, -5, -8]
[5, 8, 5, 15, 21, 2, -1, -1]
[3, 12, -1, -9, -24, 1, 5, 0]
[-6, -4, -2, 8, 23, 3, 0, -2]
[4, -2, -3, 6, 9, 5, 1, -1]
[-1, -6, -9, -12, 0, -2, -8, -3]
[4, -1, -3, 11, 19, 0, 1, 2]
[10, 1, 3, 3, -2, 1, -7, -5]
[4, -8, -1, -19, -1, -2, -6, 0]
[3, -6, -2, -5, 8, -4, -9, -6]
[1, -1, 5, -4, 5, -1, -3, 3]
[-1, 3, -1, 4, 9, -4, -14, -3]
[0, 4, 5, 9, 41, 12, 18, 4]
[-4, 5, 3, -14, -6, -1, 6, 4]
[-1, -1, -4, 11, -13, -3, 4, 0]
[-3, -1, 5, 15, 6, 3, -3, -6]
[-6, -9, -6, -20, -39, -12, -4, 2]
[2, -1, -3, 11, 3, 0, 4, -1]
[-4, -6, -2, -5, 26, 2, 6, 2]
[-1, 3, 1, 1, 10, 2, -6, -6]
[-2, -7, 5, -8, -5, 2, 6, 15]
[-5, -6, -7, 3, 21, 2, 2, -4]
[-2, -10, 1, -9, -21, -3, -3, -2]
[1, 9, -7, -9, -21, -7, -1, 1]
[7, 12, 3, 4, 3, -4, 12, 1]
[-7, 2, 4, 0, -8, 0, 0, -3]
[5, 18, 4, 2, 10, 2, -3, 0]
[4, 1, -1, -7, -8, 1, -3, -8]
[0, 0, 3, 8, -5, 4, 0, 5]
[3, -8, -1, 12, 24, 3, 1, 0]
[-2, -3, -4, -22, -57, -4, 3, 0]
[-7, -5, -3, 5, 22, 3, 8, -1]
[-6, -2, -7, -19, -30, -8, -11, -3]
[0, 0, 4, 18, 29, 8, -7, 4]
[-1, 1, -9, -6, 1, -4, -6, -6]
[1, -3, -1, -9, -54, -2, -3, 2]
[2, -3, -10, -3, 21, 1, -2, -6]
[2, 6, 0, 0, 26, 4, -1, -3]
[-3, -6, 3, 8, -4, -1, 2, -1]
[-3, -8, -1, -4, 5, -6, -2, 5]
[1, -1, 3, 1, -2, 2, -9, -8]
[0, 0, -1, -18, -26, -3, 1, 2]
[4, -2, 2, 12, 10, -2, -3, -5]
[-1, -5, 4, 3, 1, 1, 4, 10]
[-7, 2, 2, 13, 20, 1, -13, -7]
[0, 0, -1, -6, -35, -9, 2, 0]
[-2, 3, 0, -4, 14, 1, 2, 3]
[1, 0, -5, -2, 4, -6, 0, -11]
[4, 7, 3, 12, 21, 4, 5, 2]
[-5, 1, -2, -10, -21, 1, -3, 0]
[-4, 2, 1, 1, 12, 4, -3, -2]
[-6, -4, 1, 0, 12, -4, -8, -4]
[3, -4, -5, -5, -27, 5, 10, 10]
[1, 0, 5, 8, 21, -1, -20, -9]
[-2, -5, -4, -13, -23, -7, 2, 4]
[4, 2, -3, -17, -10, 3, 0, 1]
[-10, -8, -3, 15, 5, -5, 2, -4]
[-6, -2, -8, -2, -6, -1, 5, -1]
[-3, 3, 2, 6, 20, 4, -4, 3]
[0, -2, 6, 5, -6, 0, 9, -11]
[5, 0, -2, -6, 3, 2, -5, 15]
[0, -3, -1, -6, -18, -2, 3, -1]
[0, 1, -4, 10, 19, 1, -2, 2]
[-2, -1, -8, -17, -23, -4, -8, -1]
[5, 1, 2, -9, -22, -5, 3, 4]
[2, 3, 0, 5, 26, 1, 2, 1]
[-7, 0, -3, -1, -1, -5, 4, -6]
[6, 1, -5, -3, -24, -4, -4, 7]
[2, -8, -1, 5, 14, 3, -1, -11]
[3, 1, 6, 7, -12, 3, -4, 14]
[3, 5, 5, 21, 71, 1, 0, -5]
[-9, -5, -5, -15, -30, -9, -3, -2]
[-6, 3, -4, -17, -2, -5, -7, -11]
[3, 1, -6, 2, 12, 1, 6, -8]
[1, -2, -3, -6, -19, -3, 4, 3]
[4, -3, 1, 21, 28, 2, 3, 1]
[3, 2, 4, 5, 0, 6, 4, 8]
[-5, -2, -2, -19, -37, -4, 1, -3]
[-1, -5, -2, 9, 27, 2, 0, -1]
[-5, 2, 1, 6, 25, 2, -7, 4]
[-2, 0, 4, 0, -15, 2, -2, 0]
[2, 0, -1, -6, 5, 1, 1, 2]
[2, 0, -1, 1, -8, -2, -2, -1]
[-4, 2, -2, -23, -25, -3, -8, -9]
[-6, -3, 1, 13, 14, 1, -1, -1]
[4, 5, 1, 4, 8, 2, 5, 2]
[0, 2, -4, -6, -27, -1, -5, 0]
[3, -10, -5, 7, 7, 0, -6, 1]
[1, -4, -2, -1, 22, 3, 14, -3]
[2, -4, -5, -2, -10, -6, -3, -4]
[-3, 4, 1, 3, 18, -1, 6, -1]
[1, 2, -2, -5, -33, -3, -1, 1]
[-2, -1, 0, 0, 10, 6, -3, -3]
[-4, 2, 4, 19, 23, 5, 2, -1]
[0, -3, -7, -30, -29, -14, -8, -4]
[0, 6, 7, 12, 25, 1, 2, 0]
[3, 0, -5, -5, -29, -3, -1, 5]
[-6, -2, 3, 2, 20, 4, 2, 1]
[-2, 1, 6, 11, 16, 0, -4, -1]
[1, 2, 3, 2, 1, -3, 1, 0]
[0, -3, -5, -8, 1, -1, -1, -6]
[2, -3, 1, 1, -11, 0, 4, 0]
[-3, 1, -5, 0, -16, -2, -3, -3]
[-3, -1, -7, 1, 7, 0, 7, -1]
[2, 4, 1, -1, -4, 3, -8, -1]
[-4, -2, -3, -9, -11, -5, -2, -1]
[-2, -3, 5, 5, 20, 2, 2, 0]
[-4, -7, -9, -23, -43, -9, 5, 5]
[1, 1, -5, 0, 4, -1, -7, 4]
[4, 0, -4, 0, 1, -3, -7, 0]
[2, -1, 0, -6, -14, -2, 1, -5]
[0, -1, 6, 17, 21, 5, -4, -4]
[0, 4, 6, 5, 10, 8, 4, -2]
[-7, -1, 2, -5, -22, 0, -3, -7]
[-3, -4, 0, 0, -5, -3, 0, 8]
[1, 0, -1, 3, 10, -2, 2, 2]
[4, 3, -1, 3, -6, -3, -1, -2]
[-1, -1, -4, 13, 36, 1, 4, 0]
[-6, 2, -10, -7, -17, -4, -10, -9]
[-3, -1, -7, -2, 4, 1, 18, 5]
[-1, -1, 5, -2, 10, 1, -2, -4]
[0, -1, 9, 10, -7, 4, 0, 10]
[3, -10, 0, -5, 2, -5, -3, -4]
[1, -3, -2, 0, 2, -6, -7, -6]
[-2, -1, -7, -7, -2, 2, 3, 0]
[0, 2, -1, 11, 51, 10, 4, -1]
[-5, 0, -4, -13, -88, -9, -2, 0]
[-1, 2, 2, 3, 18, 1, -6, -1]
[-1, -2, 1, -1, 1, 0, -1, 3]
[0, -1, -2, -7, 2, 1, -4, -2]
[2, 1, -2, 6, 23, 6, 6, -2]
[2, 4, 2, -4, -13, -2, -4, -4]
[-1, -1, 2, -1, -9, -3, 1, -2]
[1, -3, 1, 0, -7, -1, 0, 0]
[-2, -3, -1, -4, 4, -4, -1, 1]
[-3, 1, 0, -1, -1, 0, -3, 0]
[-4, -2, 3, 1, 8, 2, -1, 5]
[-3, -2, -3, -2, -15, -2, 4, -2]
[0, -2, 5, 8, 12, 2, -4, -4]
[-1, -1, -3, 15, 15, -2, -4, 2]
[4, -3, -6, -11, -34, -5, -1, 3]
[3, 4, 1, -4, 1, -2, 3, -1]
[-3, 0, 1, -3, 14, 1, 2, -1]
[-4, -4, -3, -8, -47, -8, -3, -5]
[-3, -1, 0, 8, 23, 2, -1, -1]
[-2, -2, -5, -8, -8, -1, -4, -2]
[-1, 1, 0, 5, 14, 3, 0, 5]
[-4, -4, -3, -4, 8, 0, -3, -1]
[3, 0, -3, -4, 0, 2, 1, -1]
[7, -2, 1, -2, 9, -3, -2, 0]
[3, -4, 0, 7, 15, 0, -5, -11]
[0, 0, -2, -5, -17, 0, -1, 2]
[-3, 3, -1, 2, -2, -2, -1, 3]
[-1, 3, 0, -6, 18, 1, -1, -2]
[-4, 2, -2, -13, -35, -4, 5, 2]
[-4, 0, 3, -4, -17, -5, 3, 0]
[2, 0, 9, 13, 8, 7, -1, 0]
[-1, 1, -1, 3, -10, 2, -5, 2]
[-2, -10, -8, -10, -21, -7, -1, -3]
[0, -5, 3, 11, 26, 0, 5, -4]
[0, 1, -3, -1, 15, -1, 6, -2]
[0, 4, -7, -8, -32, -4, 3, -3]
[-1, -3, 3, -2, 2, -5, 1, 2]
[-2, -1, 2, -2, 3, -1, -7, -1]
[1, -2, -2, 1, -1, 3, -6, 1]
[-1, -6, -2, 5, 19, 6, -3, 0]
[-1, 1, 0, 2, -19, -2, -5, 0]
[-3, 1, -3, -7, 4, -3, -1, -3]
[1, -1, 2, -22, -9, 2, 1, 0]
[0, -1, -2, 11, 3, -3, -3, 0]
[4, 3, 1, 15, 14, -2, -1, 2]
[0, -3, -2, 13, 16, 4, 0, 1]
[0, 0, 1, -16, -14, 1, -1, 0]
[0, 0, 1, -15, -12, 1, -1, 0]
[-1, -1, -6, -3, 6, 1, 0, -3]
[4, 2, 0, -7, -3, -2, 1, 3]
[-3, 0, -9, 15, 16, 1, -4, -4]
[-5, 3, 3, 7, 5, -3, 0, 1]
[-8, 4, 2, -6, -12, -4, 0, -6]
[-7, -11, -3, -1, -6, 1, 3, -5]
[3, -5, -2, 0, -10, 1, 2, 3]
[7, 1, 4, -1, -2, -1, 0, 4]
[1, -5, -2, 13, 73, 8, 1, 4]
[4, 2, 3, -6, -25, -3, -6, -3]
[-4, 5, 5, 1, -14, -4, 0, -3]
[1, -5, -3, -17, -33, -8, 3, 0]
[3, 3, 1, -2, 5, 2, 1, 0]
[-2, 4, 10, 22, 64, 4, 2, 1]
[1, -4, 1, 8, -10, -1, 1, -2]
[-3, 3, -8, 1, 6, 0, 2, -1]
[-7, -4, -9, -22, -30, -4, 1, 2]
[4, -1, -2, 12, 20, 7, 4, 1]
[-2, -2, -1, 0, -12, 2, 4, -2]
[-2, -3, -2, -9, -11, 0, 1, -2]
[1, 2, 6, 10, 9, -7, -4, -4]
[-5, -3, -7, 1, -15, -4, -2, -4]
[9, 9, 6, 8, 17, -3, -2, 4]
[1, -1, 0, 7, 33, 6, -3, 3]
[2, -9, -3, -33, -43, -3, -5, -3]
[-1, 7, -4, -7, -36, -4, -3, -3]
[-14, -7, -6, 33, 40, 5, -2, -1]
[-7, -6, -1, 13, 70, 8, 1, -1]
[5, 5, 1, -40, -78, -10, -2, -1]
[7, 6, 0, 14, -19, -7, -3, 1]
[1, -7, -7, -43, -35, -8, -2, -3]
[-3, 0, 9, 41, 36, 4, -2, 0]
[-7, -2, 1, 23, 1, 4, 3, 0]
[-6, -4, -4, -42, -24, -9, -5, -3]
[1, 5, 6, 3, 14, 0, -1, 5]
[2, -2, -2, 14, 23, 8, 3, 0]
[-6, -5, 1, 44, 21, -6, -3, -4]
[-2, -1, -3, -30, -14, 0, 0, -3]
[7, -4, -6, 6, 0, 2, 1, 4]
[-17, -12, -3, 26, -13, -6, -1, -2]
[10, 7, 0, -3, 14, -6, -1, 1]
[7, 5, 7, 41, 99, 10, 0, 9]
[4, 1, 6, -7, -16, 8, 0, -2]
[12, 13, -9, -75, -112, -18, -8, -4]
[-5, -3, -6, 13, 6, 2, 3, 0]
[-9, -3, -11, -8, -16, -1, -3, -5]
[-6, -4, 8, 1, 18, 1, 5, 5]
[-3, 0, 5, 34, 39, 6, 6, 2]
[-6, -5, -4, -50, 9, -1, 3, -7]
[7, -7, -3, 11, -18, -10, 3, -1]
[5, -5, 11, 40, 36, 6, 1, -1]
[1, -6, -6, -53, -25, 2, -2, 1]
[2, 1, 1, 50, 62, 6, -2, 1]
[4, 3, 9, 15, 9, 10, -1, 5]
[-18, -14, -17, -21, -19, -21, -10, -7]
[9, 11, 11, 0, 52, 3, 0, 4]
[-1, 23, 7, 41, 60, 10, 4, -1]
[4, -4, -1, -22, 21, 12, 7, 1]
[8, 10, -5, -10, -17, -4, -3, -3]
[-1, -9, -1, -58, -77, -12, -5, -5]
[-5, -4, 2, 17, 34, 14, 0, -3]
[-1, -1, 5, 14, 19, -1, -2, 3]
[-9, -7, -12, 1, -7, -4, -5, -4]
[-6, -1, -11, -35, -74, -13, -2, 1]
[-8, -8, -4, -6, -60, -7, -4, -3]
[-7, 4, -8, -34, -128, -16, -4, -7]
[5, 0, -3, -39, 76, -3, -2, -2]
[6, -2, 6, 77, 19, 8, 3, -4]
[7, -17, -6, -23, -63, -9, -2, -3]
[1, -1, -1, 4, 127, 12, 0, -8]
[-9, 0, -8, -39, -127, -17, 8, 23]
[1, 6, -3, 9, 108, 3, -15, -12]
[-5, 2, -8, -27, -8, -8, 20, 7]
[21, 38, 16, -5, 86, 12, 2, 6]
[2, 7, -1, 30, -8, -5, 13, 0]
[-3, -1, -9, -39, -23, -3, 9, 12]
[-33, -8, 15, 91, 89, 24, -20, -18]
[3, -32, -19, -82, -78, -35, -19, -14]
[21, 20, 8, -23, 109, 15, 10, 9]
[5, 11, 4, 19, 5, -15, -6, 0]
[11, 0, -6, -13, 59, 8, 9, 5]
[-20, -22, 1, 42, -27, 6, -4, 3]
[-3, -3, -1, 12, 83, 15, -12, -14]
[0, -6, 1, -6, -100, -1, 8, -7]
[6, 7, 12, 8, 113, 21, 3, 6]
[-10, -2, -6, -78, -108, -23, 0, 0]
[2, -1, 5, 93, 61, 9, 5, 2]
[-16, -24, -16, -43, 60, -19, -20, -11]
[16, 22, -2, -34, -62, -12, -4, 14]
[-4, 9, 3, -9, 68, 11, 20, -3]
[10, 31, 6, 47, -22, 6, 3, 5]
[-13, -9, 4, -20, -72, 0, 7, -1]
[-21, -36, -2, -4, 38, 6, 0, -6]
[43, 9, 4, 81, -33, -20, -8, 13]
[-13, -8, 18, -5, 13, 32, 0, -10]
[9, 1, 1, 43, 103, 17, 5, -3]
[-21, -10, -33, -128, -128, -57, -17, -19]
[-2, -5, 14, 85, 98, 13, 14, 15]
[-9, -25, -14, -8, 85, 18, 1, -3]
[13, 16, 3, 30, -5, -2, 5, 16]
[1, 2, 4, 33, -20, 18, 3, -3]
[-22, -11, -13, 4, -23, -14, 8, -3]
[6, 15, -5, -117, -33, 3, -6, -5]
[-22, -8, 6, 36, -49, -23, -32, -11]
[15, -5, -16, -112, -1, -8, 15, -2]
[5, 25, 17, 58, 11, 25, 1, 3]
[5, -7, -5, -22, -25, -30, -2, 4]
[-5, 14, -5, -128, -125, -43, -17, -36]
[-3, -11, 11, 127, 66, 6, 6, 40]
[-18, 1, -19, -95, -95, -14, 19, -7]
[14, 11, -5, 27, 50, 1, -31, -7]
[24, 31, 25, 33, 28, 37, 20, 22]
[11, 21, 18, 74, 108, 43, 3, -1]
[-12, -15, -20, -21, -3, -50, -17, -8]
[-3, -1, 9, 49, 41, 37, 14, 10]
[-4, -15, -16, -77, 34, -15, 5, 2]
[12, 7, -3, -70, 121, 36, 4, 3]
[-9, -16, 8, 127, 79, 30, -1, -10]
[-3, -2, 22, -15, -14, -2, 1, -9]
[2, 0, -7, 64, 77, 8, 1, 4]
[3, 5, 8, -59, -1, -19, -5, -1]
[-8, -15, -13, -64, 3, 21, -9, -19]
[-3, -12, -29, -66, -95, -30, -9, -1]
[-4, -10, -15, -4, -13, -2, 11, 8]
[-7, -15, 35, 127, 26, 28, -4, -19]
[15, 26, 10, -128, 8, -30, -15, 7]
[10, 0, -6, -46, -46, 13, -2, -11]
[-5, 36, 20, 61, 68, 2, -35, 0]
[0, 1, -14, -79, -128, -31, 1, 18]
[13, 11, 14, 42, 127, 45, 7, 8]
[5, -4, -9, -49, -128, -93, -16, 3]
[4, -14, 3, 24, 85, -12, 2, 1]
[-1, -2, -7, 43, 60, 50, 12, -18]
[-20, -18, -20, -55, -60, -16, -9, 1]
[-5, -3, 12, 103, 60, 10, 4, 0]
[1, -5, 19, 62, 0, 19, 4, -3]
[4, 1, -25, -41, -4, -27, -12, 6]
[-14, -19, -27, -85, -113, -36, -3, -9]
[-4, 7, 15, 94, 72, 32, 10, 3]
[-3, 7, -5, -41, -60, -2, 3, -7]
[-6, 1, 21, 83, -118, -62, -9, -16]
[6, -13, -4, 15, 95, 4, 24, 35]
[2, -11, -17, -53, 35, 23, -5, 8]
[4, 18, 1, -59, -42, -26, -13, -12]
[-4, 0, -15, -34, -26, 2, -1, -3]
