[-3, -8, -23, -37, -30, -58, -18, -7]
[2, 13, 31, 30, -26, 40, 17, 6]
[1, -4, 2, 28, 77, 11, 7, 7]
[0, -1, -7, -127, -67, -12, 4, 3]
[-3, 6, 29, 103, 43, 14, -8, -14]
[5, 6, 5, -59, 113, 51, 16, 11]
[2, -7, -22, 11, -56, -21, -3, -6]
[4, -5, 13, 3, -40, -16, -3, 1]
[3, -5, -10, -8, 55, 24, 5, 1]
[2, -2, 11, 38, 68, 11, 5, 0]
[5, 7, 16, 12, -17, -1, 5, 3]
[1, 0, 6, -1, 46, -20, -10, -19]
[-1, -3, -17, -25, -107, -13, 6, 6]
[-11, 2, -16, -29, 38, 0, -16, 3]
[8, 5, 21, 69, 72, 11, -2, 15]
[-5, -4, -4, -17, -33, -20, -4, -5]
[-1, -11, -21, -39, -23, 5, -26, -23]
[6, 5, 0, 10, -5, 13, 18, -5]
[6, 7, 13, 29, -5, 2, -1, 3]
[-20, -6, -10, -26, 22, -4, -22, -39]
[-3, -32, -4, 0, -10, -8, 20, 11]
[-16, -20, -5, 1, -14, -7, -26, 97]
[33, 32, 7, -7, -1, 17, 16, -39]
[12, 22, 13, 16, 4, 13, 32, 40]
[0, 16, 15, 3, -29, 11, -39, -56]
[14, -49, -5, 0, 26, 6, -21, -59]
[-64, 23, 7, -8, -25, -4, 10, 35]
[59, 14, -16, -28, -7, 9, 43, 34]
[-8, -13, -13, 3, 14, -3, -2, -6]
[4, 37, 5, 1, -65, -19, -28, 6]
[1, -36, 1, 16, 0, 1, -5, -14]
[-33, -31, 1, 12, 14, -2, -1, -17]
[13, 25, 5, 26, 47, 23, 18, 28]
[-16, -17, -12, 28, 15, 22, 25, -47]
[-10, -50, -10, 67, -34, 4, -13, -27]
[-4, 11, 3, 42, 15, 2, -2, 43]
[26, 17, -5, 0, -1, 1, 4, -9]
[34, 70, 9, -41, 24, -18, 21, -26]
[35, 49, 28, -15, -5, -5, -4, 6]
[-2, -1, -3, -56, 19, -6, 5, -16]
[-27, -16, -9, -42, -3, -10, 6, 14]
[6, 1, 4, -20, 20, 5, 16, 15]
[-11, -38, -12, -48, -36, 1, -2, -7]
[-3, -34, -7, 4, 29, 3, -7, -6]
[-5, 2, 4, 51, -7, -11, -12, -3]
[-17, -20, 0, -12, 7, -9, 0, -5]
[-3, -5, 3, 0, 6, -15, -10, 15]
[0, 12, 9, -1, -6, -9, -15, -23]
[-4, 3, -1, -24, 7, 4, 19, 16]
[-1, -15, -13, 32, 36, -6, 2, 10]
[12, 10, 17, 31, -17, -3, -6, -5]
[-4, 12, 4, -8, 34, -1, 6, -8]
[-10, -13, 1, -6, -18, -2, -13, 51]
[9, 19, -2, -8, -12, 1, -13, -35]
[-11, 6, -6, -25, -15, 3, -5, -6]
[-19, -9, -1, 31, -1, -3, -22, -17]
[-5, -17, -9, -13, 1, 0, 10, 19]
[-10, -2, 9, -9, -11, -6, -11, -21]
[29, 32, -6, -15, 33, 10, 20, 58]
[2, 1, 6, -2, 1, 2, 16, -3]
[2, -2, -5, 1, -2, -2, -7, -9]
[-2, -6, -13, -9, 3, -6, -8, -3]
[-16, -12, -8, -3, -13, -5, -3, -21]
[1, -1, -1, -8, -7, 5, 1, 16]
[3, 2, 7, -8, 3, 5, 2, -18]
[-9, -12, -2, 2, -7, 3, 10, 3]
[-2, -3, 12, 3, 16, 10, -2, 0]
[3, 5, 0, 16, -9, 0, -6, 5]
[1, 7, 3, -1, -4, -1, -4, -15]
[-12, -4, -8, 0, -31, -12, 1, 5]
[-10, 1, 2, -8, -15, -4, -5, -5]
[2, 1, 0, 2, 13, -1, -23, -9]
[1, 3, 7, 1, 2, -1, -2, -6]
[-2, -2, -5, 0, 17, -5, 14, 18]
[-2, -7, -6, -3, -14, 1, -17, -12]
[2, -2, 1, 2, -2, -4, 1, 7]
[8, -3, -2, 4, 19, 0, 1, -2]
[8, 3, -1, 1, -22, 1, -4, 12]
[7, -1, -6, -3, 18, -1, 22, -3]
[-4, -2, -1, -7, -38, 0, -15, -10]
[-3, 4, 5, 19, 50, 0, 1, -5]
[1, -1, 5, 2, -31, -2, -9, -2]
[-3, -3, -2, 9, 32, 9, 4, -3]
[0, -1, -5, -2, -2, -4, 2, 5]
[3, 1, -4, 8, -8, -4, 5, -3]
[-1, -2, -10, -3, 11, 4, 3, 3]
[-2, -3, 3, -11, 5, -5, -4, 5]
[-4, -6, -5, -15, 3, 4, 3, 0]
[0, -3, 4, -14, -13, 1, -3, -7]
[2, 0, 15, 23, 30, 4, -9, -1]
[0, -2, -3, 2, -16, 4, -2, 1]
[-6, 1, -9, -11, 0, -1, -6, 4]
[-5, -1, 4, 15, 7, 0, 5, -7]
[0, 1, 5, 5, 16, 4, 6, -5]
[-5, 4, -8, 6, 18, -3, 2, 2]
[2, 3, -5, 1, -10, 3, 9, 12]
[3, -2, -5, -7, -7, -1, 0, 5]
[2, -8, 2, -5, 28, -3, -1, 1]
[7, 4, -8, -10, -28, -4, -27, -18]
[-1, 5, -9, -14, -10, -5, 10, 5]
[-2, 0, -8, -10, 21, 1, -6, -6]
[-3, -7, 8, 1, 17, -1, -4, 0]
[1, -8, 3, 6, 5, -3, 10, 7]
[-4, -8, -1, 4, 9, -5, -4, -4]
[3, 6, -2, 4, -10, 4, 4, 10]
[-1, 0, -2, -2, -3, -3, 1, -2]
[2, 0, 2, 3, -12, -4, 0, -1]
[8, 4, 8, 19, 7, 9, -3, -5]
[-1, -2, -1, -5, -5, -2, 3, -6]
[-4, -3, -1, -6, -11, 3, 0, 3]
[-4, 3, -5, -22, -10, -2, -8, 3]
[-3, 4, 0, 21, 15, -2, 3, -4]
[-1, -2, -4, 2, -12, 2, 2, -4]
[-2, -2, 0, -4, 23, 4, 6, 7]
[-4, -1, -2, -13, -46, -8, 3, -1]
[2, 3, 8, 1, 43, 4, 6, -4]
[-2, -2, -7, -22, -78, -7, -11, -4]
[0, -3, -8, -8, -28, -1, -3, -6]
[-2, -7, -4, 2, 4, -11, 0, 7]
[-2, 4, -3, -1, 22, 5, -6, -2]
[0, -2, 3, 14, 18, 2, 18, 5]
[1, 5, 1, 6, 17, 3, 4, -2]
[5, -2, 4, -2, 5, 2, 5, -3]
[0, -3, -5, -4, -37, -6, -7, -5]
[2, 3, -1, -4, 14, 7, 2, 1]
[-4, -1, -6, -2, -15, -2, -4, -4]
[-5, 0, -6, 5, 16, 7, -3, -5]
[-6, -5, 4, 0, 4, -5, -3, 0]
[-6, 6, -4, -9, -2, -5, -12, -2]
[-1, 8, -3, -2, 2, -3, 5, 6]
[5, 3, 0, 6, -3, 5, -4, 0]
[4, -2, 2, -19, -16, 4, 10, 3]
[3, -1, 15, 26, 13, -1, 7, 1]
[-2, -4, -1, 5, 5, -1, -3, -5]
[-1, 1, 2, -7, -15, -3, -2, -5]
[0, -6, -5, 14, 23, 0, -2, 1]
[-4, -4, -14, -5, 1, -1, -4, 2]
[5, 0, -5, -16, -52, -7, -6, 6]
[-2, 8, 2, 5, -14, -3, -3, -2]
[2, 10, 0, 4, 4, -4, 0, -2]
[1, 3, 8, 14, -1, -10, -2, -5]
[-6, -11, 2, -1, -3, -4, 6, -2]
[-1, -11, -1, -6, -14, 2, -8, -6]
[-3, -2, 4, -14, -27, -3, -3, -6]
[-1, -2, -4, -1, 22, -2, -7, -2]
[-1, 0, -8, -3, -7, -6, 2, 0]
[1, 0, -2, -3, 6, -5, 8, -8]
[1, -4, -3, 10, 22, 3, 5, 1]
[-4, -2, -4, -12, -4, 3, -6, 4]
[-1, -1, 1, 1, -2, 2, 0, 5]
[-1, -1, 3, -14, 7, 3, 0, 10]
[-3, -1, -1, 33, 7, 1, -2, 1]
[6, 0, -3, -10, -14, 2, 6, -5]
[3, 0, 1, 7, 16, 3, -4, -3]
[-4, -4, 1, -17, 7, -1, 0, -7]
[-3, -3, 3, -2, -18, 4, 1, 1]
[-5, 1, 6, -5, 8, -2, 1, 2]
[-2, 6, 0, 3, 0, 0, -1, -3]
[4, -4, -3, 14, 5, 0, 3, -3]
[8, 2, -1, -4, -4, 0, -2, 2]
[2, 2, -2, 20, 33, 8, 1, 0]
[-3, 1, 1, -11, -40, -4, -2, -7]
[-1, -3, 1, -3, -12, -7, -1, 14]
[2, 0, -3, -10, -3, -6, -8, 3]
[0, -1, -2, -3, -11, -3, -2, 0]
[-1, -2, 3, 6, -3, 4, 6, 4]
[-5, 2, -2, 3, 2, -2, -2, -3]
[1, -1, -1, -1, 4, -4, -4, 1]
[0, -7, 1, -8, 7, 2, -5, -5]
[-4, -4, 1, 19, 25, 2, -5, -6]
[-6, 0, -5, 7, -2, 6, 20, 3]
[0, -3, -4, -12, -28, 9, 2, 0]
[-1, 3, 1, -13, 6, 4, -2, 0]
[0, 3, -1, -1, 2, -2, -2, -1]
[3, 1, 5, 11, 14, 1, -3, -3]
[-5, -3, 1, 3, 8, -3, -2, -2]
[-1, 2, -3, -29, -42, -2, 5, 0]
[2, 2, 0, 6, 22, -2, -4, 1]
[-2, 1, -4, -4, 0, -4, -9, -2]
[0, 1, -1, 10, -1, 2, 3, 0]
[4, -1, 5, 13, 6, -1, 4, 1]
[1, 0, 1, -2, 16, 2, -1, -5]
[-2, -2, -10, 6, 22, 2, 0, 2]
[1, -5, -5, -9, -8, -5, -2, -1]
[-3, 2, 1, 0, -26, -3, -3, -2]
[-4, 2, 1, -1, 2, 1, 3, 2]
[3, -4, 0, 1, -3, 1, -4, 0]
[-1, -1, -4, -5, 18, 1, 0, 1]
[2, 3, 1, 6, 7, -1, 1, 4]
[3, 0, 4, -16, -23, 0, 0, -2]
[-5, -4, -6, 7, -7, 4, -3, -8]
[4, 2, -2, -3, 5, 2, -7, -3]
[0, -1, 1, 6, -3, -2, 3, -3]
[7, 1, 2, -10, -6, -8, -20, -2]
[0, 2, 1, 4, 24, 0, 4, 1]
[-3, 0, 4, -8, -46, -4, 0, 1]
[-4, -2, -8, 40, 38, -1, -3, -2]
[-6, -2, -11, -23, -29, 0, 2, 2]
[0, -1, 1, 8, 42, 1, 3, 1]
[-2, 1, 6, -19, -52, -4, -2, -5]
[-3, -6, 3, 7, 8, -1, -1, 1]
[-3, -5, 4, 5, -17, -12, -1, 1]
[2, -3, 1, -8, -22, -7, -1, -3]
[-3, -4, -3, -1, 34, 2, 3, 2]
[2, 4, 3, -15, -24, 1, -1, 3]
[-1, 4, -8, 8, 3, 0, 0, 0]
[-3, 3, -8, -13, -13, 4, 17, -5]
[-1, 1, -2, 21, 29, -2, 0, -1]
[-2, -6, -12, -21, -16, -3, -6, -1]
[1, 2, -6, 8, 25, 0, -1, -1]
[4, -2, 2, -6, -3, 1, -1, 4]
[6, -2, 8, 15, 27, 5, 3, 1]
[-4, -7, -1, -15, -15, -2, 2, 0]
[-2, 1, 2, 10, 5, 3, 2, 2]
[-9, 2, 3, -10, -34, -4, -11, -2]
[-3, 2, -1, -2, -1, 2, 0, 5]
[-2, 1, -1, 3, 13, 1, -4, -2]
[0, -1, -6, -8, 9, 2, 3, -3]
[1, 1, 3, 5, -5, -1, 1, -1]
[-1, -4, 2, 1, 3, 1, -13, -3]
[2, -1, 0, -3, -6, -4, 2, 1]
[5, -1, -2, -5, 29, -2, 3, 0]
[2, 4, -2, 2, -25, -3, 2, -2]
[-1, 3, -2, -11, -6, 1, 3, -5]
[-6, -6, 4, -3, 5, 7, 9, -1]
[-6, -9, 6, 13, 1, 2, -2, 2]
[0, -5, -2, 4, -6, 0, -11, 3]
[3, 1, -1, 6, -2, 3, 4, 2]
[3, 2, -4, 11, 48, 4, -3, -2]
[-4, -1, 1, -16, -8, -9, 0, 1]
[1, 0, 3, -14, -18, -2, -1, 1]
[-2, 0, -6, 4, -6, -6, 0, -2]
[-1, 5, -4, 1, 0, 1, 2, -4]
[-1, -2, 0, -6, -3, 1, 4, -1]
[-2, -4, 2, -4, 3, -2, -2, -1]
[3, 2, 7, 16, 43, 6, -1, -5]
[4, -3, 3, -5, -37, -3, -3, -3]
[-5, 1, -1, 15, -2, -7, -8, -12]
[7, 2, -6, -3, 14, 3, 15, 10]
[1, -6, -3, -16, -4, 3, 7, 3]
[1, -9, 0, 3, 24, -4, -6, 5]
[-2, -5, 1, -3, -18, -1, 1, 0]
[-4, 0, 1, 7, 6, -1, -9, -4]
[1, 0, 0, 5, -12, -3, 0, -1]
[2, 8, 2, 7, 4, -2, 2, 1]
[0, 0, -6, -8, 7, 6, 4, 1]
[-5, 3, 2, 8, 34, 2, -5, -2]
[-2, 2, -4, -12, -37, -4, -1, -2]
[1, -3, -6, -11, -9, -2, -9, -2]
[8, 0, -4, 5, 1, -4, -1, 2]
[-2, -4, -3, 1, 11, -2, -3, 1]
[0, 3, 11, 2, -1, -5, 3, 6]
[-4, -2, 4, -1, -10, 1, 0, 4]
[-10, -5, -2, -1, 3, 2, 0, 1]
[-5, -2, 3, 6, 3, -2, -2, -2]
[-2, 1, -1, -14, -9, 0, -6, -7]
[-1, 1, 2, 4, -11, -4, 6, -1]
[4, -2, -5, -7, -6, -2, 1, 1]
[3, -4, 0, -4, -19, -5, -4, -2]
[1, -2, -1, 7, 24, -5, -6, -3]
[-3, 1, 3, 8, -24, 5, 4, 5]
[1, -1, -5, -5, -7, 5, 3, 2]
[-2, -3, -2, 1, 0, -4, 2, 1]
[-2, 2, -5, -7, 26, 6, 3, 1]
[3, 0, -6, -8, -15, -3, -5, -5]
[0, 4, -3, -3, 1, -7, 0, -3]
[-1, -3, 1, 0, -4, 0, -4, -5]
[-4, -5, -1, -1, -24, 0, 0, 2]
[-1, -4, 3, -7, 4, 1, -8, -6]
[-3, -4, -2, -10, -11, -3, -4, 9]
[2, 6, 2, 1, 7, 4, 1, 2]
[0, 0, -3, -11, -48, -4, 1, -2]
[2, 0, 6, 9, 27, 8, 5, 5]
[2, 1, 4, 33, 25, 3, -3, -5]
[-1, 0, -8, -14, -26, 2, 2, -1]
[-3, 2, -1, -13, 20, -1, 0, 1]
[-1, 5, -1, -9, -14, -4, 1, 1]
[-1, -1, 1, 1, 25, -5, -1, -1]
[-1, -4, 4, 29, 38, 3, -2, -2]
[-2, -3, -1, 5, -9, 4, -1, -6]
[2, -2, -8, -7, 30, 1, -3, -1]
[-5, 6, 6, -14, -8, -3, -3, 0]
[0, 1, 0, -16, -35, -5, 5, 6]
[0, -1, 0, 20, 57, 6, 2, 2]
[-1, 3, -8, 7, -18, 4, -3, -2]
[2, -2, 10, 7, -22, 7, 0, -2]
[-1, -3, -1, -5, 6, -7, -2, -3]
[1, -1, -1, 7, 14, -7, -1, 0]
[0, -1, 0, -4, -12, -6, 2, -3]
[4, 4, -3, -5, 33, 6, 1, 1]
[-1, 7, 0, 6, -13, 7, -1, -4]
[-1, -7, -11, -49, -63, -15, 0, 1]
[0, 1, 10, 25, 25, 2, 2, 2]
[-1, 0, -3, -15, 42, 2, -6, -3]
[-1, -1, 3, 23, 4, 16, 5, 3]
[-5, -8, -14, -8, -44, -9, -11, 1]
[-2, -1, -1, -51, -83, -18, -5, -4]
[2, -5, 3, 55, 47, 6, 7, 2]
[0, 1, 6, -48, -18, 0, 0, -7]
[5, 2, 4, 84, 70, 15, 4, 8]
[0, -6, -2, -21, -77, -18, -3, -2]
[-1, 0, 3, -6, 54, 16, 2, -1]
[-3, -1, -14, -52, -62, -19, -4, -4]
[-2, 7, 13, 2, -47, 5, 2, -2]
[-2, -6, -14, 8, 98, 4, 5, 3]
[-9, -6, -5, 30, -80, -17, -7, -2]
[1, -1, -9, 1, 75, -4, -3, 0]
[1, 2, -6, -59, -77, -12, -4, 3]
[7, 6, 13, 22, 78, 26, 8, 0]
[7, 5, 2, 25, -7, -11, 5, 3]
[1, -2, 3, 27, 127, 23, 1, -1]
[-3, -5, -3, -33, -39, -2, -7, -6]
[-2, -2, 6, 7, 55, 11, -2, 4]
[-11, -7, -7, -20, -53, -3, 0, -8]
[-3, -3, 2, -34, 13, -8, -6, 1]
[-2, -7, -3, 19, 36, -14, -6, -2]
[-3, 2, 0, -20, -43, -1, -1, -3]
[4, 3, -11, -32, -41, -2, 1, 1]
[3, 9, 7, 43, -7, 0, 3, 3]
[2, 9, 16, 78, 120, 27, 11, 0]
[-7, -6, -20, -90, -97, -37, -2, -1]
[2, 3, 14, -23, 42, -7, 2, -2]
[-6, -8, -19, -26, 22, 2, 2, -1]
[-4, -3, -3, -27, -37, 1, -3, -1]
[1, -1, 10, 101, 90, 20, -3, 2]
[-2, -6, -18, -123, -86, -19, -9, -3]
[4, -4, -8, -28, -69, 13, 2, 4]
[11, 2, 22, 76, 67, 25, 9, 8]
[-9, -9, -16, -60, -54, -41, -16, -8]
[-2, 3, 4, 25, 10, 12, 1, -1]
[1, -1, 9, 60, -37, -31, -5, -4]
[4, 0, 20, 33, 127, 47, 14, 5]
[-3, -11, -33, -127, -128, -47, -13, -8]
[-1, 2, 28, 127, 127, 21, -1, 3]
[1, -5, -20, -63, -114, -35, -10, -3]
[-2, 0, -27, -128, -20, -27, -10, -3]
[3, 15, 27, 127, 127, 44, 14, -3]
[0, -3, -14, -49, -1, -9, 15, 7]
[-8, -6, 12, 82, 64, 11, 5, 7]
[-4, -6, -27, -92, -58, -34, -6, -10]
[0, 7, 3, 42, 74, 15, -3, 3]
[0, 4, -2, 8, -46, -28, -13, -4]
[-1, 8, 28, 24, 127, 51, 9, 5]
[-2, -12, -26, -82, -128, -8, -4, -2]
[-4, -4, 13, -44, 2, -11, 0, -7]
[-1, 2, 9, 78, 64, 22, 11, 2]
[-3, 1, -20, -66, 13, -38, -8, -2]
[-11, -12, -20, -43, -58, -28, -15, -6]
[7, 8, 41, -9, 33, -23, 4, 9]
[-3, -17, -33, -58, -19, -8, -11, -6]
[-1, 3, 17, 33, -32, -8, -5, -5]
[0, 8, 20, 97, 112, 10, 5, -1]
[3, -4, -14, 45, 48, 29, 9, 4]
[-5, 2, 2, -122, -114, -38, -18, -6]
[5, 0, -16, 28, 53, 31, 7, -1]
[-4, -4, 6, 123, 88, -19, -14, -12]
[9, 17, 59, 121, 52, 48, 10, 11]
[0, -5, -10, -40, -9, -29, -7, -3]
[-3, -5, -3, -20, 31, 7, 6, 0]
[-9, -10, -37, -80, 99, 23, 4, -5]
[-2, -7, -42, -79, -96, -3, 0, 2]
[-5, -13, -52, -56, 59, 22, -5, -12]
[1, 11, 69, -37, -70, 2, -1, 0]
[2, -2, -29, 0, 27, -29, 1, 2]
[-12, -7, 35, 101, 9, 0, -16, -16]
[9, 1, -18, -89, 33, 39, 24, 14]
[-4, -8, -28, -42, 41, 7, -9, -7]
[3, 2, 1, -17, -2, 0, -1, 8]
[2, 1, -24, 46, 79, 13, -1, -5]
[4, 8, 57, 96, -4, -26, -6, 1]
[-2, -16, -70, -4, 80, 0, 0, 2]
[23, 36, 114, 69, 38, 77, 40, 21]
[-25, -31, -73, -61, -128, -77, -25, -21]
[3, 5, 13, 86, 80, 29, 14, 7]
[8, 7, 1, -40, 19, 24, 13, 9]
[-7, -1, 9, -57, -128, -37, -10, -4]
[12, 11, -5, -61, -35, -6, -1, 1]
[-12, -24, -60, -56, 68, 45, -3, -2]
[0, 7, 42, 117, 25, -17, -2, -4]
[5, 21, 47, 77, 127, 68, 11, 7]
[-3, 3, 33, 33, 99, 64, 13, 5]
[9, 29, 56, -44, -26, -45, -2, 4]
[-1, -13, -42, -10, -1, -15, 2, -1]
[-34, -28, -78, -32, 25, -13, -20, -20]
[42, 27, 58, 52, 127, 45, 33, 18]
[-20, -17, -13, 83, -18, -16, -14, -6]
[14, 17, 45, 62, -76, 9, 15, 18]
[7, -9, -5, -57, -64, -7, 5, -1]
[-12, -1, -11, -111, -128, -47, -9, -4]
[-33, 8, 13, 57, 99, 11, 1, -5]
[27, -53, -114, -128, -128, -73, -36, -23]
[-24, 56, 108, 127, 67, 29, 10, 5]
[44, 2, -40, -119, -20, -4, 9, 19]
[-7, 12, 76, 87, -92, 33, -3, -10]
[5, 4, 5, -50, 124, 41, 1, -5]
[19, -40, -85, -128, 27, 12, -2, 4]
