[-37, 6, 68, 28, -11, -32, -15, -13]
[-3, -5, -12, 48, -70, -20, -2, 2]
[24, 27, 34, 79, 123, 24, 16, 9]
[-37, 0, -4, -48, -125, -65, -8, 0]
[-36, -18, -25, 127, 6, -21, -12, -10]
[32, 0, -36, -124, -9, 27, 6, 10]
[-17, -8, -9, -2, 31, 2, -17, -12]
[18, 1, 4, 117, 66, 10, 3, 2]
[-17, -3, 20, 58, -97, -8, 1, 2]
[5, -10, -9, 10, -32, 8, -11, -16]
[-9, -7, -40, -104, 44, 36, 19, 0]
[14, 6, 19, 103, 86, 23, 18, 17]
[17, 0, 9, 42, 91, -10, 3, 3]
[-16, -4, 1, -3, 29, 18, 5, 3]
[21, 16, 39, 46, -69, -6, 1, 3]
[-40, -25, -74, -105, -126, -36, -9, -14]
[39, 26, 55, 56, 58, 49, 15, 23]
[-5, -12, -37, -111, -31, -47, -19, -12]
[-37, 2, 32, 42, -111, -38, -12, -5]
[28, -1, 13, -28, 35, 9, -3, 7]
[-12, -9, -27, -33, 29, -3, -13, -20]
[15, 18, 0, 7, -97, -29, -3, 1]
[11, 16, 61, 20, -32, 15, 9, 8]
[-8, -19, -98, 11, 41, -5, -2, -7]
[-13, -2, 20, -62, 50, -19, -9, -9]
[18, 14, 46, 106, 127, 62, 29, 18]
[-32, -22, -50, -91, -123, -63, -27, -14]
[22, -5, 2, 31, 27, 12, -9, 2]
[-2, -9, -60, -72, 27, -12, 8, 7]
[-1, -17, -44, -51, -92, -10, 3, -4]
[-35, -32, -86, 59, -41, -31, -5, -6]
[5, 8, 53, -80, -58, -33, -7, -12]
[9, 23, 10, 39, -42, 9, 1, -1]
[3, 6, -14, -99, 61, -7, 5, 12]
[26, 20, 54, 45, -1, 37, 11, 6]
[-2, -17, -78, -128, -100, -10, 0, -2]
[-26, -9, 0, 17, -77, 47, 6, -11]
[7, 2, 12, 46, -59, -72, -26, -12]
[-20, 1, -4, -54, 82, 20, 5, 4]
[11, 6, 41, 79, 44, -7, 2, 1]
[-10, -18, -79, -128, -92, -13, 4, 3]
[10, 3, 70, 77, 99, 19, 5, -3]
[7, 15, 41, -107, -79, -33, -5, 0]
[1, 4, 47, 80, 64, -4, -2, -2]
[-3, -36, -77, -112, 12, -21, -8, -6]
[-2, 1, -5, 11, -40, 12, 12, 9]
[6, 11, 53, 127, 73, 4, -5, 2]
[-3, 0, -29, -66, -10, -3, 1, -7]
[-2, 1, 2, 56, -14, 11, 0, 3]
[1, -2, 13, 8, 62, 31, 4, 3]
[16, 11, -4, 8, 31, 3, -3, 2]
[-32, -8, -35, -44, -97, -28, -4, -5]
[29, 12, 34, -11, 68, -2, 0, 4]
[-11, 3, -23, 6, -29, -8, -4, -4]
[4, 12, 33, 65, 66, 15, 1, 4]
[4, 6, 41, 3, -53, 14, 1, -4]
[-6, -6, -15, -40, -63, -26, -4, -2]
[-1, -12, 0, -49, 28, -25, -7, -7]
[-3, -11, -8, 21, 13, -9, 3, 4]
[4, -2, 3, 49, -85, -9, -17, -8]
[5, 11, 15, 34, 56, 37, 5, 5]
[2, -1, -9, 38, 4, -11, 0, 8]
[-21, -13, -36, -28, -128, -69, -12, -14]
[8, 8, 18, -23, -4, 5, 8, 5]
[-8, -10, -18, 14, 15, -11, -1, -3]
[-11, -4, -12, 18, -38, -6, -8, -8]
[2, -3, -10, -18, 52, 20, 6, 3]
[-11, 5, -11, -34, 28, 3, -1, 0]
[2, 8, 37, 37, 32, 5, -7, -3]
[6, 7, 22, 33, -5, -6, 3, 3]
[2, -6, -8, 37, 25, 28, 2, 1]
[7, 8, 12, 25, -31, 7, -7, 4]
[-4, -5, -14, 22, 33, -16, -5, -4]
[-1, -10, -23, -64, 65, 16, -1, -3]
[-3, -2, -11, -5, -14, 16, 5, 0]
[6, 2, 8, -21, 50, 3, 2, 3]
[-5, 1, -5, -5, -29, -1, 1, 0]
[-3, 1, -1, -41, -34, 10, 7, -3]
[-5, -11, -20, -26, -73, -49, -7, -7]
[2, -5, -20, -33, 76, 25, 9, 9]
[-1, 5, 13, 67, 78, 9, 0, -5]
[-5, -4, -15, -93, -67, 16, 1, 1]
[2, 3, -4, -38, -41, 6, -2, -1]
[-1, -2, 0, 37, -22, -13, -2, 0]
[-16, -9, -16, -19, -55, -1, -1, -2]
[-2, -7, -4, 8, -16, -2, -4, -4]
[-4, -3, 8, -7, 24, 10, -5, 2]
[12, 15, -3, 1, -4, -5, -1, 1]
[6, 0, -3, -12, -18, -11, -2, -3]
[3, 1, -2, 19, 7, -9, 2, -1]
[1, -3, 7, 18, 24, 8, 5, -1]
[0, -8, -1, 13, 1, -4, -2, 2]
[-14, -4, -1, -7, 2, 5, 4, 1]
[2, 14, -1, 2, -5, -3, -3, -1]
[-3, 3, -3, -7, 17, 17, 0, 6]
[-4, -9, 6, 9, -15, 1, 3, 3]
[2, -4, -3, -44, -48, -19, -3, -20]
[2, -6, 5, 35, 85, 12, 2, 7]
[-1, 3, -5, -31, -16, -7, -10, 8]
[1, 0, -7, -9, -9, 0, 9, 2]
[-25, -1, 2, 71, -8, -12, -11, 5]
[10, -10, -9, -1, 37, -1, -2, -3]
[6, 3, 3, 5, 38, 12, -8, -24]
[6, 2, 8, -12, -8, -2, 9, 3]
[-8, -14, -9, -29, -23, -4, -14, -9]
[8, 14, -9, 94, -38, -3, 11, 38]
[-1, -9, -8, 66, 23, 8, 0, -41]
[7, 11, 9, 24, -16, -8, -16, -11]
[1, 32, 11, -20, 19, 6, 4, 1]
[-11, 1, 8, -42, 22, -3, -3, 16]
[0, -11, -6, -88, -33, 2, 6, 31]
[4, -13, -4, -11, 17, 9, 8, -20]
[10, -15, 1, -41, 4, 7, -4, -12]
[-11, -1, 1, -22, -10, 2, 18, 7]
[-1, 4, -2, -10, 9, 12, -2, -6]
[-12, -5, -5, 11, 31, -6, 0, 2]
[1, -5, -2, 22, 20, -9, -13, 3]
[-9, -11, -11, -62, -35, -10, -3, -16]
[7, 15, -2, 8, 35, -5, 8, 9]
[-8, -1, 4, -63, -84, -14, -6, 6]
[12, 1, 6, 22, 23, -4, 6, 3]
[-4, -14, -3, -11, -14, -22, -11, 0]
[0, -7, -6, -27, -27, -16, 1, -1]
[5, 19, 6, 5, 16, 2, -26, -6]
[-9, -13, 0, 5, 6, -3, -1, 10]
[0, 19, 0, 19, 8, 16, -14, -28]
[-1, -3, -3, -5, -42, 5, -3, 11]
[-4, -9, -5, 21, 42, -2, 10, 1]
[1, -26, -5, -28, -16, -2, 8, 2]
[-12, -6, -1, -3, -4, 3, -9, 0]
[19, 22, -1, -19, -3, 4, 16, -4]
[28, 42, 10, 26, 12, 2, 2, 19]
[-3, -2, -11, -22, -22, 3, 4, -24]
[1, 13, 11, -4, -12, 3, -14, -17]
[-21, -12, 6, 6, 13, 5, 27, -4]
[-18, -18, -3, 9, 60, 11, 20, 17]
[7, 3, -6, -14, -59, -9, 7, 15]
[9, -6, -7, -5, -7, -11, 3, -6]
[-5, -10, -11, -16, -21, -24, -8, -7]
[-3, -12, -1, 0, 0, -1, -10, -6]
[-2, 11, 3, 12, 5, 8, -2, 1]
[-1, -4, -2, 9, 10, 2, -3, -7]
[0, 5, -5, -16, -1, 0, -13, 6]
[2, 4, -3, -12, -10, -2, -1, -7]
[5, 5, 2, 42, 23, -2, 1, 6]
[-2, 0, 4, -12, -31, 2, 5, -13]
[-2, -4, 3, 18, 21, 4, 10, 15]
[2, 9, 4, 0, -22, 4, -9, -7]
[17, 20, 0, -42, -12, 8, 6, -3]
[-6, 8, 10, 43, 27, -1, 3, -1]
[-3, -1, 4, 7, 0, 2, -2, 20]
[-5, -7, -1, 4, 11, -2, 3, -9]
[-3, -2, -8, 7, 76, -6, -9, -2]
[1, -10, -9, -64, -102, -17, 0, 4]
[2, -2, -2, 23, 45, 1, -1, -3]
[-2, -14, -9, -9, 0, 4, -3, -3]
[-5, 1, -4, 24, 30, 7, -2, -2]
[-7, -3, -2, -9, -35, 3, -3, 3]
[4, 2, 2, -18, -6, 2, -6, -8]
[0, -4, 0, 7, -20, -7, -2, 0]
[-2, -4, 3, 5, 11, 1, 4, 3]
[5, -1, 3, 3, -1, -8, -6, -1]
[2, 3, 3, -12, -13, -4, 0, 0]
[-2, -6, 0, 16, 16, 0, 8, -2]
[-4, 3, -6, -19, -18, 1, 6, -4]
[2, 1, -10, 10, 19, -3, -4, 7]
[3, 3, 3, 3, 9, 8, 6, 4]
[-2, -6, -2, 0, -15, -5, 5, -5]
[-1, -5, -4, -12, -11, 6, -2, 6]
[2, -1, 4, 4, 8, -1, 2, 0]
[-2, 1, -2, 13, 20, 8, -1, 8]
[-1, -4, -1, 12, 9, -6, -3, -4]
[3, 1, 1, -11, 31, 9, 6, 6]
[1, -1, -8, -11, -40, -19, 1, -9]
[1, -1, -4, -12, 5, -5, -7, -9]
[2, 1, -2, -3, -24, -1, 3, 0]
[-1, 5, -1, -9, -33, -6, -3, 1]
[-1, 6, 3, 8, 42, 7, 3, 3]
[-4, -3, 1, 0, -13, -1, -7, -6]
[2, -6, 5, -1, 7, -2, -4, 2]
[-2, -2, 1, -6, 8, -2, -3, 0]
[-3, 3, -1, 5, 4, 3, 4, 1]
[-8, 5, 0, 2, 4, 2, -5, -8]
[-3, 3, -6, -3, 11, 4, -6, 0]
[1, 0, 3, 6, -15, -6, -1, -2]
[4, -6, 2, -9, -5, -4, -1, -1]
[3, -4, 0, 12, 28, 4, 0, -2]
[-4, -2, 3, -4, -26, 7, -3, -2]
[-4, -4, 0, 11, -15, -8, -8, -5]
[-6, -1, 2, 1, 10, 4, 13, -6]
[-2, 2, -5, -13, -4, -7, 3, 8]
[-9, 2, 2, -2, -3, 2, -1, -1]
[-2, -1, -6, 8, 5, -4, 3, -1]
[-1, -8, 0, 5, 8, 7, -6, -2]
[3, -8, 2, 6, -4, -1, -1, -4]
[4, -5, -1, 2, 9, 3, 2, 6]
[1, -4, 3, -13, -7, 1, 0, -5]
[-1, 4, 1, 5, 5, 7, -1, 3]
[0, 4, 2, -9, -9, -7, -2, 1]
[6, 2, 0, 4, -4, -10, -7, -2]
[0, 0, -2, -8, -2, -5, -1, -1]
[4, -2, -2, -3, 11, -3, -1, 0]
[-4, -4, -3, -6, -15, 3, 0, -8]
[-6, -4, 0, 8, 4, -3, 7, 1]
[-5, 0, -2, 19, -8, -1, -3, -2]
[-5, -3, -3, -16, -30, -2, -1, -2]
[2, -1, -2, 14, 10, 3, 1, 5]
[0, 5, -2, -10, -7, -2, -5, -3]
[-1, -1, 1, -7, 3, 2, 2, 3]
[-4, -3, 0, 9, 24, 0, -5, 2]
[0, 4, 4, -12, -1, 2, 1, -4]
[6, -3, -3, 8, 12, -2, -4, -4]
[3, -1, -6, 1, -26, -3, -1, 0]
[-3, 4, -3, -2, -6, -4, -8, 3]
[-3, -5, -6, -7, -19, 0, 5, 5]
[0, 3, -4, 0, 10, 3, 1, 2]
[3, 4, 8, -1, 13, 4, 8, -2]
[-5, -1, -1, -1, 1, 0, -14, -8]
[0, 0, 7, 12, 25, 2, -5, -9]
[-7, 0, -6, -6, -24, -4, 1, 7]
[5, 2, 2, 0, 28, -5, -3, -2]
[4, 1, -4, -26, -81, -14, 6, 1]
[1, 5, 3, -7, 18, 2, -3, -3]
[-4, -5, -5, 16, 10, 0, -6, -5]
[-3, -2, 9, 8, 12, 8, -1, 5]
[-3, -3, 5, -2, 32, 6, 5, -4]
[1, -3, -4, 1, -6, -4, -3, -3]
[3, 2, -1, -12, -15, -1, -3, -1]
[0, -7, -15, -5, -6, -3, 0, 3]
[4, -4, 3, 25, 39, -1, 5, 3]
[0, -4, 2, -4, -16, -2, 4, 0]
[-1, -5, 3, 2, 13, 3, 5, 3]
[-10, 2, 2, -7, -20, -7, -3, -2]
[-2, 6, 4, -6, 8, 3, 0, -1]
[2, 2, -5, -10, -9, -3, -6, 1]
[3, -2, -6, 0, 3, -6, 1, 3]
[10, -3, -5, -6, -10, 4, -5, -2]
[2, -2, -2, 6, 5, 0, 5, -2]
[-1, 1, -4, 5, 22, 7, 0, 4]
[-10, 2, -1, 3, -16, 1, 4, -3]
[-4, 1, -1, -23, -85, -13, -18, -6]
[3, 1, 2, -8, 10, -4, -3, -2]
[3, -2, 4, 18, 4, -4, 3, 0]
[-2, -3, 3, -6, 29, 2, -3, 1]
[-3, -4, 1, 18, 30, 2, 1, 5]
[-2, -5, -5, -9, -20, 2, -1, 1]
[-5, 1, 1, -20, -10, -2, 0, 3]
[2, 4, 0, 8, 12, 3, 0, -10]
[6, 2, 0, 1, 14, 3, 7, 4]
[-1, -2, -5, 2, -1, 2, 1, 2]
[1, -6, -5, -3, -8, -1, 6, -2]
[-2, -2, 1, -3, -2, -2, -5, -3]
[-5, -4, 3, -12, -9, -5, 1, -1]
[-1, -1, 5, 18, 41, 2, -1, -2]
[-1, 1, -2, -13, -47, 0, -6, 1]
[4, 3, -2, -8, -9, -1, 2, 3]
[-6, 1, -3, 10, -4, -2, 3, -1]
[-1, 3, -1, 2, -5, -2, -3, 4]
[1, 1, 3, -9, 1, -2, -1, -1]
[0, 0, 4, 23, 16, 0, -1, -5]
[4, -5, -1, -6, -19, 2, -2, -9]
[5, 0, -2, -2, -25, 0, 6, -1]
[1, -5, -8, -19, -27, -5, -4, -6]
[-1, -5, -2, -5, 2, -3, -2, 2]
[-4, -4, 4, 10, 31, -1, -4, -2]
[-8, -2, -1, 5, -8, -5, -1, 0]
[3, 1, 2, 7, 23, 1, 4, 6]
[3, 2, 2, -14, -9, -4, 1, -3]
[-3, 2, -6, 1, -3, 4, 6, 3]
[3, 1, -6, 12, 36, 5, 3, -3]
[-1, 1, -5, 4, 10, 0, 2, 0]
[-2, -5, -1, -8, -4, -4, -9, 0]
[2, 1, 5, -7, -17, 1, 5, -4]
[-5, -3, -2, 1, 2, 0, -3, 0]
[1, 1, -5, 1, 9, 0, -6, -2]
[4, 2, 0, 9, 11, 6, -3, 2]
[2, 0, 4, 12, -14, 2, -7, -1]
[2, -5, -3, -26, -34, 0, 5, -5]
[-3, -4, 1, 5, 7, 0, 1, -3]
[-4, -3, 1, -2, -12, -3, 5, -2]
[1, -2, 1, -4, 11, -7, -2, 8]
[-2, 2, 6, 16, 21, 6, -2, 0]
[0, 2, -1, 7, -3, 5, -2, -3]
[-2, 6, -2, -2, -8, 7, 3, 4]
[-5, -9, -7, -12, 2, -4, 2, -5]
[-1, -3, -4, 3, 5, -4, -1, 2]
[-4, 4, 2, -3, 28, 1, -7, 0]
[2, -1, -3, -6, -24, -2, -2, -3]
[-2, 3, 1, -5, -8, -4, -4, -2]
[-1, -1, 2, -2, -8, -6, -5, -1]
[-4, -3, 1, 11, 3, 0, 4, 2]
[-2, 0, -3, 11, 36, 3, -1, -1]
[-3, -1, -3, -10, -17, 2, -5, 0]
[-1, 3, 0, -7, -49, -1, -1, -2]
[4, 1, 0, 0, 2, 0, -1, 2]
[5, -4, 3, 5, 10, -1, 4, -4]
[6, -5, -10, 0, 22, 0, 1, -7]
[0, -3, -1, 2, 6, -2, -1, 0]
[-3, -2, 4, -3, 2, -4, 5, 3]
[-4, -2, -2, 15, 15, 0, -1, 0]
[-5, 2, -4, -10, -7, -3, 0, 0]
[3, -3, -4, -5, -16, 1, -8, 0]
[0, -1, -2, 1, 2, 2, -3, 2]
[-2, 1, 1, 0, 9, -1, -3, 2]
[-7, 0, -2, -7, 13, 3, -6, -3]
[-2, 1, 4, -10, 2, -3, 1, -3]
[5, 3, -3, 0, -8, 1, 3, -2]
[5, 1, 5, -14, -22, -4, 3, -2]
[4, 3, 3, 8, -8, -5, 3, -1]
[-7, -3, -7, 6, 46, 0, 7, 5]
[-3, -7, -2, -14, -62, -1, 2, -3]
[-5, -4, 5, -3, -4, -1, -1, -5]
[1, -1, 4, -5, -21, -4, -1, 1]
[4, 0, 8, 19, 25, 5, -1, 0]
[2, 2, 0, -1, 1, 2, -4, 1]
[-1, 1, -6, -12, -3, 2, 0, 1]
[1, 1, -5, 6, 7, -4, 6, 2]
[-3, 3, -6, 0, -8, -2, 2, -2]
[-1, -4, -4, 2, 18, 0, -2, 2]
[0, -1, 0, 2, -8, 0, 1, -4]
[-1, 1, 2, 8, 56, 5, 2, 1]
[3, -5, 3, -18, -35, -5, -1, -3]
[-1, 2, 0, 14, 7, 3, -1, 0]
[-1, -2, 0, -8, 4, -2, -1, -5]
[-2, 0, -1, -4, -1, -4, -7, 16]
[3, 0, 1, 10, 22, -1, 11, -3]
[1, -2, 1, -20, -34, -2, -2, -2]
[4, -3, -5, 23, 15, 3, -4, 1]
[-1, -2, -9, 9, -24, 3, -1, -5]
[-5, 3, -4, -18, -17, 3, -7, -2]
[-4, 4, -4, -11, 10, -1, 2, -4]
[-3, 3, 0, 7, 3, -2, 3, 3]
[-1, -4, 6, 3, -1, 1, 2, -3]
[2, 1, 5, 8, 21, 3, -3, 1]
[1, -3, 1, 3, 4, -1, -5, -1]
[-2, -7, -4, -20, -31, -4, -5, -1]
[-4, 0, -3, -6, 1, -5, 5, -2]
[-2, -1, -7, 0, -8, -3, 1, -1]
[-4, 3, -3, 7, 33, 1, 0, 0]
[1, -2, -2, -5, -38, 2, 1, 3]
[-1, 1, -1, 0, -3, 0, 2, -2]
[1, 0, 0, 11, 0, 1, -5, -1]
[-1, -3, 2, -10, -11, -6, -5, 2]
[0, -3, -1, -12, -16, -2, -2, -1]
[-2, 1, 2, -1, -4, 1, 4, -4]
[4, 0, -3, -7, -6, -2, 0, 3]
[-1, 0, -2, 17, 3, -1, -3, -1]
[-3, 4, 4, 2, 44, 5, 0, -1]
[-2, -3, -2, -19, -20, -1, -4, -6]
[-7, 1, -2, -5, 16, -1, -3, -1]
[0, -3, -1, 3, -37, -1, 2, -1]
[2, 0, 3, 20, 57, 3, 0, 2]
[-1, -4, -1, 0, 3, -4, -6, 0]
[-5, -6, -3, -15, -32, -5, -1, -2]
[-6, -6, -5, -9, -11, -2, 1, -2]
[0, 3, -4, -25, -42, -3, 0, -3]
[6, -2, 2, 21, 30, 4, 1, -3]
[2, -2, -3, 9, 8, -1, -3, -2]
[2, 4, -2, -34, -17, -5, 3, 2]
[-1, -4, -12, 16, 41, -3, -1, -3]
[1, 3, 18, 14, -64, -4, -3, -3]
[1, 0, 12, 17, 15, 8, -1, -2]
[2, -1, -4, 13, 32, -6, -5, 0]
[1, 1, 3, -12, 27, 6, 3, 3]
[-5, 1, -13, -50, -62, -4, 1, 0]
[-4, 2, 7, 35, 36, 2, -1, 1]
[-2, -2, -2, -1, -53, -11, -3, -1]
[2, -2, -4, -10, 77, 7, -2, -4]
[0, 0, -2, 31, -33, 3, -4, 3]
[-2, -2, -2, -6, -47, 4, 9, 3]
[-1, -6, -1, 16, 24, 4, -12, -8]
[-4, -6, -4, -7, -58, -10, 2, -1]
[0, 5, 13, -11, 37, 8, 5, 1]
[-1, -2, -3, -20, -6, -6, 1, 2]
[5, 5, 7, 16, 15, 3, 6, 3]
[0, 0, -2, -2, 1, 2, -1, -2]
[-1, -3, -8, 9, -22, -11, -7, -4]
[5, -1, -9, 15, 66, -7, -7, -3]
[2, 3, 9, -11, 68, 11, 3, 1]
[-1, -2, -9, 1, -56, -11, -4, -2]
[-4, -5, -5, -22, -4, 3, -1, 2]
[-1, 1, 13, 25, -16, -6, -5, -2]
[-1, -1, -2, -22, -33, 2, 3, 3]
[5, 6, 9, 25, 0, 4, 1, 7]
[-1, -3, -9, -8, 7, -7, -2, -2]
[-4, -2, -9, -32, -12, 2, -3, -12]
[-5, -6, -8, -13, -14, 1, 2, 12]
[0, 8, 16, 54, 67, 23, 14, 3]
[-4, -10, -11, 66, 116, -6, -4, -11]
[-1, -5, -13, -85, -92, -29, -15, 1]
[-7, -7, 4, 21, 117, 0, 7, -7]
[-1, -7, -7, -41, -60, -15, -11, -3]
[-3, 8, -4, -76, -42, -7, -5, -10]
[5, 4, 9, 58, 119, 8, 1, 17]
[-4, -8, -10, -52, -112, -14, -1, 0]
[-3, 14, -2, -41, -90, -5, -1, 0]
[1, 0, 14, 87, 105, 20, 9, 0]
[-2, -13, -6, -65, -39, -2, 6, 0]
[11, -2, -8, 32, 20, 1, -20, -13]
[4, 3, -1, -32, -106, -18, 3, 2]
[2, 6, 8, 43, 62, 31, 11, 6]
[-8, -4, -13, 25, 31, -26, -8, -11]
[1, 6, 11, 45, 111, 21, 12, 4]
[-9, -13, -16, -63, -85, -20, -11, -12]
[-3, -10, 3, -31, -46, -10, -5, -7]
[-4, 8, 15, 63, 88, 37, -17, 2]
[-22, -18, -13, -54, -85, -16, 7, 3]
[30, 30, 25, 114, 127, 14, -3, 3]
[13, 34, -3, -46, 30, -9, 11, 13]
[11, 16, 5, -13, -24, 10, -1, -1]
[-20, -13, -2, 26, -31, -15, -10, -14]
[-5, -31, -11, -50, 59, 0, 4, 2]
[3, 10, 0, -62, -78, -13, -2, 0]
[8, 13, 0, 45, 5, 3, 7, 0]
[0, 6, 7, 40, 126, 31, 2, 1]
[-12, -21, -11, -62, -92, -35, 0, 1]
[-7, -27, 15, 121, 119, 33, 5, -1]
[-17, -19, -29, -99, -106, -25, -5, -13]
[12, -10, -7, -72, -79, -25, -2, 6]
[9, 36, 16, 81, 62, 21, -8, -2]
[5, 17, 0, 42, 13, 1, -1, 7]
[10, 21, 11, -36, -12, 10, 4, 6]
[-1, 4, 2, 49, 48, -6, 4, 8]
[-16, -17, -3, -24, 92, 24, 20, -7]
[-8, -7, 0, -43, -38, -4, -7, 0]
[4, -1, 4, 36, 27, 1, 16, 3]
[10, 14, 7, -9, 3, 9, 7, 3]
[7, 8, 12, 111, 95, 22, 7, -6]
[-7, -14, -6, -57, -115, -33, 0, 5]
[-5, -17, -18, -50, 40, 8, -1, -6]
[5, 24, 9, -44, -104, -15, 0, 0]
[-18, -10, -9, 2, 31, -8, -5, 3]
[-1, -5, -3, 25, 16, -5, -6, -6]
[-4, -10, 0, -32, -14, 1, -5, 0]
[11, 6, 4, 114, 127, 17, 0, 2]
[-7, -14, -23, -45, -117, -8, -11, -8]
[4, 2, 5, -6, -5, -23, -8, -8]
[0, 2, 11, 102, 67, 22, 6, 6]
[-4, -1, 7, 45, -39, 18, 2, -10]
[-6, -21, -17, -120, -20, -10, -2, 6]
[4, -9, -9, 33, 86, 8, -12, 9]
[2, 11, -3, -51, -111, -21, 31, 9]
[13, 16, 26, 115, 78, 17, -4, -12]
[10, 17, 3, -55, -21, -7, 11, 14]
[-15, -20, -23, -65, -113, -15, -4, -19]
[-1, -8, 19, 67, 127, 38, -30, 2]
[6, 10, 0, -60, -24, -15, 5, 8]
[-4, 2, 8, 47, 82, 0, -9, -10]
[1, 12, -2, 17, 127, 16, 22, 7]
[0, -3, 10, 36, -88, -30, -1, -7]
[-4, -14, -19, -75, -35, -15, -13, -4]
[1, -3, 9, -8, -42, -2, -13, -8]
[-1, -3, -1, -28, -85, 1, -4, 12]
[-6, -7, -17, -109, -85, 6, 5, -5]
[-5, -7, 14, 53, 46, 21, -2, -5]
[-7, -9, -13, -32, -61, -15, 2, -8]
[10, 9, 6, -1, 72, 45, 21, 0]
[8, 19, -13, -18, -123, -48, -30, -5]
[6, -14, -23, 8, -33, 13, 38, 2]
[6, 24, 14, -33, -10, -29, -6, 13]
[-6, 6, 27, 118, 104, 54, 8, -6]
[-15, -24, -7, 34, 127, 0, -4, -2]
