[17, 29, 10, -44, 24, 4, -5, 5]
[3, -5, -9, -58, -82, -16, -2, -2]
[10, 4, 0, 8, 70, 23, 12, 8]
[-5, -10, -13, 2, -62, -15, 4, 2]
[-10, -9, 12, -8, -28, 18, -4, 1]
[0, 3, 15, 93, 100, 25, 8, 0]
[-3, -4, -7, -47, -24, -39, -9, 9]
[0, 2, 10, 51, 127, 49, 24, 4]
[6, 2, 2, -33, -98, -44, -28, -6]
[-2, 0, 6, -11, 12, 15, -3, -17]
[3, -4, -3, 36, -2, -11, 5, 13]
[-2, -4, -19, -86, 44, 18, 13, -4]
[-3, 4, 10, 57, 37, -19, -13, -22]
[-11, 3, 8, 99, 127, 47, 25, -3]
[-16, -16, -36, -104, -128, -50, -36, -6]
[-1, -8, -16, -51, -59, 11, 19, 19]
[-11, -8, -8, -37, -38, -60, -36, -11]
[4, 4, -6, 40, -75, -10, 24, 35]
[12, 10, -5, -77, -23, 5, 6, -16]
[-11, -4, 2, 43, -52, -51, -26, -18]
[-11, -17, -19, -85, 20, 24, 13, -6]
[-4, -2, -4, 28, -45, -31, -12, -6]
[11, 6, 7, -28, -28, 6, 9, 9]
[1, 1, 11, -6, -45, -5, -8, -7]
[-2, -4, 14, 67, 120, 72, 18, 2]
[5, -1, 23, 7, -70, -50, -6, -21]
[12, -10, -7, 127, 3, -17, -14, 23]
[-12, -4, -17, -95, -93, 31, -16, -57]
[-4, -5, -13, -23, 39, 11, 2, 7]
[9, 13, 3, 9, 127, 19, 11, 13]
[-18, -1, 18, 44, 51, 44, -9, -38]
[15, 15, 21, 96, 9, 28, 17, 63]
[-12, -9, -17, 30, -111, -16, -6, -3]
[2, 0, 29, 50, -84, 7, 0, 0]
[-14, -3, 4, -40, 100, 8, 5, -7]
[3, -7, -29, 5, 127, 32, 19, 8]
[3, 12, -20, -24, -38, 6, 13, 3]
[7, 10, 25, -30, 73, 12, -18, -1]
[-1, 18, 55, 25, -45, -12, -8, -9]
[0, 13, 23, 70, 42, -38, 24, -7]
[0, -17, -56, -113, 58, -9, -11, 20]
[1, -10, -38, -92, -68, -26, -30, -4]
[-2, 1, -11, -74, -88, 10, 10, -27]
[-12, -18, -18, -20, -47, -56, 1, 29]
[13, -1, 8, 83, 84, 33, 26, 29]
[-17, -20, -34, -45, -106, 13, 4, 9]
[5, -1, 4, -40, 103, 31, -4, 7]
[14, 6, 12, -30, -70, -28, -15, -29]
[-6, 3, 6, -24, 5, 57, 4, 6]
[-10, -20, -35, -11, -84, -57, -27, -23]
[4, 7, -8, 64, -25, -52, -9, 4]
[9, 5, 32, 72, 127, 122, 13, 3]
[12, 25, 62, -21, -20, -36, 10, 12]
[2, 11, 65, 97, 127, 43, 12, -1]
[-9, -16, -35, 58, 44, -2, -6, -9]
[15, 17, 21, -2, 109, -16, -3, 16]
[-2, -12, -23, -14, -124, -32, -21, -21]
[7, 5, 0, -66, 64, 25, 12, 9]
[-15, -10, 20, 60, -59, -45, -29, -15]
[8, 15, 23, 53, 26, 65, 12, 6]
[-15, -20, -46, -76, -109, -63, 1, -8]
[-6, 0, -14, -48, 64, 4, -22, -29]
[15, 6, -11, -39, -3, -7, 23, 56]
[-23, -22, -27, -27, -74, -49, -27, -49]
[-19, 0, -2, -53, 34, 44, 16, 12]
[6, 4, -10, 71, -17, -36, -1, 22]
[-3, -5, -26, -74, -128, -58, -19, -4]
[2, -8, -6, 65, 72, -1, -1, -4]
[6, 6, -3, -42, -68, -28, -22, -17]
[-6, 2, 12, 50, -21, 54, 38, 15]
[-5, 1, 12, 12, -53, -47, -6, -3]
[1, -7, -6, 31, 17, -107, -22, 6]
[7, 7, 39, 72, 2, 27, 8, -10]
[1, -3, -16, 44, 126, 36, 6, 1]
[4, -3, -26, -51, 97, 13, 4, 1]
[-9, -2, 33, 87, -14, 12, -16, -8]
[-3, -10, -18, 35, 85, 2, 1, -1]
[-2, -6, -6, -7, 6, 15, -4, 5]
[1, 5, -3, -37, -92, -25, 3, -7]
[-3, -4, -26, -91, -65, 4, -4, -8]
[9, 5, 2, -7, 17, 0, 9, 8]
[1, 3, 8, -16, 21, -37, -5, 1]
[-4, -10, -2, 2, 39, 2, -13, -10]
[3, 1, -11, -42, -76, 0, -14, 9]
[3, 9, 15, 16, -69, -15, -6, 4]
[-6, -6, -10, -27, 31, 6, -2, -8]
[-3, 6, 10, -16, -80, 3, 5, -4]
[18, 10, 1, -76, 28, -5, 9, 10]
[-9, -6, -17, -54, -22, -2, -9, -3]
[-2, 0, 8, 3, 12, 8, -1, -2]
[-2, -10, -2, 39, 66, 27, 2, -3]
[-1, 5, 6, -47, 13, 6, 0, 5]
[2, 2, 12, 41, 55, 7, 2, -5]
[4, 3, -13, 20, 48, -11, -5, 1]
[4, 0, -3, -24, 20, 10, -2, -4]
[3, 2, 2, 5, 9, 9, 8, 1]
[-4, -12, 3, 21, 55, -3, -4, -1]
[-1, -9, -12, -4, -37, -10, -6, 3]
[5, 24, 12, -10, 14, 12, 17, 0]
[-6, 11, 2, -36, -74, 4, -1, 2]
[3, 4, 0, 14, 3, -2, 11, 10]
[-2, -11, -3, -2, -37, -9, 2, 13]
[2, -6, 5, 60, 112, 23, 15, 2]
[1, 2, -4, -36, -62, -12, 4, 2]
[4, 1, -11, -21, -2, -2, -21, -8]
[-5, -3, -5, -25, -24, -2, 3, -21]
[2, 0, 5, 10, 26, 12, -1, 1]
[-1, -5, 1, 23, 25, -2, 1, -6]
[5, -1, 11, 39, 22, -6, 1, 0]
[-3, -6, -3, -19, -5, -4, 2, 0]
[-11, -6, -9, -40, -15, -3, -4, 1]
[2, 2, -1, 3, 1, 1, -2, 2]
[6, -7, 3, -10, 12, -8, -6, -1]
[-10, -16, -6, 3, -27, -4, -7, -2]
[23, 44, 6, -32, -18, 8, 0, 3]
[-6, 5, -3, 6, 26, 4, 1, 0]
[3, 12, 13, 56, 69, 1, 2, 2]
[-9, -7, -12, -72, -101, -17, -17, -15]
[-12, -22, -6, -17, -7, 1, 0, 4]
[2, -15, -5, 10, 19, 6, 4, 4]
[-2, 4, 1, 6, 16, 1, 1, -1]
[-7, 28, 8, 1, 2, -3, -1, 2]
[9, -8, -2, 23, -14, 1, -8, -4]
[1, 6, 8, -5, -12, 3, -2, -1]
[-10, -27, -13, -20, -11, -10, -1, -4]
[-3, -9, 5, 5, 14, -7, -1, -1]
[-8, -5, -1, -3, 5, -6, 11, -2]
[2, -3, -3, 3, 19, 3, -5, -5]
[-8, -7, -3, 11, 20, 7, 1, -7]
[14, -4, 3, 4, 18, 2, -3, -2]
[5, 14, 7, -13, -50, 1, 5, 5]
[-28, -28, -7, 7, 28, 0, 2, 4]
[19, 28, 5, -14, -22, -3, -4, 5]
[4, 11, 3, 11, 4, 2, -1, -4]
[7, -7, -6, -2, 3, 3, -1, 13]
[2, 3, 2, 0, -8, 2, 1, 0]
[-14, -6, 0, 2, -7, -6, -4, -3]
[9, 7, -3, -8, 3, 3, -1, -12]
[-6, -6, -2, -9, 16, 1, -2, 9]
[-5, -5, 0, -10, -14, 3, 1, -6]
[-4, 0, 11, 43, 33, 2, 2, 10]
[0, -7, 1, -6, -10, -3, 0, 2]
[-9, -10, -4, 25, -5, -2, -4, -10]
[-1, 2, -4, 8, 1, -1, -2, -1]
[-4, -6, -4, -29, -12, 1, 1, -3]
[-2, 5, -5, -7, 16, 8, 2, -2]
[-6, -5, 9, 19, 50, 2, -12, -7]
[4, 1, -9, -3, -39, -14, 1, 4]
[6, 7, -1, -6, -27, -3, -1, -6]
[0, -4, -7, -5, -15, -1, 2, 7]
[-2, -6, -4, -5, 31, 8, -2, -3]
[-23, -1, 2, 2, 4, 1, -11, -3]
[3, -3, -5, -16, -13, -3, 2, 2]
[-9, -9, -1, 4, 0, -7, 3, 5]
[11, 2, 5, -18, -25, -4, 0, -2]
[13, 7, 2, 11, 12, 5, 1, 4]
[-5, -15, -3, -19, -11, -1, 1, -7]
[3, 12, 5, 28, 10, 4, 2, 3]
[-3, -2, -9, -18, -2, -3, -3, -3]
[11, 10, -1, -10, -2, -4, 3, 3]
[3, -1, 0, -2, 14, 3, 1, 1]
[3, -1, 2, 13, 32, 4, 3, 1]
[-7, -5, -16, -48, -42, -11, -2, -4]
[9, 5, 13, 25, 27, -1, 0, 1]
[4, 8, -1, 3, 14, 1, 1, 0]
[-6, -2, 4, 7, -30, -1, -4, -2]
[-9, -7, 1, 1, 1, -3, 4, 0]
[-1, -11, -5, -7, 13, 2, 2, 2]
[-3, -6, -4, 0, -1, -3, 1, -2]
[0, -6, 2, -3, -1, -8, -2, -4]
[-4, -9, -2, 2, 5, 1, 2, -3]
[5, -6, -1, 23, 6, -3, -8, -12]
[5, 9, 5, -13, -6, 1, 1, 7]
[-5, 3, -5, -2, -2, -3, -6, 10]
[-2, 9, 6, -5, -29, 3, 6, -2]
[-1, 7, -1, -1, -1, -3, 2, 6]
[-3, 7, -2, -1, 1, -1, -4, -4]
[5, 4, -1, 1, 6, 1, -6, -4]
[3, 2, -1, -9, -25, -4, -2, 2]
[2, 0, 1, 28, 94, 9, 5, -1]
[4, -1, -7, -22, -85, -8, -3, -4]
[-1, -1, 0, 4, 15, 1, 4, 2]
[-4, -2, -3, 5, 18, 1, 0, -2]
[0, 1, 1, 18, 12, -3, -1, 1]
[-3, 0, -5, -14, 17, 3, 2, 4]
[2, -4, -5, -5, -27, -6, 1, -2]
[-1, 0, 0, -22, -24, -8, -4, -3]
[-1, 1, 1, 1, -17, 5, -1, 1]
[-5, 0, 7, 42, 51, 4, -3, -3]
[-5, -1, -1, -16, -7, -2, 1, -1]
[-3, -3, 5, 22, 36, 1, 1, 0]
[0, -1, -5, -24, -37, -5, 0, 0]
[-2, 1, -2, 1, -9, -1, -2, -3]
[-2, 1, 0, 6, -6, 0, -2, -2]
[2, -1, 1, 11, 8, 6, -3, 0]
[4, 7, -3, -28, -25, 2, 2, 2]
[0, 0, 1, 18, 7, 3, 1, 0]
[4, 1, -2, -6, 4, -4, 3, -1]
[2, 2, 3, 11, 30, -3, -6, -6]
[6, -4, -2, -7, -46, -2, 1, 4]
[4, -3, 0, -5, 22, 0, -1, -2]
[-5, -4, -7, -10, -3, -11, -5, 0]
[-8, -5, 0, 1, -32, -7, 0, -1]
[-8, -1, -3, -9, 1, 0, 2, -2]
[0, 3, 6, 4, 30, 3, 2, 2]
[-2, -5, 0, 0, -12, -1, 0, -3]
[3, 2, 4, 9, 13, 4, 2, 1]
[-2, -4, -5, -3, -4, -2, 0, -1]
[0, 2, 4, -5, -14, -4, -2, 2]
[-1, 0, 0, 14, 9, 8, 1, -5]
[-1, -1, 0, -7, 0, 4, -1, 2]
[-2, -3, -2, 0, 2, -3, 0, -1]
[-4, -1, -1, 4, 1, -2, 5, -2]
[-1, -2, 3, -18, -19, -9, -3, -3]
[2, -2, -7, 21, 21, 4, 2, 4]
[-2, 1, 8, -8, -7, 0, -2, -3]
[-2, 2, -5, -22, -27, -5, -4, -3]
[2, 5, 3, 27, 52, 6, -3, -2]
[1, -2, -5, -8, -27, 1, -1, -4]
[2, -2, -5, -3, 8, 6, 2, 0]
[-1, -4, -3, 2, 24, 2, -3, 1]
[-1, 0, -1, -14, -42, -9, -1, 0]
[1, -3, -1, 0, 9, -1, -5, 2]
[2, -3, -3, 2, -17, 0, 3, 4]
[2, 0, -1, 6, 5, 0, -2, 0]
[-2, 0, 1, 11, 22, 7, 2, 1]
[1, 2, 1, -5, -9, -7, 1, -5]
[1, 0, 5, 1, 7, 1, -2, -4]
[-2, -2, 2, 7, 6, -2, -1, -3]
[1, -1, -3, -1, -9, 0, 2, -2]
[-2, 1, 1, -13, -3, 0, 3, -1]
[-2, 0, 0, -7, -11, -1, 0, 1]
[1, -2, -3, 11, 8, 0, -2, -1]
[3, 0, 0, -6, -15, 0, -2, -1]
[0, -2, 3, -3, -9, -1, 0, -3]
[-1, -3, -2, 14, 40, -1, -1, 1]
[-2, -2, -5, -15, -41, -2, 5, 2]
[-7, -2, 3, -6, -50, -1, -1, -1]
[-2, 0, 1, 12, 38, 4, 2, 0]
[0, -2, -2, 0, -7, -3, -2, -4]
[0, 0, -4, -10, -34, -6, 1, -1]
[0, 0, -5, -2, 34, -2, 2, 0]
[0, 1, 9, 10, -2, 0, 2, 0]
[1, -2, -1, 1, 3, 2, 1, 1]
[2, -1, 0, 1, 27, 5, 1, -3]
[4, -2, -2, 2, 1, 1, 0, -3]
[0, 2, -4, -7, -16, -1, -1, 0]
[0, 1, 1, 6, 12, -1, -5, 0]
[-1, -2, -3, -2, -5, -3, 0, 2]
[-3, -1, -2, -10, -4, -4, -3, 3]
[-3, -3, 1, 2, 7, 0, -1, -3]
[1, 2, 2, -2, 0, 0, -5, 0]
[-2, 1, 1, 3, -1, 4, -2, 0]
[-5, -3, -3, -6, -24, -5, -3, -1]
[-2, -1, -6, 8, 52, -4, -2, -5]
[-1, 0, -1, -24, -100, -4, 3, 0]
[1, 2, 5, 31, 17, 1, -1, -2]
[-2, -4, -6, -27, 17, 3, 3, 6]
[-3, -5, -4, -1, -13, -3, -1, -2]
[3, -2, 4, 4, 43, 0, 2, -2]
[3, 2, -2, -5, 1, -3, 1, 2]
[1, 2, 2, 13, -13, 0, 0, -4]
[-4, -2, -2, -6, -16, 1, -1, -1]
[-2, -2, -6, -5, -1, 2, -1, 0]
[-4, -5, -4, -10, -21, 1, -3, 0]
[2, -2, -3, 10, 39, 3, -5, -4]
[4, 2, 0, -5, -11, -5, 0, 1]
[0, 3, 0, 9, 0, 2, -1, 0]
[2, -1, 1, -6, -5, 0, -1, -1]
[0, 0, 2, 8, -1, -2, 1, -1]
[1, -1, -5, -8, 13, 2, 3, 7]
[-4, 0, -2, -4, -34, -5, -7, -4]
[1, -1, 6, 7, 17, -3, 3, -1]
[1, 0, 2, 0, -8, -2, -5, -3]
[3, 3, 4, 5, 20, 5, 0, -1]
[-2, 4, -2, -1, 13, -1, 0, 3]
[-1, 1, -4, -4, -5, -2, -2, 1]
[0, -2, -1, 2, -7, 1, 1, -1]
[-5, -4, -1, -1, -6, -2, 0, -3]
[-3, -4, 2, 10, 33, 4, -2, -1]
[-2, -1, -1, -3, -18, -1, -3, -1]
[0, 0, 1, 1, 19, 0, 2, 0]
[-3, 2, -5, -11, -25, -6, 0, 1]
[0, -1, 0, 4, 1, 1, 2, -2]
[0, -2, 2, 3, 10, 2, 0, -1]
[2, -2, 3, 11, -9, 0, 1, -1]
[-2, 0, -6, -13, 4, 2, 0, 0]
[3, 1, -4, -11, -3, -2, 0, 2]
[-4, 0, 4, 2, -12, -6, -1, 3]
[-1, 0, -3, -6, 12, -1, 1, 0]
[0, -1, -2, 4, -30, -6, -3, -3]
[1, -4, -3, 3, -12, 1, 3, -2]
[-3, -1, -2, -7, -11, -2, 0, -2]
[-5, 0, -3, -12, -9, -6, 1, 0]
[-2, 0, 5, 14, 9, -1, -4, -2]
[0, -2, -1, 1, 15, 4, 0, 2]
[5, 2, -3, 1, 12, 1, 1, -5]
[-1, -3, -5, -3, -3, -5, -1, -5]
[1, 0, 5, -1, -16, -4, -2, 0]
[1, -3, -2, 0, -1, 0, -2, 0]
[-2, 0, -2, -2, 2, 3, -1, 3]
[-1, 2, 2, -2, -5, -1, -5, 0]
[0, -1, 1, 0, 12, 0, -5, -3]
[2, -1, 6, -7, 14, 2, 4, -1]
[2, -1, -1, 4, -49, 2, 3, 1]
[-1, -1, -2, 4, 15, 4, 1, 2]
[-1, -5, -2, 12, 23, -4, 0, 2]
[-2, 0, -3, -25, -68, -11, 0, 0]
[0, 0, 2, 11, 44, 1, -2, -3]
[-7, 0, -4, -20, -22, -3, 1, -1]
[-2, -1, 1, 1, -14, -1, 0, 0]
[0, 1, 0, 4, 28, 4, -1, 0]
[1, -1, -2, 3, 45, 6, -3, -2]
[2, 2, 1, 4, -35, -2, -6, -3]
[-1, 2, 4, -2, 6, -1, -1, -1]
[-1, 1, -3, 4, -21, -1, -3, 0]
[0, -1, -3, -5, 20, -1, 1, 1]
[-2, -4, -5, -17, -49, -6, -1, 1]
[-1, 2, -5, 0, -16, -1, 1, -1]
[2, 0, -2, 1, -15, -3, 3, 3]
[-1, 0, -1, 10, 39, 4, -1, 0]
[0, -1, -3, -16, 17, -4, -4, -3]
[0, -3, -4, -14, -52, 3, 1, 2]
[-5, -2, 0, 13, 10, -2, -6, -1]
[-1, -1, 1, 3, 14, 2, -1, 0]
[-3, 1, 5, 17, 52, 5, 3, -1]
[-1, 0, -2, -24, -90, -12, 0, -5]
[4, -3, -1, 1, 33, 2, 2, -1]
[-1, -6, -7, -11, -3, -4, -3, -1]
[4, 1, 5, 38, 23, 5, 1, -1]
[2, 3, 10, 29, 70, 11, 3, 2]
[1, 1, 3, 15, 59, 0, 3, 1]
[-1, 0, -10, -54, -42, -12, 1, 1]
[-4, -2, -3, -2, 49, -10, -4, -3]
[1, 0, -10, -18, 76, 10, 3, -2]
[-2, 0, 3, -19, -79, -3, -6, -4]
[0, -1, 8, 65, 52, 10, 1, -1]
[-1, 1, 0, -16, -42, 1, 0, 3]
[0, -2, 1, 7, -2, -5, -4, 2]
[1, 3, 4, 2, 63, 12, 3, 0]
[-1, -3, 3, -5, -42, -4, -4, -6]
[0, -3, -1, 23, 3, -6, -4, 0]
[0, -4, -7, -33, -15, 0, -3, 3]
[4, 0, -2, 36, 36, 2, -5, 4]
[0, 2, 2, -27, 3, -12, 3, 2]
[0, -1, -1, -2, -24, -1, 6, -4]
[2, -1, 2, 2, 40, -3, -4, -2]
[-1, -2, -6, 10, 25, 6, 2, 0]
[-1, -1, -3, 24, -16, -4, -9, -8]
[0, 1, 2, -21, 74, 7, 13, 19]
[-4, 0, -15, -7, -62, -11, -34, -18]
[-2, 1, 0, 5, -71, -8, -1, -9]
[5, -2, -3, -3, 31, 10, 6, 17]
[-3, -2, -1, -17, -8, -2, 0, -4]
[-4, -3, 3, 28, -7, -6, 0, 1]
[-3, -2, 7, -2, 120, 18, 2, 0]
[-4, -2, -4, -57, -111, -10, -5, -12]
[0, 0, -9, 27, -82, -19, -1, 0]
[-5, -5, -2, -9, 42, 13, 2, -3]
[3, -2, -5, 17, 62, -4, 4, -2]
[-2, 4, 0, -15, -64, -16, -5, 0]
[-3, 0, 3, -14, 24, 17, -11, 1]
[-1, 2, -1, -6, -7, -18, 26, 11]
[-8, -5, -5, -44, -61, -9, -25, -6]
[4, 4, 15, 48, 127, 36, 13, -2]
[-5, -6, -8, -26, -69, 4, -21, -14]
[4, 1, 8, -11, -83, -30, -12, 9]
[2, 1, 5, 19, 80, 32, 31, 10]
[6, 4, 2, 61, 82, 9, 12, 17]
[-3, -4, -9, -2, -81, -12, -26, -25]
[-3, -3, -3, -51, -56, 12, 3, -9]
[-8, -5, -10, 12, -42, -16, 23, 6]
[-5, 4, 10, -19, 35, -3, -33, -16]
[6, 0, -8, -58, -14, -19, -5, -8]
[0, 2, 0, 50, -13, 0, 26, -1]
[6, 3, 3, 38, 61, -17, -21, 13]
[-6, -4, -16, -37, -128, -10, 15, 2]
[0, 6, 17, -82, -20, -4, 13, 3]
[0, -3, -5, -47, 24, 20, -5, 14]
[-1, 2, -7, -54, -121, 8, 6, -5]
[-4, -11, -3, 75, -2, -24, 2, 12]
[-6, -1, 3, 11, 88, 6, -1, -5]
[5, 11, 10, 49, 11, 8, 1, -3]
[1, -2, -20, -119, -107, -30, -4, 2]
[-1, -1, 7, 60, 24, 34, 15, -4]
[3, -1, 0, 43, -49, -30, -8, 14]
[-11, -14, 1, 34, 0, -29, -9, -20]
[-4, -8, -4, -60, -95, -17, -32, -10]
[9, -3, -5, -22, 43, -8, -1, 16]
[5, 8, -8, -8, -43, 14, 20, 11]
[0, 4, -5, -15, 78, -4, 3, -2]
[-1, 3, 6, 55, 77, 20, -17, 5]
[-11, -8, -19, -100, -108, -32, -4, -5]
[4, 6, 16, 27, 127, 35, 20, 19]
[-5, -4, -5, 26, 29, -10, -13, -20]
[1, -3, -1, -15, 21, 3, 11, -6]
[13, 14, 15, 64, 127, 31, 5, 6]
[-6, -2, -1, 51, -13, -12, -2, -1]
[1, 5, 3, 32, 112, 23, 3, 1]
[-7, -6, 0, 10, -66, -41, -8, -7]
[1, -3, -3, -47, 86, 27, 12, 10]
[-4, -9, -3, 36, -8, -44, -40, -34]
[11, 5, 24, 67, 53, 50, 11, 24]
[-3, -1, -5, -11, 41, -9, 17, 2]
[3, 4, 12, 41, 39, 18, 25, 2]
[-8, -8, -21, -95, 54, 30, -33, -7]
[0, 3, -3, -60, 89, 5, 6, -10]
[-3, 0, 4, 6, -16, -12, -9, 13]
[-6, -6, -7, -40, -13, -23, -19, -17]
[10, 13, 34, 123, 127, 51, 36, 13]
[-6, -6, -11, -66, -128, -23, -12, -5]
[4, -3, -5, -30, -44, 6, 6, -3]
[0, -2, -13, -128, -104, -45, -20, -13]
[-1, -11, -24, -77, -100, -6, 5, -1]
[-9, -10, -22, -48, -57, -54, -34, -17]
[4, 12, 23, 50, 7, 9, 8, -2]
[2, 11, 30, 53, -59, 22, 4, 9]
[-4, -7, -7, -37, -41, -26, -7, -10]
[11, 4, 11, 49, 94, 31, 21, 25]
[-10, -11, 1, 81, 41, -26, -9, -11]
[-1, 3, -11, -86, 31, 1, -20, -11]
[10, 16, 28, 102, 127, 58, 27, 20]
[-6, -2, 0, 62, 35, -1, -24, -21]
[6, 6, 3, 51, 119, 14, 38, 18]
[-1, 1, 11, 116, 41, 21, -8, 6]
[-7, -6, -18, -64, 26, -41, -14, -3]
[-7, -2, -11, -58, -92, -3, 5, -5]
[5, 6, 13, -26, 127, 42, 3, -1]
[-5, -14, -21, -41, -1, 6, 1, -12]
[6, 3, -1, 10, -31, -24, 3, -8]
[14, 13, 35, 96, 81, 107, 46, 28]
[1, -2, -24, -116, -89, -35, -13, -10]
[-5, 0, 13, 13, 4, 46, 11, -5]
[-2, -1, 4, -35, 34, -22, 4, 6]
[-6, 1, 13, 64, -1, -42, -25, -16]
[-3, 2, -6, -14, -62, -9, -12, 1]
[-5, -13, -40, -46, 8, 36, 20, -1]
[-3, -3, -10, 16, 27, 15, 2, -2]
