[2, 8, 13, 53, 26, -10, 61, 19]
[-5, -4, 5, 44, 93, 60, -34, 3]
[12, -8, 3, 48, -87, -60, -22, -11]
[-23, -4, -12, -41, -73, 22, 3, -3]
[24, -15, -35, -128, -102, -78, -43, -7]
[-38, -3, 6, 92, -100, 75, 39, 6]
[64, -5, -21, -45, 95, -2, -9, -6]
[-94, -13, -20, 41, -32, -25, -1, -17]
[80, 13, 9, 72, 17, -25, 17, 61]
[24, -9, -25, -126, 21, -23, 0, 0]
[6, 13, -14, 19, -67, 21, -33, -2]
[31, 8, 63, -36, -56, 20, 5, -23]
[-31, -3, -16, -56, 22, 20, -9, -6]
[-6, -1, 17, 108, 51, -44, 18, -9]
[-17, -11, -18, -128, -34, -23, 10, 8]
[11, 9, -7, 23, -53, -3, 6, 12]
[-27, -4, -19, -46, 99, 92, 13, -20]
[12, -8, -30, 5, -3, 19, -26, -2]
[-20, 11, 40, 45, 93, 23, -3, -1]
[17, 2, -1, -62, 34, 61, 2, 16]
[-31, -37, -47, -73, -126, -79, -23, -28]
[3, 2, -22, -71, -49, 29, 39, 1]
[-6, 17, 58, 61, -2, -45, 3, -8]
[8, -17, -22, 47, 12, 2, -7, -14]
[11, -2, -22, 31, 83, 16, 13, 25]
[-22, -11, 0, -47, -14, -62, -33, -29]
[-6, 9, 0, -55, -91, 43, 55, -3]
[16, 9, 27, 110, 109, -90, -57, 44]
[-15, -1, -1, 0, -102, -35, -56, -70]
[28, 13, 23, 109, 123, 84, 17, 19]
[-16, -1, 5, 107, 84, 2, -4, 2]
[20, 10, 14, -28, -30, 63, 23, -18]
[-17, -8, -26, -125, -84, -69, -18, 0]
[4, 4, 2, -42, 25, -22, -17, 5]
[4, -9, -2, 76, 23, 13, -11, -6]
[-9, -8, -14, -77, -104, -41, -9, 8]
[-7, 11, 12, -78, -15, -4, 22, 28]
[3, -8, -28, -78, -72, 18, 17, -1]
[-19, -7, 7, 7, -55, -45, -18, 1]
[-2, -4, -10, -52, 127, -26, -9, -11]
[9, 2, 15, 36, 47, 6, -8, -2]
[12, 17, 61, 51, 57, 36, 7, -3]
[-3, -8, -40, -45, 4, -34, -6, 20]
[3, -1, -9, 5, 68, 14, 11, -15]
[14, 14, 18, 1, 95, 52, 34, 22]
[-2, -7, -1, 10, -25, -24, 24, 14]
[4, 14, 18, 109, 80, 89, -8, 6]
[12, -7, -16, 55, -113, -70, -3, -22]
[-1, 4, 7, -43, -66, -35, 1, 12]
[-7, 3, 13, 42, -36, -50, -23, -8]
[-8, -3, 11, -8, -60, -11, 8, 2]
[-9, -8, 4, 62, 53, -30, -4, -8]
[-5, -9, -6, -22, 8, 18, -6, -8]
[-7, -4, -7, -12, 7, -30, -8, 7]
[10, 10, 10, 59, -2, -47, -14, -12]
[-17, -6, -22, -87, -33, -10, 9, -5]
[-6, -8, -2, -7, -76, -20, -13, 2]
[8, 6, -2, -112, 49, 54, 8, 2]
[-14, -14, -35, -113, -92, -71, -21, 0]
[10, 9, -2, 27, -35, -20, 5, 13]
[-2, -3, 5, 39, 37, -15, 3, -11]
[-2, -9, -20, -77, -113, -70, -21, -10]
[5, 6, 15, -14, 26, 14, 14, 3]
[13, 10, 16, -56, 22, 61, 5, 8]
[-6, -5, -6, 7, -81, -66, 1, -1]
[-10, -12, -23, 103, 127, 36, -18, -6]
[-4, 4, -8, 21, -17, 1, 6, -19]
[4, 2, 6, -62, -61, -3, 1, 20]
[3, 4, 27, 65, -4, 17, -7, -17]
[-8, 0, -12, -9, -2, 6, 1, -8]
[11, 4, 2, 19, 66, 11, 9, 10]
[2, 4, 6, 33, 43, 25, 7, -10]
[-5, 3, 2, 35, 117, 72, 22, 6]
[0, -8, -14, -35, -60, -59, -12, 3]
[-2, -5, -5, -40, -3, 18, 13, -1]
[3, -5, -12, -8, 73, 14, 7, 6]
[8, 7, 23, 25, 22, 9, -7, 9]
[1, 10, 33, 68, -49, -6, 3, 4]
[-6, 0, 15, 2, -22, 0, -9, -3]
[-6, -7, -19, 28, 16, -7, 4, 1]
[-4, -1, -4, 18, 122, 30, -4, -6]
[1, -1, -4, -16, 51, 27, 3, -4]
[-1, -6, -2, 5, -4, -18, 1, 2]
[-5, -12, -22, -21, -94, -22, -6, 1]
[5, 14, 17, -17, -22, 6, 5, 5]
[0, -1, 3, -20, -72, 10, 1, -7]
[2, -8, -18, -38, -37, -2, -5, 4]
[-3, 2, 13, 43, 55, 22, 5, 1]
[-2, 1, -3, -21, 33, 15, 3, 4]
[2, 3, 6, 23, 14, 0, -8, -8]
[-5, -2, -14, -49, 1, -2, 7, 1]
[1, -4, 2, -11, -34, 0, -7, -10]
[0, -2, -4, 22, 9, 6, -7, 1]
[-11, 5, -1, -17, -7, -1, 38, 22]
[0, -3, -10, -13, 21, -3, 1, 4]
[0, 10, 15, -25, -36, 4, 2, -2]
[7, 2, 9, 3, 22, -1, -7, -4]
[3, -5, 1, -8, -25, 4, -11, -7]
[0, -1, 7, 52, 48, -1, 2, 0]
[-2, -12, -5, -10, 36, 6, -2, 0]
[-3, -5, -8, -13, -27, -8, -4, 1]
[12, 17, 0, -18, 9, 6, 1, -3]
[8, 0, 3, -11, 31, 16, 3, -1]
[-9, -1, -2, -26, -72, -8, -8, -1]
[-5, -1, -5, -12, -79, -9, -5, -2]
[3, 0, 7, 20, 26, 8, -1, 3]
[-12, -11, -15, -40, -7, -4, -5, -2]
[-1, 6, 4, 4, 33, 19, -3, 1]
[3, 15, 0, -6, -5, 12, 11, 10]
[-1, 8, 6, 9, 8, 18, -3, -24]
[9, -1, 1, -11, -36, -21, 0, 13]
[1, -4, -3, 16, 15, -9, -23, -10]
[-10, -13, 2, 3, -5, -1, 5, 3]
[8, -7, -5, -5, 17, -12, -4, 2]
[-4, 4, -4, -17, -40, -1, -1, -11]
[0, 5, 21, 37, 28, 17, 5, 5]
[4, -2, -6, -31, -12, -3, -4, -1]
[-14, -6, -6, -1, 16, -22, -3, -3]
[-4, -6, -7, -15, -29, -22, 2, 0]
[3, 2, -1, 12, 49, 2, 6, 7]
[2, 2, 2, 2, -32, -6, -15, -16]
[-8, -8, -2, 61, -67, -11, 4, 2]
[-3, -1, -1, 37, 14, 2, -11, -7]
[-8, -2, -7, 2, -20, 2, 10, 0]
[0, -7, 3, 5, 47, 14, 2, -11]
[-10, -4, -3, -35, 13, -10, -6, -2]
[-7, -2, -2, -38, -3, 2, -5, 3]
[9, 9, 0, -17, 17, 3, 9, 26]
[1, -4, -4, -14, -2, 14, 3, 6]
[13, 10, -2, -20, 0, 4, -12, -6]
[-3, 3, -1, -31, -21, 13, 12, 11]
[-4, -3, 1, 47, 76, -2, 0, -8]
[-8, 2, -6, -23, -31, -3, 4, 12]
[5, -4, 4, -8, 4, -1, -2, 0]
[3, 0, 0, -16, 17, 6, -6, -5]
[-1, -2, 0, 8, 3, -7, 3, 0]
[-1, 2, -2, 1, -51, -4, 6, -1]
[-9, -6, -3, -19, -3, -3, -29, -10]
[-7, -7, -1, 8, 39, -7, 10, -3]
[-2, 0, -2, -7, -79, -3, 0, -4]
[-3, -10, -5, 9, 48, -7, -11, -2]
[-2, -3, -1, -8, -9, 4, 14, -6]
[3, 1, 2, 2, -19, -4, 5, 25]
[1, 0, 0, 5, -1, 1, -9, -5]
[0, -4, 4, 16, 20, 8, 5, 0]
[8, -2, -2, -8, -1, -5, 3, 0]
[3, 8, 4, 1, 1, -2, -6, -12]
[-1, 0, -4, -19, 7, 3, 10, 1]
[5, 4, 0, 10, -24, 1, -13, 2]
[-2, -3, -1, 6, 29, -2, 7, 9]
[3, 0, 2, 7, 30, 10, -4, -11]
[0, -2, -2, 1, 12, -2, -9, -2]
[-1, -2, -4, -20, -37, -1, 9, 0]
[0, 4, -1, -13, -32, 2, 2, 1]
[-3, 0, 5, 23, -13, -5, -5, -3]
[-4, -8, -1, -5, -59, 2, -5, -2]
[-1, -4, 0, 11, 26, 3, 5, 2]
[-4, -2, 5, 24, 28, 5, -18, -6]
[1, -5, -6, -4, 4, -5, -1, -4]
[-2, -3, -2, 6, -8, 1, 1, -1]
[0, 1, -7, 8, 13, 0, 0, -3]
[-2, 1, 1, -5, 4, 5, 6, 4]
[5, 1, 2, -9, -1, -6, -6, 7]
[10, 2, -2, -5, -23, -7, 0, -6]
[9, 2, -7, -17, -2, -2, -6, 10]
[-3, 1, 4, 13, 28, -3, 3, 3]
[0, 2, 2, 1, 24, -8, -4, -8]
[-3, 7, 4, 4, 8, 6, 2, 2]
[1, 6, 4, -5, 13, 3, 1, -1]
[3, 3, 0, 8, -5, -12, 3, -2]
[-1, -4, -3, 2, 24, 14, 3, -3]
[1, -3, -1, -9, -58, -15, -1, 0]
[-2, 1, 5, 7, 0, 4, 5, -4]
[1, -5, -6, -9, 12, -2, 1, 4]
[-2, -3, -4, -1, 0, -4, -5, -4]
[0, -3, -3, -11, 26, 3, 10, 3]
[-3, -1, 2, 0, 7, 3, -7, -3]
[-1, -2, 0, 3, -5, 0, 5, 2]
[-4, -3, 0, -5, -23, -2, 2, -7]
[-3, 0, 1, 2, 13, 8, -4, 0]
[2, -1, 1, 6, 6, -3, -1, -5]
[1, 5, -2, -8, -18, -2, 10, 4]
[0, 3, -1, 13, 37, 7, -19, -10]
[-3, -4, -8, -9, -54, -9, -6, 7]
[2, -2, 1, -9, -12, 2, 4, -2]
[0, 1, 3, 8, 3, 4, -3, -4]
[0, -1, -2, -16, -19, 5, 5, 7]
[-4, 0, 0, 4, 29, -12, -1, -7]
[-2, -4, -3, 5, 15, 0, 5, -1]
[1, -4, 1, 4, 7, 0, -9, 0]
[-4, -1, -1, 2, -16, -1, 6, -4]
[3, -2, 0, 9, 41, 4, 2, 0]
[-6, -4, -5, -20, -61, -4, -1, -3]
[-2, 3, -1, 18, 61, 4, 0, -7]
[-1, 2, 4, 8, 27, -1, -1, 16]
[3, -1, -3, -12, -66, -4, -5, -4]
[1, -1, -3, -2, 6, -1, 2, -1]
[2, -3, -5, -9, -9, -1, 3, 2]
[-2, 1, 2, 1, -9, -3, 0, -4]
[-2, 2, 4, 5, 14, 3, 0, -5]
[0, 3, -3, -1, 8, -6, -5, 1]
[-1, -3, -1, 9, 2, -1, 3, 4]
[-1, -2, -2, -5, -30, -10, 1, -2]
[-2, -4, -3, 8, 26, 15, 3, 1]
[0, 1, -1, -3, 23, 3, 0, -1]
[3, 1, 6, 0, -10, 0, -2, 2]
[1, -2, 2, 6, 2, -2, 1, -6]
[-2, -2, -4, -21, -19, -8, -3, -7]
[1, 2, -1, -3, -34, -4, -1, 12]
[-3, 1, 1, -1, -5, 0, 1, 1]
[-3, 0, 0, -3, -8, 2, -1, -4]
[1, -2, -4, 2, 13, 0, -2, -2]
[1, -1, 1, 11, 29, -1, 0, -1]
[3, -4, -4, -7, -16, 3, 1, 2]
[3, -2, -2, -6, -14, -8, 2, -1]
[-4, 1, 2, 6, 37, 5, 0, 0]
[-3, -2, 1, 4, 8, 3, 3, 0]
[-1, -2, 0, 15, -2, 2, 4, 2]
[-4, -4, -9, -25, -36, -20, -19, -11]
[2, 1, 3, 6, 1, 2, -6, -3]
[0, -1, -2, -9, -3, 1, 29, 1]
[2, 0, 1, -1, -3, 3, -10, -6]
[-4, 0, 11, 11, 52, 10, 2, 0]
[0, 1, 1, -4, -8, -4, 0, -6]
[-4, -6, -3, -4, -10, -3, -6, 1]
[-2, -1, -7, -2, 3, -1, 1, 4]
[-1, 0, 4, 6, 6, -2, 5, -1]
[2, -1, -2, -2, -2, -2, -1, 2]
[2, 2, 2, 5, 10, 1, -7, -2]
[2, -1, -5, -11, 0, -4, 2, 1]
[-1, 2, 7, 13, -7, -3, -2, -5]
[-1, -2, 0, -4, -4, 4, 3, 4]
[1, 0, -4, -2, -18, -1, -7, -1]
[-5, -3, -4, -6, 11, -1, -5, -7]
[0, -3, -6, -16, -36, -1, 5, 6]
[1, 1, 4, 25, 76, 4, -3, 0]
[1, -3, -9, -25, -40, -11, -6, -4]
[0, 3, 4, 0, -28, -2, 2, 3]
[-4, -2, -7, 0, -14, -5, 7, -1]
[-1, 1, 1, -8, -25, -1, -1, -1]
[-1, -2, 7, 19, 43, 9, -5, -2]
[-1, 1, 1, 4, 34, 0, 2, -3]
[5, 0, -4, -2, -2, 1, 3, 2]
[0, -1, -1, -7, -13, -4, -7, 0]
[1, 2, 2, 8, 26, 5, 18, 0]
[1, -1, -1, 0, -19, 8, 0, 1]
[-2, -1, -4, -1, 1, 1, -2, -1]
[-2, -2, -4, 1, 4, 1, 0, -2]
[-1, 2, 5, 4, 1, -3, -10, -2]
[-2, -2, -1, -10, -11, -1, -2, -3]
[1, 1, -3, 3, -9, 1, -1, 4]
[1, 3, 6, 10, 9, -4, 2, 0]
[-1, 2, -4, 2, 16, -4, -1, -2]
[1, -2, 1, 3, 2, 2, 2, -3]
[-1, -4, -5, -6, 11, 3, -1, -3]
[2, -2, -1, -5, -63, -4, 13, 6]
[0, 1, 1, -1, -4, -2, -8, -9]
[1, -2, -2, -2, 2, 2, -1, 2]
[-2, -3, -4, -2, -3, -1, -1, -1]
[-5, -2, 3, 6, 15, 1, 4, 3]
[-1, -2, -1, 2, -8, -5, -6, 2]
[-2, -1, 1, 5, 5, -4, -2, -5]
[1, 1, -5, -5, 13, 3, 2, 10]
[-4, -3, 1, -8, -10, -4, -4, -5]
[-3, -3, -1, -5, -31, -4, -4, 1]
[0, 0, -1, -4, -1, -2, -1, 1]
[6, 1, 1, 5, 15, -7, -3, -5]
[2, 0, -5, -7, -9, -1, -3, -1]
[3, 1, 0, 1, 13, 9, 1, 2]
[-2, 1, 0, 8, 4, 0, 0, 5]
[-6, -2, -3, -14, -33, -5, -13, -9]
[0, -1, 4, 6, 25, 3, 10, 8]
[0, -2, 2, 0, 2, -3, 2, 0]
[1, -1, 1, -1, 9, -9, 1, 0]
[1, 0, 4, 13, 35, 12, 0, 1]
[-2, -5, -10, -23, -72, -12, -10, -8]
[-2, -1, -1, -6, -13, -5, 0, -5]
[2, -3, 0, 5, 15, -1, 1, 0]
[-2, -2, -1, -5, -22, -4, 0, -2]
[0, 2, 2, 5, 17, 6, 0, -1]
[-1, 0, 3, 8, 10, 3, 0, 2]
[-1, 0, -4, -9, -15, -2, -4, -1]
[0, 1, 4, 0, 1, -1, 1, -1]
[-1, -1, -4, 1, 4, -1, -2, -1]
[-1, 0, -2, -4, -3, -2, -1, 0]
[3, 2, 8, 4, 13, -5, -3, -6]
[-2, -1, 1, 3, 15, 4, 5, 12]
[3, 0, -3, -4, 0, -3, 2, 2]
[1, 1, -1, 0, -6, -3, -3, -2]
[0, 0, -2, 10, 39, 12, 2, 1]
[-3, -2, -7, -24, -89, -20, 3, -5]
[-3, -4, -5, 8, 39, 2, -15, -5]
[-1, -2, -2, -3, -3, -1, -2, 1]
[-4, 0, 3, 2, -10, -1, 1, 2]
[-4, -3, 3, 3, 18, 0, 0, -6]
[-1, -5, -1, 1, 2, 1, 1, 2]
[-1, -2, -2, 6, 22, 5, 1, 0]
[-1, -3, -1, -6, -16, -3, 0, 1]
[2, 4, 2, 6, 13, 1, -2, -2]
[-2, -5, -3, -9, -6, -4, -6, -3]
[7, 1, 0, 4, 13, 4, 5, 1]
[0, 3, 1, -5, -15, 0, -1, 0]
[-2, 0, -1, 3, -14, -1, 0, -1]
[2, 2, -3, 10, 50, 7, -1, 4]
[0, -1, -5, -8, -48, -4, -2, -7]
[-4, -4, -6, -5, -12, 3, 2, -2]
[1, -2, -1, 11, 64, 1, -5, -6]
[-1, -3, 1, -13, -61, -11, 0, -2]
[-1, -1, 6, 5, 24, 9, 1, 2]
[-4, -4, -3, -8, 1, -6, 1, 1]
[0, -2, 3, 15, 30, -2, -3, 1]
[0, -3, -2, -17, -26, -5, 6, -2]
[2, 1, -11, -5, 5, -3, -1, -3]
[4, 1, 9, 0, -31, -2, -4, -2]
[-2, 0, -6, 2, 13, 6, 5, -2]
[-5, 0, 4, 5, 10, 3, 1, -1]
[-4, -1, 3, 0, -5, 3, 1, 3]
[-3, 1, -5, -3, 12, -1, -2, -1]
[0, -2, -5, -7, -13, -4, 0, 9]
[3, 4, 5, 0, 1, -3, 1, 0]
[0, 0, -1, 1, 12, 1, -3, 0]
[4, -2, -3, 5, 6, 1, 2, 0]
[3, 0, 0, -19, -54, -1, 4, -3]
[-4, 1, -5, -3, -12, -2, -7, -10]
[-1, -2, 1, 2, 16, -4, 0, -1]
[-2, -3, -3, -4, -27, -9, -11, 10]
[0, -1, 2, 5, 16, 7, 12, -4]
[2, -3, 0, 6, 22, 1, 0, 1]
[3, 1, 2, 0, -4, 2, 2, 0]
[4, 4, 2, -1, 27, 1, -4, 0]
[-2, 2, 2, 4, 1, 2, -5, -2]
[0, 1, 0, 5, 2, 1, 0, 1]
[-6, 1, 6, 8, 15, 7, 0, -2]
[-3, -2, -9, -7, -18, -7, 1, -2]
[-1, -1, 4, 0, 22, -2, -4, -1]
[-1, -3, -7, -1, 12, 4, 5, -1]
[3, -3, 0, 1, -13, -2, -4, -1]
[0, -2, -2, -2, 6, 5, 1, -2]
[-2, -3, -5, -8, -34, -7, -5, -1]
[0, -2, -3, -4, -9, -1, -2, -2]
[1, -1, -7, 11, -16, -6, -2, 1]
[-1, -2, 3, -9, -15, 4, 6, -3]
[-2, -4, -3, -9, -39, -12, -5, -3]
[-2, 2, 5, 5, -2, 1, 1, -3]
[0, -2, -5, -9, 19, -3, 1, 11]
[-1, 0, -4, 4, -9, -2, -2, -3]
[2, 1, -1, 5, -4, -3, -3, 1]
[2, -2, 5, -7, 20, 4, 0, -4]
[0, -1, 4, 1, 3, 3, -7, -4]
[1, -2, 2, -10, -6, -4, 4, 2]
[-4, -5, -3, 1, 25, 3, -1, 0]
[-3, -1, -5, 3, 2, -4, 0, -3]
[0, 0, 5, 6, 18, 5, 3, -4]
[2, 4, 6, 20, 30, 9, 2, 3]
[-3, -3, -4, -19, -35, -9, -7, -5]
[-3, -1, 0, -5, -11, -5, 0, 3]
[1, 1, -2, -13, -51, -10, -4, 0]
[0, 1, -1, 0, 16, 7, -4, -1]
[0, -1, 1, 27, 16, 3, 13, -6]
[-2, 0, 1, -20, 25, -1, 1, 3]
[0, -2, -1, 5, -32, -2, 5, -3]
[1, 5, -1, 9, -8, -5, 2, -2]
[0, 0, -3, -20, 0, 0, -19, -6]
[3, 1, 2, 13, 10, 3, 6, 10]
[0, -4, 0, 1, 9, 4, 5, -2]
[-3, -5, -4, -12, -18, -6, 0, 0]
[-3, -1, -3, -8, 1, -2, -5, -5]
[1, 5, 2, 15, 9, 6, 0, -2]
[3, 2, 2, 33, 49, 3, -1, 3]
[1, -3, -5, -40, -61, -5, -2, -8]
[-1, -5, -3, -28, -10, -1, 1, 3]
[0, -3, 2, 31, 13, 1, -3, -1]
[-1, 4, 11, 23, 16, 1, 1, -2]
[-2, -5, -7, -15, 14, -5, -2, -3]
[-2, 1, -1, -8, -35, -9, 4, 4]
[-1, -1, -10, 10, -7, -1, 0, 1]
[-1, 0, -5, -39, -1, 8, -2, -2]
[-2, 1, -2, 14, 3, -8, 1, 2]
[0, -1, 4, -1, 10, 1, 3, 3]
[-3, -1, -2, -5, -17, -4, -6, -7]
[0, -4, -1, -7, 0, -4, -9, 10]
[2, 4, 3, 1, 31, 10, 2, 2]
[1, 2, 4, 20, 27, 3, -2, -9]
[1, 4, 2, -25, -76, -2, 1, 8]
[2, 0, 3, 48, 88, 3, 5, -3]
[-1, -1, -6, -23, 36, -3, -1, 2]
[-1, 3, 1, 53, 76, 13, 4, 2]
[-3, -4, -2, -50, -80, -8, -7, -8]
[4, 0, -3, -34, -34, -7, 1, 1]
[-8, -7, -1, 20, -23, 1, -5, -4]
[2, 1, 6, 87, 116, 7, 3, -2]
[-2, -1, -3, -34, -2, -5, 0, -4]
[1, 0, -3, -17, -46, -3, 0, 0]
[1, -3, -4, -11, -60, -13, -2, -11]
[1, -5, -5, 0, -93, 4, 4, 12]
[-7, -7, -5, -80, -34, -22, -12, -14]
[-1, 1, 9, 90, 53, 24, 8, 18]
[-5, -2, 1, -13, -26, -17, -7, -5]
[4, 4, 5, -47, -36, 10, 3, 9]
[5, 4, -6, 10, 15, -1, -1, -3]
[-4, 1, 4, 76, 89, 22, 2, -9]
[-5, -6, 0, -49, -18, -19, -6, -1]
[-3, -1, 4, -3, 67, 0, -3, -2]
[-1, 3, 8, 16, 11, 0, 2, 1]
[6, 1, -10, -78, -66, 3, -3, -13]
[3, 6, 2, 86, 70, 14, 6, 22]
[7, 1, -1, 21, 17, 1, 4, 1]
[5, -3, 0, 2, 127, 1, -2, 3]
[-8, -3, -3, 38, 15, -2, 22, -7]
[2, -4, -19, -105, -106, -42, -20, -11]
[3, 3, 14, 66, 68, 15, 5, 14]
[-3, -2, 5, 36, -18, -21, -3, 4]
[-3, -10, -20, -78, -47, 21, -13, -6]
[-4, 3, 5, -36, -4, 24, 4, -12]
[-8, -3, -1, -15, -50, 13, 14, 1]
[5, 3, 2, 48, 101, 1, 11, 10]
[-11, -6, -8, -113, -88, -9, -37, -8]
[7, 6, 12, 98, 127, -25, 19, 4]
[-12, -9, -17, -51, -92, -5, -23, -10]
[3, 6, 3, 19, -24, 15, 5, 6]
[2, 3, 4, -14, 90, 7, 10, -4]
[-3, 0, 6, 57, -11, 2, 4, 13]
[2, -1, -9, -37, 75, 5, -2, -13]
[-1, 1, -1, 3, 67, 2, -2, -4]
[-1, 0, -5, -47, -88, -51, -9, 4]
[0, -2, 6, -62, 86, 37, 4, -5]
[1, 1, 2, 96, -39, -21, 3, 8]
[2, -2, 10, 29, 59, 72, 8, -1]
[-1, -6, -18, -71, -55, -34, -3, 0]
[-5, -7, -8, 62, 18, 41, -5, -12]
[-5, -8, -16, -128, -128, -40, -6, 2]
[-1, 3, 12, 89, 84, 50, 19, -1]
[5, 6, 9, 22, -42, -67, -5, 7]
[3, -1, 11, 80, -93, -5, 3, 4]
[-7, -1, -13, -110, 28, -8, -14, -21]
[0, 6, 24, 88, 25, -20, -7, -2]
[0, -2, -16, -28, -59, -13, -7, -6]
[-6, 3, 14, 48, 119, 54, 0, 1]
[9, 10, 11, 102, 74, -17, 8, 22]
[-17, -18, -37, -98, -128, -57, -27, -18]
[1, 4, 11, 43, 3, 60, 7, 3]
[0, -4, 6, 39, 45, -50, -16, -8]
[2, -5, -11, -47, 54, 19, 32, 8]
[-9, -3, -2, 19, -20, -23, -45, -11]
[2, 6, 16, 16, 37, 10, -6, -5]
[7, 1, -7, 21, 50, -12, 24, 14]
[-5, -1, -2, -107, -49, 9, -30, -17]
[7, 0, -13, -35, 121, 18, 25, 2]
[14, 11, 22, 28, 87, 71, 22, 23]
[-4, -3, 1, 31, 36, 21, 10, -5]
[-4, -5, -2, 10, 64, -12, 1, 3]
[-6, -5, -11, -9, -128, -13, -21, -19]
[0, -2, 3, 6, -36, 27, 5, 3]
[6, 4, 4, 21, 67, -13, 10, 8]
[-5, -8, -23, -68, -50, 21, -1, -7]
[2, 16, 44, 19, -75, -33, -7, -16]
[-19, -22, -31, -91, -44, -120, -4, 6]
[-1, 0, -2, -29, -34, 23, -30, -3]
[11, 7, -17, -89, -102, 19, 11, 7]
[-3, -7, -7, 8, 100, 64, 9, 4]
[0, 2, 10, 72, 87, 57, -5, -20]
[-3, -4, -24, -128, -121, -13, -6, -8]
[-9, -19, -37, -30, -76, -29, 0, -1]
[11, 17, 26, 32, 40, -11, 6, 16]
