[-4, -4, -4, 52, 89, 26, 12, -48]
[6, 0, 4, 75, 93, -7, -7, 60]
[-4, -6, 12, 114, -11, -62, -26, -22]
[3, -2, 3, 17, -58, 33, 26, 14]
[-3, -6, -20, -99, 58, 9, 10, 17]
[1, 6, 10, -52, 14, 30, 1, -3]
[-8, -7, -10, 32, -20, 0, -6, -3]
[-17, -14, -24, -16, -119, -120, -29, -25]
[3, 10, 22, 127, 113, -31, 5, -2]
[0, 0, 5, -85, -127, -24, 2, -5]
[-14, -7, 6, 25, 78, 46, -19, -9]
[6, 3, 7, -67, -29, 45, 14, -13]
[-11, -12, -25, 37, 16, 53, -3, 20]
[10, 7, 7, -94, -83, 38, 43, 18]
[11, -3, -8, -39, 67, 13, 17, 6]
[13, 0, -26, -47, -40, 46, -25, 22]
[-15, -6, -19, -112, -128, -54, -14, -7]
[1, -2, -5, -103, 109, 56, -1, 0]
[-5, 0, 7, 71, 127, 4, 15, -11]
[-2, -13, -23, -39, -45, -66, -11, -12]
[9, 9, 37, 61, 116, -6, -8, 17]
[-9, -14, -39, -10, -121, 35, -8, -11]
[-2, 7, 31, 25, 42, -32, 5, -2]
[8, 16, 24, -40, 112, 3, 13, 16]
[3, -7, -17, 8, -62, -5, -17, -5]
[-1, 10, 44, 39, 31, -39, 10, -5]
[19, 11, 0, 35, 127, 101, 32, 8]
[-16, -17, -18, -6, -22, -53, -24, -2]
[3, -2, -9, -14, 49, -67, -5, 6]
[-13, -14, -31, 50, 94, -31, -34, -17]
[4, 9, 24, 14, -21, -18, -12, -7]
[8, 15, 29, -12, 69, -14, 10, 17]
[-2, -6, -11, -43, 19, -21, -3, -14]
[-21, -25, -41, 45, -61, -81, -32, -45]
[12, 19, 44, 86, 89, -28, 28, 38]
[-5, 3, -3, -3, -43, -63, -18, -11]
[16, -2, -21, -87, 35, 62, 14, -1]
[-5, -5, -3, -60, -61, 22, -5, -23]
[3, 5, 3, -43, -92, -8, -17, 1]
[-9, -15, -47, -109, 24, 15, 28, -6]
[3, 15, 34, 53, -34, 47, 17, 27]
[11, 10, -4, -88, -26, 22, 14, -7]
[-9, -12, -26, -34, -3, -35, -22, -15]
[14, 13, 36, 39, 98, -1, 6, 18]
[-12, -11, -11, -28, 45, 66, -4, -20]
[4, -7, -5, 27, 73, 58, 16, 9]
[0, -1, -2, -67, -41, -38, -3, 6]
[-4, -8, -16, -11, 44, 26, -4, -6]
[-5, -6, -15, -54, -62, 40, 8, -14]
[-3, -5, 2, 72, -77, -2, -3, 21]
[-8, -12, -17, 17, 47, 24, -4, -3]
[0, 4, -12, -31, 47, -46, 4, -1]
[7, 19, 62, -27, -104, -15, 15, 13]
[6, 13, 8, 1, 76, 34, -6, -1]
[-9, -9, -23, -88, -120, -75, -23, -21]
[4, 6, 17, 65, 56, 14, 1, 4]
[4, 8, 21, 69, -59, -11, -3, 2]
[-2, 2, -14, -32, -17, -44, -5, 4]
[3, -8, -31, -23, 61, 69, 23, 5]
[-6, -9, -8, 10, 14, 38, -1, -8]
[9, 5, -8, -34, 54, 18, 3, 5]
[1, 6, 8, -25, -58, -67, -14, 6]
[-4, 3, 9, 10, -126, -14, -1, -2]
[-5, -3, 3, 41, -77, -6, 4, -6]
[-5, -7, -18, 55, 16, -22, -8, -4]
[4, -5, -10, -68, -32, 51, 5, 2]
[-2, 4, 20, 66, 68, 5, -6, -10]
[9, 6, 18, 47, 48, 12, 14, 11]
[-4, -16, -29, -45, -88, -49, -30, -12]
[0, 0, -1, 20, 85, -4, 8, 14]
[5, 14, 26, -7, -37, -32, -13, -4]
[-3, -8, 6, 50, -44, 7, 1, -1]
[2, -1, -10, -11, 7, 11, 11, 2]
[4, 8, 27, 8, 26, -10, -7, -4]
[-3, -1, -3, 6, 43, 14, 5, 3]
[-1, -3, -20, -64, -26, 8, 7, 3]
[-1, -6, -29, -1, 102, 31, 6, 8]
[-2, 13, 39, 60, -10, -39, -6, -6]
[-1, -1, -3, 0, -42, -11, -10, -2]
[2, 3, 11, 3, 19, 18, 5, -2]
[1, 2, 10, 26, -9, -1, 4, 2]
[0, -10, -28, -32, -30, 15, -19, -3]
[2, 2, 12, 37, 30, 7, 8, 3]
[0, -3, -3, -30, -44, -8, -8, -3]
[1, 2, 1, -10, -37, -14, 0, 5]
[-2, 2, 6, 60, 64, 6, 11, -6]
[-4, 1, 10, 27, 31, 1, -6, 9]
[-9, -6, -14, -17, 2, 0, -6, -4]
[-1, -1, -2, -65, -74, -21, -9, 0]
[8, 5, 10, 70, 28, 22, 8, 0]
[-2, -6, -3, -55, -109, -34, -16, -19]
[-1, -4, -12, -16, -10, 10, 23, 20]
[-1, 4, 15, 40, 41, 7, 4, 4]
[3, 6, -6, -18, -16, -6, 28, 13]
[3, 2, -4, -1, 9, -5, -39, -8]
[-2, -1, -1, 33, 6, 12, 17, 0]
[-2, -3, 10, 13, 8, -6, -15, -8]
[-6, -9, -7, -16, -22, 49, -6, -5]
[9, -4, -3, 0, -10, -1, 9, 7]
[0, 2, 0, -9, -14, -21, -7, -2]
[-11, 2, 6, -4, 25, -21, -2, 6]
[4, -6, -2, 40, 17, -26, -3, -2]
[0, 3, 0, 1, 1, 7, 8, 2]
[3, -4, 0, 10, -1, 25, -9, -2]
[-3, 5, -5, -20, -14, -1, 6, 2]
[0, 3, -2, -13, -37, -8, 4, -2]
[-8, -5, -3, 0, 28, 17, 0, -17]
[0, -1, 3, 38, 47, 5, 1, 3]
[0, -1, 3, 11, 11, -20, -10, -1]
[-1, -2, -4, -38, -29, -26, 0, 4]
[4, 0, -1, 14, 7, 12, 2, 5]
[-6, -1, -1, 14, 0, -1, -6, -8]
[7, 2, 3, 19, 7, -5, -2, 0]
[-2, -2, -5, -19, -10, -21, -26, 6]
[1, -5, -4, 7, 34, 6, 1, -3]
[-11, -4, -3, -33, -54, 2, -7, -4]
[5, 3, 6, 18, -4, -14, 5, -11]
[-3, -2, 0, -13, 2, -3, 7, 5]
[-7, -1, -4, -9, -28, 4, 4, 0]
[8, -1, 4, -13, 8, 8, -6, 7]
[-4, -5, -1, 6, 6, -8, -2, -13]
[5, 4, -1, 1, 4, -8, 9, 2]
[1, 2, -4, -66, -51, 8, 3, 6]
[-1, 0, 1, 47, 54, 25, -10, -1]
[-4, -5, -3, 5, -33, -7, 15, -3]
[-5, -1, -1, -16, -14, -10, 0, -10]
[-5, -1, 1, 2, 2, 3, 9, 5]
[-1, -3, -1, -29, -27, 0, -23, -8]
[-6, -2, 4, 19, 37, 2, -8, -7]
[-8, -7, -2, 10, 3, -4, -2, 9]
[-1, -2, 3, 19, 5, 15, 3, 7]
[-5, -5, -3, -22, -27, 3, 4, -18]
[3, -1, -4, -5, -8, -1, -1, 21]
[-9, -2, 1, 4, 8, -6, -4, -14]
[3, -1, -1, 6, -18, -1, 1, 3]
[-4, 5, 0, 2, 39, 7, 7, -2]
[2, 11, 6, -5, -19, -4, -2, 2]
[2, 1, -1, 2, 26, -2, -4, 3]
[0, 3, 0, 20, -8, 9, 1, 3]
[2, 1, -6, -30, -61, 6, 0, 4]
[3, 2, 1, 32, 38, 2, 31, 9]
[-3, 4, 0, -4, 12, 4, 9, -13]
[-2, 0, 0, 26, 22, 0, -2, -1]
[2, -2, -6, -32, -53, 1, 7, 0]
[-3, -1, -1, 11, 41, -1, -21, -2]
[1, -3, -1, -5, 28, -5, -1, 5]
[-2, -3, 2, -18, -32, -9, -11, -8]
[-1, -5, 1, -5, 15, 2, 3, 8]
[0, -6, 0, -11, -17, -3, -5, -6]
[-3, -8, 1, 5, 0, -1, -2, -1]
[1, -1, 1, -6, 17, 9, -3, -2]
[1, 0, 0, 4, 8, -5, 7, 10]
[1, 2, -1, -4, 36, 7, -4, -22]
[2, -1, -4, -10, -49, -4, -4, 15]
[2, 5, -1, 3, 17, 0, 5, 6]
[3, 3, -1, 12, 46, 2, -7, -1]
[1, 2, -3, -14, -78, -7, -3, -6]
[-1, 2, 4, 19, 48, -1, -5, -5]
[2, 0, -5, -20, -48, -10, 3, -4]
[5, 2, 2, -1, 9, 2, 0, 5]
[2, 2, 1, 14, 5, -2, -5, -3]
[0, -1, -4, -18, -17, 0, 5, -8]
[-3, -2, 2, 0, 13, 1, -1, 1]
[-2, 0, 0, 23, 22, -2, 5, -3]
[-2, -7, -2, -3, 6, 4, 2, 10]
[2, -2, 0, -13, -21, -7, 2, -1]
[-5, -1, 4, 16, 34, 4, -13, -7]
[-2, 1, -1, -11, -9, -1, -2, -10]
[1, 0, -3, -4, -32, -1, 9, 16]
[-2, 1, -8, 10, 5, 1, -14, -7]
[1, 2, -3, -6, -5, 1, 8, 9]
[3, -1, -2, 2, -5, -6, -1, 0]
[-2, 0, -1, -16, -17, 1, -2, -2]
[-1, -3, 4, 22, 62, 1, 0, -7]
[-2, -5, 0, -18, -67, -4, 3, 0]
[2, 3, 2, 14, 72, 3, -5, 0]
[-1, 1, -2, -8, -50, -5, -5, -2]
[-2, -1, -1, -12, -25, 0, 2, 0]
[-2, -1, 1, 4, 8, 3, 2, -1]
[-2, -4, -5, -11, -16, -9, -1, 4]
[3, 0, 2, 3, 6, 8, -2, -7]
[-3, -2, -3, 2, -31, -9, -5, -12]
[0, 0, 0, 13, 21, -2, 2, 9]
[-1, -2, 0, -6, -35, 4, 6, 0]
[0, 0, -1, 2, 31, -1, -2, 6]
[-3, -1, 0, -2, -14, 2, -2, 0]
[1, 1, 1, 3, 18, 0, 4, -2]
[2, -1, -1, -7, -27, -4, -1, 2]
[-1, -2, 0, 8, 35, -3, -5, -8]
[-1, -2, -7, -4, 0, -1, 2, 4]
[-2, 1, 3, 9, 17, -3, 3, -3]
[0, -1, -2, 2, 34, 7, -7, 1]
[1, -1, -2, -6, -58, -11, -4, -4]
[2, -2, -4, -19, -5, -4, 0, -2]
[0, 1, -3, -7, -11, -2, 3, 0]
[-1, 3, 3, 8, 2, -3, 3, -1]
[-2, -3, -4, -1, 12, 3, 10, -1]
[-1, 1, 2, 9, 28, 3, -5, 2]
[0, -1, 2, 4, -24, -5, -6, -4]
[0, -1, -2, -3, 24, 12, 7, 5]
[1, 0, 4, 0, 0, 0, 0, 3]
[0, 2, 2, 3, -12, -1, 2, 1]
[-4, -7, -1, -3, 15, 1, -3, 0]
[1, -1, -1, -8, -36, -2, -2, -8]
[3, 1, 1, 1, 28, -3, -2, 11]
[2, -1, -2, 2, -17, -2, 3, 0]
[0, 1, -3, -8, -8, -6, -1, 1]
[-2, -2, 1, -2, -8, -3, 3, -1]
[-2, 0, 5, 20, 13, 7, 0, -2]
[-5, -6, -2, -19, -30, -12, -2, -3]
[-1, 1, 3, 11, 55, 11, -2, -2]
[1, -1, -8, -24, -85, -20, -7, -1]
[-2, -2, -7, 1, 35, 9, 0, -2]
[3, 2, 5, -1, 5, 4, -1, 2]
[-1, -2, -2, 6, -8, 0, 0, -2]
[-2, 3, 3, -3, 18, 3, 2, 2]
[-2, 0, -11, -23, -4, 0, 0, -1]
[-3, 0, 2, 10, 6, 1, -1, -6]
[0, -2, -2, -11, -40, -8, 1, -2]
[0, 2, 3, 14, 28, 9, 5, 6]
[0, 0, -1, 5, 10, 0, -3, -8]
[1, 1, 1, -9, -42, -6, 15, 15]
[-1, -1, -1, 7, 10, 2, -5, -2]
[-2, -3, -3, 2, -9, 2, 16, 0]
[-3, -2, 4, -3, -1, -7, 1, 0]
[3, 1, 3, 16, 47, -2, -3, -8]
[2, 0, 4, 2, 11, 2, -1, 8]
[-1, -4, -5, -8, -47, -8, -5, -3]
[0, -2, 0, 1, -6, -1, 4, 6]
[3, 1, -3, 4, 5, 1, -5, -6]
[-1, -3, -2, -8, -4, -1, 1, -6]
[2, 0, 1, 3, -3, 5, -5, -3]
[0, 3, 2, 6, 4, 1, 2, 2]
[-6, -4, -4, -9, -42, -4, -8, 0]
[-4, 2, -3, -8, -10, -6, -2, -3]
[-1, 1, 1, 8, 19, 1, 3, 4]
[0, 2, 1, -7, -8, 4, -3, -2]
[1, -2, -1, -9, -27, -9, -7, -4]
[1, -2, -2, 2, 14, 4, 5, 2]
[1, -2, 2, 10, 18, -4, -2, 1]
[1, -4, -2, 1, -11, -4, -4, -4]
[1, -1, -4, 4, 23, 6, 0, 0]
[2, 0, -1, -10, -41, -7, 1, 1]
[0, 2, 1, 2, 13, -1, -15, -3]
[0, 0, 0, 4, 17, 0, 2, 1]
[-2, 2, 1, -10, -32, -6, -5, 0]
[-1, -1, -3, 10, 18, 4, -11, 0]
[-2, 1, -2, 1, 29, 1, 14, -3]
[-2, 1, 2, -4, -27, 2, 0, 0]
[-4, -1, 1, 20, 55, 3, 4, -2]
[-1, -4, -4, -10, -41, -4, -6, -4]
[-3, -1, -6, -24, -36, -11, -5, -2]
[-3, -3, 0, 0, 22, 5, -2, -4]
[-1, -2, 1, -1, 18, 5, -1, -1]
[0, 2, 1, 1, -1, -4, 6, 0]
[0, 1, 2, 10, 14, 3, -2, 1]
[1, -1, -5, -13, -17, -3, 0, 1]
[-3, 0, 0, -2, 4, 0, -1, -2]
[-1, -1, -2, 3, 12, 2, 1, -4]
[0, -2, -3, -4, -20, 2, 0, 0]
[-1, -4, -1, 5, -2, -4, -3, -5]
[2, 1, 1, 3, -4, -2, -1, -3]
[3, 1, 0, -1, 11, -3, 1, 8]
[-2, 1, 2, 6, 38, 10, -1, 2]
[-2, -3, -7, -8, -38, -5, -3, 1]
[-1, -3, -2, 10, -3, -4, 0, -3]
[-3, -2, -3, -13, -51, -5, 3, -3]
[0, 1, 7, 20, 23, -4, -6, -2]
[-1, 0, -2, -28, -19, -2, -4, 4]
[-3, 0, -3, -5, -5, 3, 11, 0]
[3, -4, -1, 8, 24, 8, 0, -2]
[-2, -4, -4, -7, -7, 1, -1, 1]
[-1, 3, 3, 11, 11, -1, -6, 1]
[-1, 0, -2, -4, 0, 0, -4, 0]
[-3, 0, 0, 2, 10, -2, 2, -1]
[-1, 0, -3, -2, -12, -1, 0, 0]
[1, -2, 0, 10, 23, 0, 4, -2]
[-1, -1, -3, -16, -33, -7, -3, -4]
[0, 1, 2, 7, 36, 4, -1, -3]
[-1, -2, -1, 2, 11, 0, -1, 3]
[0, 0, 0, 2, 22, 3, 0, -1]
[1, -2, 1, -7, -80, -5, 0, 1]
[-1, 0, -1, -6, -10, -8, -7, -4]
[2, -1, -1, 3, 5, 0, 3, 1]
[-2, -2, 0, 1, 22, 1, 3, 1]
[-2, -2, -3, -4, -6, 2, -2, -7]
[0, 4, 1, 13, 40, 7, -2, 4]
[2, 0, -4, -6, -32, -1, -1, -1]
[2, -1, -1, -1, -8, -3, 3, 4]
[-2, -1, 2, 3, 19, 1, -13, -7]
[0, 0, 3, -1, 2, 0, -8, 0]
[-2, 0, -3, -11, -29, -9, 0, 0]
[0, -2, 7, 11, 17, 3, 1, -8]
[3, 0, 1, 1, 18, -3, -3, 17]
[-2, -2, 1, 16, 67, 6, 10, -2]
[-1, -1, -1, -9, -34, 2, 2, 2]
[-2, -1, -4, -2, 11, 0, -1, -4]
[-1, 4, 2, 6, 16, -2, 1, -2]
[0, -1, 2, -5, -13, 2, -1, 0]
[1, -1, 3, 19, 15, 1, 1, 0]
[-2, -3, -3, -11, -16, 4, -2, 0]
[-1, -2, -3, -7, 0, 0, 2, -2]
[0, -2, -2, -1, -1, -1, -2, 1]
[0, -2, 0, -4, 0, -5, 1, -4]
[-3, 0, -2, 9, 6, 1, 0, 1]
[0, -1, 1, 2, 37, 1, 3, -1]
[-2, 2, -2, -8, -50, -3, -1, -5]
[0, -3, 0, -9, -46, -2, -1, 8]
[2, -1, -1, -8, -8, -7, -5, 1]
[1, -3, -1, 11, 32, 4, -1, -1]
[-1, -3, -3, 4, -7, -5, 2, 1]
[-4, -3, -3, -13, 7, 0, -3, -5]
[-3, 0, -4, 27, 41, -1, 0, 1]
[-3, 5, 7, -14, -34, 6, 2, -3]
[-2, -2, -4, -39, -39, -17, -3, 3]
[0, -1, -1, 6, 17, 7, -1, -2]
[0, -2, -1, 10, 11, 2, -1, -1]
[-1, -2, -3, 13, 10, -4, 1, -1]
[-2, 1, 0, 8, 4, -2, 1, -2]
[2, 1, 0, -14, 35, 4, 2, 3]
[0, -2, 2, -5, -53, -8, -2, 1]
[-2, -4, -7, -12, -57, -3, 0, -2]
[-2, -1, 2, 13, 17, 4, 0, -1]
[1, 0, -2, 5, 7, -4, -4, -3]
[1, 0, -1, -7, 7, 3, 2, -1]
[-2, -1, -4, -11, -6, -6, -3, -2]
[1, 0, -4, -6, -6, -2, -2, -1]
[-3, 2, 3, 22, 47, 5, 2, 0]
[-2, -1, -1, -9, -13, -1, 1, 1]
[-2, -4, -2, -4, -5, -5, -1, 0]
[3, 0, -7, 0, 2, 2, -4, -1]
[3, 2, 1, 6, 16, 1, -1, 0]
[1, 3, 6, -1, -6, -1, 2, -3]
[-1, -1, -3, -2, 6, -4, -1, -2]
[1, -4, 4, 3, 3, -1, 0, -1]
[-3, -2, -5, -17, -30, -1, 0, 0]
[2, 0, -2, 0, 19, 4, 1, 0]
[-4, -1, 2, 19, 37, 2, -2, -3]
[-4, -2, -6, -11, 7, -9, -4, -1]
[-3, -1, 0, -4, -49, -7, -3, -2]
[0, 1, -4, -35, -59, -4, -5, -1]
[1, -2, 2, 23, 82, 11, 4, 0]
[0, -3, 0, 20, 32, -3, -4, 0]
[1, -4, -5, -13, -62, 0, -1, -1]
[0, -2, -5, -4, 12, -2, -3, 0]
[4, 2, 2, 0, 11, -1, -3, 0]
[-6, -1, 1, 0, -22, 0, -2, -3]
[1, -1, 3, 6, 41, 4, -3, 1]
[-1, -2, -1, -2, 2, 1, 5, 2]
[-2, 2, 2, 1, -17, -1, -2, 0]
[3, -3, 2, 2, 18, 1, 2, -1]
[2, 3, 1, -7, -24, -2, 0, 0]
[2, 1, 0, 13, 45, 4, -1, -1]
[0, 0, -6, 4, 16, -8, -1, 1]
[-2, 1, -2, -18, -28, -3, 1, -1]
[1, 0, 0, 3, 19, -2, 0, -5]
[0, 3, 13, 50, 105, 17, 2, -2]
[0, -2, -2, -18, -80, -1, 0, 2]
[-1, -2, -9, -32, -52, -13, -5, -1]
[3, 2, 5, 19, -2, 6, 3, 2]
[-2, 1, -2, -3, -17, -6, -1, 0]
[-5, -2, 1, 0, -3, 2, 0, -3]
[1, 0, 2, 18, 9, 4, -1, 0]
[1, -3, -2, 2, -4, 2, 3, 0]
[0, 3, 3, 2, 41, 2, 1, 1]
[0, -3, -1, -11, -30, -5, -3, -2]
[-1, -3, -1, -11, 3, 0, 1, -1]
[-1, 1, 0, 0, 12, -1, -2, -1]
[-5, -4, -2, -7, 5, 0, -3, 4]
[-4, -3, -6, -37, -22, -1, 1, -1]
[0, 4, 0, -20, -75, -3, 4, 1]
[3, 4, 3, 27, 103, 13, 3, 2]
[-4, -6, -8, 27, -128, -19, -6, -6]
[1, -2, -8, -44, 78, -6, -4, -2]
[1, -4, -5, -49, -62, -21, -5, -1]
[-2, -3, 2, 58, 88, 19, 1, -1]
[1, 4, 3, -29, -78, -8, -3, -3]
[-1, -1, -2, -36, -91, 3, 3, 9]
[-3, -1, 3, 56, 127, 14, -4, -11]
[-5, -6, -6, -47, -83, -16, -1, 3]
[2, 0, -1, 22, 48, 10, 4, 2]
[1, 1, -1, -10, -20, -7, -2, 4]
[1, 0, -3, 1, 52, 4, -16, -10]
[1, 0, -4, -8, 1, -11, -5, -1]
[-2, 0, 2, -2, -37, -17, -7, -4]
[4, 6, 9, 84, 75, 15, 5, -3]
[-2, 2, -2, -69, -47, 4, 3, 4]
[4, 5, 8, 52, -7, -20, -5, -4]
[-1, 0, -4, -15, -37, -5, -2, 1]
[-6, -4, -2, -18, 23, -2, -4, -8]
[4, 1, -3, 46, 48, 12, 21, 17]
[0, -2, -3, -11, -40, -6, -3, -8]
[-2, -2, -7, -40, 44, 1, 4, -2]
[-1, -1, 1, 3, 30, -1, -1, -4]
[-1, 0, 8, 46, 12, 17, 7, 1]
[-3, -8, -20, -128, -125, -14, -8, -1]
[4, 2, 18, 99, 121, 18, 8, 5]
[-10, -4, -4, -12, -4, -5, -7, -15]
[-4, 0, -3, -18, -25, -24, -4, 10]
[3, 7, 8, -17, -37, -7, 2, 5]
[1, -6, -19, -72, 41, 17, 6, -7]
[3, 3, 12, 71, -4, 9, 16, 5]
[-2, -6, -11, -48, -110, -18, -16, 1]
[2, 5, 18, 121, 114, 19, 1, 3]
[-7, -7, -13, -62, 5, -7, -5, -2]
[-1, -1, -1, -63, -39, -12, 1, -2]
[3, 3, 11, 116, 127, 44, 9, -4]
[-9, -10, -20, -90, -24, -58, -9, -8]
[4, 1, -1, 2, 38, 20, -2, 0]
[-2, -2, 7, 18, -15, -23, -2, 2]
[0, 5, 14, 45, 78, 42, -7, -12]
[5, 5, 12, 96, 96, 49, 17, -2]
[-3, -5, -13, -74, -105, -41, 1, 24]
[-1, -6, -5, 12, 98, -11, -26, -1]
[-6, -3, -13, -113, -119, -48, 7, -17]
[-3, -1, 2, 60, 127, 19, -7, 9]
[-1, 0, 4, 29, 46, 2, 20, -16]
[1, 3, 5, 32, 106, 24, 8, 8]
[2, -2, -4, 15, 20, -3, -7, 39]
[-3, 0, -3, -36, 8, 2, -8, -19]
[0, -2, 1, -27, -128, -20, 3, 0]
[-2, -2, -11, -7, 27, 16, 7, -3]
[-3, -2, -3, -3, 114, 7, 2, -15]
[1, 7, 20, 26, -43, -3, 7, 9]
[-5, -1, 0, -43, -101, -21, -13, 0]
[6, 7, 19, 35, 1, 14, 5, -1]
[-4, -3, -9, -61, -64, 8, -6, -2]
[-5, -6, -16, -23, -128, -37, -7, -1]
[5, 7, 19, 73, 105, 38, -10, 2]
[-3, -4, -10, 0, 1, -13, -3, -10]
[0, 1, -5, -57, -23, -17, -3, -25]
[0, -7, -8, 3, 67, 12, 9, 32]
[2, 0, -2, 6, 2, 6, 7, 1]
[0, -1, -11, -24, -50, -8, 9, 5]
[3, 6, 22, 60, 52, 7, -2, -4]
[-4, -9, -14, -37, -12, -3, -5, -13]
[-3, -3, -14, -57, -78, -6, -12, -4]
[3, 6, 7, 92, 31, -18, -13, 11]
[1, 1, 3, -37, 13, 33, 23, -9]
[-7, -7, -19, -57, -85, -18, -7, -11]
[3, 7, 22, 79, 37, 1, 10, 7]
[0, -7, 0, -22, -41, -6, -22, 8]
[2, 4, -11, -11, -78, -23, 5, 6]
[6, 5, 12, 79, 127, 31, 6, 19]
[-8, -12, -46, -76, -48, -21, -7, -6]
[-12, -8, -3, 32, -85, -2, -5, -15]
[1, 4, 27, 127, 118, 27, 1, 11]
[2, 1, 2, -59, 17, 3, 5, -3]
[-2, -2, 1, 40, 89, 26, 1, -8]
[-2, -4, -15, 4, -11, -5, -2, -8]
[-5, -6, -9, -12, -12, -6, -8, -4]
[5, 5, -3, -4, 8, -6, -3, -6]
[8, 10, 22, 30, 43, 14, 5, 3]
[0, -2, -12, -122, 4, 6, 7, -5]
[-1, -1, 8, 85, 28, -38, -14, 6]
[-2, -16, -22, -48, -85, 24, 42, 12]
[1, 0, 12, -15, -61, -44, -23, -8]
[2, 9, 11, -27, -72, -39, -3, 33]
[-8, -9, -19, -82, 29, 32, -9, -30]
[-4, -8, -23, -34, -27, -42, -13, -6]
[0, 1, 2, 76, 31, 32, 1, 1]
[3, 8, 12, -82, -6, 15, 3, -3]
[-7, -8, -19, -82, -128, -53, -7, 5]
[1, 8, 30, 127, 92, 29, 8, 1]
[4, -3, -6, 15, 33, 23, 2, 1]
[-3, -1, -13, -15, -63, -41, -11, -14]
[2, -4, -4, 54, 89, 24, 7, 3]
[-5, -5, -3, 25, -46, -9, -11, -5]
[-3, -5, -21, -104, -35, 1, 12, 3]
[-4, -4, 7, -2, 72, 5, 2, -6]
[4, 0, -11, 13, -44, -34, -3, 4]
[-2, 6, -7, -99, -104, -24, -23, -15]
