[-4, 4, 49, 127, 118, 65, 5, -1]
[-3, -9, -11, -74, -128, -25, -14, -5]
[9, 7, -7, 12, 62, 63, 44, 38]
[-9, -17, -31, -117, -104, -4, 4, -3]
[-5, 3, -9, -97, -4, -54, -46, -17]
[10, 9, 6, 55, 127, 50, 14, 5]
[-11, -12, 14, 38, -13, -22, -27, -23]
[14, 17, 24, 35, 125, 58, 25, 21]
[0, -2, 10, 77, 73, -27, -10, -5]
[-6, -8, -7, 107, 42, 79, 8, -4]
[7, 12, -3, -85, 78, -27, 5, 4]
[2, 10, 11, 5, 38, -41, -24, -4]
[3, 8, 28, 14, -96, 28, 7, 1]
[6, 4, 3, -4, 1, -2, 6, 7]
[2, 9, 38, 127, 87, 32, 5, -7]
[1, 0, 22, 63, 127, 31, 6, 0]
[5, 6, 37, 31, 7, 20, 6, 6]
[5, 0, -1, 43, 93, 61, 24, 6]
[-7, -12, -25, -103, -128, -33, -6, -9]
[7, 3, 5, 99, 58, 25, 5, 20]
[-1, -7, -27, -94, 103, -27, 26, 3]
[-4, 0, 0, -29, -23, -62, -67, -2]
[5, 4, 6, -17, 79, 54, 21, -1]
[-5, 1, 10, 26, 41, 41, -15, -40]
[-3, -23, -49, -75, -30, -19, 7, 35]
[4, -7, -43, -73, 112, 91, 33, 3]
[4, 22, 78, 44, -76, -82, -25, 11]
[0, -13, -22, -53, -63, 27, 3, 1]
[8, 1, -22, -54, -79, 2, -2, -1]
[-10, -3, 9, 36, -55, -83, -11, -15]
[-6, -15, -12, -6, 51, -15, -8, -5]
[16, 24, 27, -51, -4, 34, 18, 14]
[-18, -20, -41, -91, -32, -122, -22, -22]
[0, -3, -16, 3, -99, -47, -9, 5]
[5, -3, -24, 4, 71, -13, 23, 10]
[-14, -20, -12, 20, -95, -72, -36, -22]
[9, 7, 1, 54, 127, 79, 12, 5]
[-1, 7, 13, -47, -57, -34, 10, 2]
[-1, 1, -9, -48, -81, -3, -16, 0]
[4, 9, 17, 31, -25, -6, 15, -9]
[7, 14, 23, 91, 76, 6, -31, 18]
[-8, -6, 4, 39, 8, -41, 2, -30]
[-3, -6, -24, -67, -114, 45, 7, -2]
[-16, -17, -35, -128, -67, 7, -1, -6]
[3, 11, 32, 33, -128, -10, 3, -13]
[-3, -5, -26, -70, 78, 65, 2, 5]
[-13, -9, 16, 77, -6, -73, -30, -13]
[5, 7, 13, 12, -5, -1, 4, 5]
[-7, -10, -26, -82, 69, 42, 7, -7]
[9, 10, 31, 86, 45, 56, 10, 11]
[-3, -3, -8, -1, -35, -19, 0, -3]
[7, 15, 20, 58, 59, 27, 3, 15]
[-10, -5, -2, -17, -71, -8, 13, -5]
[2, 2, -4, 37, -47, -49, 5, 4]
[-1, -2, -13, -8, 71, 15, -2, -6]
[1, 13, 22, 4, -33, -9, -8, 5]
[3, -1, -4, 55, -28, 49, -4, 6]
[3, 0, -4, -61, -19, 47, 13, -13]
[2, 7, 22, -43, -107, -34, 5, 16]
[0, -9, -19, -4, 10, 13, -20, -3]
[0, 4, 11, 36, 50, 20, 14, 3]
[-4, -10, -20, -31, -49, -26, -4, -4]
[3, 2, 10, 42, 8, -12, -8, -4]
[2, -5, -13, -13, 3, 16, 9, 4]
[0, 0, 1, -4, -13, -1, -3, -6]
[-1, -3, 11, 21, 45, -35, -11, 0]
[-4, 1, -20, 21, 72, 25, 3, -3]
[-7, -3, -4, -59, -52, -53, -9, -5]
[0, -7, -8, -16, -115, -22, -4, -5]
[0, 7, 13, 4, -10, -21, -1, 6]
[1, -2, -2, -18, 24, -21, -8, -4]
[0, 0, -9, -18, -14, -3, -4, 1]
[-1, -3, 0, 27, 39, 16, 6, 4]
[-5, -1, -4, -6, 52, -5, 4, 0]
[-4, -2, -2, -31, -93, -9, -6, -8]
[6, -1, 4, 29, 5, -1, 7, 6]
[0, 2, 3, 0, 2, 4, 2, -1]
[0, 0, 5, 13, -14, -11, -11, -4]
[2, -1, -7, -8, 0, 5, 9, 10]
[2, -5, -3, 12, 15, 10, -2, -3]
[3, 2, 3, 5, 17, 7, 4, 4]
[-3, -1, 1, -12, -23, -10, -10, -15]
[0, 1, -5, 12, 3, 11, 0, -1]
[-5, -1, 0, -15, 13, 4, -1, 1]
[-16, -1, 3, 6, 73, 5, 8, -2]
[22, 6, 15, 99, 92, 13, 12, 10]
[-1, -6, -16, -37, -1, -12, -6, -7]
[1, 1, -3, 13, 53, 0, 3, 1]
[1, 0, -1, -5, 3, 0, -7, -5]
[-6, -4, 5, 4, -14, 9, -3, -2]
[5, 1, 1, -11, -9, 23, 0, -1]
[2, -6, -3, 23, -9, -2, -3, 5]
[0, -1, -6, -21, 8, 7, -5, -6]
[-4, -3, -5, -17, -52, -10, -1, 11]
[3, 0, -1, -2, -30, 12, 2, -10]
[-6, 2, 4, 9, -7, -27, -4, -7]
[3, 3, -2, -10, -45, -19, 2, 6]
[-5, -3, -1, 6, 26, 1, -13, -18]
[0, -1, -3, 18, 53, 15, 5, 19]
[-3, -4, -2, 4, 12, -8, 5, -5]
[2, 1, -1, -11, -29, -19, -2, -4]
[-3, 0, -1, -16, -29, 4, 5, -1]
[-1, 0, 3, 19, 4, 13, -5, -3]
[-1, -2, -3, 10, 12, 0, 13, -7]
[-3, 1, 2, 16, -1, -18, -3, 3]
[6, -1, -8, -24, -25, -3, 6, 23]
[-3, -3, -3, -24, -4, 7, -5, -6]
[0, -1, -2, 19, 9, 2, -3, -2]
[-1, -5, -7, -30, -42, -27, -7, -9]
[-5, -1, 4, -11, -29, 0, -14, -4]
[-5, -5, -3, -5, 12, 5, 16, 15]
[-4, -3, -6, -16, 7, -6, 6, 8]
[-1, 3, 4, 27, -42, -19, -29, -15]
[-3, 1, 5, 8, 43, 3, -2, -4]
[5, 1, 0, -10, -45, -6, -4, 0]
[-15, -1, -3, -2, 5, -14, -19, -14]
[4, 3, 4, 17, 14, -2, 15, 7]
[-1, -2, -1, -31, -22, 4, 4, 2]
[0, -3, -6, 22, 20, 10, -5, 3]
[-3, -3, 3, 7, 4, -2, 1, -1]
[-1, -1, 6, 2, 20, 2, -3, 0]
[-6, 0, 3, -4, 5, 7, 1, -5]
[-1, -4, 0, -18, -47, 7, 2, -1]
[2, 1, 1, 11, 52, 4, -1, 3]
[-7, -7, -3, -26, -72, -5, -3, -3]
[-2, -5, -11, -9, 6, 0, -3, -5]
[4, 3, 10, 1, 18, 5, 2, -4]
[-4, -2, 0, 13, 26, 5, 4, 5]
[6, -1, 0, -11, 15, 0, 1, 3]
[-4, 0, 4, 23, 11, 4, 4, -2]
[-2, -1, -3, -6, 8, 8, 0, 8]
[7, 0, -3, -9, -19, -3, -6, -9]
[3, 1, 1, 23, 67, 4, 3, 8]
[0, -2, -7, -14, -63, -6, -4, -2]
[-1, 3, 1, 4, 8, 5, 0, 3]
[3, -1, -2, -16, -32, -6, -16, -9]
[-1, 1, -1, 29, 23, -1, -2, -3]
[-1, 3, 4, 13, 2, 1, 3, -1]
[-3, -1, -5, -8, -18, -3, -4, -5]
[0, 2, 2, 19, 2, 3, 3, 4]
[1, 0, -3, -2, 32, 1, 3, -4]
[1, -1, 4, 12, 18, 2, -2, -1]
[-1, -6, -7, -52, -79, -19, -3, -5]
[2, -1, -3, -26, 3, 0, 3, 0]
[1, -2, -6, -23, -90, -15, 2, 0]
[0, -2, -1, -2, 8, 5, 7, 15]
[-1, -1, 4, 9, 41, 10, -5, -5]
[0, -3, -2, -9, -12, -5, 0, 1]
[-2, -1, 2, 1, 7, 0, -2, -1]
[-2, -3, -1, -10, 9, -1, -11, -5]
[-5, 1, -3, 14, 3, 2, 15, -19]
[3, -2, 0, -6, -4, 0, 9, 17]
[1, -1, -1, 10, 19, 6, 4, 0]
[1, 1, 0, -11, -23, -6, -19, -7]
[3, 2, 0, 5, 20, 3, -4, 1]
[0, 1, -5, 1, -18, -5, 1, -7]
[-2, 1, -2, -2, 14, -4, -1, 1]
[3, 0, -4, -8, -50, -6, 7, 3]
[1, -1, -6, 27, 110, 5, -4, -5]
[-1, 1, 1, -30, -102, -9, -3, 0]
[-3, -1, -1, 3, 34, -1, -2, -1]
[-2, 1, 2, -14, -41, -7, 1, -5]
[-3, 1, 3, 7, -1, 4, 5, 7]
[0, -1, -1, 6, 17, 1, 2, 1]
[-4, -3, 2, -4, 10, 1, -4, -3]
[-3, -2, -1, -4, -2, 5, 6, -1]
[0, -1, 1, 17, 4, 0, -4, 0]
[2, -5, -8, -1, 10, -2, -3, -1]
[2, 0, 1, 11, 4, 0, 2, -3]
[-1, -3, -2, 4, 27, 6, -3, -11]
[-1, 0, 0, -3, -32, 2, 11, 22]
[-1, 1, 2, -1, 8, 1, -4, -12]
[-1, 1, -6, -9, -7, -4, 5, 12]
[-2, 1, 1, 6, -9, -7, -12, -4]
[1, -1, 0, -4, -26, -4, -5, -3]
[2, 1, 1, 18, 50, 7, 2, -1]
[2, 0, 1, -1, -69, 1, -1, -3]
[2, 0, -2, -18, -6, -2, 7, 3]
[-2, -2, 0, 3, 8, -3, -4, 0]
[-1, -4, -4, -11, 11, 2, 0, 1]
[0, 0, -1, 10, -4, -1, -5, -6]
[-2, -2, 2, 0, 10, 3, 6, 5]
[1, -1, -1, -4, -15, -2, -3, -3]
[0, 1, 6, 15, 39, 5, 2, 1]
[-4, -5, -1, -6, -4, -5, -3, -2]
[-3, -1, -3, 3, 8, 3, 3, 1]
[2, 2, -1, -13, -7, 2, 15, 4]
[2, 0, 0, -1, 4, -1, -3, -2]
[3, 1, 1, -1, -8, -1, 1, -1]
[1, 2, -5, 1, 6, -3, -1, -3]
[-2, -2, 1, -1, -7, -2, -8, -2]
[-4, 0, 3, 7, 21, 1, 6, 2]
[-2, -2, -3, -10, -23, -4, -4, -6]
[1, -1, 0, 1, -20, 0, 3, 2]
[2, 0, -3, 5, 0, 2, -4, 0]
[2, -3, -3, 8, -2, -1, -2, 1]
[-1, -3, -1, 9, 49, 4, 0, -2]
[0, -1, 0, -11, -23, 6, 7, 2]
[2, -1, 0, -8, -33, -13, -19, -6]
[-3, 0, -3, -19, -34, -5, -1, -2]
[-4, -2, -1, 10, 15, -1, 2, -9]
[2, 2, 5, 4, 6, -2, -4, -1]
[0, -1, -2, 3, 34, 4, 5, 3]
[-1, 0, -3, -5, -19, -3, -1, -2]
[-2, 0, -2, -6, 23, 2, 1, 1]
[-2, -2, -2, 7, 21, 1, 0, -7]
[-4, 2, 0, -10, -29, 0, -2, -2]
[0, 1, 0, 6, -3, -1, 3, 4]
[-1, 0, 0, -12, -23, -2, 0, -3]
[-1, -1, 0, 9, 29, 0, -2, 0]
[-2, -1, -1, 14, 14, 1, -3, -2]
[-1, 1, -2, -6, -16, 1, -1, -1]
[0, 1, 2, -4, -11, -2, 0, 2]
[-4, -3, -2, 0, 4, -5, -3, 0]
[2, -1, -2, 7, 23, 5, 2, 0]
[-2, 0, 4, -11, -60, -5, -1, -4]
[-2, -3, -1, -2, 13, 0, -6, -8]
[-1, -5, -4, 0, -3, -2, 6, 14]
[-2, -2, 0, 6, 5, 2, 0, -5]
[-1, -1, -3, -6, 10, 1, -2, 2]
[0, 1, -1, 5, 14, 2, 6, 2]
[-1, 0, -4, -12, 4, -1, -12, -4]
[2, 1, 1, 5, 1, 1, 3, 0]
[1, -4, 1, -2, 15, -2, -1, 1]
[-1, 0, 0, 3, -17, 0, 7, 5]
[-1, 4, 4, 14, 42, -2, -7, -3]
[-4, -2, -5, -27, -55, 0, -2, -2]
[-3, -2, -3, -4, -4, -7, -6, -10]
[2, -1, -1, -10, 7, 2, 3, 14]
[0, 1, 3, 27, -8, -3, 4, 0]
[0, 1, -2, -10, 10, -2, 1, -1]
[1, 1, -4, 1, -6, -2, -3, 0]
[2, 1, 8, 0, -4, -1, 2, -1]
[0, -1, -1, -7, 20, 1, 3, 0]
[1, -2, 3, 14, -5, -4, -4, 0]
[-2, -3, -3, -19, -66, 0, 2, -1]
[-3, -2, -2, 2, 12, -3, -4, -4]
[-2, 1, -2, -8, -21, 0, 3, -2]
[-1, -1, 1, 9, 28, 1, 3, -4]
[1, 0, -3, 5, 25, 2, -2, 3]
[-1, 2, 0, 6, -2, 0, -4, -10]
[-3, -2, -2, -11, -10, -4, 3, 13]
[4, 1, 1, 3, 22, 2, -1, 1]
[-1, -2, 2, 10, 26, 2, -2, -2]
[-1, 0, -1, -1, -6, -3, -2, 2]
[-1, -1, -5, -11, -45, -2, -6, -6]
[-1, 0, 2, 0, -1, -3, 14, 2]
[-1, -1, 0, 4, -3, 2, 0, -3]
[-1, 1, 5, 4, 15, 1, 2, -1]
[2, 2, 4, 22, 21, 5, -8, -6]
[-1, -5, -8, -28, -39, 0, -5, -2]
[1, -1, -1, 1, -5, -2, -2, 0]
[-5, -1, -4, -8, -9, 0, -5, -1]
[-2, 3, 2, 7, 6, -1, 5, -3]
[-2, 0, -1, -7, -16, -6, -2, 1]
[0, 1, -5, 1, 18, -1, 7, 6]
[0, -3, -5, -5, -9, -5, -23, -10]
[1, -2, 0, -9, -5, 2, 3, -3]
[1, -1, 0, 7, 5, -1, -3, 2]
[1, 0, 0, 7, 51, 3, 0, 0]
[-2, -3, 2, 0, -9, -2, 1, 0]
[-1, -4, -1, 2, -17, -2, 3, -1]
[2, -3, -5, -18, -8, -6, -3, -2]
[2, 1, 3, 17, 17, 1, 3, 2]
[1, 1, -1, 1, -14, 6, 4, 0]
[0, 0, 0, 2, 52, 0, 2, -1]
[0, 0, 3, 15, 2, 4, 1, 1]
[-1, -1, -3, -25, -76, -4, -1, -1]
[-1, -1, -4, -3, 11, -5, -1, -2]
[-2, -2, -4, -10, -12, 0, -2, 1]
[-3, 1, 0, 12, 26, 3, -3, 0]
[1, 0, 5, 7, 21, 3, -1, -1]
[-2, -3, -4, -1, -9, -1, 2, -1]
[-1, -1, -3, -5, -5, -2, -1, -3]
[1, 0, -2, 1, 5, 0, -2, -2]
[0, 2, 4, 2, 3, 1, -3, -1]
[2, -2, -3, -10, -19, -2, 1, 1]
[0, 0, 0, 5, 8, -3, -5, -8]
[2, 0, 2, 3, 19, 5, 9, 10]
[0, 1, 4, 10, -14, -2, -12, 0]
[-1, 0, 0, 2, 20, -2, -6, 0]
[-4, -6, -3, -1, -4, 1, 1, -1]
[-1, -3, -1, -14, 0, -2, -2, -6]
[-2, -4, -7, 5, -24, -1, 1, -3]
[-1, 1, -1, -26, -40, -7, 0, 1]
[0, 1, 0, 5, 20, 5, 1, -1]
[0, 3, 7, 21, 26, 4, 1, 1]
[-1, 0, 0, -11, -34, -6, -1, 1]
[-1, -2, -3, 9, -1, -1, -1, -4]
[-1, -1, 0, -9, 10, 1, 3, 3]
[-2, -2, -2, -7, -20, -3, 0, -1]
[2, -1, -3, 3, 27, 4, 5, 1]
[-1, -4, -3, -1, 3, -2, 3, -3]
[2, 0, -2, -5, -20, -4, -1, 1]
[2, 2, 1, 2, -3, 0, -3, -3]
[2, 1, 2, -1, 10, 0, 3, -1]
[2, 2, 0, 18, 58, 4, 3, 1]
[-2, -2, -3, -26, -75, -7, -4, -1]
[-3, 0, -2, -7, -22, -1, -5, -2]
[1, 0, 2, 2, 37, 4, 3, 2]
[0, 0, 3, 26, 3, 2, 2, -2]
[-2, 1, 2, -14, 25, 1, 0, -1]
[-1, -2, -3, 9, 44, 1, -1, -2]
[-2, 0, -1, -8, 4, 1, 1, -1]
[-1, 1, 6, 1, -11, -1, -1, 3]
[-2, -1, 5, 22, 6, 2, 0, 0]
[-2, -5, -5, -23, 4, -1, -2, -1]
[-2, 1, -4, -13, -20, -2, -4, -1]
[1, 0, 0, 12, 21, 0, 3, 0]
[-4, 1, -1, -5, -12, -4, -3, -6]
[1, 1, 3, 14, 13, 3, 1, 3]
[-1, -3, -5, -20, -5, -2, 0, 0]
[-2, -1, -2, -10, -12, 0, 0, 1]
[1, -1, -1, 15, -13, -7, -1, 0]
[0, -1, 0, 25, 32, 5, 2, -3]
[0, -1, -2, -25, -82, -10, -3, -5]
[2, 0, -3, -22, -5, -5, 2, -1]
[0, -3, 0, 8, 2, 4, 0, 2]
[3, 4, 7, 46, 56, 10, 2, 2]
[0, -1, -2, 0, -25, -6, 0, 1]
[-6, -3, -1, 0, -9, 3, -2, -4]
[1, 0, -3, -11, -8, -2, 0, 0]
[0, -3, -4, -13, -1, 2, -4, 0]
[-1, -3, 1, 34, 101, 3, 0, 0]
[-2, 3, -2, -33, -87, 0, 3, -1]
[0, -6, 3, 54, 102, 1, -14, -6]
[-4, 0, -1, -11, 5, -1, -1, -1]
[-4, -3, -7, -40, -53, -4, -3, -2]
[-3, -2, -5, -14, -39, -6, 0, -1]
[1, -2, -9, -26, -87, -10, 1, -3]
[2, 1, 3, 2, 49, 3, -1, -1]
[0, 1, 11, 66, 76, 14, 5, 1]
[1, -2, -7, -15, -30, -9, -4, -2]
[0, -1, -4, -43, -94, -9, 2, 3]
[0, 0, 10, 71, 46, 8, 3, 0]
[-3, -3, -14, -98, -32, -10, -1, -1]
[1, 1, 4, 55, 77, 5, 1, -2]
[0, 2, 3, -3, 92, 4, 4, 0]
[-2, -3, 1, -16, -85, 5, -2, -4]
[0, -4, 3, 40, 28, -1, -3, 0]
[-5, -2, -10, -45, 94, -2, -6, -1]
[2, 8, 6, -12, -40, 1, 5, 4]
[0, -4, 1, 17, 16, 5, 6, 5]
[-8, -2, -4, -98, -96, -5, -1, -4]
[1, -11, 3, 90, 88, 11, 3, 1]
[2, 13, -4, -2, -42, -3, -1, -2]
[4, 5, -3, -15, 33, -3, 3, -1]
[1, 0, 4, -16, -10, 5, -7, -2]
[-4, -5, 0, 25, 12, -6, -6, -2]
[-2, -5, 2, 2, 48, 0, -4, -2]
[5, 3, 4, 68, 61, 16, 7, 6]
[-1, -8, -20, -26, -24, -23, -4, -2]
[-2, 2, 1, -26, -88, -17, -6, -3]
[3, -1, 3, -7, 57, 4, 3, 2]
[2, 2, -3, 17, -26, 3, -2, 2]
[3, 3, 6, 71, 127, 10, 3, -6]
[0, 3, 5, -33, 53, 43, 8, 7]
[-3, -9, -8, -7, -55, -44, -7, -2]
[-2, -3, 1, -54, -74, 39, -1, -11]
[-3, -4, 7, 77, 100, -10, -3, 9]
[-15, -24, -29, -92, -128, -60, 3, -13]
[10, 18, 5, 22, 127, 23, 3, -8]
[-2, 1, -4, -43, -4, -10, 11, 6]
[5, 11, 9, 72, -60, 5, -6, -9]
[-2, 0, -7, -24, 30, -6, -7, 0]
[-3, -2, 13, 66, 95, 20, 2, 6]
[-4, -5, -16, -53, -128, -44, -12, -10]
[4, 8, 10, 26, 100, 31, 6, 7]
[9, 10, 15, 36, -61, 29, 14, 9]
[-7, -11, -20, -39, -51, -60, -7, -7]
[0, -3, -2, -18, 100, 7, -7, 0]
[-8, -8, -3, 24, 8, -20, -6, -4]
[0, -3, -2, -18, 100, 7, -7, 0]
[-8, -8, -3, 24, 8, -20, -6, -4]
[0, 0, 10, 71, 46, 8, 3, 0]
[-3, -3, -14, -98, -32, -10, -1, -1]
[1, 1, 4, 55, 77, 5, 1, -2]
[0, 2, 3, -3, 92, 4, 4, 0]
[6, 12, 12, 45, 85, 62, 10, 9]
[-5, 0, 6, -10, -105, -20, -2, -7]
[-6, -6, -8, -18, 6, -37, -12, -6]
[3, 0, 0, 10, 43, 25, 19, 17]
[-3, -5, -13, -61, -56, -3, -11, -7]
[-10, -13, -24, -57, -91, -50, -15, -7]
[-7, -1, 6, 8, 40, 39, -9, -13]
[2, -1, -12, 9, -46, -10, 14, 16]
[-4, 0, 10, 39, 38, 26, 1, -6]
[-1, -5, -16, -79, -30, 28, -4, 4]
[7, 7, 16, 96, 45, -13, 1, 5]
[-2, 0, 4, -9, 20, 2, -4, -8]
[4, 2, 3, 65, 127, 60, 18, 6]
[-4, -8, -14, -27, -44, -39, -12, -6]
[9, 7, 17, 39, 9, 68, 24, 11]
[1, 3, 1, -45, -89, -31, -9, -5]
[5, 2, 6, 49, 60, 7, 14, 9]
[-8, -10, -12, -63, -86, 20, 1, -3]
[1, 2, 4, -44, -77, -78, -9, 0]
[-8, -5, -2, 35, 32, -54, -10, -8]
[-4, -3, -1, -53, 18, -64, -15, -5]
[10, 13, 23, 102, 127, 108, 20, 8]
[-12, -18, -54, -44, -128, -56, -18, -9]
[19, 22, 38, -48, 71, 77, 33, 18]
[4, 7, 6, -7, -128, -122, -36, -9]
[-10, -8, 8, 57, 58, -58, -16, -10]
[1, -5, -11, 3, -33, 9, 0, 3]
[4, 1, -13, 1, 4, 89, 18, 7]
[2, 4, -3, -41, 24, 80, 17, 2]
[7, 13, 33, -30, -51, -34, -10, 9]
[-3, -1, 18, 76, 114, -4, -1, -1]
[-4, -10, -9, 52, -7, -48, -18, -19]
[-6, -14, -25, -73, -77, -11, -19, 0]
[-2, -11, -36, 1, 37, 32, 12, 3]
[-10, -7, -7, -58, -73, -14, -12, -8]
[8, 20, 68, 98, 3, 30, 9, 11]
[0, 5, 11, 15, 113, -2, 1, -2]
[-4, -5, -16, -93, -9, -71, -14, -8]
[-4, -8, -27, -38, -27, 18, -10, -7]
[4, 7, 28, 7, 49, 90, 24, 2]
[-2, -5, -24, -51, -84, -90, -20, -8]
[3, 6, 24, 33, -31, -50, 2, 11]
[23, 17, 16, 1, 117, 77, 35, 19]
[-22, -33, -41, -95, -80, -57, -24, -9]
[3, -2, 2, -15, -59, -63, -19, 2]
[19, 31, 26, 84, 127, 124, 20, 7]
[-8, -11, -17, -79, -55, -39, -15, -7]
[-11, -8, -11, 26, 14, 7, -33, -12]
[-9, -5, 27, 101, 55, 52, 21, 8]
[-1, -3, -36, -76, 32, 2, -10, -16]
[-1, 6, 5, 63, -32, 11, -4, -2]
[8, 5, 3, -65, 24, -17, -16, -15]
[-14, -4, 16, 65, 7, -29, -18, -11]
[-6, -11, -3, -43, -72, -7, 13, 6]
[10, -1, -29, -42, -28, 16, 15, 9]
[11, 4, -16, 22, -2, -80, 10, 12]
[3, -1, -20, 44, 90, 6, -7, -11]
[3, 10, 55, -32, -107, -64, -13, -4]
[4, 6, 20, -26, 58, 31, 8, 5]
[-4, -2, -15, -63, -4, 46, 11, 5]
[-4, -8, -36, 8, 114, 48, 3, -5]
[-13, -11, -15, 76, 82, 14, -10, -9]
[-4, -2, -13, -85, -84, 23, -1, -12]
[-13, -11, -20, -76, -80, -102, -7, 10]
[4, 5, 9, 1, 24, -1, 4, 8]
[-9, -18, -1, 55, 57, -27, -7, -17]
[14, 17, 31, 107, 127, 52, 34, 22]
[0, -8, -37, -58, -81, 53, 32, -2]
