107.0
107.0
106.0
106.0
105.0
105.0
104.0
104.0
103.0
103.0
101.0
97.0
90.0
85.0
99.0
101.0
98.0
95.0
100.0
99.0
92.0
86.0
85.0
89.0
89.0
84.0
83.0
83.0
82.0
76.0
70.0
72.0
67.0
62.0
58.0
53.0
52.0
54.0
56.0
59.0
57.0
53.0
49.0
47.0
45.0
43.0
42.0
40.0
45.0
47.0
45.0
57.0
54.0
53.0
52.0
49.0
45.0
43.0
41.0
41.0
39.0
48.0
76.0
77.0
72.0
67.0
64.0
59.0
58.0
59.0
58.0
54.0
52.0
52.0
56.0
54.0
62.0
61.0
57.0
58.0
55.0
51.0
48.0
46.0
45.0
54.0
59.0
59.0
55.0
51.0
48.0
46.0
43.0
42.0
41.0
40.0
42.0
49.0
54.0
51.0
51.0
49.0
49.0
60.0
69.0
65.0
61.0
57.0
53.0
48.0
48.0
52.0
49.0
51.0
51.0
54.0
50.0
47.0
44.0
49.0
48.0
45.0
42.0
42.0
40.0
40.0
40.0
37.0
35.0
33.0
33.0
33.0
36.0
36.0
39.0
39.0
37.0
35.0
35.0
35.0
33.0
31.0
33.0
32.0
36.0
35.0
36.0
38.0
37.0
37.0
42.0
41.0
40.0
38.0
36.0
40.0
38.0
37.0
36.0
47.0
60.0
60.0
63.0
65.0
63.0
59.0
56.0
52.0
50.0
47.0
55.0
63.0
63.0
59.0
57.0
60.0
55.0
51.0
47.0
49.0
53.0
52.0
50.0
55.0
60.0
55.0
61.0
59.0
56.0
51.0
54.0
58.0
61.0
63.0
75.0
69.0
64.0
61.0
62.0
58.0
74.0
82.0
98.0
106.0
109.0
119.0
121.0
122.0
135.0
124.0
125.0
125.0
146.0
177.0
212.0
208.0
247.0
232.0
234.0
275.0
323.0
321.0
342.0
343.0
362.0
326.0
349.0
372.0
363.0
381.0
382.0
385.0
388.0
379.0
371.0
425.0
427.0
425.0
445.0
433.0
457.0
497.0
486.0
485.0
474.0
490.0
481.0
624.0
671.0
643.0
610.0
669.0
656.0
639.0
635.0
657.0
756.0
740.0
792.0
765.0
800.0
807.0
791.0
747.0
730.0
719.0
687.0
675.0
637.0
688.0
658.0
606.0
629.0
672.0
668.0
635.0
615.0
591.0
546.0
538.0
512.0
519.0
554.0
516.0
496.0
490.0
451.0
415.0
379.0
380.0
373.0
333.0
309.0
293.0
276.0
246.0
232.0
275.0
249.0
228.0
207.0
187.0
169.0
164.0
165.0
189.0
183.0
187.0
184.0
164.0
147.0
133.0
127.0
137.0
137.0
126.0
124.0
114.0
117.0
109.0
98.0
94.0
88.0
81.0
77.0
92.0
92.0
112.0
109.0
101.0
99.0
92.0
90.0
89.0
82.0
83.0
84.0
90.0
92.0
88.0
84.0
90.0
88.0
86.0
81.0
77.0
89.0
87.0
80.0
84.0
84.0
83.0
78.0
78.0
85.0
90.0
84.0
80.0
75.0
79.0
77.0
78.0
75.0
69.0
71.0
67.0
71.0
74.0
73.0
67.0
63.0
66.0
62.0
60.0
56.0
54.0
58.0
58.0
60.0
59.0
66.0
63.0
63.0
87.0
79.0
73.0
70.0
65.0
66.0
62.0
57.0
60.0
59.0
59.0
58.0
60.0
55.0
60.0
57.0
56.0
60.0
63.0
58.0
53.0
52.0
49.0
46.0
61.0
57.0
68.0
62.0
58.0
55.0
50.0
48.0
45.0
50.0
52.0
51.0
48.0
45.0
47.0
45.0
42.0
39.0
38.0
48.0
47.0
43.0
42.0
47.0
44.0
45.0
53.0
59.0
55.0
53.0
50.0
46.0
43.0
40.0
38.0
37.0
45.0
51.0
48.0
51.0
49.0
46.0
43.0
42.0
40.0
45.0
42.0
40.0
38.0
36.0
39.0
42.0
42.0
40.0
42.0
42.0
39.0
37.0
35.0
34.0
41.0
43.0
41.0
39.0
39.0
47.0
55.0
55.0
51.0
47.0
44.0
42.0
41.0
38.0
36.0
37.0
35.0
33.0
31.0
29.0
28.0
26.0
26.0
26.0
32.0
33.0
45.0
57.0
52.0
48.0
44.0
42.0
41.0
38.0
36.0
39.0
39.0
40.0
39.0
37.0
35.0
34.0
34.0
32.0
33.0
33.0
31.0
30.0
37.0
39.0
36.0
37.0
45.0
49.0
71.0
65.0
63.0
59.0
58.0
54.0
52.0
60.0
72.0
86.0
108.0
120.0
131.0
137.0
124.0
112.0
122.0
142.0
147.0
154.0
153.0
157.0
186.0
223.0
235.0
237.0
267.0
283.0
316.0
343.0
349.0
391.0
426.0
432.0
415.0
406.0
379.0
412.0
465.0
461.0
474.0
497.0
490.0
536.0
574.0
602.0
566.0
575.0
583.0
574.0
615.0
693.0
658.0
645.0
612.0
620.0
591.0
647.0
669.0
720.0
663.0
608.0
604.0
580.0
558.0
559.0
520.0
553.0
528.0
541.0
508.0
507.0
521.0
535.0
484.0
456.0
442.0
460.0
422.0
412.0
392.0
362.0
337.0
322.0
309.0
353.0
350.0
338.0
323.0
302.0
283.0
262.0
239.0
240.0
247.0
240.0
225.0
210.0
191.0
174.0
173.0
163.0
150.0
154.0
157.0
158.0
143.0
129.0
119.0
124.0
127.0
116.0
106.0
105.0
113.0
114.0
107.0
113.0
110.0
101.0
105.0
102.0
100.0
111.0
109.0
111.0
115.0
108.0
97.0
91.0
84.0
89.0
90.0
100.0
96.0
101.0
104.0
96.0
89.0
86.0
79.0
72.0
68.0
65.0
68.0
65.0
76.0
73.0
70.0
68.0
63.0
74.0
68.0
67.0
64.0
61.0
57.0
59.0
61.0
67.0
66.0
65.0
67.0
64.0
60.0
58.0
64.0
58.0
58.0
57.0
60.0
64.0
61.0
56.0
51.0
48.0
56.0
58.0
56.0
72.0
81.0
77.0
72.0
67.0
66.0
67.0
63.0
69.0
64.0
59.0
56.0
53.0
49.0
45.0
47.0
55.0
51.0
48.0
44.0
49.0
46.0
42.0
48.0
53.0
56.0
55.0
51.0
48.0
45.0
42.0
41.0
47.0
45.0
43.0
44.0
41.0
42.0
48.0
49.0
47.0
44.0
45.0
49.0
46.0
44.0
47.0
56.0
52.0
48.0
47.0
44.0
41.0
40.0
44.0
60.0
57.0
55.0
54.0
59.0
57.0
63.0
62.0
57.0
54.0
70.0
77.0
74.0
69.0
64.0
60.0
58.0
64.0
71.0
67.0
67.0
66.0
62.0
58.0
54.0
50.0
47.0
45.0
41.0
44.0
43.0
46.0
44.0
41.0
38.0
36.0
38.0
37.0
35.0
39.0
37.0
37.0
36.0
35.0
32.0
37.0
46.0
47.0
49.0
50.0
61.0
77.0
89.0
99.0
91.0
89.0
122.0
141.0
143.0
180.0
179.0
214.0
232.0
246.0
265.0
309.0
319.0
335.0
358.0
388.0
415.0
431.0
417.0
431.0
455.0
447.0
429.0
438.0
455.0
453.0
489.0
502.0
511.0
546.0
666.0
689.0
676.0
703.0
722.0
676.0
634.0
655.0
664.0
681.0
677.0
661.0
630.0
642.0
629.0
607.0
589.0
601.0
608.0
587.0
577.0
568.0
585.0
602.0
589.0
565.0
595.0
578.0
590.0
594.0
584.0
557.0
547.0
512.0
496.0
492.0
491.0
470.0
450.0
432.0
407.0
410.0
401.0
403.0
385.0
357.0
340.0
318.0
307.0
296.0
295.0
297.0
274.0
251.0
258.0
238.0
220.0
209.0
190.0
176.0
161.0
171.0
176.0
165.0
162.0
148.0
133.0
120.0
107.0
121.0
138.0
138.0
128.0
125.0
120.0
130.0
120.0
110.0
113.0
111.0
104.0
108.0
106.0
108.0
101.0
97.0
94.0
89.0
99.0
106.0
103.0
101.0
94.0
88.0
99.0
98.0
93.0
95.0
98.0
90.0
95.0
97.0
92.0
92.0
89.0
89.0
91.0
95.0
98.0
97.0
89.0
89.0
106.0
100.0
107.0
99.0
99.0
97.0
96.0
96.0
93.0
90.0
83.0
84.0
94.0
91.0
99.0
99.0
110.0
111.0
102.0
99.0
95.0
99.0
95.0
102.0
95.0
89.0
85.0
78.0
77.0
73.0
78.0
77.0
77.0
77.0
85.0
85.0
78.0
74.0
71.0
66.0
75.0
69.0
70.0
67.0
67.0
73.0
89.0
83.0
76.0
78.0
80.0
80.0
79.0
75.0
73.0
66.0
62.0
65.0
70.0
74.0
71.0
76.0
73.0
69.0
64.0
60.0
56.0
55.0
55.0
57.0
60.0
67.0
65.0
64.0
58.0
54.0
63.0
59.0
55.0
53.0
52.0
49.0
46.0
48.0
49.0
52.0
57.0
60.0
62.0
58.0
53.0
51.0
47.0
44.0
45.0
46.0
44.0
45.0
46.0
44.0
45.0
45.0
42.0
48.0
48.0
44.0
44.0
54.0
55.0
53.0
49.0
45.0
42.0
42.0
41.0
38.0
37.0
39.0
40.0
37.0
35.0
32.0
30.0
37.0
44.0
53.0
51.0
47.0
43.0
40.0
41.0
41.0
40.0
40.0
37.0
39.0
42.0
41.0
39.0
53.0
51.0
48.0
45.0
53.0
67.0
68.0
73.0
70.0
65.0
61.0
62.0
56.0
57.0
52.0
53.0
74.0
95.0
89.0
84.0
97.0
93.0
85.0
119.0
151.0
153.0
141.0
176.0
175.0
183.0
199.0
223.0
224.0
228.0
227.0
242.0
261.0
307.0
319.0
339.0
346.0
331.0
357.0
340.0
354.0
369.0
380.0
376.0
368.0
377.0
394.0
423.0
423.0
444.0
439.0
459.0
458.0
429.0
459.0
429.0
479.0
536.0
578.0
555.0
568.0
555.0
583.0
588.0
571.0
557.0
523.0
526.0
504.0
485.0
512.0
497.0
485.0
479.0
456.0
440.0
421.0
421.0
412.0
370.0
375.0
355.0
347.0
359.0
334.0
298.0
284.0
283.0
261.0
292.0
260.0
237.0
214.0
196.0
177.0
193.0
234.0
206.0
182.0
168.0
155.0
137.0
138.0
133.0
123.0
121.0
111.0
104.0
98.0
89.0
80.0
73.0
73.0
71.0
78.0
93.0
97.0
90.0
81.0
76.0
78.0
85.0
83.0
79.0
72.0
67.0
72.0
82.0
82.0
79.0
76.0
71.0
65.0
65.0
64.0
72.0
74.0
72.0
77.0
71.0
68.0
63.0
60.0
64.0
62.0
60.0
66.0
66.0
67.0
65.0
60.0
56.0
56.0
59.0
61.0
59.0
69.0
80.0
73.0
68.0
67.0
78.0
83.0
83.0
77.0
71.0
66.0
61.0
58.0
58.0
59.0
65.0
65.0
69.0
65.0
62.0
57.0
53.0
49.0
46.0
49.0
48.0
55.0
50.0
55.0
52.0
48.0
51.0
51.0
56.0
53.0
50.0
52.0
48.0
45.0
46.0
45.0
41.0
43.0
42.0
60.0
60.0
56.0
52.0
48.0
44.0
45.0
42.0
44.0
43.0
64.0
69.0
68.0
61.0
57.0
52.0
48.0
48.0
46.0
50.0
49.0
47.0
45.0
47.0
44.0
48.0
52.0
48.0
46.0
45.0
44.0
41.0
41.0
41.0
39.0
40.0
41.0
40.0
36.0
34.0
33.0
44.0
48.0
44.0
40.0
38.0
35.0
33.0
37.0
34.0
32.0
34.0
35.0
38.0
39.0
41.0
37.0
36.0
41.0
50.0
50.0
47.0
64.0
71.0
86.0
86.0
89.0
87.0
87.0
88.0
91.0
98.0
132.0
123.0
134.0
160.0
174.0
212.0
265.0
266.0
302.0
332.0
388.0
387.0
375.0
418.0
444.0
440.0
462.0
448.0
480.0
501.0
524.0
504.0
538.0
551.0
568.0
558.0
541.0
582.0
634.0
678.0
747.0
756.0
743.0
748.0
732.0
749.0
796.0
779.0
760.0
763.0
742.0
713.0
671.0
641.0
586.0
548.0
566.0
552.0
519.0
523.0
472.0
492.0
490.0
483.0
460.0
494.0
471.0
454.0
432.0
421.0
406.0
376.0
359.0
339.0
315.0
290.0
275.0
248.0
282.0
256.0
237.0
215.0
190.0
169.0
149.0
153.0
161.0
150.0
133.0
120.0
106.0
98.0
92.0
89.0
86.0
98.0
89.0
88.0
93.0
91.0
88.0
81.0
81.0
86.0
87.0
81.0
85.0
87.0
83.0
76.0
76.0
70.0
75.0
75.0
85.0
85.0
77.0
73.0
68.0
75.0
71.0
75.0
75.0
87.0
80.0
89.0
83.0
76.0
76.0
76.0
73.0
85.0
77.0
87.0
85.0
80.0
74.0
73.0
73.0
76.0
76.0
69.0
73.0
68.0
66.0
62.0
64.0
63.0
65.0
61.0
63.0
61.0
57.0
63.0
61.0
58.0
55.0
56.0
52.0
54.0
50.0
53.0
51.0
50.0
47.0
45.0
44.0
42.0
49.0
65.0
62.0
56.0
55.0
50.0
49.0
45.0
45.0
46.0
50.0
47.0
48.0
51.0
49.0
46.0
43.0
44.0
47.0
56.0
52.0
49.0
45.0
50.0
47.0
49.0
48.0
47.0
51.0
47.0
51.0
52.0
49.0
45.0
45.0
43.0
40.0
37.0
37.0
40.0
41.0
45.0
43.0
45.0
43.0
44.0
43.0
40.0
38.0
39.0
41.0
47.0
56.0
67.0
63.0
68.0
71.0
76.0
72.0
76.0
69.0
62.0
59.0
58.0
67.0
65.0
68.0
64.0
87.0
97.0
89.0
81.0
77.0
76.0
91.0
85.0
80.0
76.0
85.0
98.0
95.0
114.0
131.0
139.0
136.0
134.0
163.0
197.0
220.0
238.0
240.0
230.0
244.0
261.0
272.0
298.0
310.0
322.0
311.0
298.0
314.0
329.0
342.0
395.0
386.0
381.0
394.0
396.0
420.0
411.0
452.0
483.0
456.0
440.0
457.0
476.0
513.0
496.0
545.0
569.0
563.0
680.0
724.0
806.0
809.0
824.0
859.0
828.0
816.0
783.0
768.0
762.0
762.0
736.0
727.0
737.0
696.0
659.0
629.0
589.0
568.0
541.0
521.0
510.0
491.0
453.0
425.0
410.0
388.0
391.0
378.0
360.0
335.0
315.0
284.0
273.0
258.0
240.0
236.0
279.0
246.0
221.0
212.0
189.0
171.0
159.0
149.0
160.0
160.0
142.0
130.0
116.0
103.0
97.0
106.0
107.0
107.0
101.0
90.0
86.0
77.0
73.0
71.0
78.0
80.0
91.0
85.0
85.0
81.0
77.0
71.0
72.0
72.0
80.0
87.0
84.0
80.0
72.0
73.0
67.0
66.0
66.0
67.0
77.0
71.0
67.0
63.0
64.0
63.0
62.0
63.0
62.0
73.0
75.0
69.0
68.0
65.0
64.0
59.0
64.0
69.0
70.0
69.0
63.0
65.0
61.0
61.0
56.0
60.0
56.0
79.0
76.0
86.0
94.0
97.0
89.0
81.0
73.0
68.0
76.0
71.0
73.0
66.0
65.0
68.0
80.0
74.0
76.0
69.0
64.0
61.0
60.0
57.0
54.0
51.0
47.0
52.0
64.0
60.0
64.0
60.0
64.0
67.0
60.0
57.0
53.0
54.0
55.0
63.0
61.0
56.0
52.0
50.0
46.0
42.0
49.0
47.0
44.0
48.0
48.0
46.0
45.0
43.0
42.0
41.0
38.0
35.0
33.0
31.0
29.0
40.0
46.0
47.0
45.0
44.0
45.0
49.0
47.0
45.0
45.0
41.0
40.0
58.0
65.0
61.0
61.0
56.0
56.0
57.0
68.0
74.0
84.0
90.0
91.0
112.0
151.0
157.0
158.0
148.0
144.0
166.0
208.0
212.0
248.0
254.0
262.0
273.0
278.0
301.0
305.0
318.0
318.0
356.0
370.0
372.0
384.0
440.0
436.0
444.0
461.0
461.0
473.0
461.0
468.0
474.0
482.0
483.0
520.0
595.0
533.0
502.0
500.0
533.0
617.0
587.0
651.0
694.0
654.0
625.0
655.0
641.0
592.0
618.0
606.0
576.0
548.0
533.0
539.0
514.0
483.0
477.0
510.0
495.0
441.0
431.0
445.0
465.0
444.0
458.0
437.0
414.0
394.0
365.0
359.0
353.0
353.0
340.0
322.0
309.0
292.0
272.0
248.0
238.0
219.0
207.0
197.0
184.0
165.0
160.0
146.0
134.0
150.0
145.0
135.0
128.0
119.0
109.0
102.0
116.0
122.0
143.0
139.0
135.0
140.0
132.0
126.0
126.0
125.0
127.0
117.0
114.0
113.0
112.0
115.0
123.0
126.0
113.0
117.0
109.0
111.0
116.0
124.0
113.0
106.0
102.0
101.0
101.0
102.0
111.0
113.0
121.0
113.0
107.0
106.0
99.0
94.0
106.0
113.0
112.0
104.0
107.0
101.0
101.0
92.0
95.0
98.0
90.0
85.0
84.0
81.0
81.0
80.0
79.0
83.0
84.0
83.0
80.0
82.0
79.0
75.0
68.0
66.0
68.0
64.0
68.0
73.0
80.0
77.0
81.0
76.0
73.0
67.0
71.0
68.0
80.0
77.0
72.0
66.0
63.0
59.0
57.0
56.0
54.0
61.0
57.0
58.0
53.0
55.0
58.0
64.0
62.0
56.0
54.0
54.0
50.0
52.0
53.0
58.0
55.0
51.0
54.0
51.0
53.0
50.0
48.0
46.0
52.0
51.0
51.0
48.0
48.0
51.0
50.0
47.0
49.0
48.0
49.0
60.0
55.0
51.0
61.0
57.0
52.0
51.0
49.0
46.0
44.0
44.0
45.0
52.0
51.0
51.0
49.0
53.0
48.0
44.0
44.0
43.0
44.0
43.0
47.0
51.0
48.0
45.0
44.0
41.0
38.0
39.0
44.0
53.0
54.0
56.0
54.0
56.0
64.0
62.0
58.0
56.0
65.0
65.0
67.0
67.0
92.0
92.0
95.0
122.0
134.0
133.0
133.0
146.0
151.0
171.0
187.0
192.0
237.0
247.0
271.0
286.0
301.0
340.0
348.0
377.0
395.0
428.0
500.0
482.0
450.0
471.0
498.0
472.0
505.0
511.0
543.0
561.0
575.0
532.0
601.0
648.0
731.0
738.0
681.0
680.0
676.0
673.0
679.0
628.0
624.0
622.0
617.0
579.0
580.0
563.0
588.0
566.0
573.0
584.0
571.0
529.0
502.0
515.0
489.0
479.0
451.0
430.0
450.0
413.0
403.0
392.0
370.0
361.0
339.0
329.0
303.0
294.0
275.0
249.0
238.0
217.0
202.0
189.0
174.0
153.0
144.0
147.0
139.0
142.0
137.0
128.0
117.0
112.0
103.0
101.0
101.0
99.0
115.0
104.0
105.0
99.0
115.0
110.0
119.0
105.0
103.0
107.0
123.0
118.0
118.0
118.0
125.0
124.0
120.0
115.0
127.0
127.0
123.0
120.0
116.0
113.0
123.0
113.0
110.0
113.0
110.0
113.0
105.0
123.0
117.0
120.0
115.0
113.0
108.0
103.0
103.0
108.0
111.0
119.0
105.0
101.0
105.0
102.0
96.0
99.0
99.0
95.0
93.0
91.0
89.0
91.0
89.0
89.0
85.0
87.0
82.0
83.0
84.0
84.0
80.0
79.0
86.0
80.0
78.0
71.0
69.0
64.0
67.0
68.0
80.0
76.0
81.0
73.0
72.0
68.0
66.0
63.0
60.0
63.0
66.0
63.0
67.0
61.0
57.0
57.0
52.0
52.0
50.0
52.0
50.0
49.0
46.0
45.0
50.0
47.0
45.0
50.0
49.0
45.0
45.0
41.0
41.0
37.0
40.0
41.0
40.0
40.0
37.0
37.0
36.0
33.0
35.0
37.0
35.0
44.0
41.0
41.0
42.0
40.0
48.0
47.0
48.0
44.0
41.0
38.0
36.0
40.0
55.0
53.0
58.0
56.0
51.0
50.0
52.0
52.0
50.0
47.0
51.0
61.0
71.0
92.0
89.0
96.0
91.0
97.0
93.0
87.0
83.0
101.0
114.0
120.0
118.0
161.0
178.0
181.0
231.0
240.0
234.0
232.0
239.0
276.0
297.0
306.0
331.0
351.0
350.0
385.0
416.0
394.0
413.0
416.0
423.0
459.0
462.0
530.0
470.0
497.0
517.0
527.0
520.0
557.0
589.0
594.0
586.0
613.0
656.0
684.0
714.0
719.0
667.0
649.0
693.0
690.0
688.0
722.0
684.0
730.0
727.0
676.0
645.0
610.0
690.0
655.0
675.0
667.0
635.0
680.0
760.0
738.0
723.0
724.0
686.0
640.0
624.0
585.0
542.0
522.0
494.0
458.0
444.0
457.0
429.0
414.0
386.0
361.0
349.0
314.0
282.0
268.0
267.0
246.0
225.0
229.0
212.0
209.0
190.0
195.0
192.0
199.0
203.0
189.0
170.0
155.0
144.0
135.0
148.0
152.0
160.0
164.0
166.0
173.0
165.0
167.0
151.0
156.0
148.0
147.0
138.0
133.0
144.0
141.0
147.0
144.0
144.0
140.0
136.0
136.0
126.0
133.0
139.0
128.0
146.0
131.0
128.0
120.0
112.0
118.0
128.0
123.0
128.0
126.0
125.0
135.0
135.0
129.0
121.0
121.0
114.0
116.0
110.0
113.0
104.0
112.0
111.0
120.0
113.0
109.0
102.0
98.0
94.0
88.0
95.0
123.0
109.0
108.0
102.0
98.0
90.0
96.0
95.0
99.0
101.0
100.0
96.0
90.0
82.0
89.0
90.0
86.0
84.0
84.0
92.0
86.0
96.0
88.0
85.0
87.0
88.0
79.0
77.0
71.0
76.0
69.0
68.0
81.0
76.0
71.0
67.0
63.0
65.0
60.0
58.0
68.0
65.0
69.0
67.0
76.0
68.0
62.0
58.0
57.0
60.0
57.0
61.0
63.0
65.0
59.0
54.0
54.0
56.0
53.0
50.0
47.0
50.0
52.0
55.0
52.0
53.0
55.0
50.0
49.0
45.0
56.0
55.0
52.0
49.0
48.0
48.0
49.0
46.0
48.0
46.0
47.0
43.0
40.0
38.0
41.0
46.0
67.0
61.0
56.0
51.0
47.0
43.0
40.0
44.0
43.0
60.0
58.0
61.0
61.0
59.0
54.0
52.0
50.0
62.0
76.0
96.0
121.0
109.0
127.0
146.0
144.0
131.0
123.0
125.0
136.0
138.0
140.0
127.0
125.0
160.0
212.0
254.0
305.0
305.0
333.0
325.0
372.0
389.0
396.0
398.0
403.0
431.0
455.0
553.0
499.0
476.0
469.0
482.0
477.0
476.0
481.0
545.0
594.0
558.0
566.0
615.0
603.0
667.0
626.0
568.0
608.0
587.0
552.0
592.0
565.0
572.0
571.0
534.0
507.0
523.0
507.0
465.0
477.0
520.0
508.0
553.0
537.0
500.0
542.0
510.0
494.0
456.0
468.0
432.0
419.0
404.0
384.0
360.0
381.0
364.0
362.0
325.0
308.0
298.0
292.0
264.0
254.0
227.0
217.0
214.0
192.0
193.0
170.0
150.0
132.0
117.0
110.0
105.0
99.0
94.0
100.0
107.0
106.0
95.0
88.0
79.0
72.0
68.0
73.0
68.0
67.0
72.0
65.0
60.0
55.0
53.0
49.0
53.0
59.0
63.0
61.0
57.0
55.0
52.0
51.0
48.0
50.0
63.0
70.0
67.0
65.0
59.0
59.0
55.0
51.0
59.0
61.0
75.0
69.0
64.0
59.0
61.0
58.0
53.0
53.0
72.0
65.0
65.0
61.0
64.0
59.0
57.0
55.0
53.0
51.0
54.0
57.0
53.0
60.0
55.0
56.0
66.0
61.0
56.0
58.0
55.0
53.0
58.0
63.0
64.0
59.0
57.0
54.0
53.0
49.0
49.0
50.0
55.0
57.0
56.0
52.0
49.0
45.0
44.0
42.0
44.0
46.0
44.0
45.0
45.0
48.0
44.0
44.0
40.0
42.0
43.0
47.0
45.0
52.0
54.0
50.0
47.0
44.0
44.0
41.0
46.0
43.0
43.0
41.0
40.0
40.0
40.0
38.0
37.0
38.0
40.0
38.0
39.0
49.0
48.0
51.0
51.0
47.0
45.0
45.0
42.0
48.0
47.0
53.0
48.0
53.0
58.0
76.0
81.0
79.0
81.0
75.0
69.0
68.0
102.0
108.0
101.0
102.0
116.0
107.0
105.0
105.0
102.0
125.0
117.0
121.0
130.0
133.0
140.0
148.0
196.0
217.0
223.0
225.0
233.0
235.0
227.0
211.0
243.0
271.0
283.0
278.0
286.0
306.0
300.0
314.0
352.0
351.0
375.0
358.0
352.0
384.0
468.0
503.0
517.0
539.0
484.0
493.0
543.0
528.0
534.0
600.0
547.0
584.0
581.0
561.0
592.0
582.0
538.0
557.0
552.0
542.0
608.0
597.0
609.0
554.0
527.0
521.0
552.0
506.0
503.0
460.0
428.0
433.0
428.0
391.0
375.0
356.0
327.0
343.0
331.0
294.0
277.0
259.0
240.0
228.0
211.0
197.0
176.0
157.0
148.0
155.0
153.0
151.0
152.0
141.0
125.0
126.0
131.0
124.0
120.0
117.0
116.0
118.0
112.0
102.0
112.0
118.0
118.0
108.0
113.0
101.0
97.0
94.0
99.0
101.0
97.0
95.0
104.0
100.0
96.0
92.0
92.0
89.0
91.0
98.0
90.0
81.0
83.0
79.0
91.0
91.0
92.0
100.0
99.0
89.0
100.0
95.0
86.0
87.0
79.0
81.0
81.0
90.0
90.0
83.0
77.0
73.0
67.0
66.0
81.0
89.0
81.0
75.0
71.0
65.0
66.0
61.0
59.0
64.0
67.0
66.0
74.0
70.0
69.0
69.0
65.0
61.0
57.0
60.0
57.0
78.0
79.0
84.0
76.0
73.0
66.0
63.0
66.0
69.0
64.0
63.0
58.0
53.0
56.0
52.0
54.0
50.0
47.0
44.0
50.0
47.0
45.0
41.0
41.0
40.0
37.0
35.0
33.0
35.0
38.0
37.0
44.0
43.0
40.0
37.0
39.0
41.0
37.0
42.0
39.0
36.0
40.0
37.0
37.0
35.0
33.0
31.0
29.0
29.0
33.0
32.0
30.0
29.0
28.0
28.0
29.0
30.0
29.0
27.0
29.0
28.0
26.0
26.0
24.0
41.0
45.0
41.0
37.0
35.0
36.0
37.0
35.0
38.0
38.0
37.0
34.0
33.0
31.0
29.0
29.0
27.0
27.0
25.0
24.0
24.0
31.0
33.0
36.0
47.0
47.0
47.0
47.0
59.0
67.0
71.0
81.0
83.0
79.0
87.0
95.0
117.0
130.0
164.0
214.0
237.0
281.0
312.0
339.0
359.0
361.0
372.0
379.0
390.0
416.0
441.0
483.0
522.0
479.0
446.0
465.0
523.0
557.0
525.0
641.0
641.0
639.0
609.0
631.0
627.0
657.0
657.0
687.0
658.0
643.0
654.0
606.0
583.0
609.0
599.0
664.0
665.0
690.0
673.0
707.0
659.0
594.0
581.0
557.0
623.0
604.0
585.0
572.0
552.0
537.0
484.0
470.0
447.0
436.0
405.0
389.0
381.0
367.0
369.0
342.0
324.0
312.0
285.0
280.0
282.0
263.0
250.0
220.0
205.0
185.0
183.0
201.0
186.0
163.0
154.0
135.0
126.0
116.0
113.0
126.0
113.0
100.0
103.0
108.0
108.0
128.0
123.0
108.0
100.0
114.0
101.0
96.0
130.0
139.0
126.0
120.0
115.0
102.0
98.0
90.0
91.0
114.0
101.0
100.0
98.0
106.0
102.0
93.0
91.0
87.0
86.0
96.0
93.0
88.0
80.0
83.0
78.0
84.0
85.0
85.0
85.0
80.0
72.0
71.0
66.0
65.0
62.0
63.0
64.0
85.0
80.0
72.0
73.0
68.0
68.0
63.0
67.0
63.0
66.0
66.0
66.0
61.0
60.0
59.0
60.0
61.0
64.0
60.0
57.0
57.0
53.0
53.0
50.0
51.0
51.0
50.0
64.0
60.0
55.0
51.0
49.0
49.0
49.0
48.0
50.0
48.0
49.0
45.0
45.0
45.0
52.0
51.0
52.0
51.0
49.0
46.0
49.0
63.0
61.0
62.0
56.0
55.0
52.0
48.0
44.0
54.0
50.0
55.0
57.0
58.0
69.0
64.0
59.0
55.0
52.0
49.0
49.0
54.0
53.0
50.0
50.0
46.0
47.0
58.0
59.0
62.0
67.0
67.0
83.0
85.0
80.0
86.0
80.0
88.0
113.0
118.0
124.0
124.0
125.0
154.0
157.0
182.0
212.0
220.0
213.0
213.0
220.0
239.0
262.0
316.0
339.0
320.0
361.0
356.0
383.0
399.0
370.0
430.0
428.0
485.0
479.0
512.0
524.0
518.0
583.0
545.0
564.0
539.0
551.0
517.0
501.0
540.0
529.0
502.0
534.0
557.0
625.0
607.0
595.0
570.0
547.0
530.0
552.0
513.0
522.0
571.0
589.0
588.0
596.0
581.0
561.0
564.0
519.0
517.0
492.0
510.0
481.0
469.0
463.0
450.0
418.0
416.0
386.0
377.0
349.0
338.0
323.0
326.0
338.0
318.0
383.0
389.0
363.0
355.0
328.0
374.0
361.0
337.0
325.0
296.0
282.0
261.0
268.0
299.0
271.0
257.0
241.0
225.0
220.0
206.0
213.0
201.0
212.0
209.0
194.0
190.0
172.0
152.0
139.0
125.0
168.0
151.0
137.0
135.0
142.0
144.0
141.0
149.0
138.0
124.0
115.0
124.0
117.0
109.0
111.0
101.0
101.0
92.0
92.0
88.0
108.0
105.0
100.0
95.0
95.0
89.0
92.0
85.0
95.0
96.0
94.0
89.0
87.0
85.0
85.0
80.0
81.0
79.0
84.0
103.0
95.0
90.0
85.0
84.0
79.0
76.0
80.0
85.0
91.0
102.0
94.0
88.0
87.0
89.0
88.0
84.0
84.0
85.0
86.0
80.0
82.0
76.0
86.0
87.0
93.0
89.0
84.0
80.0
75.0
77.0
74.0
78.0
73.0
68.0
69.0
73.0
70.0
83.0
75.0
76.0
85.0
77.0
72.0
68.0
64.0
62.0
64.0
75.0
72.0
69.0
65.0
60.0
56.0
52.0
53.0
54.0
53.0
60.0
55.0
52.0
51.0
56.0
53.0
52.0
48.0
59.0
55.0
52.0
47.0
54.0
57.0
63.0
58.0
53.0
50.0
46.0
46.0
43.0
42.0
44.0
47.0
50.0
47.0
57.0
57.0
52.0
52.0
50.0
51.0
47.0
45.0
48.0
48.0
49.0
57.0
58.0
65.0
60.0
69.0
85.0
99.0
97.0
109.0
136.0
145.0
163.0
167.0
172.0
182.0
173.0
197.0
193.0
202.0
184.0
199.0
229.0
237.0
228.0
229.0
228.0
254.0
263.0
270.0
305.0
307.0
315.0
342.0
361.0
385.0
412.0
405.0
401.0
427.0
438.0
488.0
468.0
497.0
482.0
479.0
507.0
537.0
555.0
589.0
600.0
664.0
691.0
666.0
721.0
750.0
740.0
711.0
724.0
707.0
656.0
654.0
650.0
638.0
666.0
613.0
660.0
691.0
686.0
697.0
656.0
662.0
595.0
586.0
568.0
543.0
592.0
615.0
598.0
590.0
571.0
525.0
489.0
484.0
459.0
459.0
450.0
530.0
483.0
465.0
419.0
411.0
409.0
405.0
400.0
397.0
363.0
356.0
349.0
335.0
305.0
312.0
312.0
297.0
270.0
250.0
230.0
221.0
199.0
183.0
253.0
254.0
222.0
202.0
178.0
160.0
146.0
152.0
161.0
158.0
149.0
140.0
131.0
120.0
125.0
129.0
121.0
121.0
123.0
123.0
123.0
122.0
120.0
130.0
134.0
127.0
119.0
137.0
137.0
140.0
129.0
134.0
129.0
147.0
141.0
133.0
128.0
128.0
163.0
152.0
151.0
159.0
152.0
146.0
147.0
135.0
135.0
127.0
140.0
136.0
129.0
128.0
142.0
141.0
140.0
133.0
132.0
123.0
127.0
127.0
134.0
125.0
122.0
117.0
117.0
113.0
117.0
117.0
112.0
101.0
96.0
101.0
103.0
111.0
127.0
120.0
109.0
109.0
100.0
97.0
95.0
95.0
106.0
110.0
98.0
95.0
90.0
88.0
83.0
78.0
78.0
79.0
85.0
81.0
84.0
78.0
76.0
89.0
84.0
77.0
76.0
75.0
69.0
65.0
65.0
61.0
65.0
68.0
69.0
64.0
58.0
62.0
57.0
55.0
53.0
64.0
68.0
72.0
75.0
89.0
89.0
97.0
99.0
96.0
110.0
123.0
127.0
133.0
121.0
123.0
129.0
134.0
163.0
184.0
180.0
189.0
207.0
199.0
194.0
205.0
201.0
237.0
225.0
268.0
256.0
270.0
290.0
277.0
269.0
307.0
330.0
324.0
333.0
341.0
360.0
366.0
362.0
347.0
347.0
351.0
358.0
383.0
480.0
456.0
474.0
488.0
531.0
569.0
601.0
589.0
610.0
605.0
603.0
597.0
572.0
577.0
570.0
668.0
641.0
616.0
590.0
626.0
588.0
629.0
588.0
684.0
671.0
644.0
609.0
659.0
647.0
601.0
578.0
547.0
593.0
575.0
555.0
546.0
530.0
508.0
500.0
458.0
484.0
464.0
435.0
422.0
423.0
426.0
394.0
378.0
389.0
392.0
388.0
373.0
347.0
335.0
334.0
315.0
360.0
326.0
289.0
261.0
236.0
216.0
223.0
267.0
328.0
298.0
260.0
227.0
202.0
182.0
161.0
161.0
184.0
209.0
186.0
166.0
147.0
136.0
121.0
122.0
149.0
144.0
129.0
126.0
114.0
118.0
111.0
111.0
127.0
122.0
141.0
129.0
139.0
126.0
120.0
112.0
123.0
112.0
119.0
115.0
111.0
109.0
104.0
99.0
101.0
94.0
99.0
100.0
111.0
98.0
105.0
95.0
96.0
95.0
91.0
107.0
107.0
107.0
104.0
98.0
111.0
100.0
95.0
95.0
90.0
108.0
107.0
95.0
94.0
100.0
98.0
94.0
90.0
94.0
87.0
87.0
85.0
89.0
81.0
81.0
80.0
84.0
78.0
89.0
81.0
78.0
72.0
72.0
71.0
71.0
88.0
84.0
80.0
79.0
77.0
71.0
73.0
67.0
71.0
67.0
64.0
73.0
74.0
71.0
70.0
65.0
61.0
60.0
56.0
65.0
64.0
61.0
56.0
60.0
56.0
51.0
54.0
57.0
66.0
61.0
57.0
53.0
51.0
47.0
60.0
55.0
56.0
59.0
61.0
57.0
53.0
56.0
51.0
51.0
50.0
50.0
47.0
44.0
40.0
40.0
37.0
40.0
39.0
40.0
37.0
35.0
41.0
39.0
37.0
36.0
36.0
38.0
43.0
41.0
42.0
40.0
48.0
55.0
52.0
61.0
68.0
113.0
129.0
125.0
139.0
144.0
143.0
136.0
146.0
146.0
164.0
175.0
180.0
202.0
231.0
251.0
265.0
276.0
266.0
306.0
312.0
320.0
320.0
337.0
339.0
382.0
359.0
388.0
484.0
502.0
493.0
495.0
484.0
494.0
524.0
583.0
552.0
569.0
578.0
569.0
521.0
514.0
609.0
626.0
593.0
549.0
557.0
554.0
542.0
527.0
551.0
593.0
579.0
548.0
540.0
501.0
495.0
466.0
516.0
489.0
449.0
446.0
530.0
494.0
462.0
462.0
432.0
436.0
410.0
394.0
386.0
354.0
363.0
386.0
384.0
361.0
338.0
308.0
304.0
278.0
273.0
246.0
228.0
216.0
237.0
243.0
245.0
231.0
212.0
203.0
193.0
172.0
167.0
154.0
143.0
148.0
145.0
135.0
154.0
140.0
129.0
152.0
141.0
125.0
117.0
104.0
103.0
94.0
112.0
108.0
113.0
124.0
116.0
115.0
112.0
103.0
123.0
140.0
135.0
125.0
112.0
106.0
97.0
97.0
95.0
92.0
94.0
108.0
97.0
89.0
86.0
80.0
80.0
76.0
85.0
89.0
105.0
108.0
120.0
110.0
103.0
105.0
114.0
110.0
111.0
100.0
98.0
95.0
89.0
88.0
82.0
77.0
77.0
81.0
78.0
73.0
73.0
71.0
73.0
77.0
93.0
93.0
84.0
84.0
83.0
80.0
73.0
80.0
77.0
91.0
86.0
87.0
79.0
83.0
85.0
78.0
72.0
72.0
81.0
76.0
71.0
65.0
61.0
56.0
53.0
51.0
56.0
59.0
54.0
50.0
47.0
50.0
47.0
49.0
50.0
47.0
45.0
43.0
40.0
40.0
40.0
37.0
35.0
37.0
41.0
44.0
52.0
53.0
50.0
47.0
44.0
41.0
41.0
38.0
51.0
48.0
45.0
43.0
49.0
47.0
43.0
41.0
47.0
44.0
41.0
41.0
42.0
45.0
45.0
56.0
61.0
64.0
69.0
73.0
79.0
93.0
85.0
112.0
115.0
112.0
114.0
103.0
105.0
111.0
130.0
117.0
125.0
165.0
179.0
173.0
228.0
214.0
212.0
214.0
251.0
244.0
278.0
275.0
282.0
277.0
297.0
297.0
300.0
274.0
271.0
287.0
286.0
275.0
276.0
280.0
291.0
290.0
323.0
343.0
362.0
385.0
397.0
423.0
428.0
425.0
451.0
502.0
514.0
518.0
556.0
570.0
547.0
556.0
560.0
554.0
524.0
586.0
592.0
572.0
571.0
623.0
645.0
613.0
675.0
638.0
630.0
619.0
596.0
604.0
619.0
572.0
536.0
513.0
524.0
527.0
595.0
567.0
510.0
468.0
455.0
446.0
421.0
392.0
402.0
413.0
375.0
362.0
370.0
347.0
384.0
371.0
352.0
345.0
372.0
387.0
373.0
345.0
338.0
330.0
305.0
275.0
259.0
230.0
221.0
203.0
187.0
164.0
172.0
172.0
154.0
180.0
164.0
156.0
147.0
136.0
123.0
121.0
117.0
116.0
103.0
102.0
95.0
101.0
92.0
86.0
85.0
83.0
89.0
87.0
85.0
94.0
101.0
92.0
86.0
84.0
78.0
71.0
68.0
68.0
74.0
88.0
84.0
78.0
79.0
73.0
68.0
62.0
65.0
64.0
69.0
68.0
65.0
66.0
64.0
60.0
57.0
57.0
63.0
59.0
57.0
58.0
62.0
69.0
63.0
64.0
61.0
57.0
65.0
64.0
61.0
62.0
67.0
71.0
67.0
63.0
60.0
55.0
57.0
53.0
56.0
55.0
56.0
57.0
61.0
55.0
58.0
61.0
57.0
54.0
49.0
51.0
48.0
55.0
52.0
55.0
53.0
58.0
54.0
52.0
51.0
47.0
46.0
45.0
53.0
53.0
53.0
50.0
48.0
44.0
53.0
48.0
47.0
44.0
44.0
45.0
41.0
41.0
47.0
44.0
41.0
40.0
37.0
38.0
36.0
40.0
37.0
46.0
45.0
41.0
39.0
37.0
35.0
37.0
35.0
36.0
49.0
49.0
47.0
44.0
42.0
41.0
42.0
40.0
39.0
37.0
36.0
35.0
37.0
44.0
43.0
42.0
39.0
38.0
36.0
36.0
33.0
36.0
34.0
35.0
33.0
32.0
31.0
30.0
29.0
32.0
31.0
32.0
33.0
33.0
32.0
30.0
30.0
29.0
45.0
61.0
61.0
63.0
60.0
61.0
64.0
74.0
78.0
79.0
73.0
69.0
80.0
76.0
83.0
86.0
95.0
124.0
145.0
177.0
219.0
214.0
233.0
246.0
251.0
265.0
269.0
259.0
271.0
347.0
406.0
419.0
401.0
480.0
506.0
564.0
556.0
579.0
618.0
589.0
595.0
609.0
608.0
575.0
565.0
560.0
570.0
604.0
653.0
623.0
604.0
638.0
632.0
642.0
604.0
659.0
674.0
711.0
776.0
763.0
786.0
783.0
766.0
723.0
676.0
625.0
634.0
623.0
587.0
574.0
557.0
506.0
506.0
515.0
522.0
528.0
501.0
487.0
514.0
474.0
433.0
479.0
481.0
482.0
474.0
456.0
438.0
438.0
413.0
420.0
398.0
421.0
385.0
372.0
368.0
353.0
350.0
333.0
327.0
307.0
280.0
311.0
290.0
278.0
249.0
221.0
194.0
171.0
151.0
149.0
160.0
147.0
137.0
130.0
115.0
109.0
105.0
102.0
93.0
105.0
100.0
108.0
109.0
111.0
103.0
100.0
91.0
97.0
107.0
113.0
114.0
108.0
101.0
101.0
94.0
93.0
108.0
100.0
104.0
107.0
102.0
101.0
92.0
93.0
88.0
90.0
98.0
106.0
99.0
94.0
89.0
92.0
89.0
89.0
87.0
89.0
105.0
103.0
97.0
100.0
99.0
92.0
88.0
89.0
97.0
95.0
93.0
92.0
91.0
85.0
84.0
78.0
79.0
78.0
74.0
74.0
78.0
74.0
75.0
79.0
78.0
73.0
68.0
68.0
63.0
65.0
60.0
67.0
70.0
69.0
62.0
61.0
59.0
59.0
57.0
56.0
63.0
60.0
59.0
59.0
56.0
51.0
47.0
51.0
60.0
54.0
55.0
51.0
49.0
47.0
44.0
42.0
40.0
45.0
43.0
41.0
46.0
43.0
49.0
46.0
42.0
41.0
41.0
45.0
43.0
43.0
40.0
42.0
39.0
39.0
41.0
38.0
37.0
33.0
41.0
41.0
61.0
69.0
84.0
80.0
76.0
71.0
65.0
68.0
78.0
81.0
87.0
104.0
118.0
123.0
131.0
125.0
129.0
142.0
153.0
200.0
230.0
217.0
206.0
220.0
201.0
218.0
233.0
248.0
263.0
308.0
318.0
344.0
332.0
359.0
355.0
338.0
324.0
351.0
369.0
391.0
394.0
420.0
457.0
452.0
526.0
503.0
554.0
536.0
527.0
566.0
559.0
593.0
584.0
618.0
616.0
569.0
595.0
603.0
585.0
573.0
564.0
612.0
607.0
606.0
587.0
605.0
650.0
615.0
630.0
607.0
566.0
555.0
554.0
526.0
509.0
476.0
466.0
498.0
515.0
479.0
434.0
458.0
451.0
436.0
417.0
437.0
408.0
382.0
373.0
410.0
434.0
448.0
507.0
469.0
436.0
395.0
405.0
432.0
404.0
386.0
374.0
343.0
338.0
335.0
328.0
301.0
285.0
290.0
276.0
274.0
278.0
250.0
222.0
201.0
186.0
169.0
154.0
143.0
127.0
117.0
108.0
104.0
93.0
84.0
80.0
76.0
75.0
99.0
99.0
95.0
87.0
86.0
81.0
85.0
84.0
85.0
104.0
94.0
96.0
94.0
95.0
95.0
96.0
97.0
102.0
104.0
104.0
106.0
110.0
122.0
110.0
117.0
113.0
110.0
101.0
106.0
105.0
109.0
104.0
103.0
96.0
122.0
116.0
112.0
104.0
99.0
105.0
112.0
112.0
104.0
108.0
102.0
99.0
96.0
104.0
112.0
102.0
100.0
97.0
95.0
88.0
89.0
90.0
108.0
110.0
100.0
93.0
93.0
88.0
92.0
87.0
82.0
80.0
86.0
87.0
83.0
95.0
91.0
88.0
83.0
77.0
73.0
69.0
74.0
84.0
84.0
83.0
76.0
75.0
68.0
64.0
63.0
69.0
64.0
60.0
59.0
55.0
66.0
61.0
64.0
64.0
60.0
55.0
55.0
51.0
48.0
47.0
48.0
56.0
58.0
63.0
58.0
56.0
51.0
50.0
45.0
57.0
59.0
55.0
51.0
52.0
54.0
52.0
50.0
46.0
54.0
53.0
53.0
48.0
48.0
44.0
45.0
56.0
55.0
54.0
56.0
54.0
51.0
49.0
45.0
44.0
41.0
46.0
48.0
73.0
68.0
69.0
64.0
59.0
54.0
51.0
56.0
65.0
79.0
78.0
91.0
94.0
87.0
84.0
77.0
80.0
85.0
84.0
113.0
127.0
130.0
150.0
163.0
199.0
226.0
225.0
237.0
252.0
271.0
293.0
366.0
367.0
383.0
380.0
464.0
469.0
546.0
544.0
517.0
538.0
574.0
577.0
603.0
557.0
531.0
609.0
595.0
572.0
558.0
594.0
540.0
578.0
569.0
526.0
535.0
574.0
549.0
527.0
511.0
490.0
484.0
488.0
518.0
492.0
470.0
528.0
537.0
533.0
531.0
528.0
491.0
456.0
477.0
514.0
507.0
467.0
478.0
471.0
444.0
461.0
501.0
500.0
487.0
503.0
467.0
431.0
470.0
460.0
440.0
505.0
476.0
427.0
403.0
396.0
374.0
370.0
370.0
362.0
367.0
374.0
398.0
376.0
368.0
355.0
322.0
305.0
276.0
261.0
246.0
223.0
195.0
174.0
180.0
161.0
145.0
128.0
122.0
123.0
114.0
105.0
113.0
109.0
100.0
147.0
161.0
146.0
133.0
120.0
115.0
127.0
117.0
149.0
132.0
131.0
127.0
119.0
109.0
107.0
102.0
108.0
100.0
92.0
87.0
86.0
80.0
77.0
73.0
74.0
82.0
82.0
77.0
71.0
68.0
81.0
96.0
88.0
92.0
85.0
88.0
87.0
81.0
76.0
72.0
67.0
77.0
73.0
66.0
76.0
69.0
72.0
65.0
66.0
65.0
64.0
65.0
63.0
59.0
59.0
61.0
66.0
65.0
60.0
60.0
53.0
53.0
49.0
57.0
52.0
61.0
67.0
61.0
60.0
58.0
55.0
58.0
58.0
61.0
60.0
57.0
60.0
54.0
52.0
48.0
53.0
55.0
52.0
48.0
46.0
43.0
41.0
40.0
37.0
40.0
40.0
41.0
39.0
39.0
36.0
36.0
34.0
37.0
34.0
34.0
41.0
60.0
56.0
56.0
54.0
49.0
48.0
44.0
44.0
46.0
45.0
47.0
53.0
55.0
50.0
53.0
49.0
49.0
52.0
65.0
63.0
74.0
81.0
81.0
80.0
91.0
94.0
108.0
114.0
120.0
141.0
153.0
195.0
236.0
231.0
216.0
242.0
250.0
254.0
251.0
246.0
247.0
259.0
269.0
272.0
276.0
289.0
280.0
291.0
290.0
335.0
366.0
390.0
387.0
374.0
342.0
341.0
351.0
400.0
441.0
433.0
398.0
372.0
396.0
446.0
421.0
434.0
419.0
440.0
441.0
487.0
486.0
502.0
469.0
452.0
417.0
410.0
402.0
378.0
413.0
437.0
430.0
430.0
416.0
408.0
409.0
401.0
391.0
387.0
357.0
353.0
364.0
368.0
344.0
351.0
322.0
291.0
287.0
317.0
317.0
286.0
267.0
270.0
253.0
243.0
245.0
228.0
212.0
191.0
187.0
168.0
157.0
154.0
138.0
123.0
120.0
124.0
117.0
130.0
117.0
103.0
123.0
111.0
97.0
95.0
87.0
86.0
86.0
80.0
76.0
72.0
68.0
61.0
63.0
74.0
74.0
72.0
65.0
61.0
56.0
57.0
63.0
59.0
57.0
56.0
54.0
49.0
46.0
42.0
39.0
37.0
54.0
57.0
60.0
66.0
62.0
57.0
53.0
49.0
45.0
43.0
40.0
46.0
43.0
43.0
41.0
41.0
37.0
36.0
34.0
33.0
36.0
38.0
36.0
33.0
37.0
36.0
35.0
33.0
32.0
31.0
38.0
35.0
41.0
39.0
38.0
36.0
35.0
34.0
36.0
35.0
41.0
40.0
37.0
36.0
33.0
34.0
31.0
31.0
34.0
36.0
33.0
32.0
30.0
31.0
28.0
29.0
29.0
27.0
37.0
38.0
37.0
35.0
34.0
31.0
30.0
29.0
36.0
36.0
34.0
32.0
31.0
29.0
29.0
28.0
32.0
41.0
40.0
40.0
37.0
35.0
33.0
34.0
33.0
31.0
36.0
34.0
32.0
30.0
35.0
40.0
41.0
38.0
36.0
36.0
38.0
37.0
45.0
53.0
69.0
88.0
91.0
89.0
93.0
99.0
109.0
110.0
107.0
121.0
114.0
125.0
150.0
170.0
157.0
188.0
174.0
191.0
185.0
217.0
206.0
218.0
244.0
271.0
262.0
330.0
384.0
356.0
344.0
346.0
424.0
457.0
439.0
464.0
445.0
463.0
432.0
474.0
552.0
538.0
529.0
563.0
614.0
614.0
632.0
663.0
696.0
685.0
689.0
653.0
652.0
607.0
609.0
567.0
569.0
586.0
611.0
568.0
564.0
554.0
524.0
525.0
515.0
486.0
445.0
440.0
448.0
457.0
448.0
437.0
414.0
386.0
355.0
333.0
301.0
310.0
279.0
265.0
243.0
219.0
209.0
187.0
177.0
187.0
168.0
186.0
180.0
159.0
148.0
137.0
140.0
127.0
115.0
115.0
121.0
124.0
130.0
127.0
115.0
132.0
132.0
121.0
116.0
119.0
116.0
114.0
120.0
107.0
108.0
112.0
116.0
117.0
108.0
101.0
121.0
110.0
106.0
109.0
114.0
103.0
100.0
94.0
86.0
81.0
89.0
82.0
92.0
87.0
91.0
85.0
83.0
77.0
74.0
69.0
72.0
71.0
81.0
86.0
79.0
77.0
74.0
76.0
79.0
80.0
86.0
86.0
82.0
77.0
73.0
69.0
68.0
61.0
67.0
63.0
83.0
81.0
76.0
71.0
71.0
67.0
63.0
64.0
64.0
59.0
65.0
65.0
61.0
59.0
53.0
52.0
55.0
54.0
50.0
63.0
59.0
57.0
55.0
54.0
51.0
48.0
48.0
47.0
56.0
52.0
49.0
44.0
45.0
42.0
42.0
41.0
40.0
38.0
39.0
37.0
35.0
33.0
32.0
33.0
33.0
35.0
33.0
32.0
30.0
33.0
34.0
35.0
33.0
33.0
33.0
33.0
32.0
30.0
29.0
28.0
34.0
33.0
31.0
29.0
29.0
27.0
28.0
28.0
37.0
42.0
52.0
49.0
63.0
58.0
62.0
63.0
61.0
64.0
65.0
68.0
69.0
71.0
71.0
67.0
63.0
68.0
90.0
119.0
133.0
136.0
145.0
144.0
129.0
121.0
109.0
132.0
146.0
164.0
163.0
147.0
135.0
169.0
175.0
203.0
240.0
268.0
282.0
297.0
300.0
296.0
325.0
364.0
342.0
390.0
416.0
442.0
434.0
412.0
445.0
458.0
481.0
528.0
551.0
532.0
554.0
532.0
550.0
528.0
573.0
579.0
586.0
560.0
595.0
589.0
577.0
557.0
530.0
491.0
483.0
506.0
494.0
473.0
545.0
517.0
493.0
489.0
484.0
530.0
556.0
546.0
499.0
467.0
475.0
514.0
526.0
518.0
481.0
497.0
466.0
457.0
450.0
435.0
438.0
418.0
390.0
354.0
323.0
334.0
339.0
332.0
328.0
325.0
301.0
303.0
300.0
280.0
248.0
228.0
219.0
207.0
191.0
170.0
170.0
190.0
193.0
195.0
174.0
153.0
135.0
120.0
133.0
150.0
180.0
165.0
147.0
135.0
122.0
115.0
106.0
106.0
109.0
115.0
108.0
114.0
109.0
110.0
106.0
107.0
112.0
116.0
107.0
103.0
99.0
102.0
99.0
102.0
100.0
102.0
105.0
104.0
104.0
97.0
98.0
96.0
93.0
90.0
93.0
92.0
93.0
95.0
90.0
92.0
85.0
91.0
87.0
83.0
99.0
93.0
89.0
85.0
83.0
93.0
92.0
94.0
90.0
86.0
87.0
81.0
81.0
77.0
75.0
73.0
81.0
83.0
80.0
74.0
71.0
68.0
65.0
69.0
76.0
70.0
65.0
72.0
67.0
65.0
60.0
59.0
58.0
64.0
59.0
61.0
61.0
59.0
57.0
55.0
55.0
51.0
58.0
53.0
57.0
53.0
52.0
49.0
48.0
45.0
51.0
52.0
49.0
48.0
45.0
46.0
43.0
41.0
47.0
45.0
42.0
44.0
40.0
41.0
40.0
38.0
36.0
35.0
37.0
37.0
37.0
36.0
36.0
33.0
35.0
32.0
34.0
32.0
32.0
30.0
43.0
39.0
36.0
36.0
33.0
33.0
32.0
35.0
34.0
35.0
33.0
41.0
40.0
44.0
41.0
53.0
53.0
53.0
53.0
51.0
52.0
73.0
77.0
79.0
82.0
84.0
80.0
81.0
77.0
83.0
94.0
94.0
93.0
104.0
109.0
112.0
133.0
155.0
158.0
222.0
212.0
204.0
205.0
212.0
228.0
236.0
230.0
239.0
248.0
279.0
346.0
361.0
333.0
402.0
402.0
459.0
555.0
545.0
504.0
494.0
546.0
570.0
526.0
594.0
582.0
552.0
560.0
532.0
507.0
539.0
531.0
533.0
516.0
507.0
528.0
546.0
517.0
559.0
564.0
528.0
500.0
546.0
561.0
523.0
562.0
550.0
532.0
527.0
517.0
502.0
521.0
515.0
477.0
504.0
493.0
511.0
494.0
469.0
456.0
439.0
398.0
396.0
369.0
365.0
435.0
461.0
469.0
434.0
401.0
388.0
366.0
337.0
321.0
306.0
295.0
272.0
265.0
248.0
278.0
252.0
227.0
222.0
214.0
196.0
202.0
195.0
172.0
151.0
133.0
124.0
147.0
135.0
134.0
127.0
116.0
108.0
98.0
92.0
93.0
92.0
108.0
109.0
107.0
100.0
101.0
98.0
99.0
98.0
94.0
120.0
110.0
99.0
100.0
104.0
106.0
103.0
106.0
105.0
104.0
100.0
98.0
98.0
109.0
105.0
111.0
103.0
106.0
99.0
99.0
95.0
91.0
90.0
95.0
96.0
88.0
97.0
93.0
93.0
86.0
95.0
90.0
100.0
92.0
93.0
86.0
88.0
84.0
83.0
81.0
85.0
88.0
86.0
93.0
85.0
86.0
82.0
82.0
77.0
83.0
79.0
93.0
84.0
81.0
77.0
74.0
73.0
69.0
74.0
72.0
70.0
65.0
66.0
63.0
69.0
67.0
70.0
64.0
65.0
62.0
60.0
63.0
63.0
61.0
60.0
59.0
59.0
57.0
53.0
54.0
63.0
61.0
56.0
54.0
51.0
53.0
49.0
52.0
49.0
46.0
48.0
49.0
53.0
48.0
49.0
45.0
48.0
45.0
45.0
42.0
40.0
42.0
41.0
40.0
38.0
37.0
36.0
36.0
35.0
38.0
35.0
38.0
37.0
37.0
34.0
35.0
33.0
32.0
31.0
32.0
39.0
43.0
49.0
49.0
50.0
61.0
59.0
82.0
77.0
76.0
77.0
75.0
79.0
71.0
70.0
76.0
79.0
91.0
87.0
79.0
97.0
100.0
93.0
91.0
118.0
130.0
150.0
155.0
181.0
198.0
233.0
295.0
273.0
256.0
260.0
295.0
288.0
304.0
359.0
359.0
369.0
381.0
388.0
412.0
412.0
484.0
499.0
540.0
601.0
635.0
626.0
638.0
613.0
607.0
587.0
548.0
540.0
560.0
568.0
557.0
554.0
598.0
579.0
613.0
608.0
603.0
597.0
572.0
549.0
502.0
526.0
491.0
490.0
507.0
482.0
441.0
435.0
427.0
433.0
424.0
448.0
463.0
441.0
436.0
456.0
429.0
402.0
369.0
389.0
423.0
415.0
397.0
362.0
374.0
339.0
323.0
304.0
315.0
312.0
356.0
347.0
374.0
359.0
323.0
323.0
305.0
294.0
277.0
271.0
242.0
222.0
196.0
192.0
179.0
166.0
152.0
141.0
130.0
136.0
136.0
130.0
121.0
122.0
128.0
130.0
121.0
117.0
117.0
112.0
112.0
120.0
123.0
123.0
145.0
143.0
129.0
127.0
128.0
125.0
117.0
109.0
109.0
111.0
106.0
107.0
109.0
103.0
96.0
99.0
89.0
106.0
98.0
98.0
97.0
94.0
86.0
84.0
81.0
78.0
77.0
78.0
90.0
95.0
93.0
87.0
84.0
78.0
79.0
73.0
85.0
83.0
84.0
77.0
74.0
71.0
67.0
68.0
66.0
68.0
63.0
63.0
65.0
66.0
61.0
65.0
65.0
61.0
60.0
59.0
57.0
57.0
59.0
55.0
55.0
52.0
53.0
50.0
52.0
48.0
49.0
45.0
50.0
58.0
56.0
53.0
51.0
50.0
47.0
46.0
43.0
44.0
42.0
44.0
41.0
42.0
39.0
40.0
37.0
41.0
38.0
36.0
36.0
36.0
36.0
33.0
34.0
32.0
42.0
39.0
37.0
35.0
34.0
32.0
32.0
36.0
41.0
40.0
56.0
65.0
71.0
67.0
62.0
57.0
55.0
54.0
59.0
61.0
75.0
104.0
95.0
95.0
97.0
103.0
143.0
130.0
144.0
133.0
132.0
145.0
172.0
188.0
178.0
193.0
219.0
201.0
233.0
277.0
328.0
356.0
367.0
396.0
400.0
385.0
446.0
472.0
472.0
528.0
526.0
481.0
495.0
547.0
575.0
603.0
604.0
609.0
593.0
599.0
610.0
599.0
621.0
586.0
604.0
659.0
646.0
661.0
628.0
634.0
617.0
626.0
656.0
673.0
666.0
720.0
711.0
694.0
665.0
668.0
658.0
611.0
597.0
557.0
570.0
552.0
525.0
564.0
567.0
552.0
531.0
570.0
552.0
532.0
528.0
494.0
490.0
545.0
558.0
534.0
505.0
475.0
497.0
486.0
453.0
458.0
433.0
418.0
411.0
373.0
393.0
368.0
409.0
388.0
358.0
351.0
388.0
367.0
348.0
327.0
313.0
299.0
268.0
241.0
248.0
225.0
215.0
190.0
169.0
165.0
155.0
149.0
139.0
140.0
133.0
168.0
149.0
138.0
123.0
114.0
103.0
100.0
96.0
90.0
82.0
80.0
76.0
82.0
82.0
93.0
85.0
84.0
77.0
88.0
96.0
91.0
85.0
83.0
91.0
87.0
80.0
80.0
83.0
79.0
91.0
88.0
87.0
78.0
75.0
69.0
72.0
71.0
69.0
67.0
64.0
68.0
64.0
65.0
65.0
63.0
59.0
62.0
57.0
60.0
62.0
63.0
63.0
62.0
61.0
57.0
60.0
57.0
57.0
54.0
56.0
52.0
56.0
59.0
56.0
65.0
62.0
59.0
59.0
56.0
54.0
54.0
51.0
58.0
53.0
57.0
53.0
53.0
49.0
47.0
48.0
49.0
49.0
51.0
50.0
49.0
47.0
45.0
44.0
44.0
45.0
41.0
53.0
49.0
49.0
47.0
47.0
44.0
43.0
41.0
40.0
41.0
44.0
41.0
44.0
48.0
45.0
45.0
41.0
41.0
39.0
37.0
35.0
36.0
36.0
35.0
33.0
35.0
39.0
36.0
39.0
40.0
39.0
36.0
36.0
33.0
33.0
36.0
35.0
35.0
40.0
43.0
39.0
40.0
38.0
38.0
37.0
37.0
40.0
59.0
69.0
68.0
73.0
94.0
107.0
97.0
124.0
122.0
127.0
180.0
204.0
200.0
214.0
206.0
232.0
245.0
221.0
292.0
312.0
352.0
356.0
327.0
320.0
354.0
436.0
466.0
440.0
436.0
423.0
433.0
418.0
413.0
422.0
404.0
414.0
422.0
421.0
436.0
438.0
465.0
454.0
437.0
434.0
488.0
513.0
491.0
526.0
485.0
518.0
505.0
499.0
490.0
533.0
505.0
476.0
536.0
548.0
530.0
523.0
488.0
543.0
518.0
485.0
486.0
482.0
533.0
537.0
549.0
512.0
481.0
466.0
441.0
425.0
407.0
394.0
377.0
369.0
355.0
334.0
311.0
279.0
264.0
281.0
252.0
236.0
218.0
198.0
187.0
165.0
149.0
134.0
127.0
116.0
103.0
102.0
104.0
112.0
105.0
103.0
97.0
93.0
90.0
87.0
82.0
81.0
76.0
87.0
90.0
107.0
102.0
98.0
91.0
92.0
86.0
88.0
82.0
96.0
108.0
110.0
98.0
98.0
96.0
92.0
96.0
96.0
88.0
87.0
88.0
81.0
87.0
86.0
93.0
89.0
88.0
92.0
87.0
85.0
85.0
84.0
88.0
88.0
82.0
86.0
83.0
88.0
92.0
89.0
83.0
84.0
81.0
84.0
80.0
76.0
86.0
85.0
82.0
77.0
77.0
73.0
76.0
71.0
77.0
79.0
76.0
76.0
77.0
71.0
71.0
68.0
66.0
63.0
65.0
65.0
63.0
73.0
75.0
84.0
76.0
74.0
67.0
67.0
63.0
72.0
70.0
69.0
76.0
72.0
70.0
65.0
65.0
60.0
61.0
56.0
68.0
64.0
63.0
58.0
59.0
58.0
57.0
53.0
57.0
64.0
60.0
59.0
54.0
56.0
52.0
55.0
51.0
54.0
51.0
60.0
65.0
67.0
64.0
73.0
74.0
73.0
80.0
80.0
77.0
87.0
113.0
113.0
122.0
132.0
134.0
154.0
191.0
209.0
229.0
256.0
268.0
312.0
328.0
363.0
373.0
389.0
443.0
482.0
489.0
533.0
548.0
597.0
593.0
681.0
686.0
678.0
694.0
671.0
637.0
660.0
620.0
584.0
554.0
520.0
565.0
596.0
625.0
640.0
633.0
672.0
678.0
605.0
625.0
608.0
569.0
611.0
581.0
584.0
643.0
641.0
608.0
558.0
555.0
565.0
534.0
534.0
577.0
556.0
543.0
559.0
594.0
584.0
534.0
542.0
502.0
478.0
458.0
431.0
435.0
429.0
433.0
439.0
423.0
404.0
362.0
347.0
370.0
374.0
354.0
348.0
379.0
353.0
325.0
309.0
296.0
266.0
246.0
286.0
319.0
289.0
263.0
242.0
220.0
235.0
248.0
223.0
202.0
196.0
173.0
154.0
143.0
125.0
114.0
109.0
101.0
95.0
89.0
82.0
82.0
78.0
93.0
113.0
109.0
100.0
99.0
95.0
92.0
94.0
121.0
115.0
110.0
100.0
99.0
93.0
90.0
92.0
101.0
99.0
120.0
109.0
100.0
97.0
96.0
90.0
82.0
86.0
88.0
98.0
89.0
87.0
80.0
76.0
74.0
84.0
85.0
83.0
77.0
81.0
79.0
81.0
78.0
77.0
77.0
83.0
75.0
77.0
84.0
77.0
73.0
71.0
73.0
73.0
75.0
73.0
68.0
66.0
67.0
64.0
65.0
65.0
68.0
65.0
61.0
64.0
61.0
59.0
56.0
60.0
57.0
60.0
56.0
67.0
66.0
61.0
59.0
64.0
63.0
61.0
61.0
57.0
62.0
56.0
55.0
52.0
55.0
58.0
57.0
55.0
54.0
53.0
51.0
50.0
64.0
68.0
69.0
66.0
60.0
59.0
54.0
54.0
51.0
49.0
48.0
46.0
51.0
47.0
44.0
51.0
53.0
55.0
54.0
52.0
65.0
68.0
75.0
85.0
83.0
85.0
110.0
129.0
115.0
119.0
142.0
145.0
169.0
201.0
195.0
219.0
199.0
198.0
203.0
235.0
238.0
223.0
277.0
300.0
299.0
350.0
423.0
425.0
383.0
410.0
434.0
416.0
434.0
446.0
452.0
491.0
524.0
538.0
535.0
500.0
533.0
518.0
536.0
557.0
536.0
514.0
515.0
507.0
539.0
560.0
666.0
626.0
621.0
589.0
610.0
599.0
628.0
631.0
573.0
561.0
579.0
560.0
540.0
522.0
522.0
521.0
525.0
517.0
519.0
487.0
467.0
449.0
414.0
455.0
437.0
418.0
409.0
447.0
478.0
496.0
447.0
436.0
405.0
427.0
424.0
407.0
415.0
436.0
425.0
413.0
407.0
439.0
416.0
464.0
451.0
423.0
402.0
398.0
372.0
372.0
363.0
434.0
431.0
397.0
381.0
378.0
340.0
347.0
341.0
304.0
301.0
273.0
242.0
247.0
230.0
209.0
187.0
169.0
161.0
187.0
172.0
166.0
151.0
142.0
128.0
120.0
119.0
107.0
98.0
99.0
118.0
112.0
117.0
117.0
105.0
96.0
91.0
85.0
78.0
72.0
74.0
74.0
92.0
97.0
91.0
81.0
80.0
81.0
81.0
73.0
71.0
66.0
73.0
66.0
61.0
57.0
52.0
50.0
56.0
71.0
76.0
77.0
70.0
67.0
65.0
61.0
56.0
54.0
55.0
60.0
54.0
50.0
57.0
68.0
69.0
63.0
60.0
59.0
72.0
69.0
63.0
57.0
56.0
54.0
52.0
52.0
49.0
47.0
46.0
61.0
57.0
53.0
48.0
48.0
45.0
47.0
45.0
44.0
43.0
56.0
53.0
53.0
51.0
47.0
45.0
42.0
40.0
39.0
46.0
45.0
44.0
41.0
45.0
43.0
46.0
45.0
43.0
49.0
47.0
46.0
44.0
41.0
40.0
39.0
40.0
39.0
38.0
37.0
34.0
33.0
34.0
33.0
35.0
33.0
32.0
30.0
29.0
28.0
32.0
29.0
38.0
37.0
33.0
32.0
35.0
33.0
32.0
34.0
44.0
44.0
44.0
47.0
44.0
44.0
46.0
67.0
95.0
133.0
134.0
164.0
162.0
157.0
182.0
185.0
221.0
231.0
264.0
270.0
263.0
274.0
275.0
287.0
275.0
266.0
264.0
300.0
362.0
393.0
402.0
396.0
372.0
341.0
361.0
387.0
394.0
414.0
470.0
494.0
482.0
470.0
501.0
518.0
607.0
600.0
629.0
612.0
585.0
562.0
539.0
560.0
549.0
546.0
507.0
495.0
496.0
494.0
478.0
476.0
476.0
459.0
425.0
445.0
413.0
397.0
370.0
465.0
475.0
469.0
493.0
489.0
444.0
402.0
360.0
348.0
391.0
378.0
364.0
345.0
346.0
315.0
387.0
403.0
363.0
351.0
383.0
377.0
352.0
346.0
348.0
348.0
336.0
373.0
378.0
356.0
377.0
359.0
358.0
351.0
381.0
341.0
306.0
270.0
253.0
257.0
263.0
230.0
203.0
178.0
169.0
156.0
139.0
124.0
124.0
114.0
119.0
106.0
94.0
87.0
78.0
73.0
66.0
68.0
63.0
62.0
59.0
59.0
55.0
52.0
48.0
47.0
53.0
54.0
65.0
60.0
55.0
51.0
49.0
45.0
46.0
47.0
50.0
48.0
52.0
48.0
47.0
49.0
48.0
46.0
43.0
42.0
39.0
60.0
66.0
67.0
63.0
65.0
60.0
59.0
54.0
52.0
48.0
45.0
43.0
47.0
45.0
44.0
43.0
44.0
43.0
40.0
39.0
37.0
35.0
33.0
32.0
31.0
32.0
32.0
33.0
33.0
31.0
37.0
33.0
42.0
39.0
38.0
36.0
36.0
33.0
32.0
31.0
29.0
30.0
33.0
36.0
34.0
34.0
32.0
31.0
30.0
33.0
31.0
36.0
33.0
34.0
32.0
31.0
30.0
31.0
30.0
30.0
33.0
32.0
31.0
29.0
29.0
26.0
25.0
25.0
27.0
27.0
27.0
25.0
25.0
35.0
36.0
34.0
48.0
47.0
47.0
70.0
74.0
91.0
104.0
127.0
136.0
133.0
122.0
127.0
133.0
177.0
164.0
178.0
203.0
225.0
209.0
219.0
225.0
235.0
236.0
248.0
235.0
294.0
324.0
333.0
345.0
327.0
375.0
371.0
398.0
463.0
494.0
470.0
471.0
518.0
521.0
556.0
557.0
605.0
620.0
571.0
535.0
569.0
612.0
582.0
603.0
626.0
584.0
556.0
530.0
594.0
607.0
559.0
567.0
537.0
495.0
525.0
543.0
524.0
535.0
573.0
554.0
517.0
537.0
562.0
538.0
532.0
544.0
536.0
523.0
513.0
507.0
491.0
455.0
408.0
393.0
408.0
443.0
427.0
415.0
386.0
358.0
339.0
313.0
367.0
382.0
352.0
345.0
343.0
332.0
313.0
326.0
313.0
282.0
312.0
337.0
329.0
348.0
352.0
323.0
300.0
307.0
356.0
328.0
353.0
316.0
279.0
275.0
277.0
276.0
267.0
261.0
253.0
223.0
201.0
177.0
156.0
143.0
137.0
121.0
115.0
116.0
108.0
101.0
94.0
90.0
82.0
87.0
87.0
88.0
79.0
72.0
68.0
67.0
65.0
67.0
99.0
100.0
92.0
83.0
82.0
75.0
71.0
65.0
62.0
62.0
57.0
57.0
65.0
71.0
65.0
69.0
64.0
59.0
58.0
55.0
51.0
51.0
65.0
65.0
62.0
60.0
65.0
60.0
58.0
56.0
51.0
48.0
49.0
45.0
47.0
45.0
49.0
45.0
52.0
53.0
51.0
48.0
47.0
47.0
45.0
47.0
49.0
49.0
51.0
48.0
47.0
45.0
45.0
44.0
43.0
44.0
47.0
50.0
51.0
50.0
49.0
52.0
47.0
44.0
47.0
45.0
53.0
49.0
59.0
80.0
74.0
73.0
69.0
63.0
61.0
57.0
56.0
53.0
59.0
58.0
54.0
55.0
51.0
52.0
48.0
55.0
69.0
73.0
68.0
85.0
88.0
86.0
84.0
91.0
99.0
117.0
115.0
113.0
127.0
141.0
166.0
151.0
135.0
142.0
147.0
167.0
185.0
215.0
218.0
207.0
211.0
240.0
251.0
238.0
246.0
264.0
262.0
281.0
322.0
336.0
368.0
381.0
440.0
429.0
457.0
428.0
423.0
398.0
385.0
365.0
379.0
379.0
386.0
413.0
402.0
403.0
414.0
469.0
512.0
515.0
543.0
556.0
559.0
535.0
559.0
596.0
573.0
587.0
566.0
552.0
538.0
508.0
509.0
497.0
453.0
469.0
462.0
430.0
416.0
403.0
383.0
428.0
428.0
422.0
399.0
388.0
403.0
425.0
430.0
436.0
428.0
401.0
402.0
378.0
371.0
399.0
381.0
371.0
401.0
412.0
454.0
424.0
403.0
394.0
389.0
415.0
446.0
427.0
450.0
461.0
432.0
478.0
480.0
499.0
484.0
469.0
453.0
423.0
393.0
380.0
372.0
399.0
394.0
400.0
398.0
391.0
375.0
354.0
349.0
370.0
344.0
318.0
294.0
291.0
286.0
277.0
248.0
232.0
220.0
222.0
228.0
214.0
188.0
167.0
148.0
131.0
120.0
108.0
110.0
140.0
160.0
141.0
125.0
111.0
105.0
96.0
99.0
92.0
95.0
92.0
88.0
88.0
91.0
121.0
109.0
101.0
91.0
84.0
78.0
74.0
68.0
63.0
60.0
63.0
63.0
64.0
58.0
56.0
52.0
50.0
51.0
50.0
47.0
49.0
48.0
44.0
46.0
43.0
42.0
39.0
39.0
42.0
59.0
54.0
56.0
57.0
55.0
53.0
50.0
48.0
46.0
48.0
44.0
46.0
47.0
51.0
47.0
45.0
45.0
58.0
54.0
54.0
52.0
50.0
48.0
45.0
42.0
48.0
45.0
42.0
43.0
40.0
39.0
40.0
38.0
36.0
35.0
38.0
36.0
41.0
39.0
37.0
35.0
36.0
33.0
32.0
30.0
39.0
36.0
35.0
33.0
32.0
32.0
31.0
39.0
40.0
43.0
39.0
38.0
36.0
35.0
33.0
32.0
30.0
31.0
29.0
28.0
35.0
33.0
31.0
29.0
36.0
40.0
38.0
37.0
54.0
77.0
79.0
81.0
86.0
97.0
105.0
113.0
120.0
123.0
125.0
145.0
165.0
187.0
199.0
233.0
253.0
266.0
254.0
279.0
264.0
276.0
307.0
318.0
326.0
398.0
395.0
401.0
472.0
480.0
463.0
461.0
440.0
401.0
415.0
428.0
464.0
531.0
546.0
519.0
538.0
514.0
542.0
503.0
465.0
474.0
490.0
500.0
490.0
450.0
529.0
532.0
508.0
496.0
502.0
453.0
454.0
474.0
431.0
433.0
481.0
473.0
434.0
416.0
402.0
415.0
391.0
403.0
376.0
368.0
347.0
354.0
369.0
348.0
341.0
326.0
347.0
330.0
338.0
387.0
391.0
387.0
395.0
377.0
368.0
362.0
340.0
341.0
371.0
351.0
330.0
319.0
299.0
278.0
263.0
246.0
277.0
253.0
254.0
251.0
232.0
233.0
238.0
249.0
236.0
241.0
268.0
269.0
259.0
263.0
241.0
226.0
229.0
231.0
205.0
181.0
159.0
140.0
132.0
124.0
114.0
117.0
114.0
104.0
95.0
86.0
80.0
77.0
84.0
78.0
75.0
73.0
77.0
71.0
69.0
64.0
70.0
80.0
83.0
76.0
79.0
80.0
75.0
72.0
66.0
63.0
69.0
69.0
63.0
61.0
55.0
52.0
48.0
47.0
43.0
44.0
67.0
63.0
57.0
54.0
49.0
47.0
47.0
44.0
48.0
44.0
43.0
44.0
43.0
40.0
39.0
37.0
38.0
39.0
38.0
39.0
39.0
41.0
40.0
39.0
36.0
35.0
39.0
40.0
37.0
37.0
36.0
37.0
40.0
41.0
39.0
37.0
37.0
36.0
39.0
36.0
37.0
34.0
33.0
33.0
33.0
32.0
32.0
32.0
30.0
36.0
35.0
35.0
39.0
37.0
34.0
35.0
32.0
32.0
31.0
32.0
32.0
39.0
36.0
41.0
41.0
39.0
37.0
43.0
49.0
73.0
69.0
63.0
59.0
61.0
59.0
56.0
53.0
59.0
65.0
64.0
76.0
84.0
90.0
94.0
88.0
98.0
121.0
111.0
104.0
123.0
135.0
128.0
116.0
125.0
174.0
183.0
170.0
175.0
223.0
215.0
250.0
246.0
238.0
236.0
257.0
277.0
303.0
343.0
325.0
333.0
335.0
370.0
359.0
322.0
324.0
347.0
374.0
374.0
361.0
395.0
398.0
414.0
419.0
442.0
433.0
388.0
379.0
415.0
481.0
448.0
421.0
459.0
460.0
474.0
464.0
443.0
405.0
418.0
397.0
434.0
428.0
415.0
393.0
362.0
364.0
359.0
415.0
437.0
424.0
448.0
424.0
424.0
492.0
449.0
420.0
410.0
443.0
474.0
451.0
467.0
485.0
458.0
429.0
414.0
456.0
429.0
407.0
421.0
409.0
435.0
456.0
427.0
417.0
421.0
402.0
397.0
416.0
374.0
339.0
338.0
319.0
291.0
263.0
247.0
245.0
243.0
260.0
304.0
284.0
258.0
233.0
224.0
230.0
215.0
197.0
185.0
172.0
152.0
134.0
119.0
105.0
93.0
86.0
85.0
140.0
137.0
135.0
118.0
105.0
93.0
86.0
78.0
85.0
83.0
101.0
101.0
94.0
87.0
81.0
78.0
71.0
64.0
62.0
73.0
67.0
66.0
67.0
65.0
59.0
58.0
53.0
53.0
53.0
52.0
51.0
48.0
47.0
43.0
41.0
39.0
37.0
41.0
37.0
39.0
39.0
37.0
36.0
34.0
38.0
40.0
38.0
36.0
33.0
33.0
31.0
32.0
51.0
57.0
53.0
52.0
50.0
48.0
45.0
42.0
39.0
38.0
41.0
41.0
41.0
38.0
40.0
39.0
41.0
39.0
46.0
47.0
44.0
41.0
41.0
40.0
37.0
37.0
37.0
39.0
41.0
45.0
47.0
45.0
41.0
45.0
50.0
53.0
49.0
45.0
46.0
43.0
41.0
41.0
39.0
39.0
40.0
37.0
41.0
38.0
41.0
41.0
40.0
42.0
41.0
43.0
47.0
47.0
56.0
72.0
89.0
82.0
89.0
95.0
94.0
107.0
113.0
106.0
111.0
102.0
127.0
121.0
117.0
134.0
129.0
127.0
136.0
137.0
141.0
178.0
196.0
213.0
221.0
239.0
238.0
232.0
235.0
255.0
260.0
262.0
278.0
321.0
321.0
313.0
344.0
359.0
365.0
401.0
396.0
395.0
436.0
411.0
401.0
462.0
453.0
472.0
484.0
504.0
520.0
499.0
550.0
534.0
495.0
501.0
563.0
570.0
589.0
630.0
611.0
598.0
577.0
533.0
515.0
479.0
462.0
476.0
486.0
468.0
459.0
434.0
422.0
414.0
412.0
381.0
424.0
424.0
439.0
436.0
525.0
512.0
474.0
470.0
463.0
449.0
494.0
454.0
422.0
417.0
414.0
415.0
392.0
384.0
367.0
349.0
325.0
337.0
347.0
329.0
375.0
346.0
338.0
326.0
349.0
321.0
307.0
278.0
266.0
258.0
309.0
283.0
254.0
242.0
231.0
203.0
181.0
159.0
166.0
164.0
154.0
152.0
143.0
153.0
145.0
132.0
117.0
105.0
96.0
92.0
104.0
100.0
93.0
92.0
88.0
81.0
75.0
71.0
67.0
62.0
69.0
63.0
59.0
54.0
53.0
54.0
54.0
53.0
48.0
53.0
51.0
52.0
51.0
51.0
47.0
52.0
59.0
59.0
58.0
60.0
64.0
59.0
61.0
57.0
54.0
51.0
47.0
44.0
45.0
47.0
54.0
50.0
48.0
45.0
46.0
48.0
44.0
43.0
43.0
45.0
42.0
47.0
44.0
42.0
39.0
37.0
36.0
34.0
37.0
37.0
40.0
37.0
36.0
33.0
36.0
34.0
33.0
33.0
35.0
33.0
40.0
39.0
37.0
35.0
33.0
33.0
32.0
31.0
37.0
34.0
32.0
32.0
30.0
29.0
29.0
29.0
28.0
27.0
33.0
31.0
31.0
30.0
30.0
28.0
29.0
28.0
27.0
25.0
25.0
24.0
25.0
24.0
24.0
24.0
23.0
22.0
24.0
27.0
25.0
25.0
24.0
25.0
23.0
24.0
23.0
23.0
24.0
25.0
24.0
23.0
23.0
22.0
24.0
24.0
27.0
36.0
37.0
35.0
35.0
32.0
33.0
32.0
41.0
44.0
42.0
45.0
50.0
56.0
63.0
62.0
60.0
59.0
56.0
60.0
58.0
64.0
86.0
96.0
113.0
123.0
123.0
147.0
167.0
191.0
186.0
193.0
194.0
228.0
231.0
268.0
290.0
278.0
279.0
295.0
352.0
330.0
345.0
334.0
325.0
317.0
309.0
292.0
379.0
411.0
404.0
490.0
522.0
490.0
453.0
459.0
459.0
440.0
455.0
463.0
476.0
473.0
478.0
483.0
490.0
480.0
449.0
465.0
443.0
433.0
520.0
509.0
498.0
500.0
480.0
475.0
453.0
435.0
441.0
440.0
521.0
505.0
506.0
479.0
445.0
456.0
418.0
442.0
512.0
505.0
459.0
458.0
433.0
385.0
365.0
374.0
346.0
320.0
326.0
403.0
417.0
403.0
390.0
366.0
334.0
345.0
420.0
459.0
428.0
436.0
438.0
433.0
444.0
437.0
424.0
396.0
365.0
363.0
354.0
317.0
318.0
341.0
329.0
313.0
276.0
242.0
226.0
222.0
232.0
216.0
190.0
167.0
148.0
191.0
192.0
169.0
150.0
136.0
121.0
135.0
172.0
168.0
149.0
134.0
119.0
124.0
118.0
114.0
119.0
109.0
103.0
92.0
85.0
78.0
90.0
92.0
82.0
79.0
73.0
72.0
68.0
80.0
72.0
69.0
62.0
63.0
61.0
56.0
58.0
57.0
60.0
60.0
59.0
56.0
56.0
56.0
53.0
49.0
48.0
47.0
50.0
51.0
50.0
48.0
49.0
44.0
44.0
42.0
40.0
38.0
39.0
47.0
47.0
45.0
43.0
43.0
40.0
40.0
39.0
40.0
38.0
38.0
36.0
35.0
35.0
37.0
36.0
34.0
36.0
34.0
33.0
33.0
32.0
30.0
33.0
37.0
43.0
43.0
41.0
39.0
37.0
36.0
35.0
36.0
36.0
34.0
31.0
35.0
35.0
34.0
32.0
34.0
33.0
32.0
33.0
33.0
32.0
30.0
32.0
37.0
35.0
42.0
39.0
36.0
34.0
32.0
30.0
47.0
45.0
49.0
49.0
50.0
67.0
75.0
92.0
109.0
123.0
136.0
156.0
150.0
154.0
145.0
141.0
139.0
172.0
192.0
242.0
214.0
215.0
217.0
242.0
268.0
259.0
240.0
260.0
307.0
279.0
259.0
240.0
269.0
322.0
287.0
271.0
286.0
296.0
357.0
407.0
403.0
365.0
356.0
341.0
363.0
389.0
385.0
393.0
419.0
429.0
505.0
538.0
574.0
561.0
575.0
608.0
577.0
572.0
568.0
651.0
600.0
637.0
647.0
660.0
662.0
613.0
708.0
650.0
679.0
653.0
651.0
630.0
713.0
686.0
714.0
679.0
662.0
708.0
676.0
624.0
607.0
615.0
620.0
667.0
621.0
646.0
618.0
633.0
597.0
560.0
540.0
502.0
489.0
490.0
487.0
477.0
448.0
436.0
429.0
417.0
383.0
372.0
384.0
398.0
396.0
411.0
375.0
408.0
365.0
346.0
364.0
322.0
352.0
317.0
318.0
312.0
309.0
279.0
256.0
262.0
249.0
240.0
222.0
229.0
280.0
249.0
220.0
195.0
178.0
156.0
172.0
198.0
185.0
170.0
151.0
136.0
121.0
114.0
106.0
97.0
95.0
94.0
88.0
104.0
114.0
117.0
103.0
95.0
87.0
81.0
75.0
73.0
69.0
92.0
84.0
77.0
72.0
68.0
63.0
60.0
57.0
53.0
49.0
49.0
53.0
52.0
53.0
53.0
64.0
61.0
56.0
51.0
49.0
45.0
44.0
43.0
43.0
44.0
41.0
41.0
38.0
39.0
41.0
47.0
44.0
47.0
44.0
42.0
39.0
38.0
38.0
38.0
38.0
35.0
34.0
35.0
35.0
35.0
35.0
32.0
33.0
31.0
32.0
31.0
29.0
30.0
30.0
29.0
28.0
33.0
32.0
34.0
32.0
32.0
29.0
31.0
29.0
32.0
31.0
31.0
29.0
30.0
29.0
27.0
31.0
29.0
27.0
27.0
28.0
30.0
31.0
31.0
30.0
29.0
28.0
26.0
26.0
25.0
27.0
29.0
36.0
40.0
49.0
49.0
46.0
50.0
57.0
55.0
60.0
69.0
71.0
76.0
105.0
105.0
96.0
106.0
114.0
117.0
131.0
150.0
177.0
168.0
154.0
170.0
159.0
166.0
237.0
256.0
275.0
258.0
250.0
275.0
259.0
281.0
282.0
272.0
297.0
321.0
327.0
342.0
328.0
352.0
370.0
363.0
345.0
357.0
385.0
389.0
388.0
353.0
329.0
390.0
387.0
426.0
414.0
412.0
391.0
385.0
385.0
417.0
386.0
400.0
375.0
397.0
443.0
496.0
464.0
447.0
475.0
486.0
494.0
503.0
482.0
476.0
456.0
490.0
499.0
531.0
547.0
531.0
527.0
473.0
478.0
454.0
426.0
468.0
439.0
460.0
445.0
452.0
460.0
437.0
473.0
483.0
452.0
409.0
395.0
371.0
354.0
334.0
314.0
311.0
304.0
290.0
373.0
345.0
325.0
334.0
325.0
308.0
293.0
287.0
349.0
337.0
300.0
269.0
265.0
287.0
262.0
229.0
215.0
195.0
171.0
151.0
133.0
128.0
117.0
108.0
107.0
97.0
87.0
82.0
75.0
72.0
67.0
63.0
60.0
59.0
56.0
69.0
69.0
72.0
71.0
64.0
65.0
63.0
75.0
70.0
79.0
73.0
73.0
74.0
74.0
68.0
65.0
67.0
74.0
67.0
64.0
59.0
64.0
59.0
55.0
53.0
48.0
50.0
63.0
68.0
63.0
58.0
55.0
51.0
47.0
47.0
45.0
44.0
44.0
44.0
56.0
55.0
51.0
47.0
50.0
46.0
44.0
41.0
45.0
43.0
41.0
42.0
44.0
44.0
41.0
39.0
36.0
44.0
41.0
39.0
37.0
35.0
33.0
33.0
32.0
44.0
41.0
40.0
37.0
36.0
33.0
33.0
42.0
39.0
37.0
35.0
32.0
31.0
32.0
32.0
33.0
31.0
29.0
28.0
30.0
29.0
27.0
28.0
27.0
29.0
27.0
27.0
26.0
27.0
25.0
28.0
27.0
26.0
25.0
28.0
36.0
47.0
52.0
61.0
63.0
57.0
57.0
53.0
58.0
61.0
77.0
89.0
95.0
91.0
95.0
89.0
89.0
109.0
113.0
122.0
162.0
172.0
168.0
190.0
181.0
194.0
195.0
187.0
194.0
203.0
250.0
238.0
275.0
307.0
302.0
319.0
308.0
307.0
302.0
302.0
372.0
337.0
348.0
340.0
314.0
307.0
325.0
384.0
414.0
414.0
392.0
386.0
412.0
400.0
412.0
471.0
467.0
498.0
469.0
492.0
518.0
581.0
555.0
530.0
525.0
532.0
535.0
583.0
561.0
531.0
550.0
517.0
502.0
478.0
493.0
526.0
526.0
554.0
539.0
545.0
526.0
476.0
456.0
456.0
456.0
438.0
391.0
412.0
432.0
409.0
383.0
357.0
344.0
344.0
337.0
315.0
317.0
299.0
301.0
317.0
349.0
360.0
336.0
375.0
376.0
356.0
365.0
383.0
392.0
353.0
335.0
373.0
373.0
369.0
351.0
336.0
360.0
334.0
313.0
282.0
316.0
284.0
277.0
253.0
232.0
214.0
192.0
180.0
160.0
146.0
140.0
155.0
136.0
139.0
129.0
115.0
102.0
92.0
83.0
75.0
80.0
94.0
95.0
87.0
92.0
85.0
80.0
75.0
71.0
67.0
68.0
63.0
62.0
64.0
59.0
58.0
53.0
50.0
48.0
49.0
59.0
56.0
57.0
60.0
57.0
53.0
56.0
52.0
57.0
53.0
60.0
67.0
63.0
58.0
60.0
55.0
59.0
55.0
52.0
48.0
51.0
48.0
50.0
50.0
48.0
49.0
46.0
46.0
43.0
51.0
60.0
57.0
53.0
52.0
49.0
48.0
46.0
47.0
45.0
52.0
49.0
46.0
43.0
47.0
48.0
44.0
44.0
41.0
42.0
48.0
45.0
41.0
40.0
41.0
38.0
41.0
40.0
40.0
39.0
39.0
36.0
40.0
37.0
36.0
33.0
37.0
38.0
40.0
38.0
36.0
35.0
37.0
38.0
41.0
41.0
37.0
49.0
50.0
47.0
43.0
44.0
49.0
51.0
47.0
65.0
