147.0
170.0
182.0
192.0
183.0
173.0
161.0
170.0
159.0
172.0
223.0
206.0
200.0
196.0
193.0
184.0
209.0
210.0
214.0
211.0
246.0
227.0
201.0
240.0
266.0
256.0
262.0
268.0
254.0
230.0
245.0
222.0
247.0
271.0
264.0
244.0
233.0
208.0
235.0
259.0
262.0
245.0
225.0
230.0
247.0
236.0
218.0
214.0
237.0
220.0
208.0
206.0
187.0
172.0
181.0
215.0
215.0
199.0
178.0
186.0
177.0
230.0
214.0
207.0
188.0
174.0
231.0
288.0
251.0
245.0
245.0
227.0
246.0
214.0
186.0
165.0
163.0
173.0
151.0
134.0
119.0
120.0
179.0
157.0
136.0
118.0
104.0
91.0
81.0
73.0
65.0
59.0
53.0
48.0
43.0
40.0
37.0
34.0
32.0
30.0
28.0
27.0
27.0
26.0
27.0
26.0
28.0
29.0
29.0
29.0
30.0
31.0
32.0
33.0
34.0
38.0
39.0
42.0
41.0
44.0
43.0
48.0
48.0
50.0
48.0
50.0
48.0
52.0
50.0
53.0
50.0
52.0
51.0
54.0
53.0
50.0
49.0
47.0
47.0
45.0
47.0
47.0
44.0
41.0
41.0
38.0
39.0
36.0
36.0
34.0
34.0
32.0
33.0
31.0
32.0
31.0
30.0
29.0
28.0
27.0
26.0
26.0
25.0
26.0
25.0
25.0
24.0
24.0
23.0
23.0
22.0
23.0
22.0
22.0
21.0
21.0
20.0
20.0
19.0
20.0
19.0
19.0
18.0
18.0
17.0
18.0
17.0
17.0
17.0
17.0
17.0
17.0
17.0
16.0
16.0
16.0
17.0
16.0
16.0
16.0
16.0
16.0
16.0
16.0
16.0
16.0
16.0
16.0
16.0
16.0
16.0
16.0
16.0
16.0
16.0
16.0
16.0
16.0
16.0
15.0
16.0
16.0
16.0
15.0
16.0
16.0
16.0
16.0
16.0
15.0
15.0
16.0
16.0
15.0
16.0
16.0
16.0
16.0
16.0
16.0
16.0
15.0
16.0
15.0
15.0
15.0
15.0
15.0
15.0
15.0
15.0
15.0
15.0
15.0
15.0
15.0
15.0
15.0
15.0
15.0
15.0
15.0
15.0
15.0
15.0
15.0
15.0
15.0
15.0
15.0
15.0
15.0
15.0
16.0
15.0
16.0
15.0
16.0
15.0
15.0
15.0
15.0
16.0
15.0
15.0
15.0
15.0
15.0
15.0
15.0
15.0
15.0
15.0
16.0
15.0
15.0
15.0
15.0
15.0
15.0
15.0
15.0
15.0
15.0
15.0
15.0
15.0
15.0
15.0
15.0
15.0
15.0
15.0
15.0
15.0
15.0
15.0
15.0
15.0
15.0
15.0
15.0
15.0
15.0
15.0
15.0
15.0
15.0
15.0
14.0
15.0
15.0
15.0
15.0
15.0
15.0
15.0
15.0
15.0
15.0
15.0
15.0
15.0
15.0
15.0
15.0
16.0
16.0
16.0
16.0
16.0
16.0
16.0
16.0
16.0
16.0
16.0
16.0
16.0
16.0
16.0
16.0
17.0
18.0
24.0
24.0
23.0
23.0
23.0
23.0
27.0
28.0
27.0
25.0
24.0
23.0
28.0
28.0
26.0
25.0
24.0
22.0
29.0
30.0
28.0
26.0
26.0
27.0
27.0
26.0
25.0
24.0
22.0
21.0
21.0
20.0
20.0
20.0
19.0
19.0
19.0
18.0
18.0
19.0
19.0
19.0
18.0
19.0
19.0
21.0
32.0
34.0
37.0
40.0
40.0
36.0
35.0
34.0
39.0
46.0
49.0
50.0
51.0
53.0
50.0
46.0
43.0
39.0
38.0
43.0
46.0
50.0
49.0
51.0
57.0
98.0
96.0
90.0
87.0
79.0
73.0
66.0
87.0
92.0
94.0
84.0
75.0
69.0
78.0
74.0
67.0
64.0
81.0
90.0
129.0
136.0
141.0
140.0
122.0
115.0
126.0
142.0
139.0
125.0
121.0
118.0
114.0
121.0
113.0
101.0
91.0
96.0
100.0
103.0
99.0
99.0
90.0
86.0
78.0
82.0
74.0
74.0
75.0
71.0
68.0
70.0
67.0
61.0
57.0
56.0
51.0
49.0
45.0
43.0
41.0
38.0
36.0
33.0
31.0
35.0
32.0
30.0
28.0
29.0
31.0
30.0
28.0
71.0
70.0
65.0
60.0
60.0
55.0
57.0
51.0
69.0
74.0
115.0
108.0
123.0
145.0
136.0
167.0
152.0
145.0
132.0
133.0
157.0
156.0
148.0
141.0
139.0
126.0
111.0
108.0
96.0
94.0
84.0
75.0
75.0
70.0
63.0
58.0
59.0
54.0
49.0
46.0
43.0
56.0
60.0
56.0
51.0
47.0
44.0
40.0
37.0
34.0
34.0
33.0
33.0
39.0
38.0
38.0
65.0
86.0
112.0
109.0
104.0
104.0
92.0
83.0
88.0
86.0
87.0
81.0
73.0
71.0
66.0
60.0
57.0
64.0
77.0
72.0
69.0
68.0
68.0
62.0
67.0
75.0
70.0
92.0
97.0
86.0
79.0
73.0
66.0
66.0
63.0
57.0
55.0
52.0
50.0
54.0
54.0
51.0
46.0
44.0
46.0
49.0
48.0
47.0
44.0
43.0
41.0
42.0
43.0
39.0
37.0
35.0
39.0
45.0
44.0
40.0
41.0
37.0
48.0
58.0
60.0
58.0
55.0
50.0
46.0
47.0
50.0
49.0
45.0
43.0
40.0
37.0
34.0
33.0
32.0
32.0
34.0
33.0
34.0
34.0
33.0
31.0
32.0
32.0
32.0
33.0
36.0
35.0
33.0
32.0
29.0
28.0
36.0
34.0
45.0
42.0
38.0
37.0
35.0
32.0
31.0
35.0
41.0
37.0
35.0
33.0
30.0
29.0
29.0
27.0
26.0
26.0
25.0
24.0
25.0
28.0
27.0
26.0
26.0
25.0
25.0
24.0
25.0
24.0
24.0
25.0
25.0
24.0
25.0
25.0
25.0
30.0
30.0
36.0
33.0
31.0
30.0
27.0
26.0
26.0
26.0
24.0
24.0
24.0
23.0
32.0
36.0
33.0
31.0
29.0
28.0
26.0
27.0
27.0
25.0
24.0
23.0
22.0
21.0
22.0
24.0
27.0
26.0
25.0
24.0
22.0
21.0
22.0
22.0
21.0
20.0
21.0
20.0
19.0
18.0
19.0
20.0
19.0
19.0
19.0
18.0
19.0
20.0
19.0
19.0
20.0
20.0
20.0
20.0
20.0
20.0
20.0
20.0
21.0
20.0
19.0
20.0
20.0
19.0
19.0
19.0
19.0
19.0
20.0
19.0
20.0
20.0
20.0
19.0
19.0
18.0
18.0
22.0
21.0
21.0
20.0
20.0
19.0
20.0
20.0
19.0
20.0
21.0
23.0
25.0
24.0
23.0
22.0
22.0
21.0
20.0
21.0
21.0
20.0
20.0
20.0
19.0
19.0
19.0
19.0
19.0
19.0
20.0
21.0
21.0
23.0
27.0
25.0
23.0
22.0
22.0
21.0
20.0
20.0
20.0
19.0
19.0
18.0
19.0
19.0
19.0
18.0
18.0
18.0
18.0
17.0
18.0
18.0
17.0
18.0
18.0
18.0
19.0
18.0
18.0
18.0
18.0
18.0
17.0
17.0
17.0
17.0
16.0
17.0
17.0
17.0
18.0
19.0
19.0
18.0
19.0
19.0
19.0
19.0
20.0
22.0
22.0
22.0
21.0
21.0
20.0
20.0
20.0
20.0
19.0
19.0
18.0
18.0
19.0
18.0
20.0
19.0
18.0
19.0
18.0
18.0
17.0
17.0
17.0
17.0
20.0
22.0
22.0
21.0
20.0
20.0
19.0
19.0
20.0
20.0
19.0
18.0
18.0
19.0
18.0
17.0
17.0
18.0
18.0
19.0
18.0
19.0
19.0
19.0
19.0
18.0
18.0
18.0
19.0
18.0
19.0
21.0
20.0
20.0
21.0
20.0
21.0
21.0
21.0
21.0
20.0
21.0
20.0
20.0
20.0
19.0
20.0
20.0
20.0
19.0
20.0
20.0
20.0
19.0
19.0
18.0
18.0
18.0
18.0
18.0
18.0
18.0
18.0
19.0
18.0
18.0
19.0
19.0
18.0
21.0
20.0
20.0
20.0
20.0
19.0
19.0
19.0
20.0
20.0
19.0
19.0
18.0
18.0
20.0
21.0
24.0
23.0
23.0
22.0
21.0
21.0
21.0
21.0
20.0
20.0
19.0
19.0
19.0
19.0
19.0
20.0
20.0
19.0
20.0
21.0
20.0
20.0
20.0
19.0
20.0
19.0
18.0
18.0
18.0
19.0
18.0
18.0
22.0
23.0
22.0
21.0
20.0
20.0
19.0
19.0
24.0
23.0
22.0
23.0
23.0
22.0
22.0
20.0
20.0
22.0
24.0
23.0
22.0
22.0
21.0
21.0
21.0
21.0
21.0
20.0
20.0
20.0
19.0
21.0
20.0
23.0
22.0
21.0
20.0
21.0
22.0
23.0
24.0
23.0
22.0
21.0
21.0
20.0
24.0
22.0
22.0
21.0
21.0
21.0
20.0
19.0
20.0
21.0
21.0
20.0
20.0
21.0
21.0
22.0
21.0
22.0
26.0
25.0
24.0
23.0
22.0
22.0
20.0
21.0
20.0
20.0
19.0
22.0
20.0
20.0
20.0
20.0
20.0
23.0
22.0
23.0
21.0
21.0
22.0
23.0
23.0
23.0
24.0
23.0
23.0
23.0
23.0
21.0
21.0
20.0
21.0
20.0
23.0
22.0
22.0
21.0
22.0
21.0
21.0
20.0
20.0
20.0
20.0
19.0
19.0
19.0
21.0
21.0
20.0
20.0
20.0
20.0
21.0
20.0
19.0
19.0
19.0
19.0
19.0
18.0
18.0
18.0
17.0
18.0
17.0
18.0
18.0
19.0
19.0
19.0
19.0
19.0
19.0
19.0
18.0
18.0
20.0
19.0
19.0
18.0
19.0
19.0
18.0
18.0
22.0
21.0
22.0
21.0
20.0
19.0
19.0
18.0
18.0
18.0
18.0
18.0
19.0
19.0
18.0
19.0
23.0
23.0
22.0
22.0
20.0
23.0
22.0
21.0
20.0
20.0
19.0
24.0
23.0
22.0
21.0
21.0
20.0
19.0
19.0
19.0
19.0
19.0
20.0
20.0
20.0
19.0
20.0
19.0
19.0
20.0
20.0
20.0
19.0
18.0
19.0
19.0
19.0
19.0
20.0
19.0
19.0
20.0
20.0
20.0
197.0
45.0
42.0
39.0
35.0
33.0
35.0
34.0
29.0
27.0
27.0
27.0
33.0
48.0
45.0
42.0
39.0
35.0
33.0
35.0
34.0
31.0
30.0
34.0
32.0
30.0
29.0
37.0
36.0
38.0
35.0
34.0
32.0
32.0
33.0
36.0
33.0
32.0
30.0
28.0
39.0
43.0
42.0
50.0
49.0
48.0
45.0
44.0
43.0
40.0
39.0
38.0
43.0
41.0
44.0
45.0
42.0
38.0
38.0
38.0
35.0
33.0
32.0
31.0
30.0
29.0
32.0
30.0
30.0
29.0
27.0
26.0
26.0
26.0
24.0
24.0
24.0
23.0
22.0
21.0
23.0
23.0
40.0
37.0
35.0
35.0
35.0
34.0
42.0
44.0
48.0
62.0
99.0
104.0
100.0
109.0
141.0
146.0
149.0
151.0
155.0
167.0
197.0
193.0
172.0
187.0
208.0
228.0
217.0
235.0
228.0
220.0
246.0
301.0
301.0
303.0
323.0
347.0
363.0
374.0
397.0
494.0
519.0
480.0
487.0
489.0
508.0
534.0
552.0
515.0
506.0
505.0
524.0
513.0
522.0
506.0
504.0
499.0
508.0
501.0
459.0
460.0
467.0
491.0
475.0
473.0
453.0
418.0
419.0
392.0
361.0
395.0
367.0
400.0
366.0
342.0
316.0
378.0
337.0
304.0
272.0
258.0
258.0
230.0
213.0
186.0
170.0
153.0
165.0
178.0
159.0
143.0
124.0
109.0
96.0
88.0
80.0
75.0
67.0
62.0
63.0
77.0
104.0
96.0
94.0
87.0
83.0
85.0
85.0
79.0
77.0
84.0
90.0
101.0
100.0
106.0
109.0
114.0
102.0
99.0
93.0
91.0
101.0
98.0
97.0
103.0
101.0
98.0
101.0
109.0
106.0
99.0
96.0
97.0
101.0
99.0
93.0
96.0
93.0
89.0
80.0
76.0
78.0
72.0
68.0
79.0
72.0
68.0
61.0
58.0
63.0
62.0
56.0
58.0
58.0
55.0
63.0
60.0
55.0
52.0
53.0
52.0
54.0
49.0
48.0
47.0
48.0
57.0
63.0
57.0
66.0
60.0
60.0
55.0
56.0
57.0
59.0
64.0
58.0
57.0
51.0
47.0
43.0
41.0
41.0
50.0
47.0
45.0
41.0
45.0
44.0
44.0
41.0
38.0
36.0
37.0
35.0
44.0
44.0
41.0
38.0
36.0
34.0
32.0
30.0
29.0
32.0
34.0
33.0
32.0
30.0
29.0
27.0
26.0
26.0
24.0
23.0
23.0
25.0
25.0
24.0
29.0
27.0
26.0
25.0
24.0
27.0
49.0
72.0
75.0
81.0
74.0
73.0
83.0
91.0
110.0
123.0
142.0
137.0
139.0
173.0
180.0
180.0
221.0
219.0
203.0
212.0
279.0
305.0
296.0
282.0
348.0
419.0
443.0
471.0
481.0
440.0
443.0
458.0
442.0
422.0
382.0
363.0
338.0
385.0
465.0
464.0
436.0
458.0
468.0
493.0
492.0
476.0
443.0
473.0
463.0
479.0
446.0
433.0
440.0
405.0
400.0
474.0
444.0
442.0
431.0
472.0
454.0
419.0
435.0
449.0
400.0
391.0
380.0
379.0
370.0
335.0
374.0
374.0
337.0
319.0
295.0
272.0
266.0
257.0
301.0
287.0
255.0
290.0
255.0
227.0
197.0
171.0
152.0
138.0
150.0
151.0
135.0
123.0
113.0
99.0
98.0
87.0
80.0
74.0
73.0
69.0
68.0
69.0
71.0
70.0
68.0
71.0
67.0
66.0
66.0
70.0
71.0
69.0
66.0
68.0
65.0
64.0
68.0
76.0
73.0
71.0
76.0
74.0
69.0
74.0
69.0
69.0
67.0
65.0
72.0
69.0
67.0
66.0
67.0
65.0
64.0
65.0
67.0
69.0
67.0
68.0
67.0
61.0
63.0
57.0
57.0
53.0
50.0
51.0
54.0
53.0
61.0
57.0
56.0
51.0
54.0
60.0
58.0
54.0
49.0
51.0
47.0
50.0
47.0
46.0
43.0
52.0
47.0
45.0
40.0
41.0
38.0
39.0
38.0
42.0
40.0
38.0
35.0
33.0
31.0
30.0
35.0
34.0
33.0
34.0
33.0
31.0
30.0
28.0
30.0
28.0
27.0
26.0
27.0
29.0
31.0
30.0
29.0
27.0
26.0
24.0
27.0
26.0
27.0
29.0
27.0
30.0
29.0
29.0
28.0
36.0
46.0
42.0
40.0
39.0
58.0
71.0
73.0
80.0
72.0
76.0
83.0
97.0
105.0
100.0
96.0
89.0
100.0
104.0
116.0
127.0
151.0
196.0
206.0
220.0
227.0
243.0
302.0
360.0
392.0
462.0
477.0
463.0
453.0
462.0
480.0
434.0
449.0
423.0
543.0
540.0
529.0
497.0
499.0
452.0
452.0
418.0
435.0
414.0
389.0
414.0
435.0
448.0
419.0
431.0
470.0
457.0
439.0
444.0
458.0
482.0
495.0
531.0
573.0
615.0
626.0
596.0
652.0
651.0
631.0
631.0
581.0
572.0
569.0
596.0
528.0
518.0
574.0
565.0
590.0
614.0
586.0
584.0
586.0
543.0
504.0
572.0
586.0
542.0
506.0
532.0
506.0
471.0
438.0
403.0
381.0
358.0
333.0
317.0
284.0
268.0
241.0
212.0
192.0
167.0
151.0
132.0
126.0
122.0
114.0
109.0
105.0
97.0
94.0
97.0
96.0
90.0
100.0
101.0
111.0
104.0
113.0
107.0
102.0
101.0
103.0
115.0
121.0
117.0
108.0
114.0
108.0
98.0
92.0
95.0
96.0
94.0
90.0
88.0
83.0
90.0
85.0
88.0
80.0
72.0
79.0
77.0
79.0
75.0
75.0
69.0
65.0
64.0
62.0
60.0
59.0
62.0
58.0
56.0
55.0
57.0
53.0
52.0
48.0
48.0
45.0
45.0
42.0
41.0
39.0
45.0
44.0
41.0
39.0
47.0
43.0
42.0
39.0
36.0
33.0
31.0
29.0
33.0
31.0
29.0
27.0
26.0
25.0
28.0
26.0
26.0
27.0
28.0
26.0
25.0
25.0
25.0
23.0
23.0
23.0
23.0
24.0
26.0
29.0
29.0
27.0
26.0
25.0
25.0
25.0
25.0
23.0
22.0
21.0
20.0
22.0
22.0
21.0
20.0
22.0
22.0
25.0
25.0
27.0
26.0
30.0
48.0
55.0
60.0
66.0
60.0
58.0
61.0
65.0
75.0
79.0
87.0
85.0
93.0
97.0
101.0
96.0
95.0
106.0
150.0
140.0
136.0
133.0
137.0
167.0
218.0
239.0
273.0
324.0
351.0
392.0
399.0
472.0
472.0
443.0
420.0
452.0
488.0
500.0
516.0
530.0
501.0
503.0
501.0
498.0
499.0
489.0
485.0
475.0
435.0
480.0
474.0
513.0
471.0
465.0
470.0
436.0
408.0
392.0
413.0
404.0
449.0
445.0
416.0
450.0
433.0
416.0
440.0
436.0
431.0
402.0
387.0
403.0
413.0
441.0
429.0
388.0
410.0
404.0
428.0
456.0
461.0
451.0
448.0
448.0
434.0
401.0
442.0
426.0
443.0
401.0
362.0
403.0
381.0
351.0
339.0
322.0
305.0
299.0
299.0
262.0
253.0
238.0
208.0
181.0
162.0
141.0
124.0
109.0
99.0
90.0
83.0
77.0
73.0
75.0
68.0
72.0
68.0
70.0
67.0
74.0
73.0
82.0
81.0
81.0
86.0
95.0
88.0
85.0
81.0
83.0
80.0
98.0
94.0
93.0
91.0
90.0
92.0
95.0
92.0
86.0
84.0
77.0
79.0
77.0
81.0
75.0
76.0
75.0
76.0
70.0
72.0
66.0
71.0
65.0
61.0
67.0
61.0
56.0
55.0
56.0
53.0
50.0
52.0
49.0
46.0
45.0
42.0
43.0
43.0
41.0
37.0
39.0
37.0
36.0
39.0
45.0
42.0
39.0
39.0
38.0
35.0
33.0
31.0
33.0
32.0
29.0
28.0
27.0
25.0
25.0
24.0
23.0
24.0
23.0
24.0
24.0
24.0
23.0
24.0
24.0
23.0
22.0
22.0
20.0
20.0
19.0
21.0
21.0
20.0
19.0
21.0
24.0
23.0
24.0
27.0
26.0
34.0
38.0
42.0
49.0
50.0
48.0
56.0
64.0
58.0
80.0
101.0
98.0
115.0
112.0
99.0
98.0
89.0
104.0
101.0
95.0
150.0
144.0
158.0
163.0
182.0
180.0
221.0
246.0
298.0
300.0
306.0
333.0
347.0
385.0
380.0
427.0
411.0
416.0
442.0
444.0
464.0
424.0
411.0
414.0
425.0
442.0
468.0
470.0
477.0
442.0
465.0
435.0
458.0
469.0
489.0
489.0
496.0
457.0
423.0
410.0
411.0
416.0
458.0
441.0
456.0
444.0
418.0
431.0
440.0
462.0
464.0
521.0
499.0
494.0
467.0
468.0
492.0
453.0
426.0
402.0
390.0
343.0
361.0
385.0
374.0
396.0
410.0
386.0
366.0
339.0
335.0
329.0
348.0
374.0
384.0
392.0
379.0
376.0
349.0
338.0
368.0
361.0
325.0
301.0
269.0
262.0
250.0
223.0
253.0
228.0
205.0
190.0
194.0
170.0
155.0
142.0
132.0
117.0
123.0
110.0
96.0
95.0
86.0
82.0
74.0
83.0
78.0
80.0
78.0
73.0
73.0
79.0
71.0
69.0
67.0
62.0
60.0
64.0
60.0
60.0
56.0
55.0
54.0
52.0
50.0
49.0
51.0
48.0
48.0
51.0
56.0
54.0
57.0
60.0
55.0
50.0
48.0
45.0
46.0
44.0
50.0
51.0
49.0
46.0
43.0
41.0
40.0
39.0
37.0
38.0
36.0
36.0
33.0
32.0
30.0
30.0
28.0
28.0
27.0
30.0
28.0
28.0
26.0
26.0
24.0
24.0
22.0
22.0
22.0
21.0
22.0
22.0
21.0
21.0
24.0
25.0
24.0
24.0
25.0
24.0
23.0
22.0
21.0
20.0
21.0
20.0
20.0
19.0
19.0
18.0
19.0
19.0
20.0
20.0
24.0
30.0
34.0
58.0
58.0
55.0
54.0
50.0
59.0
57.0
60.0
65.0
67.0
61.0
55.0
50.0
58.0
58.0
55.0
55.0
82.0
95.0
101.0
97.0
89.0
93.0
96.0
98.0
100.0
105.0
103.0
117.0
126.0
148.0
142.0
165.0
192.0
184.0
260.0
270.0
313.0
304.0
316.0
304.0
325.0
337.0
363.0
354.0
340.0
336.0
333.0
329.0
374.0
374.0
354.0
351.0
390.0
377.0
399.0
391.0
386.0
382.0
355.0
413.0
408.0
423.0
449.0
442.0
459.0
477.0
468.0
475.0
445.0
457.0
476.0
512.0
504.0
497.0
476.0
478.0
467.0
419.0
403.0
388.0
468.0
464.0
443.0
412.0
414.0
436.0
406.0
417.0
404.0
416.0
414.0
440.0
437.0
434.0
546.0
529.0
544.0
571.0
555.0
508.0
520.0
460.0
460.0
427.0
455.0
425.0
409.0
395.0
396.0
370.0
340.0
317.0
351.0
318.0
306.0
279.0
266.0
233.0
204.0
186.0
165.0
144.0
132.0
120.0
117.0
109.0
103.0
101.0
95.0
105.0
104.0
98.0
108.0
117.0
109.0
105.0
102.0
93.0
102.0
106.0
105.0
96.0
90.0
85.0
80.0
93.0
85.0
80.0
91.0
84.0
78.0
78.0
72.0
93.0
83.0
75.0
69.0
67.0
73.0
82.0
77.0
84.0
74.0
70.0
63.0
59.0
59.0
64.0
62.0
57.0
52.0
52.0
48.0
45.0
53.0
48.0
58.0
55.0
49.0
45.0
42.0
39.0
37.0
40.0
41.0
38.0
36.0
33.0
44.0
50.0
50.0
46.0
42.0
38.0
36.0
34.0
32.0
31.0
30.0
31.0
29.0
27.0
30.0
31.0
33.0
34.0
37.0
34.0
33.0
32.0
30.0
28.0
31.0
32.0
38.0
35.0
33.0
30.0
28.0
27.0
32.0
31.0
29.0
28.0
27.0
26.0
25.0
26.0
26.0
25.0
25.0
23.0
24.0
24.0
23.0
30.0
50.0
52.0
53.0
48.0
47.0
48.0
76.0
96.0
100.0
97.0
88.0
96.0
110.0
115.0
117.0
141.0
156.0
155.0
147.0
159.0
208.0
195.0
195.0
195.0
202.0
229.0
240.0
265.0
260.0
297.0
381.0
398.0
397.0
416.0
455.0
464.0
491.0
497.0
515.0
517.0
500.0
553.0
523.0
523.0
494.0
457.0
442.0
454.0
416.0
375.0
403.0
435.0
405.0
420.0
401.0
432.0
400.0
400.0
411.0
405.0
404.0
373.0
364.0
383.0
367.0
349.0
325.0
325.0
332.0
356.0
371.0
346.0
358.0
322.0
284.0
290.0
368.0
368.0
341.0
335.0
321.0
321.0
321.0
320.0
316.0
292.0
273.0
264.0
281.0
301.0
282.0
264.0
273.0
255.0
252.0
229.0
222.0
251.0
274.0
260.0
230.0
206.0
185.0
211.0
233.0
227.0
204.0
181.0
169.0
172.0
151.0
136.0
121.0
119.0
118.0
121.0
107.0
95.0
87.0
77.0
70.0
65.0
74.0
74.0
79.0
72.0
67.0
62.0
59.0
58.0
61.0
56.0
54.0
52.0
62.0
59.0
56.0
57.0
51.0
55.0
51.0
48.0
48.0
51.0
50.0
62.0
66.0
63.0
57.0
53.0
49.0
48.0
44.0
44.0
46.0
45.0
50.0
47.0
52.0
47.0
44.0
41.0
38.0
45.0
51.0
46.0
42.0
41.0
38.0
36.0
38.0
38.0
35.0
33.0
33.0
33.0
31.0
30.0
31.0
29.0
38.0
42.0
39.0
36.0
33.0
32.0
31.0
35.0
32.0
31.0
29.0
29.0
30.0
28.0
27.0
27.0
28.0
29.0
29.0
30.0
28.0
28.0
27.0
25.0
27.0
26.0
27.0
26.0
25.0
26.0
31.0
30.0
32.0
32.0
31.0
33.0
35.0
50.0
48.0
47.0
62.0
74.0
69.0
75.0
70.0
68.0
63.0
66.0
69.0
94.0
127.0
153.0
157.0
153.0
151.0
146.0
167.0
212.0
201.0
210.0
239.0
279.0
257.0
245.0
267.0
272.0
308.0
361.0
349.0
332.0
343.0
378.0
359.0
338.0
365.0
345.0
407.0
404.0
450.0
469.0
513.0
487.0
436.0
410.0
401.0
368.0
379.0
349.0
357.0
368.0
358.0
372.0
378.0
416.0
413.0
408.0
384.0
389.0
367.0
388.0
408.0
416.0
459.0
447.0
435.0
421.0
406.0
364.0
376.0
362.0
342.0
387.0
416.0
413.0
403.0
410.0
386.0
362.0
327.0
373.0
336.0
320.0
331.0
325.0
359.0
433.0
420.0
381.0
371.0
352.0
385.0
368.0
348.0
332.0
321.0
294.0
313.0
324.0
324.0
337.0
313.0
310.0
295.0
280.0
249.0
235.0
229.0
213.0
194.0
176.0
167.0
151.0
133.0
118.0
112.0
140.0
134.0
117.0
110.0
97.0
92.0
96.0
99.0
97.0
90.0
85.0
82.0
89.0
93.0
95.0
96.0
90.0
82.0
81.0
76.0
70.0
72.0
74.0
83.0
78.0
71.0
71.0
74.0
84.0
77.0
80.0
92.0
88.0
85.0
79.0
75.0
71.0
72.0
68.0
69.0
63.0
58.0
53.0
53.0
51.0
51.0
54.0
49.0
48.0
45.0
45.0
46.0
44.0
43.0
42.0
40.0
37.0
40.0
37.0
39.0
36.0
35.0
33.0
31.0
31.0
29.0
30.0
29.0
28.0
30.0
38.0
48.0
44.0
40.0
38.0
42.0
40.0
37.0
37.0
34.0
32.0
33.0
32.0
31.0
43.0
48.0
46.0
42.0
38.0
36.0
34.0
32.0
34.0
33.0
32.0
30.0
29.0
29.0
30.0
34.0
37.0
41.0
38.0
36.0
34.0
33.0
31.0
30.0
45.0
66.0
62.0
66.0
60.0
68.0
64.0
69.0
91.0
91.0
115.0
116.0
113.0
98.0
98.0
99.0
94.0
101.0
122.0
127.0
154.0
248.0
230.0
208.0
221.0
259.0
271.0
266.0
303.0
292.0
329.0
355.0
376.0
363.0
357.0
361.0
349.0
376.0
427.0
448.0
551.0
522.0
530.0
542.0
492.0
456.0
465.0
445.0
398.0
395.0
406.0
409.0
451.0
443.0
473.0
458.0
438.0
463.0
469.0
501.0
480.0
519.0
511.0
477.0
433.0
432.0
471.0
479.0
482.0
448.0
419.0
415.0
374.0
402.0
385.0
362.0
359.0
375.0
397.0
395.0
394.0
401.0
407.0
380.0
384.0
451.0
432.0
390.0
350.0
334.0
320.0
328.0
313.0
305.0
293.0
285.0
265.0
260.0
266.0
296.0
280.0
298.0
307.0
274.0
266.0
262.0
292.0
277.0
277.0
284.0
290.0
291.0
321.0
301.0
284.0
259.0
229.0
233.0
212.0
217.0
206.0
181.0
170.0
189.0
196.0
171.0
154.0
136.0
126.0
116.0
107.0
101.0
90.0
81.0
94.0
92.0
88.0
82.0
74.0
76.0
90.0
87.0
84.0
80.0
80.0
71.0
70.0
64.0
58.0
56.0
59.0
55.0
54.0
51.0
53.0
50.0
49.0
48.0
48.0
46.0
56.0
63.0
56.0
53.0
49.0
45.0
44.0
46.0
59.0
55.0
51.0
54.0
54.0
50.0
46.0
46.0
42.0
40.0
37.0
34.0
36.0
35.0
34.0
37.0
34.0
32.0
30.0
33.0
31.0
31.0
28.0
27.0
26.0
27.0
30.0
28.0
27.0
32.0
34.0
31.0
29.0
28.0
26.0
46.0
57.0
54.0
49.0
44.0
40.0
37.0
37.0
36.0
50.0
48.0
45.0
40.0
37.0
34.0
34.0
36.0
35.0
36.0
33.0
31.0
38.0
46.0
63.0
80.0
74.0
73.0
66.0
59.0
57.0
71.0
69.0
86.0
86.0
88.0
80.0
81.0
106.0
109.0
120.0
141.0
144.0
190.0
213.0
229.0
238.0
244.0
229.0
228.0
241.0
261.0
269.0
264.0
283.0
284.0
296.0
312.0
323.0
314.0
356.0
361.0
363.0
395.0
423.0
426.0
464.0
458.0
407.0
373.0
396.0
390.0
390.0
361.0
352.0
366.0
353.0
401.0
437.0
435.0
458.0
439.0
429.0
428.0
410.0
381.0
357.0
359.0
353.0
356.0
352.0
346.0
341.0
334.0
345.0
369.0
369.0
373.0
365.0
369.0
391.0
347.0
324.0
344.0
338.0
371.0
350.0
328.0
289.0
320.0
301.0
293.0
311.0
301.0
320.0
282.0
275.0
256.0
270.0
253.0
242.0
225.0
206.0
193.0
202.0
195.0
186.0
176.0
156.0
147.0
139.0
125.0
123.0
109.0
96.0
88.0
82.0
78.0
71.0
64.0
64.0
61.0
62.0
58.0
57.0
54.0
69.0
62.0
66.0
63.0
60.0
55.0
51.0
47.0
52.0
48.0
45.0
57.0
61.0
57.0
53.0
48.0
45.0
46.0
42.0
44.0
44.0
46.0
42.0
42.0
44.0
50.0
47.0
48.0
44.0
43.0
40.0
41.0
37.0
37.0
36.0
36.0
38.0
37.0
38.0
35.0
33.0
33.0
31.0
29.0
37.0
35.0
35.0
33.0
32.0
30.0
32.0
34.0
46.0
46.0
43.0
39.0
39.0
36.0
34.0
31.0
29.0
27.0
27.0
37.0
34.0
32.0
29.0
28.0
27.0
25.0
24.0
25.0
24.0
23.0
23.0
23.0
23.0
22.0
22.0
23.0
24.0
26.0
25.0
25.0
30.0
39.0
38.0
36.0
40.0
51.0
55.0
55.0
56.0
62.0
70.0
71.0
69.0
66.0
61.0
57.0
56.0
60.0
59.0
60.0
67.0
81.0
83.0
84.0
94.0
94.0
92.0
107.0
110.0
128.0
171.0
171.0
199.0
218.0
234.0
254.0
255.0
290.0
307.0
307.0
315.0
313.0
335.0
319.0
306.0
277.0
291.0
296.0
304.0
335.0
340.0
344.0
322.0
307.0
299.0
339.0
417.0
397.0
443.0
418.0
397.0
415.0
372.0
358.0
388.0
389.0
438.0
421.0
371.0
363.0
416.0
422.0
424.0
479.0
451.0
431.0
413.0
402.0
395.0
382.0
357.0
360.0
341.0
386.0
367.0
333.0
329.0
324.0
325.0
308.0
307.0
317.0
324.0
320.0
333.0
337.0
330.0
324.0
359.0
362.0
330.0
342.0
354.0
333.0
316.0
309.0
314.0
314.0
299.0
268.0
251.0
261.0
268.0
245.0
240.0
219.0
189.0
215.0
218.0
208.0
182.0
163.0
155.0
145.0
128.0
117.0
108.0
96.0
86.0
83.0
76.0
71.0
71.0
66.0
62.0
62.0
56.0
59.0
57.0
54.0
53.0
56.0
52.0
48.0
48.0
47.0
46.0
43.0
52.0
48.0
49.0
47.0
50.0
47.0
48.0
51.0
57.0
59.0
61.0
55.0
53.0
52.0
52.0
51.0
51.0
50.0
46.0
43.0
42.0
39.0
41.0
38.0
36.0
35.0
32.0
30.0
29.0
32.0
40.0
38.0
37.0
34.0
31.0
31.0
29.0
32.0
34.0
35.0
35.0
33.0
32.0
37.0
33.0
31.0
29.0
31.0
30.0
36.0
34.0
35.0
33.0
31.0
31.0
30.0
29.0
32.0
35.0
35.0
33.0
34.0
32.0
34.0
37.0
34.0
32.0
29.0
28.0
26.0
26.0
27.0
29.0
27.0
26.0
24.0
23.0
23.0
25.0
24.0
23.0
23.0
22.0
21.0
21.0
20.0
20.0
28.0
27.0
27.0
30.0
30.0
34.0
46.0
45.0
44.0
41.0
43.0
46.0
50.0
58.0
57.0
81.0
96.0
98.0
111.0
117.0
117.0
140.0
158.0
231.0
232.0
265.0
250.0
275.0
279.0
308.0
320.0
313.0
342.0
341.0
372.0
389.0
370.0
358.0
342.0
343.0
371.0
358.0
413.0
416.0
453.0
423.0
458.0
474.0
442.0
456.0
460.0
443.0
399.0
370.0
352.0
335.0
322.0
300.0
297.0
334.0
315.0
326.0
338.0
333.0
323.0
345.0
383.0
353.0
360.0
372.0
354.0
383.0
366.0
379.0
364.0
437.0
450.0
431.0
439.0
417.0
410.0
410.0
383.0
376.0
338.0
328.0
326.0
318.0
320.0
313.0
328.0
309.0
299.0
303.0
276.0
241.0
235.0
248.0
216.0
189.0
169.0
148.0
135.0
124.0
111.0
107.0
95.0
93.0
86.0
77.0
72.0
64.0
60.0
57.0
52.0
49.0
55.0
50.0
54.0
50.0
47.0
46.0
48.0
44.0
46.0
46.0
43.0
43.0
44.0
46.0
45.0
50.0
53.0
63.0
64.0
68.0
65.0
67.0
60.0
62.0
59.0
55.0
50.0
54.0
52.0
56.0
51.0
48.0
45.0
42.0
41.0
38.0
37.0
41.0
39.0
42.0
40.0
37.0
34.0
33.0
34.0
34.0
34.0
31.0
29.0
28.0
27.0
27.0
36.0
35.0
33.0
32.0
30.0
28.0
32.0
31.0
31.0
31.0
30.0
29.0
27.0
31.0
32.0
33.0
31.0
29.0
27.0
26.0
24.0
24.0
24.0
24.0
23.0
22.0
21.0
22.0
22.0
21.0
20.0
20.0
21.0
26.0
28.0
29.0
28.0
26.0
24.0
23.0
22.0
21.0
28.0
31.0
31.0
30.0
30.0
29.0
30.0
29.0
33.0
37.0
55.0
50.0
47.0
50.0
54.0
54.0
70.0
84.0
90.0
97.0
96.0
106.0
136.0
136.0
123.0
145.0
166.0
179.0
175.0
215.0
225.0
268.0
300.0
321.0
342.0
369.0
347.0
353.0
351.0
354.0
356.0
411.0
409.0
366.0
413.0
432.0
430.0
447.0
419.0
417.0
409.0
451.0
435.0
398.0
416.0
486.0
480.0
488.0
554.0
518.0
487.0
452.0
407.0
417.0
442.0
453.0
431.0
427.0
448.0
422.0
398.0
369.0
368.0
352.0
355.0
330.0
366.0
347.0
393.0
408.0
415.0
369.0
361.0
342.0
307.0
306.0
293.0
274.0
265.0
255.0
240.0
257.0
270.0
262.0
273.0
303.0
276.0
304.0
284.0
269.0
270.0
316.0
317.0
340.0
301.0
299.0
280.0
272.0
271.0
253.0
223.0
225.0
197.0
213.0
219.0
204.0
197.0
182.0
167.0
178.0
157.0
137.0
122.0
114.0
102.0
93.0
86.0
82.0
77.0
71.0
81.0
73.0
71.0
63.0
65.0
66.0
72.0
64.0
61.0
60.0
60.0
59.0
55.0
56.0
55.0
54.0
54.0
53.0
61.0
60.0
61.0
62.0
58.0
54.0
50.0
50.0
48.0
54.0
49.0
50.0
47.0
43.0
41.0
49.0
53.0
50.0
47.0
43.0
41.0
37.0
36.0
34.0
33.0
35.0
35.0
37.0
35.0
35.0
35.0
34.0
32.0
30.0
31.0
35.0
34.0
34.0
33.0
38.0
37.0
35.0
33.0
31.0
29.0
27.0
25.0
26.0
24.0
25.0
26.0
30.0
29.0
28.0
29.0
28.0
27.0
28.0
27.0
26.0
25.0
24.0
28.0
33.0
32.0
31.0
29.0
28.0
29.0
33.0
33.0
44.0
47.0
45.0
41.0
38.0
36.0
39.0
46.0
48.0
48.0
47.0
45.0
48.0
52.0
56.0
55.0
51.0
60.0
61.0
87.0
105.0
102.0
116.0
155.0
157.0
177.0
192.0
244.0
241.0
247.0
298.0
289.0
290.0
279.0
296.0
280.0
268.0
286.0
287.0
318.0
365.0
368.0
390.0
423.0
432.0
459.0
460.0
444.0
424.0
425.0
395.0
380.0
352.0
323.0
350.0
382.0
365.0
455.0
446.0
443.0
478.0
485.0
513.0
560.0
547.0
534.0
503.0
465.0
514.0
467.0
462.0
478.0
458.0
445.0
420.0
409.0
375.0
372.0
342.0
327.0
326.0
328.0
306.0
311.0
330.0
311.0
298.0
290.0
272.0
357.0
370.0
340.0
313.0
313.0
306.0
338.0
350.0
341.0
361.0
349.0
364.0
323.0
308.0
338.0
318.0
299.0
269.0
248.0
230.0
203.0
190.0
188.0
175.0
156.0
150.0
142.0
128.0
113.0
123.0
124.0
122.0
113.0
104.0
92.0
83.0
85.0
81.0
79.0
74.0
67.0
77.0
75.0
74.0
72.0
65.0
61.0
61.0
59.0
56.0
56.0
57.0
73.0
66.0
68.0
64.0
58.0
53.0
55.0
52.0
51.0
50.0
52.0
52.0
55.0
54.0
52.0
51.0
53.0
54.0
59.0
56.0
51.0
52.0
52.0
50.0
46.0
48.0
46.0
48.0
46.0
45.0
41.0
41.0
46.0
53.0
48.0
46.0
43.0
41.0
38.0
41.0
40.0
39.0
37.0
34.0
32.0
30.0
30.0
28.0
28.0
32.0
32.0
35.0
36.0
37.0
34.0
32.0
31.0
29.0
28.0
29.0
28.0
29.0
32.0
34.0
34.0
32.0
34.0
32.0
30.0
29.0
29.0
30.0
31.0
30.0
30.0
28.0
26.0
31.0
31.0
31.0
33.0
40.0
40.0
39.0
46.0
43.0
42.0
55.0
73.0
76.0
82.0
84.0
85.0
79.0
88.0
102.0
122.0
130.0
132.0
129.0
129.0
162.0
163.0
169.0
161.0
144.0
146.0
155.0
175.0
237.0
215.0
201.0
232.0
237.0
234.0
241.0
262.0
236.0
229.0
209.0
284.0
260.0
249.0
274.0
268.0
281.0
310.0
305.0
302.0
291.0
335.0
390.0
416.0
438.0
413.0
405.0
381.0
412.0
460.0
437.0
455.0
458.0
432.0
425.0
383.0
370.0
362.0
384.0
379.0
433.0
465.0
486.0
450.0
459.0
453.0
422.0
419.0
430.0
405.0
400.0
395.0
418.0
398.0
375.0
395.0
441.0
439.0
445.0
404.0
405.0
399.0
402.0
373.0
352.0
344.0
319.0
348.0
322.0
316.0
291.0
269.0
274.0
262.0
248.0
227.0
266.0
240.0
209.0
184.0
166.0
172.0
193.0
178.0
156.0
137.0
121.0
106.0
94.0
93.0
88.0
81.0
73.0
65.0
61.0
57.0
54.0
61.0
60.0
66.0
66.0
64.0
62.0
65.0
67.0
62.0
65.0
63.0
59.0
59.0
65.0
70.0
64.0
59.0
58.0
55.0
53.0
56.0
56.0
68.0
65.0
60.0
58.0
58.0
54.0
52.0
47.0
45.0
48.0
49.0
49.0
50.0
50.0
46.0
44.0
42.0
42.0
40.0
38.0
40.0
49.0
46.0
42.0
38.0
35.0
33.0
33.0
31.0
31.0
33.0
34.0
43.0
40.0
37.0
35.0
32.0
31.0
35.0
37.0
36.0
35.0
33.0
32.0
30.0
45.0
42.0
41.0
45.0
42.0
39.0
36.0
34.0
31.0
30.0
31.0
31.0
35.0
32.0
30.0
28.0
27.0
25.0
25.0
26.0
28.0
26.0
26.0
25.0
24.0
30.0
39.0
46.0
45.0
56.0
56.0
60.0
63.0
79.0
72.0
65.0
71.0
65.0
59.0
57.0
54.0
74.0
83.0
83.0
91.0
86.0
78.0
74.0
76.0
71.0
74.0
92.0
95.0
92.0
117.0
106.0
99.0
125.0
161.0
175.0
198.0
184.0
199.0
240.0
271.0
297.0
286.0
295.0
292.0
288.0
283.0
294.0
287.0
313.0
331.0
371.0
352.0
390.0
379.0
371.0
364.0
393.0
361.0
357.0
356.0
337.0
379.0
442.0
423.0
504.0
493.0
460.0
493.0
483.0
461.0
415.0
430.0
462.0
418.0
399.0
387.0
396.0
382.0
363.0
327.0
312.0
335.0
360.0
381.0
383.0
405.0
406.0
388.0
410.0
399.0
371.0
338.0
319.0
296.0
271.0
267.0
340.0
308.0
282.0
295.0
304.0
294.0
273.0
256.0
227.0
205.0
219.0
215.0
197.0
205.0
217.0
211.0
198.0
188.0
179.0
164.0
152.0
145.0
133.0
136.0
133.0
138.0
144.0
146.0
134.0
117.0
103.0
102.0
90.0
84.0
83.0
76.0
78.0
74.0
76.0
70.0
70.0
69.0
70.0
71.0
67.0
70.0
67.0
69.0
66.0
65.0
66.0
74.0
69.0
70.0
71.0
71.0
65.0
68.0
67.0
65.0
64.0
64.0
59.0
56.0
52.0
49.0
46.0
44.0
47.0
44.0
45.0
43.0
44.0
40.0
49.0
45.0
44.0
43.0
40.0
38.0
38.0
44.0
43.0
40.0
37.0
34.0
35.0
33.0
32.0
35.0
36.0
34.0
32.0
37.0
34.0
32.0
31.0
30.0
29.0
29.0
30.0
33.0
31.0
30.0
28.0
27.0
25.0
24.0
23.0
26.0
26.0
26.0
25.0
24.0
23.0
22.0
21.0
21.0
20.0
20.0
20.0
19.0
24.0
23.0
23.0
22.0
28.0
31.0
33.0
46.0
47.0
49.0
49.0
45.0
52.0
58.0
54.0
55.0
75.0
76.0
69.0
62.0
73.0
76.0
78.0
91.0
129.0
159.0
166.0
174.0
169.0
190.0
191.0
201.0
189.0
223.0
250.0
248.0
278.0
262.0
242.0
298.0
301.0
309.0
308.0
284.0
282.0
336.0
325.0
316.0
335.0
382.0
382.0
386.0
356.0
368.0
413.0
415.0
427.0
415.0
396.0
418.0
404.0
442.0
409.0
435.0
438.0
438.0
440.0
416.0
386.0
357.0
370.0
361.0
363.0
329.0
328.0
301.0
285.0
326.0
332.0
329.0
325.0
303.0
321.0
341.0
377.0
354.0
322.0
315.0
322.0
327.0
328.0
321.0
298.0
274.0
286.0
303.0
295.0
291.0
302.0
284.0
268.0
274.0
253.0
285.0
323.0
305.0
284.0
287.0
279.0
270.0
251.0
238.0
242.0
226.0
197.0
192.0
174.0
181.0
165.0
146.0
130.0
125.0
124.0
120.0
135.0
148.0
134.0
128.0
114.0
100.0
98.0
96.0
89.0
95.0
87.0
77.0
77.0
71.0
67.0
62.0
71.0
71.0
65.0
65.0
60.0
64.0
63.0
62.0
58.0
62.0
60.0
58.0
55.0
57.0
66.0
64.0
62.0
61.0
55.0
54.0
52.0
54.0
51.0
56.0
54.0
50.0
49.0
45.0
52.0
54.0
51.0
49.0
49.0
46.0
45.0
44.0
40.0
47.0
55.0
56.0
53.0
50.0
46.0
41.0
42.0
38.0
42.0
41.0
41.0
44.0
46.0
42.0
40.0
39.0
39.0
40.0
40.0
39.0
35.0
33.0
31.0
31.0
30.0
28.0
26.0
28.0
30.0
32.0
34.0
42.0
40.0
42.0
38.0
36.0
33.0
31.0
29.0
30.0
30.0
29.0
27.0
27.0
25.0
25.0
25.0
27.0
32.0
30.0
32.0
32.0
30.0
29.0
29.0
27.0
41.0
50.0
52.0
55.0
58.0
56.0
64.0
67.0
69.0
63.0
66.0
63.0
61.0
63.0
66.0
61.0
57.0
57.0
62.0
71.0
67.0
76.0
77.0
78.0
79.0
84.0
107.0
119.0
123.0
140.0
133.0
132.0
160.0
166.0
191.0
191.0
198.0
188.0
191.0
191.0
190.0
206.0
219.0
235.0
246.0
278.0
324.0
334.0
337.0
376.0
374.0
356.0
361.0
363.0
336.0
348.0
325.0
330.0
422.0
403.0
403.0
436.0
427.0
421.0
395.0
368.0
367.0
398.0
392.0
381.0
369.0
381.0
406.0
435.0
466.0
428.0
448.0
439.0
406.0
448.0
428.0
429.0
411.0
404.0
426.0
396.0
404.0
434.0
410.0
404.0
391.0
352.0
324.0
318.0
327.0
312.0
294.0
267.0
303.0
304.0
319.0
280.0
290.0
276.0
252.0
252.0
253.0
234.0
214.0
185.0
170.0
153.0
139.0
123.0
118.0
110.0
103.0
96.0
86.0
81.0
75.0
75.0
71.0
68.0
63.0
61.0
55.0
55.0
51.0
47.0
44.0
43.0
48.0
48.0
46.0
49.0
53.0
55.0
53.0
55.0
52.0
52.0
52.0
50.0
47.0
55.0
59.0
63.0
60.0
57.0
58.0
54.0
55.0
54.0
67.0
65.0
63.0
56.0
54.0
49.0
49.0
44.0
47.0
44.0
45.0
45.0
45.0
50.0
46.0
43.0
39.0
38.0
36.0
35.0
33.0
32.0
31.0
28.0
31.0
31.0
29.0
33.0
34.0
34.0
33.0
31.0
29.0
29.0
27.0
25.0
24.0
23.0
22.0
23.0
24.0
23.0
22.0
21.0
21.0
20.0
20.0
22.0
25.0
24.0
24.0
22.0
22.0
22.0
21.0
20.0
22.0
25.0
29.0
28.0
32.0
43.0
41.0
42.0
47.0
47.0
48.0
48.0
54.0
65.0
70.0
71.0
75.0
77.0
71.0
70.0
74.0
67.0
65.0
68.0
84.0
102.0
99.0
89.0
103.0
110.0
140.0
139.0
138.0
137.0
148.0
176.0
183.0
179.0
197.0
195.0
210.0
207.0
223.0
233.0
261.0
289.0
308.0
308.0
307.0
307.0
338.0
363.0
330.0
354.0
353.0
361.0
393.0
412.0
412.0
499.0
593.0
556.0
544.0
520.0
468.0
441.0
443.0
427.0
405.0
418.0
416.0
388.0
387.0
403.0
395.0
460.0
417.0
403.0
398.0
410.0
425.0
396.0
445.0
448.0
456.0
437.0
401.0
395.0
355.0
346.0
337.0
318.0
323.0
306.0
305.0
298.0
295.0
302.0
320.0
356.0
357.0
352.0
344.0
336.0
311.0
300.0
320.0
289.0
274.0
275.0
283.0
272.0
254.0
251.0
301.0
287.0
258.0
260.0
264.0
229.0
260.0
233.0
202.0
175.0
158.0
151.0
170.0
167.0
153.0
141.0
126.0
115.0
102.0
92.0
82.0
97.0
91.0
93.0
90.0
92.0
85.0
78.0
70.0
67.0
61.0
67.0
60.0
55.0
57.0
58.0
57.0
56.0
56.0
54.0
52.0
52.0
51.0
47.0
44.0
45.0
52.0
54.0
51.0
49.0
50.0
47.0
49.0
48.0
51.0
54.0
57.0
52.0
53.0
48.0
46.0
42.0
43.0
52.0
61.0
55.0
54.0
53.0
52.0
49.0
45.0
45.0
42.0
42.0
39.0
37.0
34.0
34.0
33.0
32.0
30.0
29.0
27.0
27.0
26.0
25.0
25.0
25.0
28.0
32.0
30.0
31.0
30.0
28.0
27.0
26.0
27.0
27.0
26.0
24.0
26.0
31.0
44.0
41.0
38.0
35.0
33.0
30.0
29.0
28.0
26.0
25.0
24.0
23.0
22.0
22.0
22.0
26.0
27.0
30.0
29.0
28.0
28.0
31.0
33.0
41.0
41.0
38.0
36.0
34.0
35.0
42.0
42.0
43.0
42.0
39.0
37.0
41.0
43.0
47.0
46.0
64.0
77.0
83.0
86.0
78.0
74.0
75.0
108.0
97.0
121.0
119.0
148.0
159.0
170.0
179.0
195.0
176.0
192.0
200.0
244.0
267.0
262.0
263.0
242.0
239.0
266.0
296.0
289.0
274.0
320.0
331.0
342.0
330.0
351.0
380.0
404.0
419.0
389.0
419.0
417.0
488.0
490.0
467.0
439.0
452.0
437.0
387.0
362.0
344.0
339.0
323.0
303.0
291.0
316.0
307.0
293.0
306.0
289.0
279.0
281.0
275.0
257.0
253.0
275.0
270.0
260.0
250.0
265.0
249.0
265.0
267.0
299.0
289.0
279.0
285.0
273.0
266.0
274.0
308.0
290.0
258.0
239.0
230.0
219.0
247.0
250.0
256.0
228.0
241.0
244.0
236.0
233.0
227.0
215.0
254.0
252.0
231.0
202.0
194.0
213.0
191.0
166.0
146.0
131.0
122.0
108.0
111.0
105.0
100.0
93.0
92.0
85.0
78.0
74.0
74.0
72.0
65.0
61.0
65.0
59.0
62.0
56.0
57.0
58.0
65.0
66.0
80.0
77.0
84.0
82.0
81.0
79.0
72.0
70.0
69.0
75.0
76.0
98.0
94.0
91.0
84.0
87.0
78.0
74.0
67.0
66.0
63.0
75.0
79.0
72.0
68.0
65.0
59.0
62.0
58.0
55.0
52.0
57.0
52.0
48.0
47.0
45.0
42.0
43.0
44.0
40.0
38.0
35.0
36.0
35.0
40.0
39.0
41.0
38.0
39.0
37.0
35.0
34.0
38.0
38.0
50.0
47.0
44.0
41.0
38.0
37.0
38.0
37.0
34.0
35.0
35.0
34.0
31.0
30.0
28.0
29.0
32.0
32.0
30.0
28.0
27.0
26.0
26.0
27.0
30.0
32.0
31.0
29.0
27.0
26.0
25.0
27.0
25.0
37.0
51.0
54.0
59.0
85.0
85.0
87.0
80.0
82.0
81.0
92.0
92.0
115.0
110.0
100.0
100.0
158.0
147.0
133.0
136.0
134.0
134.0
135.0
153.0
178.0
180.0
182.0
200.0
218.0
239.0
272.0
248.0
274.0
258.0
275.0
269.0
277.0
272.0
315.0
320.0
327.0
337.0
315.0
367.0
359.0
356.0
359.0
398.0
358.0
429.0
406.0
420.0
416.0
395.0
432.0
391.0
408.0
423.0
438.0
411.0
415.0
427.0
410.0
402.0
368.0
328.0
313.0
333.0
307.0
309.0
285.0
291.0
307.0
315.0
298.0
281.0
262.0
260.0
304.0
279.0
257.0
263.0
259.0
244.0
226.0
227.0
225.0
224.0
205.0
216.0
208.0
195.0
199.0
218.0
213.0
227.0
208.0
211.0
200.0
233.0
254.0
257.0
237.0
211.0
196.0
189.0
189.0
181.0
197.0
215.0
210.0
188.0
174.0
204.0
182.0
158.0
140.0
130.0
119.0
144.0
135.0
119.0
110.0
111.0
99.0
94.0
106.0
93.0
83.0
79.0
76.0
76.0
70.0
76.0
81.0
86.0
78.0
80.0
73.0
68.0
66.0
62.0
59.0
59.0
58.0
56.0
57.0
54.0
60.0
62.0
56.0
64.0
58.0
59.0
56.0
58.0
54.0
57.0
61.0
64.0
60.0
59.0
55.0
58.0
52.0
52.0
47.0
46.0
42.0
41.0
46.0
44.0
43.0
43.0
39.0
43.0
46.0
43.0
43.0
46.0
42.0
39.0
36.0
33.0
31.0
33.0
40.0
39.0
42.0
40.0
37.0
34.0
31.0
30.0
28.0
32.0
33.0
33.0
32.0
30.0
28.0
26.0
25.0
24.0
25.0
24.0
23.0
21.0
21.0
20.0
22.0
22.0
24.0
24.0
22.0
21.0
21.0
20.0
20.0
20.0
19.0
19.0
20.0
20.0
19.0
21.0
20.0
20.0
19.0
19.0
18.0
19.0
19.0
19.0
20.0
21.0
22.0
30.0
41.0
44.0
46.0
44.0
51.0
46.0
47.0
60.0
70.0
63.0
61.0
62.0
62.0
70.0
65.0
64.0
66.0
73.0
70.0
86.0
98.0
96.0
103.0
104.0
102.0
113.0
114.0
126.0
126.0
130.0
122.0
126.0
114.0
115.0
117.0
120.0
124.0
129.0
128.0
141.0
166.0
177.0
202.0
227.0
235.0
265.0
266.0
320.0
292.0
304.0
352.0
362.0
347.0
387.0
396.0
387.0
359.0
389.0
383.0
427.0
437.0
434.0
417.0
409.0
423.0
395.0
388.0
398.0
458.0
451.0
424.0
425.0
388.0
374.0
358.0
424.0
385.0
344.0
310.0
389.0
360.0
363.0
343.0
360.0
381.0
337.0
332.0
308.0
301.0
334.0
331.0
338.0
317.0
294.0
300.0
294.0
313.0
335.0
311.0
300.0
316.0
358.0
338.0
315.0
292.0
276.0
264.0
267.0
268.0
239.0
216.0
197.0
192.0
182.0
164.0
160.0
161.0
153.0
153.0
143.0
127.0
110.0
100.0
90.0
81.0
75.0
81.0
73.0
73.0
75.0
71.0
67.0
66.0
60.0
61.0
74.0
77.0
70.0
65.0
63.0
61.0
60.0
66.0
62.0
61.0
58.0
57.0
61.0
57.0
59.0
56.0
62.0
68.0
67.0
62.0
60.0
57.0
58.0
53.0
50.0
47.0
49.0
49.0
49.0
45.0
50.0
48.0
47.0
45.0
42.0
40.0
41.0
39.0
36.0
36.0
34.0
34.0
32.0
31.0
29.0
28.0
27.0
31.0
30.0
35.0
37.0
38.0
35.0
33.0
31.0
29.0
29.0
28.0
28.0
28.0
27.0
26.0
25.0
24.0
26.0
27.0
29.0
28.0
28.0
26.0
25.0
25.0
27.0
26.0
25.0
24.0
24.0
25.0
25.0
24.0
23.0
24.0
25.0
25.0
24.0
23.0
23.0
22.0
22.0
27.0
27.0
30.0
28.0
26.0
25.0
24.0
24.0
30.0
28.0
29.0
27.0
26.0
31.0
30.0
33.0
33.0
43.0
50.0
57.0
52.0
48.0
47.0
45.0
52.0
66.0
80.0
75.0
78.0
86.0
83.0
99.0
122.0
117.0
111.0
109.0
101.0
125.0
142.0
155.0
153.0
149.0
148.0
180.0
198.0
209.0
223.0
215.0
228.0
231.0
244.0
261.0
255.0
290.0
288.0
273.0
282.0
264.0
253.0
265.0
254.0
258.0
271.0
276.0
286.0
354.0
361.0
425.0
448.0
435.0
390.0
366.0
346.0
389.0
405.0
417.0
403.0
384.0
347.0
351.0
330.0
336.0
356.0
332.0
321.0
297.0
319.0
350.0
350.0
358.0
366.0
354.0
348.0
353.0
380.0
349.0
320.0
322.0
334.0
310.0
372.0
345.0
312.0
310.0
304.0
283.0
303.0
323.0
319.0
337.0
303.0
300.0
282.0
263.0
243.0
248.0
261.0
247.0
243.0
239.0
314.0
295.0
267.0
266.0
243.0
260.0
246.0
248.0
265.0
289.0
259.0
257.0
255.0
228.0
208.0
193.0
173.0
161.0
145.0
130.0
133.0
126.0
112.0
104.0
101.0
96.0
101.0
89.0
80.0
75.0
68.0
70.0
66.0
80.0
105.0
98.0
92.0
84.0
79.0
74.0
70.0
73.0
69.0
64.0
73.0
69.0
79.0
77.0
76.0
72.0
68.0
62.0
66.0
70.0
72.0
66.0
60.0
65.0
60.0
59.0
55.0
56.0
62.0
66.0
62.0
57.0
54.0
51.0
47.0
46.0
44.0
46.0
51.0
47.0
44.0
45.0
44.0
40.0
38.0
38.0
36.0
34.0
35.0
37.0
44.0
41.0
50.0
49.0
45.0
40.0
38.0
35.0
34.0
32.0
31.0
33.0
31.0
30.0
28.0
26.0
25.0
23.0
24.0
26.0
26.0
25.0
23.0
22.0
21.0
22.0
23.0
23.0
23.0
35.0
35.0
33.0
30.0
32.0
31.0
31.0
35.0
35.0
33.0
35.0
38.0
35.0
32.0
35.0
36.0
37.0
60.0
67.0
80.0
74.0
76.0
69.0
72.0
71.0
69.0
88.0
95.0
93.0
93.0
91.0
95.0
91.0
120.0
121.0
121.0
124.0
118.0
113.0
110.0
110.0
102.0
117.0
120.0
111.0
119.0
126.0
119.0
121.0
141.0
137.0
161.0
173.0
176.0
179.0
178.0
176.0
188.0
219.0
232.0
263.0
271.0
301.0
301.0
312.0
296.0
293.0
332.0
346.0
328.0
352.0
323.0
328.0
363.0
357.0
353.0
354.0
325.0
333.0
365.0
366.0
352.0
363.0
335.0
346.0
358.0
348.0
373.0
365.0
363.0
379.0
409.0
429.0
408.0
384.0
376.0
339.0
331.0
389.0
419.0
415.0
414.0
414.0
377.0
372.0
379.0
358.0
381.0
372.0
363.0
363.0
334.0
332.0
321.0
307.0
302.0
275.0
283.0
267.0
281.0
288.0
293.0
295.0
279.0
281.0
289.0
271.0
259.0
260.0
241.0
231.0
219.0
228.0
218.0
199.0
205.0
209.0
203.0
212.0
191.0
189.0
187.0
175.0
162.0
145.0
137.0
127.0
125.0
119.0
120.0
109.0
101.0
92.0
89.0
101.0
141.0
139.0
136.0
125.0
114.0
108.0
106.0
109.0
106.0
113.0
113.0
114.0
105.0
92.0
95.0
94.0
85.0
83.0
81.0
82.0
97.0
88.0
81.0
73.0
70.0
70.0
67.0
65.0
64.0
62.0
57.0
57.0
62.0
58.0
52.0
52.0
48.0
51.0
59.0
56.0
52.0
53.0
48.0
48.0
45.0
42.0
40.0
42.0
46.0
47.0
51.0
56.0
51.0
50.0
50.0
45.0
44.0
59.0
67.0
65.0
59.0
55.0
50.0
47.0
45.0
41.0
39.0
36.0
35.0
33.0
31.0
37.0
34.0
32.0
30.0
28.0
30.0
28.0
28.0
29.0
31.0
31.0
30.0
33.0
31.0
32.0
31.0
32.0
31.0
28.0
28.0
28.0
27.0
25.0
24.0
23.0
22.0
26.0
24.0
26.0
27.0
26.0
27.0
26.0
25.0
26.0
30.0
34.0
38.0
35.0
33.0
31.0
29.0
32.0
37.0
35.0
32.0
30.0
29.0
28.0
32.0
31.0
40.0
41.0
38.0
35.0
34.0
34.0
48.0
59.0
63.0
63.0
69.0
66.0
71.0
67.0
75.0
77.0
73.0
71.0
79.0
95.0
98.0
102.0
105.0
111.0
104.0
143.0
163.0
161.0
201.0
204.0
224.0
212.0
221.0
258.0
275.0
279.0
293.0
307.0
287.0
278.0
260.0
268.0
272.0
253.0
289.0
329.0
300.0
312.0
315.0
290.0
280.0
267.0
291.0
315.0
310.0
349.0
328.0
345.0
323.0
322.0
349.0
352.0
322.0
366.0
357.0
363.0
346.0
320.0
301.0
304.0
289.0
286.0
274.0
273.0
284.0
332.0
322.0
332.0
323.0
307.0
287.0
304.0
300.0
296.0
283.0
306.0
373.0
330.0
314.0
291.0
330.0
340.0
339.0
318.0
290.0
300.0
266.0
291.0
297.0
328.0
314.0
327.0
310.0
309.0
305.0
322.0
318.0
320.0
319.0
338.0
351.0
320.0
312.0
289.0
287.0
311.0
344.0
326.0
314.0
289.0
288.0
281.0
255.0
221.0
193.0
175.0
169.0
168.0
147.0
137.0
140.0
131.0
139.0
127.0
112.0
107.0
106.0
93.0
83.0
80.0
88.0
79.0
73.0
68.0
69.0
64.0
58.0
56.0
77.0
71.0
72.0
71.0
74.0
68.0
62.0
64.0
61.0
83.0
82.0
86.0
87.0
86.0
79.0
81.0
74.0
69.0
68.0
67.0
66.0
66.0
62.0
59.0
60.0
58.0
57.0
57.0
58.0
59.0
68.0
66.0
62.0
57.0
55.0
50.0
47.0
48.0
48.0
55.0
69.0
63.0
57.0
54.0
54.0
50.0
53.0
49.0
47.0
44.0
41.0
37.0
36.0
34.0
34.0
36.0
35.0
32.0
31.0
30.0
30.0
29.0
28.0
28.0
28.0
30.0
33.0
35.0
33.0
35.0
37.0
35.0
32.0
33.0
32.0
35.0
35.0
33.0
31.0
29.0
33.0
31.0
29.0
31.0
30.0
34.0
33.0
31.0
32.0
32.0
31.0
32.0
30.0
29.0
33.0
34.0
33.0
34.0
38.0
35.0
34.0
36.0
35.0
35.0
43.0
44.0
55.0
50.0
50.0
65.0
89.0
95.0
104.0
104.0
107.0
118.0
136.0
137.0
144.0
157.0
159.0
168.0
173.0
172.0
163.0
159.0
170.0
195.0
214.0
222.0
263.0
258.0
233.0
237.0
241.0
246.0
233.0
237.0
263.0
255.0
242.0
255.0
288.0
332.0
313.0
320.0
325.0
339.0
345.0
357.0
381.0
360.0
340.0
325.0
329.0
324.0
293.0
313.0
317.0
297.0
297.0
338.0
299.0
321.0
343.0
341.0
348.0
315.0
291.0
326.0
320.0
293.0
274.0
247.0
242.0
265.0
262.0
316.0
314.0
325.0
307.0
283.0
260.0
241.0
270.0
283.0
270.0
278.0
285.0
248.0
236.0
250.0
241.0
268.0
248.0
236.0
257.0
272.0
256.0
233.0
210.0
200.0
216.0
218.0
199.0
198.0
190.0
187.0
193.0
172.0
159.0
146.0
128.0
121.0
117.0
116.0
105.0
100.0
94.0
84.0
78.0
77.0
73.0
69.0
64.0
75.0
76.0
76.0
71.0
64.0
61.0
55.0
52.0
54.0
50.0
55.0
57.0
57.0
58.0
55.0
51.0
51.0
47.0
50.0
47.0
58.0
55.0
52.0
49.0
48.0
47.0
49.0
46.0
51.0
51.0
52.0
54.0
52.0
55.0
53.0
56.0
52.0
52.0
47.0
49.0
45.0
42.0
41.0
45.0
43.0
42.0
39.0
39.0
36.0
36.0
33.0
33.0
30.0
31.0
35.0
37.0
35.0
33.0
33.0
31.0
29.0
28.0
27.0
26.0
26.0
25.0
26.0
26.0
27.0
27.0
26.0
25.0
23.0
22.0
23.0
22.0
23.0
22.0
31.0
33.0
31.0
30.0
29.0
29.0
27.0
26.0
48.0
49.0
44.0
43.0
39.0
39.0
36.0
33.0
34.0
35.0
35.0
35.0
35.0
36.0
39.0
53.0
71.0
70.0
64.0
62.0
61.0
58.0
59.0
59.0
66.0
70.0
69.0
67.0
64.0
72.0
77.0
70.0
71.0
98.0
108.0
113.0
129.0
116.0
113.0
106.0
107.0
103.0
105.0
120.0
118.0
142.0
173.0
189.0
169.0
189.0
190.0
181.0
206.0
197.0
206.0
192.0
223.0
288.0
349.0
330.0
343.0
325.0
309.0
290.0
325.0
329.0
336.0
355.0
335.0
350.0
335.0
315.0
363.0
362.0
362.0
344.0
366.0
328.0
298.0
294.0
294.0
266.0
281.0
268.0
278.0
305.0
304.0
293.0
282.0
338.0
323.0
312.0
326.0
305.0
299.0
292.0
269.0
273.0
295.0
294.0
284.0
312.0
303.0
289.0
275.0
263.0
251.0
234.0
225.0
199.0
187.0
182.0
175.0
201.0
226.0
246.0
236.0
322.0
312.0
275.0
250.0
242.0
223.0
237.0
251.0
264.0
265.0
234.0
205.0
184.0
172.0
258.0
229.0
197.0
174.0
153.0
138.0
126.0
114.0
116.0
117.0
108.0
94.0
84.0
77.0
69.0
63.0
57.0
57.0
54.0
64.0
66.0
69.0
66.0
61.0
58.0
58.0
54.0
49.0
61.0
57.0
54.0
60.0
59.0
55.0
63.0
60.0
74.0
79.0
76.0
76.0
75.0
70.0
70.0
64.0
62.0
63.0
60.0
60.0
61.0
56.0
55.0
55.0
52.0
51.0
59.0
55.0
54.0
50.0
53.0
55.0
54.0
52.0
48.0
47.0
43.0
43.0
52.0
60.0
55.0
53.0
48.0
47.0
45.0
41.0
38.0
36.0
34.0
32.0
32.0
30.0
29.0
28.0
27.0
27.0
28.0
27.0
26.0
25.0
25.0
25.0
25.0
24.0
23.0
21.0
21.0
21.0
20.0
28.0
30.0
35.0
37.0
54.0
54.0
54.0
57.0
76.0
88.0
100.0
95.0
90.0
84.0
76.0
77.0
85.0
89.0
83.0
105.0
107.0
96.0
93.0
85.0
81.0
92.0
94.0
100.0
122.0
119.0
105.0
96.0
91.0
103.0
104.0
98.0
119.0
137.0
137.0
144.0
143.0
132.0
196.0
181.0
180.0
185.0
191.0
191.0
204.0
236.0
215.0
218.0
222.0
229.0
263.0
295.0
299.0
295.0
323.0
291.0
298.0
289.0
292.0
288.0
284.0
286.0
271.0
291.0
322.0
300.0
297.0
277.0
303.0
339.0
314.0
327.0
315.0
328.0
349.0
364.0
351.0
339.0
334.0
415.0
401.0
367.0
354.0
327.0
334.0
313.0
294.0
288.0
268.0
271.0
266.0
243.0
258.0
250.0
260.0
291.0
344.0
339.0
312.0
280.0
306.0
311.0
284.0
268.0
288.0
289.0
278.0
304.0
277.0
255.0
233.0
227.0
250.0
234.0
222.0
206.0
189.0
195.0
184.0
169.0
165.0
172.0
177.0
171.0
153.0
134.0
118.0
113.0
106.0
142.0
145.0
135.0
118.0
104.0
93.0
85.0
76.0
69.0
67.0
63.0
61.0
61.0
56.0
53.0
48.0
46.0
44.0
43.0
53.0
57.0
59.0
61.0
55.0
58.0
54.0
52.0
54.0
57.0
61.0
62.0
59.0
54.0
56.0
58.0
61.0
57.0
51.0
59.0
54.0
52.0
69.0
63.0
59.0
55.0
55.0
56.0
52.0
48.0
47.0
44.0
41.0
43.0
43.0
40.0
39.0
37.0
38.0
42.0
47.0
43.0
41.0
43.0
40.0
39.0
37.0
36.0
35.0
33.0
33.0
31.0
29.0
28.0
27.0
28.0
37.0
40.0
38.0
36.0
37.0
34.0
31.0
30.0
31.0
34.0
53.0
50.0
45.0
41.0
39.0
40.0
38.0
43.0
45.0
59.0
75.0
68.0
62.0
56.0
51.0
48.0
60.0
77.0
84.0
85.0
77.0
69.0
67.0
69.0
69.0
82.0
90.0
108.0
112.0
130.0
157.0
160.0
189.0
189.0
209.0
195.0
215.0
293.0
296.0
284.0
285.0
279.0
282.0
276.0
253.0
267.0
257.0
245.0
238.0
243.0
253.0
269.0
318.0
361.0
353.0
405.0
406.0
431.0
439.0
439.0
422.0
436.0
445.0
436.0
570.0
569.0
520.0
494.0
490.0
525.0
561.0
524.0
507.0
485.0
460.0
458.0
492.0
465.0
422.0
398.0
402.0
377.0
344.0
357.0
341.0
335.0
316.0
332.0
315.0
296.0
263.0
262.0
304.0
284.0
249.0
228.0
214.0
215.0
231.0
209.0
198.0
193.0
170.0
163.0
155.0
137.0
127.0
119.0
105.0
95.0
88.0
84.0
86.0
83.0
74.0
67.0
63.0
62.0
56.0
59.0
54.0
51.0
48.0
48.0
55.0
54.0
51.0
70.0
63.0
59.0
57.0
53.0
54.0
55.0
64.0
66.0
65.0
60.0
55.0
59.0
61.0
57.0
57.0
57.0
57.0
56.0
56.0
58.0
57.0
53.0
50.0
47.0
57.0
58.0
58.0
52.0
56.0
59.0
58.0
54.0
51.0
54.0
58.0
59.0
54.0
49.0
46.0
45.0
42.0
39.0
47.0
43.0
43.0
43.0
41.0
41.0
37.0
35.0
32.0
34.0
34.0
42.0
50.0
48.0
45.0
42.0
40.0
43.0
44.0
41.0
38.0
38.0
50.0
45.0
43.0
45.0
46.0
43.0
41.0
41.0
44.0
49.0
50.0
59.0
57.0
89.0
88.0
87.0
96.0
85.0
81.0
90.0
98.0
91.0
86.0
83.0
101.0
115.0
118.0
113.0
107.0
100.0
103.0
100.0
94.0
94.0
101.0
99.0
104.0
151.0
168.0
217.0
194.0
183.0
172.0
178.0
189.0
222.0
209.0
228.0
206.0
221.0
209.0
217.0
228.0
273.0
285.0
303.0
309.0
308.0
304.0
283.0
314.0
348.0
354.0
352.0
341.0
329.0
338.0
343.0
322.0
345.0
424.0
418.0
394.0
352.0
381.0
412.0
422.0
394.0
355.0
370.0
368.0
352.0
335.0
314.0
349.0
350.0
315.0
303.0
282.0
314.0
300.0
298.0
309.0
302.0
285.0
299.0
330.0
322.0
324.0
347.0
326.0
304.0
287.0
261.0
277.0
275.0
269.0
245.0
237.0
212.0
197.0
205.0
195.0
213.0
238.0
247.0
283.0
255.0
248.0
252.0
240.0
249.0
230.0
211.0
190.0
178.0
182.0
180.0
169.0
154.0
155.0
156.0
139.0
130.0
119.0
108.0
98.0
91.0
86.0
78.0
70.0
64.0
95.0
99.0
89.0
83.0
76.0
69.0
62.0
59.0
57.0
56.0
65.0
65.0
62.0
57.0
54.0
52.0
53.0
54.0
53.0
50.0
50.0
48.0
61.0
57.0
57.0
59.0
61.0
57.0
57.0
59.0
61.0
60.0
58.0
54.0
52.0
54.0
49.0
56.0
53.0
53.0
50.0
49.0
46.0
44.0
46.0
43.0
51.0
49.0
45.0
42.0
40.0
37.0
39.0
37.0
37.0
34.0
33.0
38.0
35.0
36.0
34.0
32.0
31.0
30.0
28.0
27.0
31.0
29.0
29.0
28.0
28.0
26.0
26.0
24.0
27.0
26.0
26.0
25.0
25.0
23.0
25.0
39.0
37.0
36.0
36.0
34.0
31.0
30.0
28.0
45.0
47.0
59.0
59.0
56.0
61.0
55.0
52.0
48.0
46.0
51.0
59.0
71.0
72.0
75.0
73.0
69.0
71.0
83.0
104.0
111.0
120.0
152.0
178.0
202.0
218.0
222.0
227.0
238.0
238.0
254.0
250.0
253.0
244.0
234.0
259.0
246.0
258.0
285.0
282.0
308.0
356.0
369.0
377.0
381.0
379.0
417.0
411.0
398.0
365.0
425.0
445.0
432.0
421.0
424.0
440.0
443.0
433.0
399.0
397.0
448.0
451.0
477.0
432.0
380.0
340.0
350.0
383.0
354.0
353.0
314.0
335.0
304.0
335.0
305.0
289.0
333.0
358.0
327.0
300.0
306.0
349.0
362.0
336.0
319.0
291.0
279.0
282.0
264.0
288.0
277.0
265.0
236.0
214.0
219.0
198.0
178.0
168.0
152.0
139.0
166.0
164.0
148.0
133.0
116.0
102.0
89.0
80.0
72.0
84.0
103.0
100.0
92.0
85.0
79.0
76.0
70.0
65.0
72.0
73.0
65.0
61.0
70.0
69.0
78.0
74.0
79.0
80.0
78.0
75.0
74.0
74.0
77.0
74.0
68.0
72.0
78.0
74.0
71.0
72.0
73.0
77.0
71.0
76.0
69.0
68.0
72.0
71.0
65.0
65.0
63.0
63.0
65.0
62.0
59.0
57.0
54.0
57.0
56.0
55.0
51.0
50.0
47.0
46.0
43.0
42.0
58.0
51.0
47.0
45.0
48.0
47.0
44.0
42.0
41.0
47.0
45.0
43.0
40.0
39.0
35.0
34.0
40.0
36.0
35.0
32.0
32.0
32.0
32.0
31.0
29.0
27.0
28.0
29.0
27.0
27.0
26.0
27.0
25.0
24.0
23.0
25.0
24.0
23.0
25.0
30.0
28.0
26.0
26.0
34.0
33.0
37.0
66.0
78.0
73.0
72.0
79.0
73.0
87.0
88.0
88.0
90.0
113.0
140.0
148.0
136.0
133.0
139.0
148.0
160.0
159.0
145.0
144.0
154.0
171.0
171.0
169.0
193.0
235.0
223.0
213.0
228.0
213.0
214.0
217.0
251.0
231.0
256.0
255.0
259.0
275.0
284.0
281.0
257.0
241.0
271.0
281.0
265.0
248.0
256.0
266.0
281.0
281.0
305.0
295.0
282.0
274.0
266.0
260.0
275.0
298.0
273.0
268.0
256.0
292.0
280.0
281.0
270.0
265.0
274.0
324.0
321.0
376.0
344.0
306.0
277.0
253.0
245.0
234.0
252.0
228.0
237.0
218.0
254.0
261.0
262.0
243.0
225.0
227.0
255.0
248.0
256.0
247.0
269.0
262.0
260.0
276.0
259.0
240.0
216.0
203.0
191.0
176.0
159.0
152.0
148.0
149.0
139.0
130.0
123.0
154.0
145.0
127.0
119.0
105.0
93.0
83.0
74.0
82.0
80.0
72.0
69.0
62.0
59.0
57.0
61.0
67.0
74.0
66.0
63.0
68.0
61.0
61.0
58.0
53.0
58.0
56.0
53.0
54.0
50.0
58.0
64.0
76.0
70.0
66.0
62.0
65.0
61.0
60.0
55.0
50.0
55.0
58.0
56.0
52.0
49.0
46.0
46.0
47.0
45.0
43.0
42.0
40.0
39.0
37.0
41.0
40.0
38.0
39.0
42.0
38.0
37.0
34.0
34.0
34.0
33.0
32.0
32.0
39.0
45.0
43.0
40.0
38.0
35.0
33.0
32.0
32.0
37.0
36.0
37.0
34.0
32.0
31.0
29.0
29.0
28.0
32.0
30.0
34.0
32.0
31.0
28.0
29.0
31.0
30.0
35.0
33.0
31.0
32.0
30.0
32.0
41.0
41.0
38.0
35.0
34.0
34.0
45.0
63.0
79.0
80.0
80.0
80.0
86.0
90.0
86.0
94.0
107.0
104.0
115.0
123.0
142.0
157.0
176.0
198.0
214.0
213.0
197.0
218.0
241.0
272.0
289.0
308.0
309.0
295.0
338.0
323.0
324.0
330.0
345.0
372.0
356.0
358.0
412.0
405.0
487.0
463.0
430.0
406.0
402.0
389.0
395.0
371.0
335.0
346.0
391.0
407.0
392.0
384.0
349.0
373.0
398.0
399.0
375.0
348.0
441.0
419.0
446.0
434.0
407.0
376.0
373.0
356.0
331.0
307.0
334.0
327.0
337.0
332.0
312.0
295.0
275.0
294.0
285.0
325.0
312.0
298.0
360.0
368.0
350.0
328.0
320.0
338.0
321.0
346.0
312.0
382.0
353.0
345.0
330.0
326.0
344.0
368.0
363.0
357.0
334.0
322.0
304.0
309.0
289.0
259.0
230.0
222.0
227.0
217.0
194.0
184.0
175.0
167.0
153.0
141.0
123.0
111.0
121.0
114.0
107.0
95.0
87.0
79.0
82.0
80.0
74.0
69.0
65.0
79.0
75.0
71.0
77.0
82.0
76.0
68.0
63.0
60.0
63.0
67.0
64.0
66.0
71.0
65.0
63.0
68.0
64.0
60.0
64.0
65.0
61.0
60.0
62.0
61.0
58.0
65.0
69.0
64.0
64.0
59.0
55.0
55.0
53.0
53.0
49.0
60.0
57.0
52.0
62.0
60.0
55.0
52.0
52.0
48.0
46.0
49.0
51.0
48.0
44.0
41.0
38.0
37.0
35.0
34.0
35.0
40.0
37.0
36.0
35.0
34.0
34.0
33.0
32.0
30.0
28.0
26.0
26.0
36.0
33.0
31.0
29.0
28.0
28.0
29.0
28.0
27.0
28.0
29.0
38.0
41.0
39.0
36.0
35.0
36.0
33.0
33.0
32.0
35.0
35.0
44.0
41.0
46.0
47.0
46.0
46.0
51.0
57.0
63.0
60.0
60.0
68.0
79.0
90.0
91.0
84.0
109.0
137.0
166.0
155.0
146.0
166.0
154.0
184.0
198.0
226.0
302.0
285.0
282.0
280.0
287.0
315.0
314.0
316.0
330.0
324.0
333.0
336.0
317.0
343.0
332.0
331.0
329.0
371.0
392.0
385.0
375.0
383.0
381.0
351.0
341.0
338.0
334.0
359.0
386.0
375.0
436.0
415.0
457.0
442.0
416.0
436.0
427.0
431.0
425.0
416.0
427.0
429.0
424.0
403.0
401.0
365.0
351.0
328.0
327.0
368.0
354.0
323.0
356.0
359.0
316.0
333.0
316.0
355.0
344.0
330.0
374.0
363.0
373.0
360.0
353.0
339.0
336.0
309.0
327.0
309.0
300.0
297.0
291.0
270.0
271.0
272.0
245.0
241.0
243.0
232.0
227.0
216.0
199.0
176.0
166.0
157.0
149.0
135.0
125.0
112.0
104.0
98.0
104.0
110.0
101.0
98.0
98.0
89.0
88.0
82.0
76.0
69.0
66.0
67.0
66.0
68.0
76.0
77.0
73.0
70.0
68.0
66.0
64.0
63.0
69.0
65.0
68.0
64.0
62.0
61.0
62.0
58.0
63.0
78.0
76.0
74.0
78.0
74.0
72.0
67.0
66.0
64.0
60.0
61.0
62.0
66.0
67.0
85.0
82.0
80.0
72.0
68.0
62.0
62.0
58.0
58.0
57.0
54.0
49.0
46.0
45.0
46.0
43.0
42.0
41.0
41.0
44.0
41.0
38.0
42.0
39.0
40.0
37.0
34.0
32.0
31.0
29.0
28.0
30.0
29.0
28.0
29.0
30.0
28.0
26.0
25.0
25.0
24.0
24.0
24.0
27.0
27.0
25.0
25.0
23.0
23.0
23.0
23.0
24.0
26.0
25.0
26.0
24.0
29.0
35.0
35.0
38.0
45.0
47.0
44.0
40.0
38.0
36.0
57.0
71.0
81.0
78.0
75.0
76.0
69.0
67.0
65.0
73.0
92.0
105.0
112.0
105.0
105.0
116.0
119.0
179.0
167.0
173.0
162.0
161.0
184.0
179.0
179.0
210.0
231.0
303.0
278.0
268.0
279.0
298.0
298.0
318.0
302.0
309.0
316.0
309.0
383.0
393.0
357.0
387.0
432.0
466.0
451.0
456.0
462.0
495.0
485.0
448.0
420.0
417.0
392.0
419.0
403.0
376.0
348.0
355.0
337.0
353.0
420.0
381.0
351.0
369.0
349.0
336.0
373.0
370.0
374.0
334.0
313.0
320.0
319.0
301.0
289.0
301.0
308.0
287.0
264.0
283.0
257.0
262.0
265.0
246.0
267.0
247.0
246.0
264.0
329.0
316.0
298.0
268.0
245.0
223.0
208.0
221.0
251.0
230.0
223.0
229.0
231.0
258.0
232.0
203.0
177.0
162.0
144.0
139.0
167.0
147.0
129.0
113.0
104.0
108.0
126.0
126.0
111.0
98.0
99.0
89.0
81.0
81.0
83.0
77.0
86.0
89.0
83.0
80.0
71.0
65.0
65.0
63.0
72.0
72.0
68.0
64.0
63.0
62.0
65.0
61.0
61.0
70.0
66.0
67.0
67.0
67.0
67.0
67.0
63.0
60.0
56.0
58.0
70.0
65.0
58.0
56.0
51.0
56.0
57.0
57.0
51.0
57.0
53.0
49.0
51.0
49.0
47.0
47.0
44.0
40.0
38.0
36.0
35.0
35.0
36.0
38.0
39.0
40.0
41.0
38.0
36.0
35.0
41.0
38.0
35.0
33.0
31.0
30.0
30.0
30.0
28.0
28.0
26.0
25.0
30.0
31.0
33.0
36.0
38.0
38.0
37.0
39.0
37.0
39.0
46.0
44.0
40.0
48.0
53.0
57.0
75.0
85.0
91.0
93.0
98.0
102.0
91.0
89.0
86.0
94.0
100.0
98.0
100.0
90.0
95.0
103.0
106.0
117.0
123.0
149.0
141.0
136.0
155.0
170.0
159.0
158.0
147.0
144.0
134.0
169.0
185.0
188.0
175.0
192.0
222.0
216.0
218.0
270.0
297.0
306.0
341.0
333.0
346.0
329.0
344.0
332.0
349.0
331.0
364.0
335.0
310.0
300.0
273.0
298.0
304.0
325.0
337.0
317.0
366.0
391.0
382.0
397.0
435.0
410.0
379.0
358.0
336.0
303.0
283.0
291.0
307.0
321.0
341.0
327.0
365.0
440.0
432.0
399.0
377.0
364.0
362.0
356.0
343.0
358.0
331.0
314.0
307.0
291.0
323.0
297.0
298.0
280.0
268.0
255.0
261.0
256.0
270.0
270.0
290.0
305.0
286.0
265.0
242.0
246.0
244.0
240.0
261.0
245.0
226.0
221.0
223.0
206.0
182.0
171.0
163.0
144.0
154.0
159.0
150.0
137.0
123.0
113.0
100.0
92.0
84.0
84.0
82.0
79.0
77.0
69.0
63.0
62.0
58.0
57.0
58.0
56.0
53.0
51.0
59.0
83.0
84.0
79.0
76.0
72.0
69.0
65.0
66.0
63.0
65.0
67.0
71.0
64.0
69.0
64.0
65.0
63.0
67.0
63.0
62.0
61.0
64.0
62.0
67.0
62.0
59.0
57.0
61.0
55.0
59.0
56.0
57.0
52.0
51.0
48.0
49.0
47.0
51.0
46.0
46.0
43.0
40.0
40.0
39.0
38.0
37.0
37.0
38.0
38.0
36.0
36.0
34.0
39.0
36.0
33.0
32.0
31.0
29.0
29.0
29.0
28.0
28.0
27.0
26.0
28.0
27.0
26.0
29.0
27.0
35.0
42.0
44.0
44.0
49.0
57.0
59.0
56.0
52.0
48.0
49.0
48.0
47.0
63.0
78.0
81.0
82.0
82.0
78.0
72.0
77.0
72.0
75.0
78.0
76.0
75.0
69.0
65.0
74.0
77.0
84.0
108.0
120.0
114.0
127.0
152.0
180.0
185.0
191.0
219.0
288.0
287.0
277.0
273.0
260.0
250.0
279.0
322.0
345.0
345.0
339.0
313.0
296.0
271.0
261.0
258.0
248.0
263.0
251.0
259.0
309.0
298.0
334.0
337.0
349.0
335.0
350.0
329.0
371.0
381.0
335.0
351.0
320.0
297.0
343.0
353.0
330.0
309.0
313.0
330.0
329.0
333.0
337.0
328.0
311.0
301.0
280.0
288.0
288.0
293.0
275.0
337.0
338.0
327.0
314.0
294.0
294.0
277.0
261.0
256.0
271.0
282.0
265.0
273.0
289.0
268.0
246.0
307.0
324.0
333.0
310.0
318.0
308.0
313.0
288.0
285.0
263.0
261.0
249.0
258.0
257.0
267.0
260.0
259.0
252.0
261.0
247.0
216.0
202.0
185.0
170.0
199.0
188.0
164.0
142.0
124.0
113.0
108.0
97.0
86.0
81.0
84.0
90.0
85.0
87.0
85.0
77.0
72.0
67.0
67.0
67.0
69.0
63.0
73.0
69.0
73.0
74.0
75.0
74.0
75.0
77.0
83.0
76.0
76.0
75.0
70.0
72.0
75.0
72.0
67.0
73.0
66.0
71.0
65.0
61.0
68.0
66.0
61.0
61.0
63.0
57.0
52.0
58.0
65.0
62.0
56.0
54.0
50.0
62.0
56.0
64.0
57.0
55.0
53.0
59.0
56.0
56.0
54.0
49.0
47.0
43.0
40.0
42.0
40.0
38.0
37.0
37.0
40.0
38.0
36.0
34.0
32.0
30.0
29.0
28.0
28.0
29.0
28.0
31.0
30.0
31.0
29.0
27.0
25.0
26.0
25.0
30.0
28.0
27.0
26.0
24.0
24.0
25.0
25.0
31.0
29.0
30.0
30.0
31.0
31.0
33.0
47.0
57.0
54.0
49.0
49.0
63.0
60.0
64.0
65.0
60.0
58.0
71.0
87.0
95.0
89.0
88.0
88.0
82.0
84.0
85.0
80.0
84.0
89.0
105.0
116.0
132.0
139.0
128.0
121.0
132.0
147.0
138.0
140.0
131.0
132.0
134.0
160.0
178.0
179.0
177.0
191.0
197.0
195.0
202.0
183.0
197.0
214.0
206.0
240.0
248.0
272.0
277.0
278.0
300.0
296.0
270.0
290.0
299.0
313.0
310.0
313.0
277.0
292.0
351.0
320.0
346.0
367.0
401.0
356.0
358.0
348.0
326.0
315.0
373.0
403.0
376.0
333.0
329.0
294.0
302.0
282.0
325.0
321.0
352.0
318.0
308.0
318.0
409.0
418.0
394.0
381.0
358.0
373.0
382.0
381.0
344.0
323.0
331.0
335.0
331.0
331.0
356.0
368.0
366.0
347.0
322.0
315.0
330.0
385.0
363.0
343.0
301.0
289.0
288.0
321.0
323.0
308.0
291.0
321.0
327.0
295.0
321.0
318.0
280.0
263.0
257.0
239.0
221.0
208.0
188.0
170.0
148.0
133.0
126.0
115.0
108.0
103.0
104.0
100.0
95.0
88.0
105.0
94.0
85.0
77.0
71.0
75.0
75.0
82.0
85.0
101.0
92.0
95.0
89.0
83.0
87.0
103.0
95.0
99.0
89.0
81.0
77.0
75.0
70.0
69.0
81.0
74.0
75.0
71.0
77.0
75.0
76.0
74.0
68.0
64.0
64.0
60.0
56.0
53.0
52.0
52.0
48.0
49.0
54.0
52.0
48.0
49.0
48.0
46.0
46.0
56.0
54.0
51.0
46.0
43.0
40.0
43.0
39.0
48.0
45.0
43.0
42.0
41.0
39.0
38.0
35.0
34.0
31.0
34.0
32.0
30.0
28.0
28.0
27.0
26.0
26.0
25.0
26.0
32.0
33.0
33.0
31.0
29.0
28.0
28.0
35.0
44.0
50.0
58.0
60.0
57.0
54.0
55.0
65.0
63.0
67.0
73.0
77.0
79.0
75.0
68.0
77.0
90.0
91.0
92.0
86.0
87.0
88.0
91.0
94.0
92.0
88.0
97.0
96.0
99.0
111.0
137.0
138.0
127.0
120.0
122.0
144.0
168.0
187.0
213.0
218.0
205.0
194.0
220.0
211.0
241.0
256.0
240.0
238.0
247.0
232.0
244.0
246.0
267.0
271.0
281.0
293.0
285.0
295.0
335.0
339.0
332.0
325.0
345.0
381.0
423.0
384.0
423.0
443.0
444.0
411.0
370.0
329.0
344.0
341.0
353.0
368.0
353.0
339.0
333.0
374.0
385.0
411.0
420.0
472.0
481.0
505.0
474.0
450.0
429.0
416.0
476.0
445.0
488.0
488.0
449.0
470.0
437.0
402.0
388.0
378.0
377.0
388.0
383.0
393.0
386.0
344.0
319.0
327.0
359.0
370.0
384.0
394.0
380.0
363.0
321.0
301.0
320.0
308.0
291.0
274.0
314.0
315.0
284.0
254.0
258.0
245.0
228.0
201.0
176.0
159.0
182.0
189.0
174.0
152.0
144.0
151.0
142.0
125.0
110.0
101.0
100.0
92.0
89.0
99.0
91.0
88.0
83.0
77.0
70.0
70.0
64.0
64.0
72.0
72.0
66.0
69.0
68.0
66.0
61.0
65.0
74.0
69.0
75.0
71.0
67.0
64.0
66.0
61.0
66.0
64.0
68.0
72.0
78.0
74.0
75.0
68.0
69.0
64.0
68.0
64.0
66.0
62.0
60.0
56.0
58.0
57.0
56.0
55.0
55.0
53.0
49.0
48.0
45.0
44.0
47.0
44.0
42.0
39.0
37.0
37.0
45.0
53.0
49.0
47.0
44.0
41.0
