[3, 9, 15, 75, -14, -41, -18, -26]
[-18, -29, -5, -60, 68, 24, 21, 6]
[9, -4, 9, 71, 60, 44, 18, -3]
[-11, -24, -23, -114, -108, -34, -12, -10]
[26, 70, 1, -20, 88, 38, 14, 28]
[-10, -10, 0, -2, 61, 7, -9, -5]
[19, -8, 24, 31, 58, 6, 16, 0]
[-10, -20, -35, -99, -51, -64, -13, 0]
[2, -2, -19, -60, -73, -27, -3, 1]
[9, 19, 48, 91, 79, 23, 11, 19]
[-10, -11, -10, 14, -19, 31, 8, 3]
[3, -8, -5, -40, 48, 12, -11, 0]
[-2, -8, -12, -61, 35, 19, -3, -6]
[0, 14, 15, 12, -11, -1, -14, -13]
[-20, -20, -18, -27, -104, -41, -11, -7]
[14, 36, 42, 30, 127, 59, 29, 21]
[7, -2, 1, -23, -65, -2, -7, 34]
[-19, -11, -32, -65, -128, -61, -17, -34]
[1, -10, -16, -41, 15, -27, -2, -8]
[4, 3, 1, -6, -26, -4, 16, 37]
[4, -8, 11, 114, -61, -12, -28, -38]
[-3, 6, 15, 7, 94, 33, 27, 28]
[13, 3, -21, -73, -1, 17, -1, -7]
[6, 11, 4, 18, 18, -46, -1, -2]
[-16, -16, -14, -10, -7, -32, -6, -13]
[8, 13, 23, 70, 27, 7, -15, 2]
[-19, -7, -8, -36, -5, 26, 10, 3]
[5, -3, 1, 72, 77, 48, 2, -9]
[3, -12, -14, -69, -42, -31, -5, 12]
[4, 2, 3, 29, 55, 37, 4, -16]
[8, 12, 36, 68, 108, 29, 12, 26]
[-3, -2, -6, -26, -2, -29, -9, -6]
[0, 4, 19, 34, 55, 29, 15, -2]
[-2, 2, -19, -2, -55, -47, 1, -1]
[-9, -20, -5, -43, -56, -23, -12, -3]
[-5, 13, 6, -25, -50, -11, -9, -28]
[8, 10, 27, 94, 127, 34, 29, 8]
[3, -16, -27, -9, -33, -9, -4, 29]
[-10, -5, -13, -31, -44, -5, -12, -17]
[7, 11, 24, 105, 25, -2, 6, 10]
[-12, -14, -10, -110, -39, -11, -14, -30]
[-9, 10, -1, -60, -33, 4, 18, 4]
[-1, -15, -20, -125, -128, -30, -19, 23]
[-15, -9, 2, 76, 108, 1, -7, -33]
[7, 1, 7, -28, 2, 8, -16, 7]
[6, -5, -19, -48, -128, -25, 16, 3]
[4, -1, -42, -77, 65, 18, 13, -5]
[7, 17, 47, 56, -33, -19, -5, 3]
[-1, -1, -15, 4, -90, -22, -2, -3]
[-1, -5, -5, 63, 68, 45, -12, -10]
[-5, 9, 37, 22, -32, 16, -5, 0]
[4, 0, 4, -13, 52, 21, -2, 9]
[-9, -4, 9, 66, 33, 0, -11, -20]
[-2, -6, -27, -61, -17, 13, -9, -10]
[1, 1, 1, 46, 104, -7, 18, 16]
[-3, -8, -30, -55, 83, 41, -2, 14]
[-18, -8, 5, -75, -73, 5, -16, -9]
[2, 12, 11, -25, 61, -17, 23, 18]
[1, -13, -9, -22, 42, 43, 8, -8]
[15, 25, -3, -63, -75, -25, 3, 5]
[8, 4, 2, 15, 75, 22, 6, 9]
[-3, -8, 1, 67, 39, -18, 14, -12]
[-6, -6, 4, 82, 75, 3, -27, -5]
[-7, -17, -33, -128, -77, -22, 4, -14]
[6, 0, 5, 107, 65, 43, 10, 8]
[-2, -3, 4, 17, 43, 14, 2, 3]
[3, 19, 27, 1, 11, -24, 7, 2]
[-14, -25, -22, -46, -89, -36, -11, -5]
[-4, 3, 27, 22, -31, -1, 0, -6]
[4, -6, 2, -60, -11, 15, -6, -1]
[7, 2, -24, -40, -50, -1, 7, 4]
[-1, 6, 13, 127, 8, -8, -18, -7]
[-9, -6, -18, -100, -76, -28, 8, -3]
[8, 7, -3, -30, -84, -10, 7, 14]
[-3, -5, -18, -21, -4, -5, -2, 5]
[-1, -2, 7, 44, 37, 2, 6, 3]
[3, -2, -15, 10, 64, 20, 8, 3]
[1, 1, 0, -28, -59, -20, -17, -13]
[-4, -3, 3, 109, 9, -5, -3, -11]
[-22, 0, 18, 36, 96, 49, 8, 2]
[11, 6, 0, -19, -32, -29, -13, -1]
[-2, -6, -19, -31, 19, -9, -16, -5]
[5, 2, 22, 31, -22, 2, 4, 5]
[4, 2, -9, -31, -57, -14, -4, -6]
[-2, 3, 1, 0, 36, 8, 9, -1]
[1, 5, 42, 63, 43, 31, -1, -2]
[-3, -5, -16, -35, -80, -19, 0, -8]
[8, 9, 9, 5, -53, -15, 5, -6]
[-2, 8, 3, 22, 5, 15, -29, 2]
[-2, -6, -8, 47, -29, -21, -5, -14]
[-10, -1, -10, -27, -16, -23, -44, -3]
[2, -4, -8, -22, 4, 6, -5, -1]
[2, -1, -3, -31, -40, -5, 12, 3]
[-6, -7, -7, -15, -22, 6, -6, 0]
[2, -2, 3, -1, 31, -9, 5, 6]
[3, -4, -13, -18, -8, -14, -8, -8]
[1, -3, 1, 37, 82, 15, 11, 4]
[-3, -1, -9, -26, 24, 3, -2, -2]
[-1, 12, 32, 44, 97, 36, 12, -2]
[2, -5, -10, 27, -73, -22, -6, 3]
[-4, -7, -6, -4, -84, -26, 3, -4]
[-5, -1, -8, -24, -78, -6, -5, -3]
[3, 1, -5, -7, -8, 2, 8, 4]
[2, 3, 5, -14, 34, 5, 3, 2]
[2, -2, 6, 64, 42, 24, -1, -1]
[-3, 2, 2, -3, -28, -14, 0, 5]
[-1, 1, 0, 4, 15, -9, 2, -4]
[-8, -5, -6, -15, -1, 9, 1, 0]
[5, 4, -3, 1, 67, 9, 10, 0]
[2, -3, -4, -44, -85, -21, -8, -2]
[-25, -16, 7, 31, 82, 3, -6, -10]
[32, -1, -7, -48, -56, -19, 5, 1]
[1, 5, 4, -1, -63, -1, -6, 14]
[7, -3, 6, 18, 49, 4, 4, 10]
[8, 12, -7, -15, -4, 4, 2, 13]
[-9, -1, 7, 43, 46, 17, -6, -4]
[-4, -6, 9, 23, 20, 2, 3, 3]
[-2, -4, 5, 19, 7, 2, 3, -1]
[-8, -10, -12, -33, -52, -22, -1, -15]
[0, -13, -7, -20, 27, 6, 5, -4]
[1, 14, -1, -10, 2, 3, 2, -4]
[-12, -8, -7, 12, 33, 11, -5, -3]
[11, -1, -8, -16, -3, 14, 3, 4]
[13, 30, 10, -1, -11, 11, -1, 5]
[-14, -17, 9, 7, 10, 21, -2, -1]
[6, 2, 2, -12, 1, 8, 2, 2]
[-11, 0, -5, 1, -7, 32, 3, -2]
[18, 31, 4, -4, -23, 10, -7, -1]
[0, -8, -5, -9, -12, -31, -2, -9]
[2, 3, 5, -18, 41, -35, 1, -6]
[-9, -19, -2, 29, -32, -52, 2, -6]
[-18, -27, -8, -10, 5, -12, -2, -7]
[4, 15, 0, -19, -10, 0, -1, 2]
[6, 2, 0, 19, 37, 4, -12, -7]
[5, -1, -2, 11, 12, 7, 18, 13]
[-22, -28, -5, -13, -26, 2, 1, -10]
[-1, -1, -1, 7, 20, 14, 4, 5]
[1, 14, 7, 6, -9, -1, 1, -6]
[0, -13, -8, -11, -1, -5, -17, -1]
[5, 18, 7, 8, 12, -11, 1, 4]
[4, 4, 1, -14, 4, 3, 0, -6]
[1, 6, -3, -6, -5, 28, -2, 3]
[6, 13, -4, 0, 1, -10, 4, 8]
[-5, -19, -5, -1, 1, 22, -1, 1]
[3, -9, -1, -8, 11, 6, -6, -3]
[-3, -10, 4, -19, -26, -13, 0, -3]
[-1, 1, 8, 44, 20, -2, 4, -1]
[-10, -8, 4, -24, -36, -15, -2, -3]
[-9, -4, -5, 19, 29, 1, 3, -6]
[-1, -5, -5, 3, 20, -8, 6, 2]
[-4, 7, -1, -25, -53, -23, -7, -3]
[-12, 1, 1, 11, 9, -5, 1, -3]
[5, -1, -3, -10, -18, 2, -1, -7]
[5, 21, 4, -12, -2, 2, -4, 6]
[-11, -27, -8, -15, 22, 23, -5, -7]
[15, 16, 4, 10, 0, 6, 23, 0]
[-2, 5, -4, -17, -6, 3, -7, 2]
[3, -6, -2, 25, 9, -3, 6, 10]
[10, 15, 3, 1, -3, 13, -4, -10]
[-3, -12, -7, -6, 6, -5, -5, 2]
[-4, -11, 5, 15, 5, -1, 4, 3]
[5, -4, -1, -2, -3, -5, 3, -5]
[-5, 4, -7, -8, -7, -9, -2, 0]
[-10, -8, -3, 10, 36, 6, -6, 1]
[6, 8, -1, 10, 5, 2, -2, 4]
[-3, 3, -4, -14, -29, -13, -11, 2]
[-2, 2, 4, 6, 35, -1, -1, -4]
[-2, -5, -10, -9, -40, -3, -10, -2]
[4, -1, 7, 19, 12, 2, 7, 2]
[-7, -6, 2, -6, -3, 2, -2, -6]
[4, 2, -1, -20, -4, -7, 4, -4]
[-2, -10, 1, -5, 0, 0, 1, 3]
[1, 19, 3, -10, -4, 6, 0, 2]
[2, 3, -5, -17, -16, -7, 1, -5]
[-7, -1, 1, 29, 9, 0, -3, -5]
[-12, 3, -2, -1, 0, 3, -9, -4]
[10, 8, 2, 4, -11, 0, 5, 13]
[-9, 1, -4, 9, 24, 4, 2, 1]
[7, 7, 4, -2, -3, -2, -1, -2]
[-1, 0, -4, 0, 9, 4, 6, 2]
[-4, -11, 1, -3, -22, -5, 8, -1]
[1, -3, -4, -4, -4, -7, -4, -7]
[-2, -8, -2, -5, -13, -5, -4, -2]
[5, -3, 4, 24, 31, 2, -2, -1]
[1, -5, -10, -21, -19, 0, 3, -5]
[2, -1, 3, 0, 7, 2, 3, 1]
[0, 2, 8, -12, -19, 4, 0, -2]
[5, 5, -5, -3, 7, 4, 2, 4]
[-3, -1, 1, 9, 22, 4, -4, 0]
[-2, -5, -4, -4, -29, -1, -3, -1]
[0, -2, 2, 18, 12, 0, -1, -4]
[0, 8, 1, -28, -16, -2, -4, -7]
[-2, -4, 6, 3, 29, 2, -4, 12]
[-4, -3, -3, 6, 16, 3, -2, -1]
[0, 12, 1, 3, 10, 0, 4, 6]
[2, 1, -4, 4, 2, -2, 5, 7]
[-3, -4, -9, -4, -5, -6, -6, -9]
[2, 0, -7, -2, 8, -1, 18, -2]
[1, 4, 3, -4, -5, 0, -4, -6]
[0, -4, 1, 2, -13, -2, -1, 0]
[2, -4, -1, -3, -11, -4, -8, 0]
[-3, -3, 1, -4, 13, -6, -7, 4]
[1, -4, -6, 0, -8, -4, -1, -2]
[1, 5, 4, 7, 16, 1, 2, 1]
[-4, 3, 0, -9, -27, -4, 1, -2]
[-3, -3, -1, -4, 5, 4, -1, -5]
[-6, -1, 6, 0, -8, -4, 1, 3]
[-4, -7, 4, -7, -7, -4, -6, -4]
[4, -2, 0, 21, 24, 2, 2, -3]
[2, 3, 1, -3, -6, 2, -2, -1]
[-1, -1, -6, 3, 7, 0, -1, -1]
[-2, 0, -6, -3, -1, -4, 2, 0]
[-2, -2, -1, 3, 12, 5, 1, 0]
[1, -2, 2, 7, -2, 1, -8, 1]
[-3, -3, -3, -4, -8, -2, -3, 0]
[1, -3, -1, -6, -21, -3, -2, -1]
[2, 3, 3, 1, -6, 2, 3, -5]
[1, 1, 2, -11, 2, -4, -4, -7]
[0, 5, -1, -4, 0, -7, 1, 0]
[-1, 3, 1, -2, -7, -3, -1, -1]
[3, -1, -3, 10, 26, 12, 6, 4]
[1, -7, -2, -2, -30, 0, -10, -3]
[-5, -9, -9, -3, 11, -4, 3, 3]
[-5, -3, 2, 3, -24, -1, 10, 2]
[-7, -3, -4, -12, -6, -7, -8, -5]
[-2, 5, 3, 4, 24, -3, 2, 2]
[3, 2, 7, -6, -15, -2, -2, -8]
[6, 3, 0, -5, -11, 2, 2, 8]
[1, 0, 5, -1, 0, 5, 2, 1]
[-1, -3, -3, 17, 57, 4, 1, 0]
[-1, -5, -7, -13, -18, -2, -2, 3]
[0, -4, -1, -5, -5, 1, -5, -5]
[1, 1, 4, 3, -23, -1, 3, -4]
[1, -1, -5, -4, -12, -5, -6, -2]
[4, 0, -3, 3, 9, -3, 19, -3]
[-5, -2, -3, 1, 2, -7, -8, -1]
[-3, -1, -1, -10, -5, 1, -6, 1]
[-1, 3, 14, 14, 10, 6, 7, 3]
[-2, -1, 3, 2, 10, 3, -2, 0]
[-2, -3, -7, -4, -4, -5, -4, -1]
[0, 3, 2, -1, 9, 0, 2, 3]
[2, -3, -4, -6, -7, -3, -2, -2]
[1, 8, 0, -6, -7, -2, -4, -1]
[0, 0, -1, 1, 7, 7, -5, -3]
[4, 0, -1, 2, 5, 4, 0, 0]
[0, -2, -2, 4, -2, 4, 1, 1]
[-4, -5, -3, 5, -3, -6, -5, -2]
[-4, -2, -3, -5, -8, -7, 0, -1]
[-1, -5, 3, 6, 16, -4, -2, 1]
[-2, 0, 0, -8, -26, 2, 2, 3]
[0, 0, 4, 14, 23, 1, 1, -1]
[-1, 1, -4, 0, -2, -2, 1, -6]
[1, 4, -3, -4, -9, 2, 1, -2]
[4, 2, -6, -1, 15, 6, 6, 0]
[0, -4, -4, -11, -26, -4, -4, -4]
[-1, -2, 3, 3, 9, -2, -2, -3]
[-1, -4, -1, -1, -4, -5, -1, 1]
[-1, -1, 1, -5, -8, 2, -2, -8]
[2, 1, 1, 3, 18, 3, -1, 8]
[2, -5, -2, -3, -12, -2, -3, -1]
[-1, -3, 0, -3, -7, 4, 1, 2]
[-3, -2, 0, -1, -8, -4, -3, -2]
[-4, -2, -4, -8, 8, 2, -1, -3]
[-4, -1, 6, 8, 3, 0, 0, 0]
[-2, -1, -2, 0, -7, -3, -1, 1]
[3, 1, 2, 16, 36, -2, 0, 2]
[-4, 3, 0, -1, 5, -3, -1, -3]
[4, 5, -4, 1, 0, 2, 0, 1]
[-4, 2, 2, -1, -2, 1, -2, 0]
[-1, 3, 0, 1, -2, -2, 1, 0]
[0, -6, -3, -10, -45, -3, 0, -4]
[-1, 0, 0, -4, 1, 0, 2, -3]
[5, 0, 10, 3, 1, -3, -2, -2]
[0, 0, -3, -1, -10, -1, -1, -1]
[0, -2, -4, 6, 11, 1, -2, -3]
[-6, 0, -1, 1, 7, 2, -1, -1]
[0, -3, -2, -1, 0, 1, -1, 0]
[-3, -3, -3, -5, -9, 1, -2, 3]
[-1, -4, 4, -2, -6, -1, -3, -1]
[-2, -3, 1, -6, -2, 1, -2, -3]
[2, -2, -7, 1, 3, -1, 1, 1]
[-2, -4, 1, 1, -1, -5, -1, 1]
[-5, 3, -4, -8, -4, -8, -3, -1]
[-1, 1, -3, 1, -8, -2, -1, 0]
[0, 2, 2, -6, 2, 2, 2, -2]
[4, 1, 0, -3, -10, 0, 0, -4]
[2, -1, -1, 4, 5, 0, 1, 0]
[-1, 1, -2, 0, 19, 4, -1, 0]
[-2, -2, 3, 4, 8, 1, -1, -2]
[0, -1, 0, -6, -40, -3, 0, 1]
[0, -4, 2, -2, 5, -8, -3, -3]
[0, -2, -6, 2, -1, -3, 1, 0]
[1, -1, -10, -5, -6, 1, -1, 2]
[0, 5, 3, 5, 24, 4, -2, 1]
[-3, 0, 1, -5, -12, -4, 0, 0]
[-3, -2, -2, 7, 30, 2, 4, -2]
[-2, -3, -5, -2, 4, 1, 1, 3]
[-3, 0, 10, 6, -17, -1, -1, -1]
[2, 3, 6, 18, -10, -1, -3, -1]
[4, 1, 2, -2, -9, -4, -4, 0]
[1, -3, -3, 1, 12, 0, -2, 3]
[-3, -4, -7, -13, 12, 2, 1, -1]
[0, -2, -6, -14, -15, -1, 1, -6]
[-1, 0, -5, -3, 9, 0, 1, -3]
[4, 3, 1, -6, 0, 2, -2, 0]
[2, 1, -2, -8, -5, 2, -2, 2]
[0, -1, -1, -2, 2, 0, -1, 0]
[0, 2, 0, -6, -20, -3, -3, 1]
[-4, -4, 4, 5, 15, 1, -1, -4]
[1, -4, -1, 7, 1, 5, 1, -1]
[-2, 1, -6, 5, 8, -2, -1, -3]
[-2, -2, 0, -2, -3, 1, 1, 1]
[0, -2, 3, -6, -18, -2, 0, 1]
[2, 1, 3, 5, 17, 1, 1, 0]
[-1, -3, -2, -3, -6, -3, 2, 1]
[1, -5, -4, 0, 6, -6, -4, 0]
[-1, 5, 2, 6, 9, 2, 5, 0]
[0, 1, 2, -6, -10, -2, 0, 1]
[0, -2, 0, -2, -7, -4, -3, -1]
[1, -2, -2, -9, -22, -1, -3, -1]
[2, -2, -5, 1, 3, 3, -1, -1]
[4, -5, -9, -3, -3, 1, -1, -2]
[-2, 1, 2, 0, 5, 0, 1, -1]
[-3, -2, 4, 5, 5, 0, 4, -1]
[0, 5, 2, 10, 3, 1, 2, 0]
[0, 2, -5, 1, -4, -3, -1, 2]
[-1, -1, -2, -2, 14, -1, -1, 0]
[-5, -6, 0, -5, -8, -6, -4, -5]
[0, -2, 2, 1, 8, -1, 1, -1]
[-4, -3, -2, -4, -29, -4, 1, -1]
[2, -2, 0, -1, -2, 6, -2, 0]
[3, 0, -1, 5, 5, 2, -4, 1]
[1, -3, -1, 3, 9, 3, -3, -2]
[-1, -2, 4, 0, 0, -4, 1, -5]
[-3, -5, -6, -5, -7, -1, 0, -3]
[-3, 4, 2, -3, -3, -2, -2, 1]
[-2, 4, -6, -6, -11, -1, -2, 0]
[-3, 1, -5, -2, 23, 3, -4, 2]
[-4, 3, 7, 5, -23, 0, 3, -1]
[-2, -4, -2, -8, -29, -3, -3, -2]
[1, 0, -6, -9, -4, -1, -1, 2]
[0, -2, -5, -1, -8, -8, -1, 2]
[0, -1, 3, 6, 15, 0, -1, 1]
[1, -1, 7, 9, 11, 1, 1, 2]
[-1, -3, 3, -1, -3, -2, 0, 1]
[2, 2, -2, -2, 2, 4, -2, 1]
[-1, -4, -3, -4, -2, -3, -1, -2]
[1, -1, -3, -6, -3, 1, 3, -2]
[0, -3, -3, -2, -5, 0, 0, -1]
[3, 2, 6, 13, 26, 6, -3, 1]
[-1, 5, 6, -5, 6, -6, -6, 1]
[-6, 1, 1, -10, -6, -1, -1, -2]
[-4, -1, -3, 10, 10, 5, 1, -3]
[-4, -3, -3, 3, 21, 0, 2, -2]
[0, 3, 2, 1, 2, -1, 4, -1]
[0, -1, -7, -5, -21, -2, 1, -1]
[-1, -5, -9, -6, -21, -1, -2, -1]
[1, -1, -3, 1, 2, 0, 0, 2]
[1, -2, -3, -2, 3, -1, -5, 2]
[2, 1, 5, 0, 5, -3, -3, 0]
[4, 4, 10, 9, -2, -1, -6, 3]
[0, -3, -3, -4, -2, -3, 0, -3]
[-4, -5, -6, -4, -9, -2, 2, -4]
[-1, -1, -2, -3, 9, -3, 2, -2]
[-3, -1, -7, 1, -2, 3, 2, -1]
[-4, 2, 4, 1, -13, 1, 3, 0]
[0, -1, -4, -3, 13, -3, -1, 0]
[0, 0, 0, 1, -19, -1, -2, -4]
[0, -1, 5, 2, 6, 6, 0, -1]
[-4, 0, 2, 3, 12, 1, 2, 0]
[-6, -2, -3, -7, -12, -6, 0, 1]
[0, -2, -1, 0, 8, -2, 1, 3]
[3, 1, 2, -4, 3, 0, 1, 2]
[1, -3, -8, -10, -18, -4, -3, -3]
[-2, -2, -3, 0, 3, -3, -3, -2]
[-3, 2, -2, 0, 12, 0, -4, 2]
[2, 3, 0, -3, -9, 1, -2, -1]
[2, 2, 1, 9, 4, 5, 2, 0]
[-1, -2, 2, 4, -1, 0, -1, -3]
[-3, -4, -1, 6, 0, -2, -3, -2]
[0, -1, 2, 1, 0, -1, -1, 1]
[2, 1, -3, 7, 35, 3, 2, 1]
[1, 0, -10, -19, -48, -5, 0, -3]
[0, 3, 0, -2, 1, -3, 2, -1]
[-4, -5, 2, 3, 19, 4, 4, 1]
[1, -6, 0, -20, -65, -11, -3, 2]
[-1, -2, 1, 6, 22, -1, -4, -1]
[-2, -1, -5, -3, -5, -1, -1, -2]
[0, 2, -5, -8, -6, -4, -1, -3]
[0, 2, 7, 11, 17, 5, 1, 0]
[-1, 0, -2, 8, 3, 4, 3, -2]
[2, -2, -6, -3, -10, 1, -2, 0]
[4, 1, -2, 2, 11, 2, 2, 0]
[-2, -5, 6, -3, -3, 0, 1, -1]
[3, -3, 0, -5, -9, -3, 1, -2]
[0, -6, 0, 5, 14, 1, 1, -1]
[1, 0, -2, 2, -6, 1, -2, -1]
[-1, 3, 1, -5, -3, 1, -2, 1]
[-8, 1, 3, 0, 7, -2, -3, 1]
[-3, 0, 0, 1, 7, 0, 1, 2]
[-3, 1, -2, -7, -4, -1, 1, 1]
[-1, -2, -6, -2, 0, -2, -2, 0]
[-1, 4, 1, 6, 13, -2, -1, -2]
[0, 2, -2, -5, -10, -2, -1, -4]
[0, 2, 0, 7, 17, 4, 1, -3]
[1, -2, -3, 0, 8, 3, -2, -6]
[1, -4, -3, -3, -2, -3, 1, -3]
[0, -3, -3, 0, -3, -5, 2, -2]
[-3, -1, 7, -4, -3, -2, 2, 3]
[-2, -4, -5, 3, 7, -1, -2, 4]
[-2, -4, -1, 5, 13, 1, -4, 0]
[0, -2, 3, -5, -10, -3, -1, 0]
[1, 3, 2, -1, -10, -4, 0, -2]
[-2, 2, 6, 4, 6, 2, 0, -2]
[1, 0, -5, -5, -15, -1, -3, -1]
[0, 0, 2, 7, 13, 2, -3, -1]
[2, 0, 1, -2, -11, -1, -3, 0]
[5, -1, 0, 0, -5, 1, 0, -2]
[-2, -2, -4, -9, -2, 0, -1, 1]
[-3, 0, -2, 2, -2, 1, 3, 4]
[-2, -3, 1, 1, 1, -1, -1, 1]
[-3, 2, -6, -4, -8, -1, 1, -2]
[1, -5, 1, 2, -3, 1, 0, -3]
[0, -5, -3, -2, 6, 2, 0, -1]
[-2, -4, 0, -5, -9, -6, -1, -1]
[-3, 2, -3, -2, 4, -5, -1, 0]
[-1, 4, 2, 1, 3, 1, -1, 1]
[0, -1, -2, 0, 8, -1, 0, -1]
[0, -1, -5, -4, -2, 0, 0, -2]
[1, 3, 4, -2, -1, 2, 0, 0]
[-2, 5, 6, 4, 3, -2, 0, 0]
[-2, -2, 1, 1, 9, 6, -1, -2]
[0, 0, 0, -1, 7, -4, -1, -1]
[-1, 0, 0, 6, -3, -3, 0, -1]
[-3, 0, 2, 0, -10, -6, 1, -1]
[1, 1, -3, 4, 16, -5, -3, -2]
[5, 1, -4, -3, 1, 2, 1, -1]
[0, -2, -4, -1, 5, 0, -1, 2]
[-2, -4, 0, 1, 3, 3, 0, 1]
[-3, -2, 1, -5, -16, 0, -3, -1]
[-1, -3, -2, 2, -7, 0, -4, -4]
[2, 2, -3, -2, -5, -3, -1, -2]
[-1, 0, -7, 0, -1, 2, -5, -1]
[-1, 2, -4, 0, -1, -1, -1, 0]
[-4, -2, -3, -1, -2, 4, 1, 3]
[-2, 1, 0, 1, -3, 0, 2, 2]
[-1, -2, -3, -6, -15, -3, 0, -1]
[-1, 4, 8, -3, -16, 0, 0, -2]
[-1, -1, -1, -1, 17, -2, -3, 0]
[-1, -4, 3, -4, 0, 0, 1, -1]
[2, -1, -4, -7, 0, -7, -1, -1]
[1, -1, -6, 1, -10, -1, 0, 2]
[2, 1, -2, 0, -11, 1, -1, 0]
[-3, -8, -4, -4, -2, 0, 1, -4]
[2, 0, 1, 4, 6, 0, 1, -2]
[-1, -3, -1, -3, 3, 0, 1, -3]
[-4, 0, 0, -6, -4, -1, -2, 1]
[-3, 3, 3, 3, -1, 0, -2, 1]
[0, 1, 0, 4, -5, 2, 1, -1]
[2, 1, 2, 4, -1, -2, 0, 1]
[1, -1, -3, -6, -7, -1, 2, -3]
[4, -2, -4, 3, 10, -2, 2, 0]
[2, -1, -3, -10, -29, -1, -1, 3]
[-2, 5, 1, 7, 33, 0, -1, 0]
[-3, -1, 4, 3, 6, -1, -1, -1]
[0, 0, 3, -1, 6, 1, -3, -2]
[1, -3, -10, -12, -30, -3, -2, 2]
[-3, -4, -3, -4, -8, 2, -3, 2]
[-2, -1, 1, 4, 0, 3, 0, -1]
[-5, -3, -3, -3, -1, -1, 0, -3]
[-6, -1, 1, 5, 18, 1, -1, -2]
[1, 1, -1, -7, -8, -2, -3, 1]
[-3, 0, 4, 6, 1, -3, -1, 3]
[0, 2, -1, 0, -13, -1, 2, -2]
[-2, -1, -1, 4, 9, 4, 2, -1]
[1, -8, -3, 0, -4, 1, 1, 0]
[1, 0, 2, 2, 1, 5, 1, 2]
[1, -2, -1, -2, -3, -1, -3, -1]
[2, -5, 0, -3, 2, -2, -3, -2]
[4, 4, 8, 9, 0, 2, -1, -4]
[1, -1, -4, -4, -6, 0, 1, 0]
[-4, 3, -3, -1, -7, -1, -2, -2]
[0, 2, -2, -3, 14, -1, -4, -1]
[-2, -2, -4, 0, -7, 3, 0, 1]
[-1, -3, -9, -17, -11, -2, 1, 0]
[-1, -1, -4, 3, -6, -2, -1, 2]
[1, -1, 1, 2, -6, -3, 0, 2]
[2, 2, 2, 10, 25, 1, -2, 0]
[2, -1, 6, 4, 2, 2, 2, -1]
[-1, 3, 0, -4, -1, -4, -3, -2]
[-2, 3, 0, -3, 4, -3, -2, 0]
[-1, -1, -5, -5, -11, -1, 1, 0]
[0, -5, 0, 3, -1, 0, 0, -2]
[0, -6, -3, 5, 1, -1, 1, 0]
[0, 4, 1, 6, 9, 1, 1, -2]
[-1, 1, -3, -11, 5, 3, -2, 2]
[-3, -2, -1, -5, -4, -2, -5, -3]
[-2, -3, 4, -10, -3, -3, 1, 0]
[-3, -4, 6, 5, 6, -2, 1, -1]
[1, -1, -2, 8, 13, 1, 1, 3]
[0, -1, -2, 0, 1, 0, -2, 0]
[1, -2, -4, -5, -8, -1, -4, -2]
[-1, -1, -6, -6, -8, -4, -2, -3]
[5, 0, 1, -1, -11, -2, 2, -1]
[-1, 0, 0, 6, 3, -2, 0, -1]
[-2, -3, -4, 3, 6, -1, 0, -2]
[-3, 0, 2, -1, 3, 0, -1, 0]
[-3, 0, 0, -4, 3, 0, -2, 1]
[1, -1, -2, 5, 10, 0, 3, 0]
[0, 1, 1, -1, -22, -3, 1, 1]
[-1, -2, 4, 1, 8, 3, -1, -2]
[-4, 1, 2, 0, -15, 1, -3, -2]
[1, 1, 1, 3, 29, 5, -4, 0]
[-1, -2, -3, -8, -6, -2, -3, -2]
[-1, -1, -13, -7, -28, -8, -1, -1]
[-1, 4, -1, -9, -25, -1, -4, -1]
[-3, -2, 3, 7, 13, 1, 2, -2]
[-2, 3, 10, 16, 41, 1, -1, -3]
[-1, 3, 10, 3, 0, -3, 0, 4]
[2, -2, -2, -2, -1, -3, 2, 2]
[1, -1, -6, -12, -21, -3, 1, 1]
[0, -6, -3, -5, 3, 3, 0, 1]
[1, -3, -2, 3, -4, -1, 1, -6]
[-3, 1, 0, 6, 3, -2, 0, -7]
[-1, 3, -2, 7, -15, 1, -2, -2]
[-1, 2, -2, 8, 4, -5, -1, 0]
[1, 4, -1, -3, 7, 4, -2, 1]
[3, -2, 1, -4, -14, -3, 1, 1]
[3, 1, 1, 8, 40, 3, 1, 0]
[0, -1, -4, -19, -50, -3, -2, -3]
[-3, -5, -5, -1, 10, -2, -3, 3]
[-1, -3, 1, -2, 7, 2, 0, 4]
[-2, -3, 0, -7, -24, -3, -3, -1]
[-3, -4, 0, -1, 9, -4, -2, 0]
[2, -1, -4, -3, 6, -1, 0, -2]
[2, 2, 8, -3, 1, 0, 0, 0]
[0, 1, -4, -8, -13, -3, -1, 3]
[0, 0, -11, 1, 7, 2, 2, -2]
[-2, 0, -7, -2, -13, 1, -2, -4]
[-2, 4, 4, 6, 16, 1, 2, -1]
[1, -1, 1, -3, -7, -2, 1, -3]
[-2, -1, 0, 2, 6, 0, -2, -1]
[-2, -6, -5, -2, -3, -1, 1, 2]
[3, -7, -5, -2, -4, 4, 1, 2]
[-3, -2, 9, 8, 11, -4, -1, 2]
[-3, -2, 0, -4, -5, -5, 0, -4]
[3, 4, 9, 3, -3, 0, -1, -2]
[0, 5, 2, 3, 1, 5, -2, 0]
[-1, 2, -4, -4, -19, -1, -2, -4]
[-6, -4, -1, -1, 3, -3, -2, -2]
[-6, -7, 2, -6, 6, -5, -1, -3]
[0, -3, -5, -8, 1, -3, -1, 0]
[4, 5, -1, -2, 3, -1, 0, 4]
[1, 5, -6, -3, -8, -4, -1, -1]
[1, 1, 4, 14, 19, 3, -1, -1]
[0, -4, -2, -8, -32, -4, 2, 0]
[-2, -7, -1, 3, 6, 3, 2, 0]
[1, -5, -4, -1, 14, -2, 0, 1]
[1, 0, 0, -14, -64, -2, 0, -2]
[-1, 0, -4, 16, 51, 3, 0, 0]
[-5, 4, 2, 1, 4, 2, -3, 0]
[-3, 1, 3, -5, -22, -3, -2, -1]
[-1, -3, -1, 2, 19, 2, -1, 0]
[2, -1, 3, -2, -5, 0, -2, -1]
[-1, -3, 0, -1, -8, -4, -2, 0]
[-2, 1, 3, 3, 7, -4, 3, -1]
[-1, -2, -4, 4, 2, 0, 0, -3]
[-2, -1, -2, 0, -5, 1, 1, -1]
[3, 0, -5, -3, 5, -2, 0, 0]
[0, -1, 1, -9, -7, -3, -5, -2]
[4, 3, 4, -6, 0, -2, -1, 0]
[1, -1, 4, 4, 14, 4, -2, 2]
[-3, 0, -4, 0, -4, 5, 0, 0]
[-3, -4, -2, 2, -2, -1, 2, -3]
[-4, -4, -1, -3, 1, -3, 1, -2]
[1, -1, -4, -1, 1, 1, 0, -2]
[1, -1, 0, 4, 0, -3, 0, 2]
[-2, 1, 7, 1, -2, -2, -1, 2]
[-2, -2, -1, -4, 2, -3, -2, 0]
[1, -4, 4, -1, -8, 1, 0, -1]
[0, -1, 3, 2, -1, 0, 0, -3]
[-1, 4, -3, -2, -5, -4, -5, -1]
[-1, 3, -1, 3, 7, -2, 1, -1]
[-1, 6, -3, 0, 2, 4, 2, 2]
[0, -2, -7, -12, -20, -1, -2, -1]
[1, -4, -1, 8, 19, -1, 3, -2]
[1, -1, 5, 4, -9, 0, 1, 1]
[-4, -2, 6, -5, 0, -4, -1, -3]
[0, -5, -4, -21, 2, -3, -2, -1]
[-2, -10, -23, -38, -11, 4, -5, -4]
[2, 5, 13, 38, 11, -4, 5, 0]
[8, 8, 15, 14, -9, 7, 10, 7]
[-5, 4, 5, 7, 12, 3, 0, -9]
[-11, 0, 1, -7, -7, -8, -7, -10]
[2, -9, -21, -13, 2, 5, -12, 6]
[8, -2, -8, -12, -2, 9, -1, 7]
[1, 0, 1, 1, -24, -4, 15, 10]
[-3, -3, 7, 26, 60, 0, -8, -7]
[-10, -1, -9, -12, -19, -4, 11, -8]
[2, 3, 5, -3, 4, -5, -13, -2]
[2, -2, 3, 1, -8, 5, -3, -4]
[3, 5, 2, 0, -17, -7, 3, 5]
[-3, -1, -3, 2, 10, 8, 16, 2]
[-5, -12, -12, -12, -2, -10, -29, -5]
[-4, 2, -1, 1, 11, -1, -12, -6]
[-1, 5, 10, 12, -21, -26, -1, -3]
[1, 5, 6, 6, 3, -12, -16, 0]
[2, -1, -10, -5, -10, -13, -15, 1]
[-2, -5, 0, 1, 11, 26, 24, -4]
[3, 1, 1, 7, -5, -24, -37, 1]
[-4, 1, -11, -36, -12, -5, 18, -4]
[14, 5, -8, -9, -62, 27, 42, 10]
[0, 3, 44, 95, 20, -57, 13, -8]
[-15, -15, -8, -15, -2, 74, -44, -10]
[-53, -13, -7, 4, -7, -38, -16, -26]
[22, -2, 1, -5, -4, 29, 38, 10]
[18, 3, -3, -32, -10, 35, 64, 28]
[-3, 20, 16, 19, -35, -40, -64, -19]
[28, 3, 12, -27, -36, -32, -39, 20]
[-16, -18, -24, -33, -56, 67, 44, -2]
[9, 3, -24, 27, 49, 74, 13, 6]
[-2, -4, -7, -12, -2, -13, -14, -17]
[3, 15, 3, 17, 16, 25, -25, 5]
[-9, 3, 13, 6, 30, -50, 16, 7]
[-13, -12, -10, -19, -11, -39, -54, -16]
[-2, -1, 0, -4, 25, -21, -10, -1]
[11, 8, 9, 2, 8, 16, 42, 4]
[7, -5, -3, 8, 30, 13, 14, 17]
[-11, 0, -7, -15, 26, 15, -19, -7]
[-10, -4, -7, 2, 6, 11, 17, -11]
[-29, -9, -6, 7, 3, -16, -2, -8]
[32, 6, 6, 16, 36, -3, -42, -17]
[-29, 1, -7, -25, -11, 10, 36, 22]
[96, 6, 4, -1, -30, -18, 23, 55]
[-77, -10, 4, 13, -4, 3, -14, -47]
[63, -4, 1, 24, 19, -6, 20, 42]
[-12, 13, 1, -19, -12, -43, -35, -1]
[71, -2, -7, -1, 5, -10, 9, 50]
[36, -2, 1, -1, 24, 34, 47, 42]
[-15, -7, -1, 6, 36, 35, -15, -23]
[-108, -5, -4, -11, -12, 17, -22, -97]
[66, 7, 3, -8, -14, 57, 35, 45]
[34, -1, 5, -3, -24, -18, -4, 30]
[-22, 5, 0, -3, -19, -32, -45, -18]
[13, -11, -7, 1, -10, 9, -3, 22]
[-102, -11, -9, -6, 7, -27, 28, -50]
[7, -1, -9, -1, 14, -5, 3, -31]
[-10, -9, -6, -4, 3, -4, 15, 7]
[8, -5, -5, -8, -3, -12, -56, -44]
[-24, -1, 3, -11, -18, -82, -10, -8]
[18, -8, 3, -1, -8, -36, 6, 6]
[-22, 14, 5, 11, 11, 3, -1, -15]
[33, 21, 9, 4, -4, 42, 1, 46]
[-3, 7, -2, -7, -11, 2, 4, -22]
[12, 3, -1, 10, -3, -13, 3, 18]
[-24, 8, 2, 1, -21, 21, 15, -9]
[33, -9, 2, 2, -24, 16, 13, 13]
[-27, -16, -7, 4, 7, -4, 21, 9]
[4, 9, 2, 1, 34, -28, -11, -12]
[4, 27, 6, 12, 11, 11, -28, -5]
[12, -1, -4, -4, -9, 3, 23, 19]
[-24, -5, 1, 6, 4, 24, 29, -13]
[-9, -15, -10, -7, 13, 15, -16, -9]
[-3, -15, 0, -9, 25, 20, -16, -1]
[14, 7, 7, 0, 18, 17, 6, 11]
[-19, -6, -2, -7, 9, 6, -9, -10]
[5, -2, 7, 1, 6, -5, -6, 2]
[-3, 5, -5, 0, 5, 4, 2, 6]
[7, 4, 5, 7, -4, 4, -5, -8]
[-3, 0, -3, 5, -3, -6, -1, -3]
[6, -3, -1, 1, -6, -15, -3, 5]
[-10, -11, 1, 2, -1, -9, 5, -3]
[-2, -10, -8, -9, -4, -13, -5, 1]
[-1, -3, -1, -7, -14, -8, 1, -1]
[1, 0, -1, 4, -9, 19, 6, 2]
[-5, -7, 6, 1, 2, 31, -6, -6]
[6, -4, 2, -11, 9, 10, -1, 1]
[-3, -4, -9, -2, 6, -25, 5, 3]
[6, 0, 7, 6, 7, -48, 2, -2]
[1, -3, 0, 2, 3, 2, -2, -2]
[0, -3, -1, 10, 1, 0, -1, 2]
[-8, 8, -2, -7, 17, 67, 1, -2]
[-2, -4, -8, 9, 55, 27, -7, 1]
[2, 5, 4, 17, -13, 52, -9, -3]
[6, 2, -14, -11, 21, 61, 0, 0]
[-1, 4, -15, -26, 33, 127, -3, -1]
[3, 6, -1, 13, 71, 127, -1, 1]
[5, 17, 59, 40, 102, 62, 0, 5]
[3, 3, 2, 10, 43, -36, -4, 0]
[1, 2, 3, 2, 11, -16, -2, -3]
[3, 3, -17, -44, -41, -46, -3, 2]
[-1, 2, -2, 2, -57, -123, 1, -1]
[-2, 1, -14, -14, -81, -127, -4, 0]
[-2, 1, 4, -6, -82, -110, 0, -1]
[-3, 13, 8, 40, -80, -43, 1, 3]
[-7, 35, 40, 25, -63, -52, -5, -1]
[-6, 7, -18, -33, -51, -11, -7, 0]
[-3, 20, 65, 52, -9, 10, 0, 0]
[-8, -19, -2, -78, -45, 21, 1, -4]
[-12, -44, -50, -22, -36, -25, 0, -5]
[4, -5, 51, 54, 11, 16, 0, -1]
[-1, -20, -13, 0, -11, -3, 0, -4]
[3, -8, -3, -2, -2, 15, 1, -2]
[-5, -14, -23, -11, 6, -39, -9, -6]
[0, -8, -12, -62, -17, -40, -8, -4]
[-4, -7, -7, -4, 5, -19, -6, -7]
[12, 14, 14, -13, 5, -2, 10, 8]
[5, -8, -30, -40, 9, -17, 6, 2]
[-8, -13, -9, 21, 22, -22, -5, -9]
[1, 5, 11, 21, 22, 4, 2, -1]
[2, 1, 1, 29, 14, -2, -4, -5]
[4, 3, -8, -12, -6, 13, 9, 6]
[4, 7, 9, 27, -3, -9, 11, 4]
[3, 5, -7, 16, 15, 5, 0, 0]
[2, 5, 1, 23, 16, 30, 4, 2]
[1, 6, 4, 10, 15, 7, 2, -1]
[4, 2, -1, 7, 14, -13, -5, -4]
[5, -7, -16, -12, -9, -9, -5, 0]
[-1, -1, -6, 7, -17, -3, -6, -2]
[-3, 0, 0, -10, -23, -31, -12, -3]
[-11, -2, -2, -9, -44, -31, -8, -3]
[-4, -1, 0, -3, -81, -57, -4, 0]
[-10, 1, 4, -5, -92, -73, -9, -3]
[-16, -12, -4, -16, -112, -94, -5, -6]
[-26, -36, -8, -23, -101, -64, -10, -5]
[6, 5, -7, -24, -95, -97, -11, 6]
[-12, -7, -5, -10, -38, -91, -19, -16]
[-13, -15, -4, -14, 17, -72, -12, -6]
[-8, -1, -16, -15, 64, -68, 3, -4]
[-6, -18, -9, -18, 123, -93, 13, -3]
[13, -3, -10, -19, 127, 62, 19, 8]
[15, 2, -6, -13, 127, 98, 21, 7]
[9, -8, -2, -43, 71, 18, 22, 7]
[-1, -8, -1, -4, 42, 63, 18, 7]
[28, 39, 44, 68, 54, 26, 24, 15]
[12, 13, 16, 16, 28, 49, 13, -3]
[16, 26, 1, 7, 22, 127, 12, 1]
[12, 17, 0, -3, 13, 127, 5, -5]
[7, 21, -1, 14, -13, 118, -5, 6]
[16, 12, 12, 29, -25, 127, -9, -1]
[11, 6, 1, 39, -35, 106, -11, 6]
[-3, 1, -1, 20, -15, 46, -1, 7]
[-16, -21, -38, 10, -9, -50, -14, -2]
[-9, 1, -10, 31, 34, -109, -11, 4]
[-9, 1, -11, 23, 32, -128, -6, -1]
[-4, -2, 7, 13, 16, -74, -8, -2]
[-2, -13, -24, -27, 7, -32, -2, -3]
[-2, -12, -39, -64, -30, -59, -8, -2]
[2, -2, -17, -11, -25, -58, -5, -6]
[4, 8, 36, 30, -11, -65, -16, -7]
[1, -3, 9, -26, -6, -72, -3, -2]
[-1, -1, 51, 52, 38, -67, -7, -7]
[0, -10, -25, -28, 52, -32, -1, 1]
[-11, -9, -8, -17, 66, -21, 0, -3]
[-12, -14, -7, -41, 29, -27, 2, 1]
[-13, -5, -8, -18, 3, -12, 9, -1]
[-4, 0, 9, 4, -21, -25, 7, 7]
[-5, -3, -3, -5, -61, -22, 12, 3]
[-9, -8, 5, -9, -70, -41, 3, 0]
[-11, -5, -7, -26, -88, -41, 1, -3]
[-11, -6, 9, -21, -89, -48, -7, -11]
[-5, -12, -13, -60, -73, -36, -12, -10]
[-6, 0, 14, -25, -35, -30, -12, -11]
[-3, 6, -10, -28, -30, -5, -6, -4]
[10, 7, 12, 25, -12, 6, -4, -2]
[6, -7, -6, 16, 12, 20, 0, 4]
[11, 6, -2, 49, 18, 18, 5, 6]
[7, 6, 18, 42, 18, 5, 6, 9]
[1, 9, 3, 54, 14, 3, 4, 2]
[2, 7, 1, 27, 13, 19, 9, 0]
[-2, 0, 0, 33, -18, 24, 5, -3]
[-1, -4, -24, 24, -16, 19, 7, 1]
[-1, 8, 18, 4, -3, 15, 7, 2]
[-4, -9, 2, 12, 7, 9, 4, -1]
[-4, 2, 9, 2, 16, 3, 4, 0]
[8, -3, -1, -22, 12, 3, 5, 3]
[1, -6, -15, -4, 13, 3, 6, -1]
[6, 4, -2, -1, 14, 5, 0, 0]
[-1, -7, -12, -23, 13, 16, -2, -4]
[-5, -34, -30, -11, 11, 12, -7, -4]
[0, -17, -30, -42, 0, 8, -11, -7]
[1, 39, 8, 7, -10, -4, -13, -5]
[-1, -11, 41, 1, 1, -2, -2, 1]
[13, 62, 41, 5, 7, -3, -4, -1]
[-2, -30, -28, -23, 2, -3, -3, -4]
[-5, -15, -24, -29, -20, -3, -1, -3]
[2, 20, 17, 17, -7, -9, -5, -3]
[-8, -10, 11, 25, 1, -15, 4, -1]
[-3, 6, 34, 19, 0, -38, -2, 2]
[-11, -40, -50, -17, -5, -54, -4, -4]
[-9, -18, -14, -18, -18, -41, -3, -1]
[-1, 13, 8, -16, -28, -41, 0, 1]
[6, 17, 20, 0, -16, -57, 0, 4]
[-4, -3, 30, -6, -18, -71, 1, 2]
[-10, -37, -23, -9, -10, -106, -1, 1]
[-2, -33, -25, -13, 2, -41, -4, -3]
[-3, -14, -11, 1, 16, -45, -1, 2]
[-3, 9, 42, 15, 25, -63, -2, 2]
[9, 12, -37, -68, 17, 1, 0, 0]
[-2, -3, -6, 54, 19, 67, -4, 0]
[6, 11, 4, -28, 14, 126, -1, 3]
[11, 34, 27, 57, 18, 109, -1, 4]
[4, 16, 5, -1, -2, 104, -5, 1]
[0, 8, -28, -5, 24, 102, -4, 1]
[4, 17, 22, 25, 24, 123, -4, -4]
[0, -6, -22, 2, 8, 127, -3, -4]
[-1, -6, -20, 12, 0, 104, -4, 0]
[-5, -41, -27, -7, -12, 38, 1, -1]
[-1, 35, 18, 25, -1, 1, 4, -3]
[-2, -6, 35, 10, -2, -50, 4, -4]
[5, -1, 41, 21, 6, -59, 5, 3]
[-2, -29, 3, -15, -1, -71, 4, -1]
[-14, -57, -38, -31, -4, -69, 1, -2]
[-7, -20, -14, -24, -4, -59, 1, -6]
[3, 14, 11, -12, -7, -34, 4, 1]
[-15, 22, 31, 14, 3, -26, 2, 0]
[20, 65, 11, 9, -4, -24, 3, 6]
[-6, 20, -23, -18, -9, -1, -4, 0]
[2, -4, -18, 11, -4, -11, -2, -5]
[6, 14, 5, -21, -5, 5, -5, -3]
[4, 2, -2, 8, 4, 21, -2, -3]
[6, -3, -4, -18, 27, 13, 0, 2]
[-5, -5, -1, -3, -5, -4, -5, 0]
[3, 2, 0, -5, -13, 9, -5, 2]
[3, 13, 6, 14, -1, 12, 0, 1]
[7, 27, -2, -6, -14, 4, 3, -1]
[-1, 20, -8, 4, 1, -5, 7, 2]
[5, 21, -6, -12, -1, -1, 2, 3]
[-3, -9, -1, -10, -1, 0, 3, 1]
[-5, -2, 1, -2, -4, -10, 4, -3]
[-3, 0, -9, -29, -3, -6, 4, -2]
[-1, -4, 1, 31, -15, 5, 2, 0]
[-7, -17, -1, 19, -7, 2, 4, -1]
[-3, -16, 6, -9, -23, -4, 2, 2]
[-3, -3, 2, 21, -4, -7, -2, 0]
[-1, -9, -2, -17, 1, 14, -3, 3]
[-5, -22, -12, -11, 8, -6, 0, -2]
[-1, -13, -15, -9, -9, -2, -1, -2]
[4, -7, -17, -28, -4, -8, -5, -5]
[6, 9, 14, 28, 21, 9, -2, -2]
[1, 2, 11, 8, 7, 10, -6, 2]
[2, -11, -11, -8, -11, -2, -4, 1]
[3, 15, 10, 9, -10, 37, -2, -1]
[0, 11, -1, -16, 0, 8, -2, -3]
[1, 4, -3, -9, -1, 3, -6, -2]
[-6, -2, -20, -26, -11, -31, 0, -1]
[1, 0, -9, 19, -4, -36, -1, -3]
[2, 0, 37, 37, -2, -20, -2, -2]
[-1, -12, 6, 2, -7, -26, -2, 1]
[-12, -24, 11, 2, -4, -40, 1, -2]
[-22, -33, -6, -14, -52, -96, -2, -7]
[-20, -35, -22, -70, -58, -86, 3, -3]
[-14, -17, 4, 28, 1, -114, 0, -4]
[-1, 8, -4, 12, 6, -95, -3, -3]
[2, 10, -5, 2, 30, -41, -2, -4]
[21, 35, 20, -4, 27, 17, 1, 4]
[13, 9, -11, -59, -2, 54, -2, 3]
[13, 17, 1, -30, -3, 0, 1, 0]
[8, 16, -7, -27, 12, 74, -2, -4]
[5, 6, -13, -20, 28, 76, -6, 1]
[9, 9, 32, 56, 43, 119, 0, 5]
[-2, -12, -22, 11, 14, 127, -5, -3]
[-4, -14, 9, 35, 18, 127, -3, -1]
[3, -5, 20, 29, 27, 62, 3, 3]
[2, -11, -11, -27, 17, -23, 2, 1]
[1, -6, 20, 59, 5, -83, -1, 0]
[-3, -16, -19, 0, -10, -100, 2, 2]
[-10, -13, -17, 15, 2, -69, -3, -3]
[-12, -4, -4, 9, -12, -82, 3, -4]
[-7, -3, -11, -17, -20, -68, 1, -1]
[0, -4, 14, 9, -3, -61, 0, -1]
[-4, -5, -4, 0, 7, -55, 1, -4]
[-8, -4, -10, -35, -14, -25, -4, -8]
[-4, -11, -33, -24, 2, 27, -1, -5]
[6, 8, 51, 61, 25, 39, 0, 0]
[3, -5, -4, -29, -3, -37, -1, -4]
[-4, -10, -15, -11, -9, 41, 1, -1]
[-2, 0, 4, 7, -6, 127, -6, 1]
[-15, -31, -6, 6, -11, 64, -3, 2]
[22, 42, -4, 27, 33, 34, -1, 12]
[2, 15, 2, -14, 18, -64, -1, 4]
[5, 10, 1, -9, 6, -15, 2, 6]
[0, 2, -9, -14, 18, -53, 2, 3]
[-10, -27, -36, -14, 5, -53, 8, -3]
[0, 23, 21, 38, -4, -49, 3, 3]
[7, 6, 11, 18, 10, -40, 5, 6]
[4, 36, 40, 14, -10, -25, -1, -1]
[-9, -8, -16, -33, -33, -31, 3, -2]
[4, 5, 14, -6, -15, -17, 4, 1]
[-3, -7, 10, 51, -8, -26, 4, -3]
[9, -5, -1, 11, -6, -10, 2, 3]
[-9, -8, -13, -6, -19, -21, 1, 1]
[-1, -11, -28, -28, -31, 5, -1, -5]
[-10, -14, -2, -10, -12, -2, 2, -4]
[8, 41, 17, -29, 0, -7, 5, 4]
[13, 3, 10, 4, -4, 4, 3, 2]
[8, 17, 20, 15, -10, 9, -3, -1]
[3, -12, -18, -19, -4, -5, -5, 3]
[-2, -19, -50, -14, -5, 4, -1, -3]
[0, 21, 33, 12, 3, 30, -6, 3]
[7, 29, 31, 8, 7, 34, -1, 0]
[7, 25, -7, -26, 15, 11, -4, 4]
[-2, -5, 14, 6, 14, 16, 0, 0]
[-10, -24, -28, -5, -2, 25, -5, -5]
[-7, -24, -25, 14, 9, 33, -5, -4]
[-7, -5, 8, 2, 15, 32, -1, -6]
[-4, -18, -21, -12, 12, 42, 0, -1]
[-5, -15, -23, -10, -11, 24, 1, -8]
[-13, -17, -11, 7, -8, 17, -3, -11]
[-16, -22, -18, -8, -6, -21, 0, -2]
[5, -2, 21, 9, 4, -32, 0, -3]
[0, 7, 12, -6, -11, -54, 3, -1]
[-2, -5, 2, -24, -18, -49, -6, -7]
[-7, -1, 25, 28, -20, -45, 1, -6]
[-10, -38, -32, -4, -27, -47, -5, -3]
[11, 20, 25, -3, -7, -38, -2, 0]
[-6, -5, 1, -23, -12, -46, 4, -3]
[10, 3, -13, -14, -5, -61, 2, -5]
[4, 18, 11, 8, 3, -79, 3, 1]
[-3, -7, 9, 2, -8, -80, 4, 2]
[-3, -8, -12, -1, -9, -124, 1, 4]
[-1, -6, 1, 4, 2, -110, -3, 0]
[3, 1, -3, -6, -20, -22, -1, -1]
[4, -3, -1, -5, -8, -23, -1, -3]
[0, 0, -4, 29, 15, -38, 4, 2]
[5, 14, 11, 8, 0, -43, -3, 3]
[8, 23, -1, -13, 8, -85, 4, 7]
[-4, -1, -3, -2, 7, -31, -7, -1]
[13, 11, 12, 25, -5, 56, -2, 6]
[9, 17, 4, 7, -19, 100, -2, 9]
[3, 6, 2, 9, -13, 120, -7, 1]
[-4, -9, -1, 9, -10, 87, -1, 1]
[-7, -5, 5, 1, -6, 61, 0, 0]
[-2, 1, -9, -24, 16, 87, 1, 1]
[-9, -19, 0, 2, 21, 70, -2, -3]
[13, 30, 3, 6, 33, 34, 0, 1]
[1, 13, 0, -6, 29, 32, 2, 0]
[0, 7, -2, -7, 10, 40, 2, -5]
[-9, -3, -12, -16, -2, 31, -1, 0]
[-2, -1, -7, 4, 2, 8, -4, -2]
[-1, -6, -5, 11, -4, 12, -6, 4]
[3, -1, 6, -2, -14, 18, -6, 1]
[0, -4, -6, -6, -1, 7, -5, -1]
[-4, -16, 7, 18, 12, 5, -2, -1]
[-5, -19, -8, -8, 0, 3, 0, -2]
[-9, -20, -2, 1, -7, 5, 0, 0]
[3, 5, 20, 3, 6, 7, -3, -3]
[0, 9, 4, 12, 13, 1, 1, -5]
[2, 9, 0, 8, 12, 0, -2, -3]
[6, 12, 1, 5, 9, 2, -3, 0]
[9, 16, -5, -2, 3, 116, -6, 0]
[5, 5, -10, -18, 14, 119, 0, 5]
[2, -7, -14, 6, 4, -3, -5, 0]
[3, 1, 8, -11, -8, -92, 2, -2]
[-2, 2, 0, -5, -5, -128, 1, 0]
[-8, -11, -7, -6, 8, -128, 0, 0]
[-7, -12, -5, -25, -9, -112, 2, 0]
[-4, -4, -2, 4, -5, -110, 2, -3]
[-11, -10, -6, 8, 5, -128, 2, -4]
[-5, -13, -1, -9, -5, -128, 0, -1]
[-4, -10, 4, -2, -4, -128, 3, 0]
[-5, 3, 4, -5, -8, -117, 2, -4]
[1, 1, -4, -7, -1, -51, 2, -1]
[1, -2, 2, -4, -2, 85, 0, 2]
[-1, 5, 0, 0, 8, 60, 0, 0]
[-4, 1, -2, 7, 8, 50, -4, 1]
[0, -2, -6, -10, -6, -21, -3, 0]
[5, 1, 4, -5, -9, -66, -5, 3]
[3, -5, -1, -2, -5, -25, 0, 3]
[-1, -10, -6, -11, 35, -9, -2, -3]
[0, -3, 9, 11, 58, -23, -3, -1]
[0, 0, -2, -24, 49, -38, 2, 0]
[2, 2, 10, 29, 17, -16, -3, 1]
[0, -2, -1, -2, -8, -7, 4, -1]
[0, 1, 1, 11, -14, -1, 4, -2]
[-3, 3, 9, 23, -20, -18, 5, -1]
[-3, 6, -5, -14, -30, -17, 4, -3]
[-5, 4, -7, 5, -37, -46, -2, -5]
[-1, -2, -4, -3, -35, -66, 0, -1]
[-2, -5, -6, 1, -41, -89, 4, -1]
[-1, 0, 4, -5, -24, -94, 2, 0]
[-5, -7, 3, 6, -15, -72, 1, -2]
[-1, -6, -4, -7, -14, -47, 2, -1]
[-1, -3, 0, 2, -6, -38, 0, 3]
[3, 8, 1, -8, 8, 3, -2, -1]
[2, 4, 1, -5, 23, 9, -1, -1]
[-2, -2, -3, -1, 11, 27, -4, -3]
[1, -7, -2, 10, 8, 42, -3, 1]
[0, -6, -3, -4, 0, 67, 1, 0]
[-2, 2, 2, -14, 14, 37, -3, -3]
[1, 1, 2, 4, -4, 6, 0, 3]
[-2, 5, 5, 3, -11, -13, -3, 2]
[-1, -1, -7, -1, -13, -23, -3, -3]
[1, 1, -8, 3, -14, -26, -2, -2]
[-2, -3, -4, -2, -16, -10, 1, -1]
[-4, 2, -2, 1, -15, -15, 1, 0]
[-6, 0, 8, 3, -6, -25, 0, 2]
[-2, 1, 0, 6, -1, -1, 4, -3]
[0, 1, 0, 3, 8, 2, 0, 0]
[6, 7, -3, 2, 0, -1, -2, -2]
[2, 2, -1, -6, 2, 2, -3, -2]
[4, 1, 3, -2, 2, 22, -3, 1]
[0, -3, -3, -9, 3, 28, -1, -1]
[-1, -5, -3, -2, 6, 22, 0, 0]
[-1, -7, -6, -12, 6, 22, -3, 0]
[0, 0, 1, -5, 2, 21, -2, 0]
[-1, -6, -7, -20, 2, 14, -1, 2]
[-5, -4, -6, 1, 4, 15, -1, -2]
[-2, -2, 12, 23, 5, 3, -1, 1]
[0, -1, -3, 1, -4, 7, -1, -1]
[1, 2, -2, 9, -5, 4, -1, -3]
[0, 1, -6, -15, -7, 9, -2, -2]
[-1, -1, -10, -10, -4, -1, 1, -2]
[-3, 2, -2, 0, -3, 0, 0, 3]
[1, 6, 1, 5, 2, 7, 2, 0]
[-1, -4, 5, 6, 4, 6, 0, 0]
[-1, -3, -2, -2, 3, 4, 2, -1]
[4, 5, 4, 0, 11, 6, -1, -4]
[1, 4, 0, 0, 11, 11, -1, -4]
[1, 2, 2, -1, 3, 11, -1, 1]
[-4, -5, -8, -8, 2, 12, -1, -1]
[-5, -4, 1, -3, 0, 31, -1, -3]
[0, -1, 2, 1, -2, 18, -1, 1]
[1, 0, -3, -11, -11, 6, -2, 2]
[1, 0, -3, 8, -6, -7, -1, 1]
[3, -1, -1, 3, -6, -6, 2, 0]
[5, 1, 1, 8, 1, -9, 1, 1]
[2, 1, 4, 5, -3, -16, 3, -2]
[1, -2, -4, -1, -5, -18, 0, -4]
[-2, 0, -7, 1, -8, -19, -4, -4]
[-5, -3, -2, -3, -7, -15, -2, -3]
[-2, 3, 0, 4, -9, -6, -4, 0]
[-2, 2, -1, -5, -9, -1, -2, 2]
[-4, -3, 2, 2, 3, -4, -3, 5]
[-2, -2, 0, -1, 9, 6, 1, 4]
[0, 3, 1, 4, 11, 19, 6, -2]
[-3, -1, 5, 0, 9, 20, 1, -5]
[1, -6, -5, 0, 10, 23, 1, -5]
[1, -1, -8, -20, 3, 19, 2, -1]
[3, 3, 9, -1, 8, 17, 5, 2]
[-1, -1, 5, 16, 7, 4, -4, 1]
[-3, 0, 0, 4, -2, -1, -2, -1]
[-1, 0, 1, 8, -5, 1, -4, -1]
[1, -3, -3, -6, -8, 2, 0, 0]
[-1, 0, 1, -4, -10, -5, 2, -1]
[-3, -5, -3, -4, -5, -6, 0, -2]
[3, 0, 4, 6, -3, -2, -1, -3]
[3, 0, -1, -2, 1, -2, -2, -3]
[2, 0, -4, -12, 0, -2, -1, 2]
[1, 0, 0, 4, 0, -7, -2, 3]
[-5, 1, -2, -5, -4, -3, 1, 2]
[-6, 1, 0, 5, -3, -3, 0, 0]
[-5, 1, -4, -2, -4, -9, 1, -1]
[-1, 0, 0, -3, 0, -4, 2, 0]
[-1, -3, -2, 0, -1, 2, -1, 0]
[0, -9, -10, -8, -2, 7, -4, -2]
[0, 0, 5, -24, 0, 7, -2, -3]
[-1, 1, -8, 20, 2, 3, 1, 1]
[-2, 4, 30, 36, 11, 2, 0, 2]
[0, -6, -2, 7, 3, -1, 1, -3]
[3, -1, 0, 3, 10, 1, 2, -4]
[4, -1, -3, -29, 0, -3, 2, 2]
[0, 0, -8, -9, -2, 0, -1, -2]
[-4, 0, -2, 0, -7, -6, -6, -6]
[-3, 1, 0, -8, -4, 1, -4, -2]
[0, 2, 7, 4, -2, 3, 2, 0]
[-4, -2, -5, -2, -3, 3, 0, 3]
[0, -1, 3, 3, 0, -5, -4, -2]
[-2, -4, -5, 3, -5, -2, 0, -3]
[1, 0, 0, -1, -2, 4, 3, 1]
[-1, 4, -5, -1, 1, 0, 3, 4]
[-2, 1, -4, -6, -3, -9, -2, -2]
[-4, -3, 0, 2, 0, -2, -3, -3]
[0, 0, 1, 0, 2, 3, 1, 0]
[2, -3, 0, -6, -1, -1, 0, -2]
[-4, -2, -6, -10, -5, -5, -3, -2]
[-2, -6, -15, -7, -4, -2, -1, -1]
[-2, -2, -2, -11, -4, 4, 0, 0]
[-2, -7, -7, 10, 2, -3, -8, -2]
[-5, 2, 10, 13, 6, -46, -23, -13]
[-2, 2, 4, 8, -16, -94, -18, -20]
[1, 1, -6, -5, -46, -92, -13, -22]
[1, 4, -6, -10, -99, -70, -6, -18]
[-2, -1, -10, -2, -78, -38, 5, -9]
[-1, -7, -5, -5, -44, 1, 8, 2]
[4, -2, -4, -1, 3, 17, 15, 12]
[-1, -8, -3, -3, 37, 31, 18, 11]
[0, -8, 0, 1, 43, 52, 17, 15]
[1, -8, -3, -5, 52, 76, 16, 11]
[1, 1, 6, 12, 62, 75, 12, 11]
[2, 2, -2, 2, 59, 54, 9, 6]
[-1, 8, -2, 3, 41, 29, 7, 3]
[0, 8, -1, 0, 22, 22, 2, 6]
[2, 1, 3, 6, 11, 25, -5, 6]
[0, 3, 4, -7, 12, 2, -7, 3]
[-3, 5, 11, 0, 7, 1, 0, 0]
[-6, 0, 7, -5, -7, 3, -1, -1]
[-7, 0, 11, 6, -11, 6, -1, -3]
[-11, -4, 4, -10, -16, 2, -6, -12]
[-17, -10, 6, -2, -26, -9, -9, -15]
[-16, -7, -1, -6, -29, -21, -8, -15]
[-11, -9, 1, -6, -27, -35, -10, -9]
[-8, -3, -3, -12, -25, -30, -7, -2]
[1, 1, 3, 7, -19, -11, -12, 4]
[7, 2, 3, -3, -23, 52, -7, 6]
[7, 4, 8, 14, -6, 80, -6, 3]
[12, 11, 2, -1, 11, 119, 0, 5]
[9, 3, -7, -11, 37, 127, 0, 0]
[7, 4, -1, -8, 40, 31, -2, 1]
[2, 3, -5, -17, 77, -50, 0, -2]
[1, 2, 1, -11, 60, -99, -1, -4]
[-3, 0, 1, -14, -1, -106, -2, -6]
[-5, 6, 4, -4, -44, -98, 0, -4]
[-3, 7, -1, -19, -83, -72, 1, -5]
[-3, 9, 6, -4, -79, -69, 0, 0]
[-3, 16, 0, -11, -70, -56, 5, 0]
[-5, 18, -3, -2, -54, -27, 1, 3]
[-5, 15, -7, -16, -46, -8, -1, 0]
[-3, 11, -4, -6, -27, -3, 1, 2]
[-6, 6, -4, 0, -25, -4, 5, 2]
[-8, 8, -5, -1, -9, 7, 2, 2]
[-5, 7, -5, 7, -5, 12, -1, 0]
[1, 1, -5, 5, -17, 18, -2, 0]
[2, 3, 10, 18, -12, -4, 0, 0]
[1, 4, 3, -1, -6, -2, -4, -3]
[-5, 3, 2, 13, -2, 12, -5, -4]
[-3, 4, 0, -3, -9, 5, -3, -6]
[-4, 5, -6, -2, -3, 4, 0, -3]
[-4, -1, 4, 4, 14, -5, -1, -3]
[-1, -8, -2, -5, 10, 6, 2, 0]
[1, -13, -3, -13, 8, -4, 0, -1]
[3, -11, 4, 22, 18, -9, 0, 2]
[5, -19, -3, 6, 27, -3, -1, 4]
[7, -13, -6, 0, 20, 5, 2, 2]
[4, -17, -7, 6, 23, -3, 2, 1]
[5, -15, -16, -20, 15, -5, 0, 2]
[8, -14, -5, -8, 18, 2, 0, 1]
[4, -12, 11, 13, 25, -2, -2, 5]
[3, -13, -3, 3, 22, 10, 0, 5]
[-1, -17, -5, -6, 21, 16, -2, 5]
[3, -12, 1, 9, 20, 37, 1, 2]
[0, -12, -4, 0, 19, 33, 1, 1]
[0, -10, -8, 10, 13, 31, 1, -1]
[5, -6, -8, -1, 8, 19, 1, -1]
[7, -8, -5, 9, 9, 6, -1, 1]
[7, -2, -2, 7, 9, 3, 1, 4]
[2, -2, 0, 16, 8, 4, 0, 4]
[0, -5, -2, 3, 9, 4, 0, 1]
[0, -2, -2, 5, 15, 18, -3, 0]
[2, -1, -2, 1, 18, 19, -3, 3]
[0, -2, 3, 9, 19, 8, 0, 4]
[1, -1, -2, 2, 21, 9, 4, 4]
[2, 0, -1, 5, 26, 8, 3, 5]
[1, -2, 1, 2, 19, 5, 1, 2]
[5, 0, 4, 8, 25, 3, -3, 1]
[6, 1, -1, 9, 26, 1, -1, 2]
[4, -1, 1, 5, 16, 2, 0, 1]
[4, -10, -11, 11, 12, 0, 1, 3]
[5, -6, -3, 12, 19, -5, 1, 6]
[8, -8, -5, 6, 27, -2, -1, 6]
[6, -2, -3, 9, 26, -1, -1, 7]
[10, -1, -9, -3, 17, 6, 1, 5]
[6, -4, -5, 11, 19, 5, 0, 6]
[1, -9, -3, 19, 19, 4, -2, 5]
[-2, -18, -13, 6, 17, 4, 2, 5]
[-2, -32, -11, 3, 13, 6, -3, 9]
[4, -35, -20, 8, 16, 7, 0, 6]
[5, -37, -15, 14, 17, 12, 1, 7]
[7, -38, -20, 20, 22, 9, 1, 3]
[6, -30, -17, 14, 28, 4, 5, 4]
[0, -23, -7, 12, 27, -2, 4, 1]
[-5, -9, -6, 10, 27, 3, 3, -3]
[-7, 2, 2, 0, 28, 4, 2, -2]
[-11, 10, 13, -1, 28, 11, 6, -3]
[-10, 16, 25, -4, 23, 19, 4, -4]
[-8, 23, 29, -9, 27, 23, 5, -8]
[-3, 40, 29, -8, 26, 26, 2, -10]
[6, 56, 33, 4, 15, 19, 6, -13]
[9, 60, 20, -3, -4, 11, 6, -14]
[2, 54, 19, 4, -26, -5, 7, -16]
[-3, 39, 10, 0, -50, -7, 5, -10]
[-15, 29, 9, -8, -75, -12, 3, -6]
[-16, 12, -1, -17, -58, -12, 1, -4]
[-14, 3, -2, -26, -54, -8, 0, -2]
[-13, 0, -3, -14, -44, -14, 1, -8]
[-9, -1, -1, -24, -42, -24, -4, -7]
[-3, 3, -6, -18, -47, -19, -6, -3]
[-1, -2, -7, -22, -48, -17, -8, 1]
[-6, -1, -5, -18, -55, -21, -11, -1]
[-2, 1, -3, -9, -54, -28, -10, -4]
[-2, -2, -3, -10, -50, -28, -9, -4]
[1, -5, -5, -8, -42, -30, -12, 2]
[1, -5, -2, -9, -35, -26, -6, 1]
[-4, -2, 0, -6, -25, -24, -7, -4]
[-1, 0, -3, -7, -11, -17, -7, -4]
[-1, 2, 6, -2, -13, -13, -7, -1]
[-6, -1, -4, -6, -14, -15, -2, -1]
[-5, -8, -9, -13, -3, -10, 1, -6]
[-3, -5, -1, -5, 2, -7, 0, 0]
[-1, -4, -2, -6, 2, -7, -2, -3]
[2, 1, -1, -3, 5, -9, -1, -2]
[3, -3, -6, -1, 0, -16, -1, -1]
[-5, -3, -6, -1, -1, -4, 2, -3]
[-3, 1, -2, 5, 2, -9, 1, -1]
[-4, -4, -1, 0, -8, -13, -1, 0]
[-3, -4, -2, 1, -3, -13, -3, 1]
[6, 2, -1, 1, 1, -12, -8, 0]
[2, 2, -3, 1, 12, 4, 1, -1]
[2, 1, 2, 1, 1, 4, 1, 0]
[-1, 1, 4, 2, 4, 9, -1, -1]
[-2, -4, -1, 0, 5, 12, -1, -1]
[-1, 1, -4, -6, 5, 9, 0, -2]
[1, -4, -4, -4, 2, -1, 0, -1]
[1, -2, 3, 6, 4, 5, 2, 1]
[1, 1, 4, -2, 2, 6, -1, 0]
[3, 0, 6, 0, 1, 9, 2, 1]
[-2, -4, -5, -4, 4, 1, 1, 1]
[-4, -7, -10, -12, 2, -1, -2, 0]
[0, -1, 8, 20, 3, 5, -2, 0]
[1, -2, 0, 13, 18, 5, 0, -2]
[-2, -1, 4, 5, -4, 2, 1, -3]
[0, -1, -3, 1, 7, -3, 0, -2]
[-2, 1, -4, -17, -9, 1, 2, -2]
[-5, -2, -2, -2, -8, 2, 0, 1]
[1, -1, 1, 0, 4, -3, -2, 1]
[2, 1, 1, -2, 3, 4, -1, -4]
[1, 0, 4, -4, -6, -1, 0, 1]
[0, 1, 5, 6, 4, 2, 1, 3]
[2, -2, 0, -5, 9, 0, 3, 0]
[0, -5, 2, 3, -22, -8, -2, 3]
[1, -6, 2, -2, 5, 0, 1, 2]
[-3, -5, -10, -16, -3, -2, -6, -1]
[-3, 3, 6, 24, 6, 2, -3, 0]
[0, 0, -4, 9, 7, -1, -2, -3]
[2, 4, 12, 30, 10, 1, -1, -3]
[0, -1, 0, -7, -2, 9, 2, -1]
[0, -1, -4, -9, 11, 0, 0, -1]
[-2, 0, -2, -7, -10, -2, 1, -2]
[-4, -2, -8, -9, -5, 0, 0, 0]
[1, -4, -1, -7, 0, -2, -1, -1]
[2, -3, -1, -7, -4, -1, -1, -1]
[2, 1, 1, -10, -1, 4, -2, 0]
[0, -4, -6, 7, 2, 0, -2, -1]
[-3, -3, 0, 3, -8, -5, 0, -2]
[-3, -1, 5, 0, -4, 1, 0, 1]
[-2, -6, -1, -10, 7, -5, -2, 2]
[2, -1, 0, 5, -12, -1, 2, 1]
[3, 2, 8, 20, 13, -5, 0, 1]
[0, 0, -5, -15, -6, -1, 0, -2]
[-3, 3, 3, 11, 5, 5, 1, -2]
[0, -1, -4, -12, 4, 2, 0, -3]
[2, -1, 0, -2, -7, 6, 2, -1]
[0, 2, -1, 1, 1, 3, -2, -2]
[0, 1, -1, -1, 1, 5, -2, 0]
[-5, -2, -3, -10, -1, -8, -2, -1]
[-2, -1, -2, 5, 1, -2, 0, -1]
[-1, -4, 0, 6, 7, 4, -1, -1]
[-2, 0, 2, 3, 8, 6, 2, -1]
[-1, -1, -2, 1, 7, -2, -1, 5]
[0, -3, -5, -7, 14, -1, -2, 1]
[-1, -2, 1, 16, -13, 0, -3, -2]
[1, 0, -1, -15, -28, 1, -3, -5]
[1, 4, 2, 7, 27, 6, 1, -2]
[0, -1, 1, -11, 17, -2, 1, 2]
[-2, -6, -4, -6, -35, -12, -1, 0]
[-1, -2, 4, 5, 3, -2, 1, 1]
[1, -3, -1, -11, -12, -5, -1, -2]
[1, 1, -2, 1, -12, -2, -4, 1]
[1, 1, -5, 2, 20, 6, 3, -1]
[-1, 0, -3, 5, 1, -2, 2, 1]
[-3, -2, -1, 5, 6, 2, -1, 1]
[-1, 1, -7, -1, -9, -2, -1, 0]
[-1, -1, -1, -13, 5, 2, -2, 0]
[-1, -1, -2, 0, 11, 0, -1, 0]
[0, 2, 0, -7, -5, 0, 3, 3]
[3, 2, 1, 2, -4, -6, -2, -3]
[4, 0, 3, 18, 22, -1, -2, -2]
[-3, -4, -5, -6, 3, -1, -2, -2]
[-5, -2, 0, 0, -3, -6, 2, 1]
[-1, 2, 3, -8, -18, -5, 0, 0]
[-3, 2, 4, -8, -3, 3, 3, 1]
[1, -2, -1, 9, 4, 3, 0, 0]
[1, -5, -6, -4, -17, 1, 1, -1]
[-2, -4, -3, -2, -8, 2, 0, 0]
[0, 1, -2, 12, 4, 3, -4, 1]
[6, -1, -6, 1, 24, 1, -1, 1]
[-1, 3, 6, -6, -16, 2, -2, 0]
[-5, -8, 0, 7, -4, 0, 0, 0]
[1, 7, -2, -10, -10, -1, 0, -2]
[-2, 4, 0, -1, -12, -2, 0, -1]
[3, 1, 5, -8, -1, 1, -2, -2]
[-1, -3, 1, -2, -10, -4, 1, -2]
[-7, 1, -2, -13, -23, -5, -1, 1]
[-1, -8, -4, 1, 31, 0, -3, 0]
[4, 2, -3, 11, 15, -1, 1, -1]
[0, 0, 3, 3, 7, -1, 0, 0]
[-4, -12, -6, 7, -2, -1, 1, -3]
[1, 6, 3, -15, -31, -3, -3, -2]
[-2, -7, -1, 1, 0, 1, -1, 1]
[-9, -8, -3, 4, 7, 2, 0, -2]
[-2, -1, -3, -4, 2, -2, 1, -1]
[12, 0, -7, 8, 5, 0, 0, 3]
[-9, -5, 6, -10, -3, 1, -3, 2]
[-3, -4, 2, 3, 1, -1, 0, 0]
[10, 9, 3, 0, -5, 1, 3, -1]
[-6, -1, 4, -2, -6, -6, 1, -2]
[2, -2, -12, 2, -1, -1, 2, 0]
[-5, -5, -1, 1, 5, -2, 3, -3]
[-9, -13, -2, -6, 3, -7, -1, -4]
[0, 1, -4, -6, -5, 1, -2, 0]
[3, 0, -4, 0, 2, 1, -4, 1]
[4, 7, 4, 2, -8, 4, -2, 3]
[3, 1, 1, -6, -4, -2, -2, -2]
[-4, -1, 2, 18, 16, -1, 1, -5]
[-3, -1, -6, -6, 1, 2, -1, 0]
[5, 3, -6, -3, 6, 2, 0, 3]
[0, -2, -3, -4, 5, 0, -2, 2]
[0, 4, 3, 4, 2, 1, 0, -2]
[-2, -5, 3, 4, 4, 3, 0, -4]
[5, 2, -3, -4, -4, 1, -1, 1]
[2, 2, 4, -2, -7, -3, -4, 2]
[-2, 4, 0, -1, 4, 0, -2, 2]
[-3, -7, -4, 5, 5, 6, 0, 0]
[6, 18, 4, 3, 5, -1, 1, 0]
[-5, -9, -3, -5, -10, -5, 0, -3]
[2, 0, 1, -7, -7, -1, -1, -1]
[4, 1, -4, -12, 2, 1, 0, -2]
[1, 2, -2, -3, 4, 2, 2, -2]
[-3, -1, 6, 8, 16, -1, 0, -2]
[-1, 5, 2, 8, 19, -1, 0, -2]
[0, 2, -1, 8, 0, -2, 1, 3]
[-3, -4, -2, 0, 9, 0, -2, 0]
[3, 4, -7, -8, -10, 0, 0, 1]
[-13, -10, -8, -8, -17, -1, -3, -1]
[5, -3, 4, 7, 2, 4, 0, 0]
[3, -6, -3, -5, -10, -1, -2, -4]
[-1, -5, 0, 1, -6, -5, -4, -3]
[-2, -10, 1, -6, -9, -5, 1, -2]
[0, -1, 0, 0, 4, 0, 2, 1]
[-5, 17, 5, 4, -8, 4, 2, -1]
[-4, -1, -6, -2, 6, 2, 1, 0]
[-4, -4, -6, -2, -6, 0, 0, -2]
[6, 4, -2, -10, 7, 2, 4, 2]
[1, 0, 11, -11, -16, -1, 0, 3]
[-5, -3, 4, 5, -3, -3, 0, 1]
[-5, -10, 5, 18, 6, 0, -2, -1]
[5, 6, -3, -17, -3, 2, 1, -1]
[-1, -2, -6, 9, 10, -2, -2, -2]
[-2, -1, -2, -2, 11, -2, 0, -2]
[8, 2, -3, -11, -17, -3, -1, 3]
[-4, -2, 0, 9, -12, 0, -1, 1]
[-1, -9, -7, 0, 3, -3, -2, 2]
[1, 4, -1, 2, -8, -4, -3, 0]
[-3, 2, 1, -1, -7, 1, 0, -4]
[-2, 3, 1, -1, 0, -3, 0, -1]
[3, -3, -2, -8, -9, -2, 2, -5]
[-1, -8, -3, -1, 2, -2, 1, -2]
[2, -1, 6, -3, 0, 1, 1, 0]
[-3, -3, 3, -4, -23, 1, 0, 0]
[-4, -2, -3, 7, 37, 0, -1, 1]
[1, -3, -2, -5, -11, 4, 2, -2]
[1, 6, -1, 9, 16, 1, -2, 0]
[0, 11, 1, 1, 18, -5, -2, 2]
[-2, 1, 6, -8, -27, -6, -1, -2]
[0, 1, -6, -6, 11, -4, -1, 0]
[3, -4, -6, -5, -36, 0, -4, -2]
[0, -2, 2, 13, 6, 4, -2, 0]
[-10, -17, -9, 4, 9, -3, 2, 1]
[3, 10, 3, -17, 9, 1, 1, -2]
[7, 5, 2, -4, 1, 3, 3, 3]
[0, -1, 5, -6, 1, -1, -1, -2]
[4, 1, 1, -2, -3, -6, 0, -5]
[-6, -10, 4, 0, 14, 8, 1, -3]
[-4, -7, -7, 8, -4, -6, -7, -4]
[-1, -1, -6, -9, -42, -8, -2, -1]
[-1, -2, 0, -3, -16, 1, 0, 0]
[-1, 0, -4, 6, -9, -2, -4, 1]
[4, 4, 8, -8, 0, 2, 1, 3]
[-3, -2, -1, 3, 32, -2, -3, 1]
[-2, 1, 0, -2, -26, -4, -1, 0]
[0, -2, -3, 10, -4, -4, -4, -3]
[-4, -1, -4, -9, 11, 3, 2, 0]
[-7, -5, -3, 15, 7, -2, 1, -3]
[-5, -3, -6, -16, -10, 3, -2, -1]
[2, 7, 5, 7, 19, 5, -3, -1]
[8, 2, 1, 17, 25, 0, 3, 2]
[2, 8, 0, -15, -16, -3, 1, 1]
[-2, -11, -9, 1, -3, 0, -1, -2]
[-4, -2, 3, 3, -31, -2, 1, 0]
[-4, 2, -1, -9, -6, -2, -2, -1]
[0, -3, -6, 1, 15, -2, 1, -3]
[5, 1, 3, -2, -2, -1, -1, -1]
[-1, -8, -3, 1, 8, 3, 1, -2]
[-2, -2, 1, 9, 1, 4, -4, 2]
[-1, -3, 2, 0, 22, 6, 0, -4]
[-3, 2, -4, -10, -17, -7, -4, -2]
[0, -1, -1, -2, -20, -3, 1, -1]
[-8, 0, -2, 13, 21, 2, -1, -3]
[0, -5, -3, 4, -7, 1, 3, 2]
[-3, -4, -4, -17, 21, 0, 1, 2]
[1, 1, 2, 9, 35, -1, -2, 1]
[16, 10, -1, -11, -26, -4, -1, 3]
[-6, 0, 2, 7, -5, -1, -3, -2]
[-1, 3, 2, 13, 8, -2, -2, -4]
[-3, -12, -3, -6, -13, -2, 0, 3]
[-2, -3, 5, -5, -9, 0, 2, 2]
[-3, -3, 0, 3, 9, -2, -1, -1]
[5, 6, 6, -13, -33, 0, 1, 1]
[-3, 4, 2, -18, -33, -2, 0, -2]
[-6, -12, -8, 10, 43, 5, -2, -3]
[0, -4, -1, 0, -40, -9, 0, 0]
[-1, 1, -1, 21, 38, 0, 0, 3]
[1, -1, -6, -22, -33, -2, -3, 1]
[3, 3, 1, 26, 37, -1, -1, -3]
[2, 5, -2, -21, -54, 3, 3, -2]
[-2, -1, -7, -1, -5, -8, -4, -5]
[5, 4, -2, 4, 13, 5, 3, -2]
[-4, -4, 2, -13, -11, -2, 0, -1]
[-1, -4, -4, -11, 12, 1, 2, 0]
[-5, -3, 3, 29, 40, 4, 4, -2]
[0, 4, -5, -7, 1, -2, 2, 1]
[-2, 1, -4, -3, 7, 2, -4, 0]
[-3, -13, -3, -3, 20, 6, -4, -1]
[9, 14, -2, -24, -29, 1, -2, -3]
[1, 9, 7, 20, 30, -2, 0, 0]
[-1, -8, -2, -7, -29, -6, 2, -1]
[-2, 0, -4, -4, 1, 1, -2, 0]
[3, -2, 3, 5, 0, 2, -1, 0]
[-2, -2, -2, 0, 10, 0, -2, -1]
[-3, 2, 3, -12, -22, 2, 2, 2]
[-1, -1, 5, 15, 10, -3, 0, -1]
[0, -4, -2, -10, -5, 0, 2, 1]
[2, 1, 1, 10, 60, 5, 1, -1]
[0, 2, 1, 3, 17, 6, 2, 2]
[-3, -1, -6, -5, -15, -11, -4, -1]
[-2, -2, 2, -1, -2, -5, -3, -2]
[0, 2, -2, -10, -46, -9, -4, -3]
[1, 0, -3, 4, 9, 3, 1, -2]
[3, 8, 3, 4, 37, 6, 3, 0]
[0, -2, 0, 6, 16, -2, -3, 1]
[-2, -6, -4, -6, 1, -2, 0, 2]
[-2, -1, -2, -5, -3, -1, 0, 1]
[2, 4, 2, 4, 1, 1, 1, 0]
[-6, 1, -1, 4, -10, -2, -2, -5]
[-1, -6, -3, 8, -1, 5, -2, 0]
[7, 7, 2, 1, -12, 3, 0, 1]
[3, -3, -3, -7, -5, 4, 3, 1]
[-2, -2, -1, -12, -3, 2, 1, -2]
[-3, -2, 0, 10, -6, -3, -2, -1]
[-1, -5, 3, 6, 2, -6, -2, 0]
[3, 1, 2, -5, 0, 1, -2, -1]
[3, 7, -3, 9, 39, 2, 1, 3]
[-5, -5, -4, -34, -69, -8, -2, -2]
[-4, -6, -3, -3, -15, 0, 1, -1]
[-2, 0, 5, 21, 19, 2, 2, 0]
[-4, -4, -4, -8, -5, -3, -1, -1]
[3, 1, 4, 15, 29, 3, 1, 3]
[1, 0, 0, -25, -11, -2, 0, 0]
[1, -3, -2, -1, -16, -2, -3, -3]
[1, -1, -1, 11, 5, 1, 1, -3]
[2, 4, -6, 8, -8, -1, -2, -1]
[-2, 3, -2, -5, 17, 8, -1, -6]
[-2, 0, 0, -2, 7, -1, -6, -1]
[-5, -4, 1, -14, -26, -4, -3, -2]
[0, 1, 5, 15, 17, -3, 0, -1]
[-1, -2, -3, -21, -10, -2, -2, 1]
[4, 2, 1, 5, -1, 3, 2, 1]
[-2, -1, -2, 10, 16, 3, 0, 0]
[-2, -3, 0, -4, 3, -3, 2, -1]
[0, -2, 1, -9, 9, -2, -1, 0]
[3, 4, 3, 16, 12, 5, 1, 0]
[-5, -4, -3, -13, -53, -11, -5, 0]
[-3, 0, 0, -2, 5, 0, -3, 0]
[0, -2, -2, 10, 18, 3, 1, 1]
[0, -6, -4, -12, -16, -3, 0, 2]
[2, 0, -2, 5, 9, 1, 2, 0]
[0, -3, -2, -7, -13, -5, 1, -5]
[1, 3, -5, 4, -11, -1, 1, -1]
[-5, -1, 1, -1, -8, 0, 1, 0]
[-3, 1, 1, -7, 34, 2, 0, 1]
[-2, -3, 1, 5, -12, -4, -6, -1]
[1, -1, 3, 1, -7, -4, -4, -2]
[5, 0, 4, 9, 30, 4, 2, 1]
[-2, -3, -5, -2, -37, -6, 1, -3]
[-3, 0, -4, 14, 11, 4, 1, 0]
[3, 2, -2, 6, -8, 1, -1, 3]
[-1, -1, -2, -2, 7, 0, -3, -2]
[4, -1, 4, -3, -24, -3, -2, -3]
[-6, -5, -3, 2, 18, 1, -3, -7]
[-4, -1, -4, 3, 16, -1, 0, -2]
[-2, -1, -7, -11, -2, -5, 0, 0]
[-4, -1, -1, 0, -8, -3, -2, 1]
[6, -6, -3, -11, -17, -5, 0, 2]
[3, 0, -2, 2, -9, 2, 1, 4]
[2, 3, 0, -14, 6, 3, -1, -2]
[3, 1, 4, 9, 14, 1, 4, -5]
[-6, 0, -1, -10, -1, -7, -3, -3]
[-6, 0, 6, -3, -27, -3, 2, -2]
[0, -2, -1, -13, -22, -2, -3, 0]
[3, -10, 0, 1, 15, 0, -1, 3]
[5, -4, -1, 8, 8, 0, 0, 2]
[4, -1, -5, -5, 13, 0, 0, 0]
[-3, -1, -5, -14, -69, -3, -3, 1]
[-4, 2, -3, -2, -1, -1, -2, -3]
[0, 1, 5, 3, 9, -1, 3, -1]
[-3, 0, 3, 13, 35, 3, -1, -1]
[-3, 0, 0, 7, -11, 0, -1, 1]
[-1, -1, -5, -8, 1, -1, -1, 0]
[2, 5, -3, -15, -22, -1, -3, -2]
[3, 3, 6, 6, -3, 0, 0, -1]
[3, 1, 5, 11, 7, 1, 0, -1]
[-1, 0, -5, -20, -6, -2, 0, -1]
[-2, 4, -4, 17, 14, -1, 1, -4]
[-2, -6, -6, -24, -1, 6, -2, -1]
[-1, -4, -2, 6, 12, 4, -3, -3]
[2, -2, -1, -2, -12, 0, -1, -1]
[-1, -2, 3, -10, -12, -1, -2, 3]
[-4, -3, 1, 10, 3, -3, 0, -1]
[-2, -1, -1, 16, 39, -1, 2, 1]
[-2, -4, -2, -18, 5, -5, 1, 0]
[1, -2, 0, 0, -16, -2, -1, -1]
[2, 0, -1, 6, -5, 1, -1, 0]
[-1, 4, -4, -7, -2, 1, 0, -1]
[0, 4, 0, 6, 10, -4, -3, -5]
[0, 2, -1, 0, 15, -3, -2, -2]
[-2, -4, 0, 5, -47, 0, 0, 1]
[-1, -6, -4, 5, 33, 3, 0, -1]
[0, 0, -1, 8, -7, 1, 1, 1]
[-6, -2, 0, -4, -5, -2, -2, 1]
[1, -2, 5, 0, 14, -1, 0, 0]
[3, 13, 8, 0, 8, 5, 3, -2]
[-4, -2, -1, 0, -13, 0, 1, -2]
[-6, 2, -2, 4, -5, -2, -2, 1]
[-2, -3, -6, -10, 9, 0, -1, -1]
[0, -2, -3, -13, -33, -6, -2, 0]
[1, 1, 0, 1, 11, -3, -6, 1]
[0, -6, -2, 3, 5, 1, -1, -3]
[2, 0, -2, 4, -1, 3, -3, 3]
[1, 2, 1, 5, 2, 1, -1, 2]
[-2, 2, 2, 8, -4, -3, 2, 0]
[-1, -2, -2, -5, -2, -4, -1, -3]
[1, 6, 1, 1, -1, -2, -1, -2]
[0, -2, 0, -4, -10, 0, 0, -1]
[-6, -4, -3, 10, 19, 0, 0, 1]
[-2, 0, -1, -18, -39, -5, 1, -1]
[1, -2, -2, -2, 1, 3, 1, -1]
[-2, -3, 0, -11, 23, 0, 0, -2]
[2, 1, 2, 3, -31, -4, -6, -3]
[1, -1, 0, 6, 12, -3, -3, -2]
[-2, -1, 0, -2, -3, -1, -2, -1]
[0, -8, 1, -5, -17, 1, 0, 1]
[2, -3, -2, -2, 12, 2, 1, 0]
[2, 10, 1, 12, 10, 1, 0, 0]
[0, 6, 0, -7, -2, 6, 1, 0]
[-4, 1, -5, -3, 10, 3, 2, 1]
[-4, -2, 2, -6, -6, -6, 1, 1]
[-1, -6, -4, -9, -2, -6, -3, -1]
[1, 0, 3, 5, 8, 0, -2, 1]
[0, 0, -1, 4, 3, 3, -3, -1]
[-3, -2, -5, 5, -10, 1, -2, -4]
[-1, -2, -1, -5, -30, -1, 0, -4]
[5, 0, 0, 10, 26, 2, 0, -2]
[1, -2, 1, 5, 5, -4, -2, -2]
[2, -1, -3, -10, -30, -8, 0, 3]
[0, -3, 2, 15, 32, 5, -2, 2]
[0, -1, -1, -9, -20, -2, 3, 0]
[1, 2, -2, -1, -2, 1, 3, 1]
[1, -1, 2, -4, 10, 1, 2, -2]
[-4, -4, 0, -16, -14, -3, -1, -4]
[-4, -5, -2, 2, 1, 5, -3, -1]
[2, 5, 0, 7, 5, 3, -2, 0]
[0, 1, -7, 1, 3, -1, -2, -2]
[-1, 0, 1, -5, 5, -5, -1, -3]
[-1, -8, 0, 4, 4, -3, 1, 0]
[-1, 3, 0, 2, -2, 2, -1, 2]
[-3, 6, 3, 13, -1, -2, -2, -1]
[2, 4, -6, -12, -9, -4, -4, -1]
[2, 1, -1, 2, 9, 4, 2, 0]
[-1, -9, -1, -8, -28, -1, -1, 1]
[-1, -5, 2, 2, 15, 1, 1, -1]
[-3, -2, 0, 4, 1, -2, -2, 1]
[0, 1, -3, -3, 0, 2, 0, 4]
[-2, 4, -2, 5, 0, 2, 5, 1]
[0, -3, -2, 7, 12, -8, 1, -1]
[0, -2, -2, 0, -6, -3, 0, -3]
[2, 3, -2, -4, -6, 4, -2, -1]
[2, -4, -1, 16, 16, 6, 1, -2]
[-4, -1, -1, -6, -3, -5, -4, -4]
[-4, -6, -3, -11, -4, -3, -1, -1]
[1, -1, -1, -2, 2, 2, 0, 1]
[2, -1, 1, -12, -11, 4, 1, 4]
[-4, 0, 2, 21, 15, -3, -1, 1]
[1, 1, 2, -5, 6, -6, 0, -5]
[-2, -3, -11, -9, -4, -3, -4, -4]
[-2, -2, 1, 10, 5, 3, -2, -1]
[-3, 2, 2, -11, -6, 4, -1, -1]
[-5, -6, -1, -9, -28, -3, 3, 1]
[9, 14, 9, 4, 19, 4, 2, -2]
[4, -4, -5, -8, -27, -4, -2, -3]
[4, 4, -1, -2, -8, -6, -3, -1]
[0, 5, 1, 13, 11, -4, -1, 1]
[-3, -5, 3, -1, -17, 0, 1, 0]
[0, 0, 1, 2, 33, 0, -3, -2]
[-2, -3, -1, -9, -38, -2, -3, 0]
[-2, -2, -7, -1, 0, 0, -2, 1]
[0, 0, 0, -4, -3, 5, 2, 2]
[0, -1, -1, -3, 17, -1, 1, -1]
[-2, -10, 0, -9, 2, -5, 5, -3]
[0, -2, -1, -6, 5, -2, 0, -2]
[-3, 0, 2, 7, -3, 5, -4, -2]
[-3, 2, 3, -4, 0, 4, -1, 0]
[-3, 0, -7, 9, 2, 1, -4, -2]
[0, 1, -2, -10, -10, -2, -3, 3]
[-2, 0, -3, 9, 15, 2, -2, 2]
[5, 4, 1, -3, -17, 2, 0, 0]
[1, -8, 0, 4, 24, -2, 0, -1]
[4, 0, 1, 14, 34, 0, 1, -4]
[1, -5, -4, -23, -63, -6, -3, -4]
[-4, -1, -5, -12, -6, -8, -3, -4]
[-2, 5, 1, -4, -5, -3, -2, 1]
[-2, 3, 2, 9, 4, -3, 0, 3]
[-3, -3, 1, 10, 26, 0, 2, 2]
[2, -7, -3, -1, 2, 2, 0, -4]
[0, -2, -2, -2, -1, -2, -3, -1]
[-3, -6, -4, -14, 5, 0, 0, 0]
[1, 0, 3, 4, -2, 0, 1, 0]
[3, 8, 4, 3, 1, 4, -2, 0]
[1, 1, 1, -5, -7, -3, -2, 0]
[-1, -1, 0, 1, -15, -1, 1, -1]
[-3, -1, 0, 14, 14, 3, 2, 0]
[-6, -3, -4, 11, 4, 0, -1, 2]
[-1, -2, -7, -16, 16, -1, -2, -1]
[0, 6, -1, 2, -4, -1, 2, 0]
[3, 3, 2, -1, 9, -2, 1, 1]
[-3, -3, 1, -1, -16, -1, 1, -6]
[2, -3, 1, 3, -14, -3, -2, -1]
[2, -11, 1, 7, 21, -1, -1, 1]
[0, -4, 1, -12, -11, -3, -3, 0]
[-5, -4, -1, -13, -14, 3, 3, 1]
[0, 1, -5, 2, 2, 0, 0, -2]
[0, 5, -3, 1, 6, 2, -4, 0]
[-3, -3, -5, 3, 0, 0, -3, -1]
[-3, -3, -2, 2, 9, -1, -1, 2]
[-7, -1, 2, -5, -10, -2, 1, 0]
[0, -1, -1, -1, -9, -1, -1, -1]
[4, 5, -2, 0, 12, 0, 0, -1]
[0, 1, -3, -2, -6, 0, 0, -2]
[-5, 0, -1, 3, 4, -2, 2, -2]
[-7, -5, 2, 2, -6, -1, -2, 0]
[-6, -5, 2, -3, -8, -1, -2, 0]
[3, 0, -2, -5, 35, 1, -3, 2]
[4, 0, 3, 13, 31, 2, 2, 2]
[-2, 1, -2, -25, -35, -4, 0, -2]
[1, -8, -3, 11, -16, -3, -1, -4]
[5, -3, 3, 14, 4, -3, -3, -5]
[4, 1, 2, -16, 0, -1, -1, -2]
[0, 0, -2, -3, 8, -1, -2, 0]
[0, 4, -4, -7, -1, 3, 0, 0]
[-5, -5, -2, 3, 5, -2, 2, 1]
[-2, -4, 4, 7, -11, -3, 2, -1]
[-4, -1, -2, 0, 2, -1, 0, 0]
[4, 0, 1, -6, -14, -1, -1, 0]
[4, 2, 1, 7, 4, 0, -4, 0]
[-2, 2, -3, -4, -7, 2, -2, 1]
[2, 3, 2, 7, 2, 0, -1, 1]
[-4, -2, 0, 2, 18, 0, -1, -1]
[-1, -6, -6, -5, -1, -4, -1, 1]
[0, 1, -5, -5, -19, -3, -2, -4]
[2, 0, 1, 3, 3, -1, 2, -1]
[1, 2, -1, -8, -9, -2, 2, 1]
[-4, 2, 2, 1, -3, -2, 1, 0]
[-3, -5, -2, -2, -10, -2, -2, -2]
[0, -1, 0, 10, 6, 5, -2, 1]
[1, -3, -1, -8, 12, 0, -2, 0]
[-1, 0, 1, -8, -9, -1, 0, -1]
[-6, -3, 2, 4, 11, 0, -2, -2]
[3, 5, 2, 3, -10, 3, 0, -2]
[-2, 3, -2, -2, 0, -3, 1, 1]
[0, -8, -1, -1, -11, -4, 1, -1]
[6, 15, 3, 1, 3, -2, -1, -2]
[1, -2, 2, 1, 10, 1, 1, -4]
[2, 0, -7, -2, 1, -4, 0, -3]
[-3, 2, -3, -10, -4, 1, 1, -1]
[-2, -9, -4, 13, -15, 0, -1, 1]
[0, -5, 0, 1, 11, 1, -2, -1]
[3, 3, 2, -4, 6, -2, 1, 1]
[0, -1, 1, -2, -1, -4, -5, -2]
[-1, -6, -5, -8, 2, 2, -1, 4]
[-2, 0, -2, 0, -10, 4, 1, 0]
[-6, -6, 0, 9, 24, 2, 1, -3]
[0, 2, 0, 2, -1, -4, 3, 0]
[-2, 0, 2, -5, -6, -1, -1, -1]
[-4, 1, -2, 1, 6, 2, 0, 1]
[0, -1, -4, -3, -4, 0, -2, 0]
[-1, 4, -2, 5, 36, 6, -4, -8]
[3, 1, 10, 15, -33, 2, 1, 9]
[-1, -2, -2, -10, -2, -6, -6, -3]
[1, -5, 1, -1, -47, -1, 0, 0]
[3, 1, -4, -9, -26, -8, 2, 2]
[-2, -3, -5, -1, 62, -3, 0, -3]
[-1, -1, -1, 3, 5, 5, 1, 0]
[-3, -3, -1, 10, -20, 0, -1, -1]
[1, -3, 1, 11, 19, 1, -2, -2]
[2, 3, -1, -4, -9, 1, -3, 3]
[0, -2, -2, -7, 13, 0, 0, 0]
[1, -5, 2, 2, 36, 4, -1, -1]
[-12, -7, -4, -3, -28, -6, 0, -4]
[7, 5, 7, 2, 3, 2, 4, -2]
[0, 1, -2, 4, 12, 1, 1, 2]
[1, 1, -2, 1, -13, 0, -2, 5]
[-2, -1, 5, 15, 44, 6, 0, 4]
[-9, -13, -10, -25, -59, -15, -3, -3]
[6, 9, 3, 4, 40, 2, -2, -2]
[0, 7, 0, -5, -1, -3, -3, -3]
[-2, -5, -5, -9, -37, -5, -3, -2]
[1, 12, -1, 3, 13, 4, -2, -2]
[4, -6, -1, -5, -6, 3, 2, 0]
[-2, 0, 3, 28, 28, 2, 3, 1]
[1, 4, 1, -27, -15, -6, 0, 1]
[-6, -7, 3, 35, 39, 9, -2, -8]
[2, 2, 0, -1, -21, -2, 3, 3]
[-3, -1, 3, -8, 16, 3, 2, 0]
[3, -1, -3, 1, -20, -6, -1, 0]
[-1, 2, -2, -15, -20, -3, 0, -1]
[-3, -3, 5, 3, -21, 0, -1, 1]
[-3, -4, -4, -4, 19, -2, -1, -2]
[2, 2, -2, -1, 6, -7, -2, -1]
[0, -7, -6, -15, -22, -2, -1, -2]
[2, 0, 2, 17, 30, 5, -1, 2]
[-1, 1, -1, 2, -22, -1, 2, 0]
[-1, -4, -8, -1, 7, 1, -3, -2]
[4, 6, -5, -5, 9, -4, -1, 0]
[-6, -2, -8, -5, -9, 2, 1, 1]
[1, 3, 1, 1, 44, 4, 3, 0]
[-7, -8, -2, -18, -105, -15, -7, -6]
[-1, 1, -1, 10, 28, 5, 0, -1]
[2, -3, 6, 8, 0, 0, -1, 0]
[-1, 5, 3, 4, 25, 4, -1, -2]
[0, -2, 0, 5, 36, -1, 3, 1]
[1, -1, 1, -9, -37, -2, -2, 2]
[-5, -3, -7, -11, -26, 0, -4, -3]
[-1, -2, 7, 8, -4, 4, 4, 2]
[2, -1, 3, 6, 39, -1, 1, 2]
[-2, -5, -2, -8, -18, 0, -2, -1]
[0, 6, 0, 8, 30, 2, 0, 0]
[1, -2, -6, -10, -12, -6, -3, -1]
[0, -7, -9, -10, 25, -4, -2, -2]
[-3, -4, -3, 8, -41, -7, -3, -5]
[-2, 2, 1, -11, 3, -5, -2, -2]
[4, -1, 1, -7, -44, -10, -9, 5]
[-6, 4, 2, 16, 30, 0, 0, -11]
[1, 3, -5, -9, 24, 0, -9, 10]
[1, -5, 2, 2, -2, 8, 20, 2]
[-2, 4, -2, 1, 22, 2, 1, 0]
[0, -4, -2, -10, -48, 2, 1, 2]
[0, -1, -1, -24, 5, 0, -4, -6]
[-1, -8, -7, 2, -58, -2, -6, -4]
[-1, 2, 2, 12, 77, 8, 2, -2]
[-4, 5, -3, -3, -50, -22, 0, 5]
[-12, -14, -3, -27, -69, -7, 2, -7]
[14, 11, 1, -12, 16, -1, -3, 2]
[4, -2, -3, 9, 11, 4, 1, -6]
[5, 1, 1, 19, 53, 5, -2, -2]
[3, 0, 2, -5, -22, -3, 1, 0]
[-3, -4, -4, -14, -9, 2, -2, -8]
[-2, 0, 4, 11, 9, 3, -5, 6]
[4, 9, 9, -4, 4, 4, -5, 4]
[-3, -5, 1, 16, 36, 5, 23, -3]
[-3, -4, 4, 14, 20, 7, 20, 20]
[3, 8, -7, -44, -82, -15, -13, -9]
[-4, -2, -2, 34, 33, -5, -3, 1]
[-3, 7, -1, 4, 17, -3, -11, -5]
[4, 1, -2, -8, -24, 3, -3, -2]
[-2, -5, -3, -1, -2, -3, 4, -3]
[-4, -1, 3, -21, -6, -2, 2, 0]
[-1, -8, -3, 22, 20, 7, -5, 0]
[-3, 6, -2, 0, 5, 5, -4, -7]
[-5, -12, -10, -25, -25, -9, -3, -2]
[3, 5, 0, -5, 0, 4, -1, -3]
[-3, 0, -5, 0, -21, -7, 2, 3]
[0, 6, 6, 8, 14, 4, -6, 3]
[-2, -10, -4, -10, -39, -7, -1, -2]
[-8, 0, -1, 24, 50, 5, 7, -1]
[3, 5, 0, -15, 38, 3, -8, 1]
[-6, -5, 1, 3, 3, -1, -5, -3]
[3, 5, 4, -8, -11, 0, 1, 0]
[0, -12, 2, 13, -71, -11, -3, -5]
[4, 8, 4, 28, 37, 3, -2, -3]
[7, 9, -4, -35, -1, -2, 0, 2]
[-5, -3, -5, 14, 24, 1, 1, 1]
[-3, -1, 5, 12, 76, 11, 1, -1]
[-2, -1, -5, -47, -83, -14, -2, -2]
[1, 1, -1, 6, 39, 2, -2, -4]
[-3, -3, 0, 26, 35, 3, 7, 2]
[-2, -4, -6, 3, -3, -3, -2, -3]
[-4, -4, 0, 7, 24, -1, -2, -5]
[-4, -3, -5, -27, -103, -11, -3, 0]
[7, 1, 3, 19, -26, 3, 4, 3]
[-9, -5, -4, -13, 0, -4, -1, -1]
[4, 6, 6, 19, 44, 9, 1, 3]
[0, 10, 3, 5, 5, 4, -1, 2]
[-3, 7, 3, -13, 10, 0, 1, 0]
[-1, -2, 2, -4, -20, -2, -4, -7]
[5, -3, 1, -4, -3, -2, -2, -3]
[0, -9, -5, -1, 10, -1, 4, 2]
[-1, 3, -4, 9, 11, 6, -13, -1]
[2, 0, -8, -10, 19, 3, -1, 3]
[-5, 2, 0, -6, -27, -3, 1, 3]
[1, -6, 0, 16, 11, 0, -2, 0]
[-2, -2, 3, -1, 39, 0, 0, -2]
[-3, -3, 1, -13, -71, -9, -3, -3]
[-1, -7, 2, 19, 30, 7, 1, -2]
[-2, -5, -2, 13, 13, -3, -2, 0]
[-3, 2, -4, -42, -57, -8, 2, -1]
[1, 3, -4, 2, 17, 1, -1, 4]
[1, -2, 4, 33, 37, 7, 3, -1]
[-4, -8, -1, 6, 28, 8, -1, -3]
[6, 3, -6, 0, 5, -2, 1, 0]
[-1, -2, 1, -6, -20, -9, 0, -2]
[-5, -3, -2, -8, -23, -7, -2, 0]
[1, -3, 2, -10, 19, 2, 2, 3]
[5, 7, 8, 18, 29, 1, -1, -1]
[3, 4, 0, -11, -3, 3, -1, -1]
[-6, 2, -1, -6, -12, 3, 2, 0]
[2, -4, 0, 5, -15, -6, -4, 0]
[-3, 2, -5, -2, 0, -4, 1, 1]
[-1, -1, -3, -14, 3, -4, 0, 1]
[4, 0, 5, 31, 51, 5, -3, 2]
[0, -8, -5, -8, -22, -2, -3, -3]
[0, -7, -2, 7, 13, 0, -2, -4]
[-1, -4, -2, -9, -25, -6, -3, -3]
[-6, -1, -2, -15, -13, -1, 2, -2]
[6, 4, 8, 6, -2, 3, -8, 4]
[3, 5, 5, 13, 4, 3, 6, 2]
[0, 2, 2, -10, -3, -3, 4, 1]
[5, -3, -6, -9, -9, -4, 1, 0]
[-2, -5, -4, 21, 45, 2, 2, -3]
[-9, -2, -3, -4, 16, 4, -1, 3]
[0, 9, -1, -4, -38, -6, -6, -3]
[2, 0, 0, -17, -13, -2, -2, -1]
[-3, 0, 2, -1, 20, 3, 0, 0]
[3, -5, -1, 15, 3, 2, 2, -2]
[-3, -9, -1, -4, 2, -3, -2, -3]
[2, 2, -2, 9, 30, 0, 1, 2]
[3, 0, 2, -3, -28, 3, -1, -1]
[0, -3, -1, -7, -21, -4, 2, 0]
[-5, -3, -1, -4, -5, -5, -1, -4]
[0, 1, -4, -16, -14, -4, -3, -3]
[-1, 1, -6, -10, 8, 5, 1, 0]
[2, -1, -3, 6, -14, -8, -5, -1]
[0, 3, 2, 15, 23, 3, 1, -1]
[0, -1, 3, -1, -5, 3, -2, 1]
[-4, -1, 1, 13, 32, 2, 1, 0]
[-1, -2, 0, -21, -67, -6, -2, -1]
[-1, -2, -3, -2, 17, 4, -4, 1]
[-6, -3, -1, 7, -16, 0, 0, 0]
[4, 2, -5, -5, -29, -7, 1, -2]
[-2, 1, 1, -10, 5, 0, -2, -3]
[-4, -1, -5, -11, 6, 1, 0, 0]
[-1, 2, 0, -3, -27, 2, -3, -1]
[-1, -7, -2, 3, 5, 3, 2, 2]
[-1, 3, 1, 2, 29, 1, 2, 2]
[-6, 1, 2, 14, 23, 1, 3, 1]
[0, -10, -4, -13, -32, -14, -9, -4]
[4, 8, 3, -7, -18, -2, 3, -2]
[2, -6, -4, -11, -20, -2, -1, -3]
[0, -1, -2, 4, 9, 2, -1, -3]
[-5, -2, -3, 6, 34, 5, 1, 0]
[-2, -2, -1, -2, -2, -1, -2, 0]
[-3, 0, -1, 0, -4, 5, -1, 1]
[2, 0, 7, 13, 14, -2, -2, -3]
[1, 3, 3, -20, -2, 1, -1, 0]
[-3, -6, 0, 19, -33, -2, -2, 0]
[0, 2, -5, -18, 2, 0, 1, 4]
[6, 2, -1, -12, -16, -5, -4, 0]
[-4, -4, 2, 9, 40, 0, 0, -3]
[-3, -4, -3, -17, -38, -2, -1, -3]
[1, -4, 2, 7, 1, 4, -1, -3]
[4, -1, -3, -5, -21, -1, -2, -1]
[4, 2, 1, 9, 16, 1, 3, 4]
[-1, 14, 6, 0, 25, 4, 1, 3]
[-4, -1, 3, 18, 25, -3, -1, 1]
[-3, 1, -5, -14, -41, -3, 1, -3]
[-3, -4, 2, 5, 9, -1, 0, -1]
[-1, -7, -1, -1, 12, -3, 0, -1]
[0, -2, -2, 0, 3, 1, -1, 1]
[-3, 2, -6, 8, 13, -1, -1, 1]
[1, -3, -4, 0, 0, 0, -2, -1]
[6, 7, 2, 8, 0, 1, -4, 1]
[1, -3, 1, -6, -7, -1, -1, -2]
[-4, -4, -1, -10, -39, -4, 4, -3]
[-5, 4, -2, -13, -24, 0, -10, -1]
[8, 3, 7, 12, 33, 2, 1, -3]
[-4, -5, -1, 1, 5, 3, -1, -2]
[-2, -1, -2, 13, 2, -1, 3, -1]
[8, -1, -4, -4, -8, -5, 0, 2]
[-6, 1, -4, -7, 0, 2, 1, -2]
[3, 2, 1, 3, -1, -2, -4, 3]
[-4, -5, -1, -14, -8, -5, -1, 1]
[-1, -1, -1, 4, 23, -1, 1, -1]
[0, -4, -2, -1, 1, 4, -2, 0]
[-2, -2, -2, 4, 8, -4, 0, -4]
[0, 9, 4, 4, 17, -2, -2, -4]
[0, -3, -2, -8, -29, -3, 2, -2]
[2, 1, -1, -2, 12, 1, -2, -4]
[-2, -4, -4, -25, -56, -9, 2, 4]
[-8, -11, 1, 21, 19, 1, 0, 1]
[9, 5, 0, 5, 7, 4, 0, 0]
[1, 3, 6, 9, 8, 5, -1, 0]
[-2, 1, -3, -12, 0, 2, -2, -2]
[0, -6, -7, -11, 4, -4, -3, 0]
[-6, 8, 5, 11, 0, -3, 1, -1]
[-3, -2, -2, -3, 1, 5, 3, 1]
[-1, 4, 3, 9, 10, 1, 0, -5]
[1, 0, 1, -7, -16, -3, 0, -1]
[-6, -4, -2, -12, -22, -3, -6, -3]
[6, -8, 0, 9, 22, 1, 0, 3]
[3, 8, 5, 16, 3, 1, 2, 4]
[1, 2, 0, 0, 14, 0, 0, -3]
[-5, -2, -3, 3, 16, -1, 0, -2]
[-6, -1, -5, -21, -69, -2, -1, 1]
[1, -8, -4, -3, 12, 3, -2, -3]
[2, 0, -3, -4, -12, -9, -5, -2]
[3, -4, 2, -4, -11, 2, 0, 1]
[-1, -1, -3, 7, 17, 1, 3, 2]
[-4, 1, -3, 14, 32, 5, 1, 2]
[-2, 4, 2, 3, -5, 2, -2, -1]
[-2, -1, 0, -1, -5, -8, -1, -1]
[-2, -3, -6, -14, -8, -2, -1, -3]
[0, -1, 2, 2, -10, -2, 0, -3]
[-1, -1, 0, 4, 3, -1, -1, 0]
[-2, -7, -8, -2, 5, 3, 3, -2]
[6, 0, 6, 10, -5, 2, 2, 1]
[5, -2, 3, 4, -10, -4, -1, 3]
[-3, -2, -3, -14, 17, 0, -1, 2]
[-1, 6, 2, 2, -9, 2, 1, 2]
[-5, -6, -6, -15, -29, -3, -5, -1]
[0, 0, -3, 1, 8, 4, -1, -3]
[3, 2, 1, 3, -33, -4, 0, 0]
[-1, -1, -3, 12, 46, 5, 0, 0]
[-1, 2, -2, 0, 5, -4, 1, -3]
[-2, -4, 0, 0, -5, -2, -12, -4]
[-6, -6, 1, 3, 19, 4, -4, -1]
[-2, 2, 4, -5, -33, -6, -2, 0]
[-1, 0, 0, 5, 14, 0, -2, 3]
[4, -1, -2, -12, -18, -1, 3, 3]
[3, 0, -4, 11, 0, -2, -3, -2]
[1, -4, -2, -19, -7, -1, 1, -3]
[-2, 1, 2, -6, -1, -1, 4, -4]
[-5, 2, 0, 20, 33, 1, 5, -3]
[-3, -6, -1, -13, -29, -4, 1, 0]
[3, 3, -6, 9, -12, -3, -1, -1]
[2, 3, -1, 16, 14, 4, -5, 1]
[-2, 0, 4, -18, -11, -1, -3, 0]
[0, 2, 5, 6, 6, 0, 1, 1]
[-4, -5, 5, -7, 4, -2, 0, -3]
[4, 0, 3, 6, 45, 8, 3, 2]
[1, -2, -7, -14, -61, -7, -2, 0]
[-4, 4, -5, -2, -15, -3, -2, -3]
[-1, -3, -5, 0, 7, 2, 0, -1]
[-2, -5, -3, -7, -9, 1, -3, -4]
[4, 3, 4, 5, 3, 2, 3, 3]
[-1, 1, -3, -19, -5, -2, 0, -4]
[0, -5, 3, 18, 11, -2, -1, 3]
[-5, -3, -1, -6, 18, -1, 2, 6]
[4, -4, -4, -8, -13, -2, -8, -2]
[-3, -2, 0, 0, -1, -3, 1, -2]
[-1, -1, -4, -4, -18, -1, -3, -2]
[0, 4, -4, 10, 6, 0, -1, -2]
[-2, 0, 0, -2, 0, -1, 3, 0]
[2, 3, -1, 4, 16, 3, -2, 0]
[-3, 0, 1, -5, 3, 1, 0, 0]
[0, -3, -2, 7, 25, 1, 0, 2]
[-5, -3, -9, -21, -56, -7, -3, -3]
[1, -1, 2, 12, 6, -6, -3, -3]
[-5, -1, 2, -6, -13, -1, -1, -1]
[2, 3, 7, 12, 7, -3, 0, 1]
[-1, 2, 2, 5, 44, 8, 6, 0]
[3, -4, -4, -14, 11, -1, -1, -1]
[0, 0, -4, -4, -33, -7, -4, -1]
[4, 3, 0, -2, -4, 2, -1, 0]
[0, 0, 2, 14, 23, 2, 0, -1]
[-3, -4, -5, -7, -17, -1, -1, -1]
[0, 2, -3, 6, 34, 0, 0, -1]
[-2, -2, -2, -7, -16, -3, -1, -1]
[-5, -3, 2, 9, 13, -1, 1, -2]
[-2, 1, -2, -9, -26, -2, 1, -2]
[8, 6, 4, -17, -17, -1, 2, 2]
[5, 1, 2, 22, 6, 2, -8, 0]
[-2, -2, -1, -13, 2, 0, -3, 0]
[-4, -2, -2, 21, 22, 0, -3, 1]
[-10, -7, -2, -28, -15, 1, -1, -3]
[-1, 0, -3, -8, 4, -1, 3, -1]
[0, 2, -3, 2, 4, 0, -1, 0]
[-2, -5, 0, -2, -4, -3, 0, -1]
[-1, 0, 0, 0, -21, -6, 0, 2]
[-2, 0, 2, -2, 2, 3, 3, 0]
[1, -3, 0, 12, 21, 1, 2, -1]
[-2, 2, -2, -9, -13, -4, -1, -2]
[3, 0, -1, 12, 17, 3, 2, -3]
[0, 0, -1, -13, -14, 0, -1, -1]
[2, 0, 0, -10, -5, 1, 0, 1]
[4, -1, 2, 8, 9, 3, 0, -1]
[2, 1, 2, 28, 45, -3, -3, -2]
[-3, -1, 1, -9, -52, -2, -1, 0]
[0, 4, 7, -8, -15, 3, -1, 3]
[-1, -2, 3, -6, -8, -1, -1, 0]
[-1, -3, -6, -12, 25, -1, 1, 0]
[-2, 5, -1, 3, -38, -5, -6, -3]
[-3, -1, -2, 3, 4, -5, 1, -1]
[-1, 0, -6, -12, -6, -1, 2, -1]
[0, -4, -4, 7, -7, 2, 1, 1]
[0, -3, -5, -12, 17, 4, 1, 0]
[1, 1, -1, 13, 13, 1, -1, -1]
[-1, -3, 2, 14, 10, -3, -2, -3]
[-4, -4, 3, 10, 55, 6, -1, -2]
[1, -9, -2, -36, -95, -12, 0, 1]
[1, 0, -3, 1, 10, 1, -2, 0]
[-3, 2, 2, 10, 11, -2, 0, -1]
[-1, 1, -2, -2, -7, -2, -4, 2]
[-4, -8, 0, -12, 16, 3, 1, -1]
[1, 6, 3, 4, 13, 2, -1, 2]
[5, 0, 0, -8, -9, 1, -1, 3]
[1, 4, 2, 6, -28, -4, 0, -1]
[1, 1, -1, -2, 22, 0, 1, -3]
[-2, -3, -5, 5, -4, -1, 0, -4]
[-3, -3, -7, 4, 21, -1, 1, -4]
[-5, 0, 3, -2, -19, 3, -2, -3]
[3, 1, -3, 0, 10, -4, 0, 0]
[-4, 2, 3, -2, 0, 2, 1, 2]
[-1, 0, 1, -5, 5, 0, -1, 4]
[0, 0, -3, -9, -63, -2, 1, 2]
[-1, 0, -5, -8, 32, -1, 1, -2]
[1, -3, -1, -5, 4, 2, -2, -3]
[-1, 7, 1, 16, 0, 1, 0, 0]
[1, -3, 2, 11, 18, 0, 0, 1]
[0, -2, 1, 7, 10, 5, 1, 5]
[-1, 3, -3, 3, -1, -4, -1, 1]
[1, 1, 1, -8, -4, -3, -3, -2]
[0, -3, -4, -13, 3, -5, -6, -4]
[-2, 3, -2, 14, 15, 1, 2, -2]
[-1, -9, 2, -1, -11, -4, -2, -1]
[1, 1, -3, -9, -25, 0, -2, 0]
[8, 7, 4, 7, -4, 4, 2, 0]
[-4, -1, 0, 0, 22, 2, 1, 0]
[-2, -7, -3, 1, -17, -2, 0, 0]
[-7, -1, 2, 0, 4, -4, -1, -2]
[-1, -2, -1, -5, 1, -3, 0, -2]
[1, 5, 0, 2, -11, 2, 1, 0]
[0, 6, 2, 0, -6, 3, 3, -1]
[0, 0, 2, -4, -14, -1, 4, 1]
[0, -3, -5, -6, 10, 0, -7, 0]
[1, 1, 1, -1, 10, 1, 0, 2]
[-4, 0, -2, -7, 6, -3, 1, 0]
[4, 3, -2, 6, -12, -3, -4, -3]
[-3, 1, -4, -16, 4, -2, -5, -1]
[-3, -4, 2, 13, 5, 0, 18, -2]
[4, -7, -5, -7, -10, -1, 1, 3]
[2, 8, 1, -3, 20, 4, 0, 4]
[8, 5, 2, 4, 17, 3, 2, 0]
[12, 0, 7, 10, 6, 1, -7, -1]
[-3, -1, -2, 0, 17, -2, 1, -5]
[-8, -9, -1, -2, 2, -3, -1, -3]
[-5, -3, -1, 5, -24, -1, -1, -1]
[-4, 3, -1, -4, -11, 3, -3, 2]
[-3, 0, 2, 12, -2, 0, -1, 0]
[-2, -6, 1, 14, 47, 2, 3, -1]
[4, -4, -2, -27, -58, -4, -8, -3]
[2, -3, -3, 1, 18, -2, -3, -1]
[0, 0, -3, -5, -14, -6, 1, -2]
[-1, -2, -2, 17, 14, 5, -1, 0]
[-6, -5, 3, 5, -1, 3, 4, 2]
[1, 6, -1, 15, 31, 2, -1, -4]
[0, 9, -3, -15, -45, -6, -4, -5]
[0, 7, 0, -11, -9, -4, 0, 2]
[-2, -3, -5, -9, -16, -1, 2, 1]
[1, -6, -3, -10, -29, -4, -6, -1]
[1, -2, 0, 13, 19, 2, -3, -3]
[-2, 0, -3, -12, -3, -1, 0, -4]
[-7, -4, -2, 1, 4, -1, 3, 4]
[1, 5, 1, 6, 3, 3, 5, 1]
[1, -2, -1, 1, 5, -3, -11, 1]
[-2, -7, -2, -9, -30, -5, -1, -2]
[-7, -1, -1, 6, 28, 2, -2, -2]
[3, -5, -3, -3, -3, 2, -3, -3]
[0, 7, 1, -5, 2, -2, 1, 0]
[0, -6, -3, -1, 24, 0, -9, 0]
[0, 3, 5, 16, 17, 5, 18, -5]
[-3, 1, -2, 2, -12, -1, 1, -1]
[2, -4, -2, -16, -20, -2, 14, 6]
[0, -5, -1, 4, 2, 0, -24, -10]
[-1, 0, -7, -17, -60, -11, -5, 0]
[-1, -2, -1, 1, 10, 1, -4, -3]
[0, -2, 0, 18, 8, -1, 0, -2]
[-2, -1, 0, -21, -14, 0, 5, 5]
[3, 2, 4, 4, 35, 3, -3, 0]
[-2, 2, 3, 6, -1, 2, 1, 1]
[-2, -4, -1, -5, -1, -1, -8, -5]
[-3, -6, -2, 5, -8, -2, 6, -3]
[2, 1, -3, -1, 8, -1, 0, 4]
[5, 0, -2, -10, -12, -4, 6, 3]
[-5, 0, -3, -5, 8, 2, 4, 2]
[2, 4, 1, 4, -3, -3, 0, -6]
[-6, -10, 7, 15, 49, 8, -7, -1]
[0, -4, -2, -13, -57, -4, 19, -3]
[-12, -14, -6, -1, -2, -5, -2, 2]
[3, 10, -1, 3, 5, 3, 12, 17]
[1, 3, -1, -1, -14, -1, -21, -6]
[-3, 6, 1, -5, 28, 4, -23, -6]
[1, 2, 4, 11, 7, 0, -4, -2]
[-3, -3, -6, -2, -24, -2, 7, 2]
[3, 4, -1, -1, 15, -2, -2, 6]
[-5, -5, 0, 7, 3, -2, -18, -4]
[6, 6, -2, -7, -4, 0, 12, -2]
[3, -3, -3, 1, 4, 4, -5, 21]
[-6, -21, -3, 4, -4, 7, 8, -5]
[3, 23, 9, 2, 4, -1, -10, 3]
[6, 3, 5, -8, 5, 0, 10, 6]
[-8, -1, 4, -1, 1, -4, -17, -26]
[9, 0, -1, -3, -3, 1, 16, 23]
[-9, -3, -4, 0, 4, -2, -7, -17]
[-4, -2, -6, -5, -4, -4, 1, 16]
[6, 1, 2, 11, -6, 7, 35, 21]
[1, -2, -2, -14, -3, 0, -22, -36]
[0, -10, -4, 2, 5, -1, 19, 24]
[-10, 4, -6, 8, 0, 1, -13, -17]
[-7, -4, -3, -8, -13, -3, 27, -6]
[-1, 4, 3, 12, 20, 1, -11, -1]
[-1, 0, 2, -6, 0, -4, -24, -9]
[-4, -5, 0, -10, -18, -13, -25, -34]
[0, -5, -4, -10, -12, -8, 9, 44]
[-5, -4, 0, -1, -2, 6, 20, -2]
[-1, 2, 5, 14, 13, -2, -2, -4]
[6, 1, -1, -6, 3, 6, 23, -7]
[-4, 5, 2, -4, -2, -8, -23, -10]
[6, 8, 0, 9, -1, 0, 8, -2]
[-5, -10, -3, -12, -4, 2, -5, 11]
[-6, -11, -4, -1, 5, -6, -20, -2]
[2, -5, -1, 1, 15, 3, -18, -39]
[2, 1, 3, 6, 14, 2, 39, 64]
[8, -1, -8, -17, -52, -7, -13, 36]
[-12, 1, 1, -7, -20, -1, 8, -40]
[0, 1, -3, 4, 19, 7, 11, -17]
[0, -3, -5, -10, -17, -6, -21, 23]
[0, -2, -5, 0, 11, 5, 61, 5]
[6, 3, -1, 1, 0, 1, -50, -26]
[1, 3, 2, -5, 1, 5, 13, 27]
[-9, -3, -1, 3, 7, -1, -1, -33]
[5, 6, 4, 7, 41, -1, -10, 21]
[2, 7, -2, -15, -68, -9, -8, 15]
[1, -11, -3, 2, -18, -4, 27, 23]
[13, 14, 1, 5, 5, 7, -11, -7]
[-1, -11, -1, 12, 4, 2, -5, 3]
[-12, -10, 0, 5, 3, -1, 12, -23]
[8, 11, 2, -16, -44, -5, -20, 1]
[-1, 18, 13, -1, 1, 7, 11, 14]
[-14, -19, -9, 7, 14, -7, -1, -21]
[-3, -2, 0, 6, 24, 0, 34, -10]
[5, -10, -2, -12, -22, -10, -43, 14]
[-6, -6, -1, 7, 8, -5, -30, 2]
[-15, 6, 4, 4, 6, 13, 27, -36]
[27, 9, 3, -6, -16, -7, -24, 40]
[-6, -2, -5, 17, 17, 1, 24, -60]
[10, -4, 1, 4, 14, 0, -2, 113]
[-17, -16, -8, -10, -20, -16, -37, -51]
[-2, 14, 0, -3, -3, -4, 61, -6]
[6, 20, 11, 15, 10, 2, -23, 81]
[5, -19, -13, -22, -11, -6, 71, 30]
[-12, -17, -4, 4, 28, 14, 71, -54]
[-22, -29, 9, 4, -42, -7, -111, -40]
[7, -23, -4, -6, 7, -13, -82, -77]
[20, 73, 7, 10, -4, 3, 50, -73]
[-4, -33, 7, -3, 10, -1, 6, 127]
[19, 17, 2, 8, 49, 18, -23, -74]
[-36, 4, 4, -14, -31, 10, -18, -117]
[12, -47, -14, -6, 6, -6, -85, 86]
[10, 36, -3, -10, 3, 19, -75, -113]
[-16, -18, -12, -6, -20, -13, 12, 35]
[38, -6, -4, 6, 19, -8, 10, 125]
[-21, 23, 3, 0, 13, 10, 50, -95]
[33, 36, 17, 9, 18, -2, -11, 48]
[2, -17, -10, -11, -7, -33, -48, -14]
[-32, -29, -1, -3, -17, -22, 84, 91]
[16, 16, 17, 1, 4, -3, -74, -128]
[6, 6, -9, -16, -15, 0, 87, 67]
[26, 68, -2, 2, 0, -8, -10, 66]
[-23, -32, -11, -16, -16, -25, -57, -87]
[7, 21, -6, 7, 23, 10, -77, 23]
[-5, 40, 24, 12, 11, 14, 76, -18]
[-29, -40, -25, -16, -5, -13, -66, -40]
[31, -2, -1, 6, -14, 16, 59, 27]
[6, -63, 15, 11, -12, 34, -7, 101]
[-28, 40, 0, -11, -28, 4, -33, -102]
[-59, -89, -13, 2, 4, 4, 47, 73]
[16, -2, -4, 0, 13, -7, 61, 53]
[50, 40, 10, -9, 18, -17, -88, -37]
[3, -22, 2, 18, 33, -7, -8, 52]
[37, 2, 29, 24, 43, 34, 39, -32]
[-27, -40, -17, -4, -29, 2, -55, -7]
[27, -31, -17, -15, -91, -42, 18, -37]
[8, -38, -30, -30, -94, -13, -14, 55]
[42, 57, 5, 10, 20, -2, -18, 105]
[-35, -2, -4, 7, 37, 40, -74, -118]
[-3, 52, 6, 0, 5, -14, -5, 33]
[31, -19, 9, 11, 50, 9, -39, 127]
[-17, -25, 8, 0, -27, 5, 69, 38]
[-29, -41, -4, -13, -26, -29, -100, -48]
[-55, 12, -9, -11, 19, -8, 10, -66]
[-19, 65, -14, 9, 52, -3, 49, -55]
[-22, 118, 16, 33, 72, -7, -59, 8]
[12, 52, -4, -15, -75, 12, 60, 15]
[17, -29, -6, -4, 13, -31, -8, 8]
[-7, -36, -1, -13, -41, 6, -38, -92]
[22, -8, 13, 1, 22, -11, -9, -55]
[1, 24, 10, 7, 65, 30, 31, -5]
[19, -56, -18, -5, -24, 21, 114, 127]
[8, 14, -2, -11, -16, -7, -89, -102]
[5, -26, 2, 5, 26, 48, 127, 88]
[-17, 36, 29, 11, 20, 32, -25, -11]
[-52, -50, -3, 0, -18, -27, -21, -92]
[-9, -29, -19, -10, -28, -20, -5, 68]
[46, 10, 1, -13, -39, -10, -54, 16]
[3, 8, 9, 23, 67, 8, 21, 27]
[-27, 3, -18, 10, 45, 25, 31, 2]
[-7, -40, 10, -5, -42, -7, -32, -98]
[-34, -31, -12, -17, -74, -50, -29, -119]
[-2, -46, -10, -4, 28, -21, -13, 59]
[-28, -13, 11, 7, 22, 31, -12, -46]
[-29, -6, 6, 9, 7, 4, -8, -38]
[36, -7, -13, -20, 22, 10, 127, 99]
[13, 11, 0, -12, -55, -9, -8, -86]
[-5, -3, 3, -1, 28, 14, 51, 27]
[-41, -48, -52, -2, -2, -13, 16, 109]
[64, 79, 45, -4, -7, -10, 2, -11]
[39, 39, 14, 22, 77, 9, 36, 32]
[22, 39, 27, 6, -61, -3, -36, 65]
[10, 10, 13, 23, 11, 29, 23, 72]
[-40, -28, -29, -7, 13, -26, -30, -119]
[2, -21, -9, -25, -73, -11, 11, 42]
[-19, -16, 5, 27, 53, 11, 26, 23]
