[-20, -81, -24, -6, 7, 23, 60, 81]
[51, 42, 15, 1, 4, -4, 9, -2]
[-20, 9, -12, 13, -11, 2, -10, -34]
[-5, -19, 17, 12, -8, -19, 21, 31]
[36, 5, 5, 7, 0, 4, 63, 104]
[-72, -86, -20, -2, 3, 15, 33, -21]
[13, 32, 21, -1, -2, 3, -40, -5]
[30, 33, -8, -11, -13, -32, 47, 36]
[39, 29, 12, 2, 16, 18, 18, -12]
[0, 45, -2, 4, 27, -16, -30, -6]
[18, 55, 0, 7, 13, -8, -11, -80]
[-51, -20, 6, -12, -49, 16, 4, 85]
[-33, -22, -11, 6, -32, -14, -2, -22]
[-20, -63, -14, -13, -9, 16, -66, -32]
[33, -25, 8, 3, 11, -2, -27, 44]
[-45, 26, 10, 9, 17, -8, 75, -116]
[29, -9, -28, -3, 5, -8, -70, -50]
[-12, -22, 25, 14, 7, 0, 5, 104]
[-20, -10, 22, 2, 24, 14, 81, -39]
[-3, -19, -38, -7, 7, 16, 39, 38]
[54, 58, 57, 22, 27, -7, 39, 84]
[-24, -15, -35, -28, -55, -7, 42, -128]
[-6, -48, 5, 1, -16, 11, 38, 76]
[11, -6, -2, -8, -19, -12, -31, 59]
[-27, -23, -41, 8, 39, 7, -3, -30]
[62, -43, -31, -11, -8, 5, -36, 62]
[-10, 44, 59, 2, -55, -13, 87, -40]
[-29, -11, -11, -2, 9, -8, -47, -2]
[-12, 20, 37, -1, 4, 12, 81, 127]
[5, 13, 16, 26, 42, 11, -98, -100]
[2, -1, -48, -4, 39, 16, -35, 53]
[13, -8, 15, 9, 0, -17, -126, -58]
[-10, 39, -5, -5, -3, -1, 22, -18]
[53, 23, -13, 8, 3, -1, 9, 66]
[-42, -42, -12, -1, 1, -3, -69, -128]
[-10, 5, 8, -10, 8, 34, 85, 68]
[64, 90, 6, 8, 12, 1, 59, -50]
[-34, -33, 14, -13, -11, 1, 30, 71]
[-1, -1, 20, 2, -28, -13, -28, 11]
[53, 39, -2, -3, 3, -2, -9, 27]
[-52, -101, -62, -4, -23, -29, -50, -48]
[-14, 24, 0, -15, -35, 1, 59, 54]
[-51, 13, 52, 5, -2, 2, -57, -45]
[15, -4, 13, 5, 12, 11, -25, -98]
[64, 0, 12, 6, 11, 4, 91, 115]
[23, 76, 1, 5, 10, 26, -53, -23]
[-26, -32, -43, -1, -5, -39, -34, -19]
[-8, -43, -5, -8, -7, -17, -96, -33]
[20, -5, 25, 8, 24, -6, -18, -19]
[-43, -34, -43, -13, -6, -2, 74, 29]
[37, 68, 40, -6, 28, 34, 93, 96]
[-5, 48, -5, 10, 22, -4, 12, -82]
[0, -9, -2, -20, -49, -7, -32, -23]
[-3, 0, 40, 9, -12, -25, -10, 26]
[-20, -52, -53, -11, -13, -8, -40, -12]
[-8, -23, 7, 3, 12, -3, -5, 35]
[-18, 32, 21, 12, 33, 17, -21, -91]
[-59, -35, -26, -16, -6, -29, -6, 48]
[40, -7, -10, -2, -12, 29, 127, -11]
[-35, -11, -8, -5, 2, 6, -81, -47]
[-22, 28, -9, -8, -44, -12, -66, -23]
[22, 8, 7, 8, 34, -3, -44, 64]
[-20, 0, -7, -2, 25, -1, 13, -80]
[17, -30, -55, -13, -34, -6, 51, 125]
[-35, -4, 48, -10, 3, -14, -96, -103]
[23, 7, -28, 9, 6, 44, 105, 50]
[-2, 34, 34, 0, 8, -6, -1, 78]
[-18, -14, 0, 7, 1, 10, -38, -48]
[56, 52, 17, 0, 13, 6, 22, 111]
[9, 9, 18, 15, 9, 13, -45, -45]
[4, -14, -12, -16, -26, -28, -84, -71]
[-1, 6, -3, 12, 8, 5, 34, 0]
[-18, -18, -12, -5, -25, -14, 15, 53]
[-5, 26, -1, -9, 3, 1, -2, -27]
[18, 18, -8, 10, 21, 0, 19, 5]
[1, 7, 12, 7, -12, -4, 45, 11]
[-11, -3, 0, 17, 15, -7, -95, -42]
[-13, -2, 4, -1, -6, 3, -15, -40]
[-15, 11, -5, -12, -48, 1, 41, -32]
[-7, 5, 3, -8, 1, -7, 44, -15]
[-5, -11, -9, -10, -14, -10, 14, -7]
[-3, -1, -9, -3, 7, 12, 50, -22]
[10, -13, -1, 5, 24, 9, -23, 56]
[-11, -7, 9, -2, -10, -6, -30, -91]
[8, 4, -14, -7, -21, -6, 44, 39]
[-8, -15, 20, -5, -32, -13, -13, -34]
[16, -19, -20, -1, 22, -2, -11, 33]
[-1, -13, 1, 3, -4, 1, -23, 3]
[0, -3, -13, -5, 8, -10, 28, 32]
[0, 28, -4, -6, -24, -10, -35, -98]
[8, 2, -5, 3, 17, 15, 22, 23]
[-7, -17, 0, 1, 10, -17, -23, -15]
[-10, 14, -1, -14, -61, -1, 17, -8]
[9, 3, 9, 12, 38, 23, -20, -25]
[7, -36, -6, -10, -6, 9, -5, 16]
[-4, 4, -22, -10, -15, -7, 16, 18]
[30, 34, 38, 17, 31, 8, -8, 17]
[-4, 24, 5, 13, 37, 0, -1, -24]
[0, 28, 26, 4, 1, -1, -10, 33]
[22, -15, -26, -4, 2, 1, 18, 24]
[-21, -49, 3, -12, -5, -5, -23, 9]
[18, 5, 7, 1, -3, -7, -14, 22]
[12, -8, 4, 11, 12, 1, 24, 13]
[18, 1, 5, -6, -15, -4, -7, 13]
[-15, 9, -14, -6, 4, 10, 39, 41]
[-22, -32, -9, -6, -1, -8, -22, -21]
[5, 3, -8, 3, 0, 1, -15, 4]
[13, 46, 21, -1, -5, -2, 16, 93]
[-5, -75, -11, -4, -28, -8, -51, -46]
[13, -3, 7, 5, 47, 9, 15, 40]
[-18, -3, -22, -12, -62, -5, -13, -9]
[9, 32, 6, -2, -18, -1, -1, -6]
[-6, 29, 1, 0, 2, 0, -1, -23]
[-15, -12, -18, -11, -23, -5, -7, 2]
[-3, 16, -12, -1, 31, 10, -20, -27]
[-3, 4, 17, 0, 28, 0, -2, -12]
[-1, -4, 17, 1, -16, 0, 11, -12]
[8, -3, 20, 13, 15, 3, -11, -15]
[-2, -3, -6, 22, 50, 6, 2, 10]
[-21, 7, 12, 7, -42, -3, 1, -12]
[-5, 43, -21, -9, 24, 2, 5, -9]
[7, -31, -9, -17, -27, -5, -3, 10]
[9, -36, 2, -2, 13, 1, -12, -6]
[-2, -38, 1, 2, 16, -2, -5, -5]
[1, -42, -7, 2, -21, 0, -3, -14]
[1, 15, 5, 1, -12, 3, -2, 5]
[-18, 13, -5, -13, -40, -6, -7, -6]
[9, 2, 2, 5, 28, 2, -1, -16]
[4, -16, -10, 13, 31, 2, 11, 4]
[-2, -32, -16, -2, -1, -5, -1, -1]
[6, -2, 4, -1, 20, -2, 0, -1]
[0, 49, 11, -17, -32, -18, -4, -2]
[-5, 11, -3, -1, 8, -18, -1, -4]
[-3, 11, 5, 5, -14, -10, -3, -2]
[-8, -48, 2, 1, 4, -1, -8, -11]
[-6, -34, -9, 3, 18, -5, -3, -7]
[1, 22, -2, -9, -8, 1, 4, 1]
[0, 57, 6, 7, -28, 15, -5, -3]
[1, 51, -8, -22, -62, 1, -5, 0]
[-4, 13, -1, 3, -17, -2, -5, -3]
[-3, -103, -6, 6, 37, 0, 0, 0]
[1, -69, -2, 8, 1, 6, 1, 4]
[-2, -23, 4, 15, 38, 6, 0, -2]
[0, 12, 8, -20, -59, -10, -4, -1]
[0, 65, 11, 29, 29, 8, 2, 0]
[5, 42, -3, -15, -27, 7, -1, 0]
[-1, 44, -4, -2, 39, 13, -1, -3]
[-4, -17, -15, -12, -22, 2, -3, -6]
[2, -18, -8, -9, -31, -3, -4, 1]
[0, -5, 8, -5, 32, 1, -2, 4]
[-2, -29, -2, -1, -10, -1, -2, -1]
[2, -21, -4, 0, 32, -4, 0, -1]
[3, 15, -10, -31, -92, -11, -2, -2]
[1, 12, 1, 17, 46, -2, 1, 0]
[0, 25, 3, -13, -19, -10, -8, -5]
[-1, -8, 2, 12, 45, 8, 3, -3]
[2, 4, 3, 12, 36, 16, 8, 1]
[-1, 4, -4, -30, 2, 3, -1, -3]
[-3, -1, -2, 71, 96, 17, 4, -4]
[1, -14, 13, -18, -35, 1, -4, -3]
[3, 8, -2, -36, -21, 9, 0, 3]
[-5, -4, 3, -29, -101, -16, -6, -3]
[-2, -6, 10, 2, -8, -13, 2, 1]
[-1, 4, 2, -1, -81, -8, 4, 0]
[-2, 11, -5, 31, 107, -2, -1, -3]
[-4, -6, -13, -28, -55, -7, 0, -2]
[-10, -7, 6, -11, 8, -3, -1, -3]
[9, 6, -5, 7, -15, 4, 0, 3]
[2, 6, 2, -19, 20, 23, 5, 5]
[-3, -1, 1, 44, 11, 5, 2, 0]
[-5, -5, -7, -17, -35, -4, -3, -3]
[-2, -2, 0, 37, 61, 6, 0, -4]
[-7, -8, -8, 0, 8, 5, -4, 0]
[10, -2, 6, -4, 90, 7, -3, -1]
[6, 2, -2, -11, -73, -28, -4, 0]
[3, -6, 1, -38, -6, -11, 0, 2]
[4, -2, 0, -19, -32, -12, 1, 0]
[-13, -14, -4, 53, 68, -11, 0, -2]
[2, -1, 3, 1, 49, -12, -2, 1]
[-4, -12, -14, 4, 42, -5, -3, -2]
[-12, -6, -1, 10, 20, -11, 1, -3]
[4, 4, -5, -21, 4, -9, 3, 4]
[-1, -1, 1, 6, 22, -9, -4, -2]
[-2, -5, -2, 18, 40, 16, -1, 1]
[3, 3, 0, 16, -25, 17, 4, 3]
[2, 6, -10, -31, -19, -11, 1, -3]
[1, 7, 20, -4, -46, -18, -2, -2]
[-3, -2, -8, 0, -40, 11, 1, -3]
[6, 2, 7, -13, -72, 5, -1, -1]
[-3, -12, -3, 41, 71, 0, 0, 1]
[2, 12, -12, -17, -37, 4, 5, 4]
[-2, -1, 6, -22, -72, 2, 0, -3]
[6, 8, -3, 34, 10, 5, -3, 1]
[-6, -2, 4, -39, -64, -11, -4, 0]
[1, 0, -1, 37, 33, 5, -1, 2]
[1, -5, -2, -15, 13, 4, -3, -1]
[3, 0, -10, -33, -15, 3, -1, -1]
[3, 12, 11, 34, 41, 8, 5, 2]
[-8, -16, -4, -5, -7, -10, -4, -3]
[3, 5, 2, 0, 3, 0, 4, 3]
[-5, -4, 1, 19, 65, -2, -1, -5]
[2, 11, 5, -1, 29, 1, 1, 0]
[-1, -9, -3, -33, -63, 1, 2, -1]
[-2, -3, -12, 15, -4, 4, -2, -1]
[3, 7, 22, -5, -32, 5, -1, 0]
[-1, -10, -2, -9, -33, -11, -7, -1]
[5, 0, 2, 23, 36, 6, 0, 1]
[-8, -5, -5, -20, 22, -1, -8, -5]
[2, -1, 1, -6, -7, 2, -1, -3]
[2, -10, 1, 20, -6, 0, 1, 2]
[6, 22, -8, -38, -39, -13, -2, 1]
[-5, -1, -1, 42, 41, -1, 2, -1]
[-7, -10, -9, 4, 12, 4, 1, -3]
[-5, -2, -4, -7, -25, 1, 2, -2]
[1, -8, -6, 9, -5, 1, -3, -2]
[6, 12, 10, -32, -2, 8, 2, 3]
[7, 4, 1, 14, 24, 4, 1, 2]
[9, 6, 0, -27, -80, -8, -3, 4]
[-5, -3, -1, 9, 58, 3, -2, 0]
[-2, 1, 9, 20, 36, 3, -2, -2]
[-5, -8, -4, 1, -10, -2, 0, -3]
[6, 9, -2, 0, 19, -1, 4, -1]
[-6, -10, -1, 0, -14, -3, -1, -2]
[-1, -9, -8, -7, 11, -2, 1, 0]
[0, 3, -6, -5, 34, 1, -5, -2]
[-2, -2, 1, 19, -3, -1, 0, -2]
[0, -4, 2, -4, 10, 3, 3, 1]
[1, -5, -5, -20, -33, -9, -2, -4]
[-2, 3, 2, 2, -19, -1, -1, 1]
[0, 0, 2, 14, 16, -1, -2, 1]
[1, 3, -16, -10, 3, 2, 2, -2]
[1, 17, 27, 8, -6, -2, 0, 2]
[-5, -3, -5, 8, 33, 5, -1, -1]
[5, -1, 2, -11, -25, 1, 1, -1]
[-8, -10, -8, -18, -51, -7, -2, -3]
[1, -3, -3, 10, 7, -2, -4, 0]
[-3, 7, 2, 10, 7, 1, 0, 3]
[-4, -4, -1, -1, 18, 3, -3, -1]
[-3, -5, -4, 6, 10, -1, -1, -1]
[-3, -5, -8, -11, -5, 1, 0, 1]
[2, -4, 2, 0, -28, -6, 0, -2]
[0, -7, -4, -6, 15, 0, 1, -5]
[-2, 1, 5, 6, -8, -4, -2, -3]
[-3, -3, 1, 6, 11, 2, -2, 1]
[12, 11, -1, -23, -10, -2, -1, 4]
[-3, 1, 1, 17, 22, 1, -1, 0]
[5, 3, 0, 3, -14, -1, -1, -2]
[0, -4, -4, 3, 18, 2, -3, -1]
[-1, -8, -1, 4, -4, 8, 0, 0]
[-6, 7, -4, -10, -16, -7, -1, -2]
[-6, -5, 3, -4, 7, 0, 0, -3]
[-10, -9, -8, -14, 5, -4, 0, -3]
[-6, 4, -11, 18, 9, 3, 0, 1]
[14, 15, 25, -14, -12, 1, 2, 3]
[1, -2, -5, 11, 15, 0, 0, 2]
[1, -3, -6, 1, -13, -2, 0, 2]
[-2, -7, -2, -17, -16, -5, -2, -3]
[-3, -8, -10, 1, 14, -3, -3, 0]
[-4, 0, 6, 2, -9, -4, -1, -1]
[2, 2, 1, -5, 17, 6, 1, -2]
[-7, -4, -1, 15, 49, 5, 4, -1]
[3, -1, -4, -20, -78, -3, -1, 2]
[-1, 6, 4, 14, 18, -6, -1, -4]
[-2, -1, -7, -14, -51, -1, -3, -3]
[1, -1, 3, 11, 43, 0, 0, -2]
[-6, -8, -5, 1, 15, -3, -2, -4]
[0, -3, -2, -29, -20, -1, -1, 0]
[-2, -3, -4, -7, 11, -5, -1, 1]
[3, 1, 9, 27, 35, 2, 4, 1]
[-5, -9, -7, 12, -3, -3, 0, 1]
[10, 6, 2, -19, -38, 0, -1, 5]
[1, 5, 5, 21, 16, 6, 1, 0]
[6, 3, -6, -41, -65, -8, -6, -2]
[-3, 6, 0, 14, 21, 4, -1, -2]
[-12, -6, -1, 4, 8, -7, -3, -6]
[1, -2, -3, -6, -7, -3, 2, -1]
[-1, 2, -2, -13, -22, 3, 0, 2]
[5, 4, 2, 20, 43, 5, 3, 4]
[-6, -2, -4, -2, 2, 1, -2, -3]
[6, 0, 3, 2, 20, -1, 0, 2]
[0, -6, 0, -16, -33, 1, 1, -1]
[-4, -2, -9, -4, -11, -6, -1, 0]
[-3, -2, 3, 1, -4, 3, -2, 1]
[-4, -1, 1, 10, 8, -3, -2, -4]
[2, -2, 1, 1, -10, -1, -4, -4]
[1, -2, -1, -23, -4, 1, -1, -2]
[0, -5, 1, 10, 8, -2, -2, -2]
[-5, 0, -2, -2, -29, -6, 2, 0]
[-1, 2, -2, -3, -4, -4, 0, 1]
[-3, 1, 1, 7, 7, 2, -2, -3]
[0, -3, -7, 2, 17, 7, 3, -3]
[-10, -8, -3, -10, -13, -7, -4, -3]
[11, 10, 5, 26, 35, 8, 3, 2]
[8, -3, -7, -37, -24, -8, -2, 2]
[1, -2, 2, 18, 18, -1, 0, -1]
[-1, 4, -2, 2, -2, 0, -1, -1]
[-5, -9, -1, -4, -8, -2, 0, 1]
[-3, 0, 1, 7, 13, 4, 0, 1]
[1, 9, -1, -1, 7, -1, -3, 1]
[-5, -6, 1, -6, -10, -1, 0, -3]
[1, -3, -2, 2, -2, 0, 0, 0]
[-4, 2, 5, 8, 24, 6, 0, -1]
[-1, -4, -8, -28, -55, -13, -5, -1]
[-3, 2, -1, 8, 0, 1, -1, -1]
[-2, 2, 0, -5, 3, 1, 0, 1]
[-1, -4, -4, 0, -6, 0, 2, -3]
[1, 1, 6, 10, 17, 1, 1, 1]
[2, -5, 0, -11, -16, 2, -2, 1]
[-1, -2, 0, 17, 41, 6, 2, 0]
[-5, 4, -5, -14, -14, -2, 2, -2]
[-5, -5, 0, -4, -13, -8, -3, -2]
[8, 6, 4, 6, -6, -1, -3, 1]
[-9, -4, 3, -1, 3, 4, 0, -1]
[8, 3, 2, 25, 37, 4, 0, -2]
[2, 1, -4, -13, -30, -3, 2, -1]
[0, -5, -3, 6, 17, 1, 0, -1]
[-5, -2, 0, 3, 6, 6, 0, 2]
[0, -5, -4, -7, -38, -6, -1, -3]
[-3, -9, -3, -5, -3, -4, -2, -4]
[9, 16, 3, 7, 8, -2, -2, 2]
[-4, -1, 0, -5, -29, -4, -1, 1]
[-3, -4, -3, -2, -2, -1, 1, -1]
[4, -1, -5, -10, -25, 0, 1, -2]
[-9, -12, -5, 12, 39, 5, 1, -5]
[7, 11, 5, -5, 2, -3, -2, -5]
[2, 5, 6, -5, -4, -4, -2, 2]
[-5, -8, -5, -10, -18, -7, -1, 1]
[4, 5, 0, 20, 28, 5, 0, 3]
[-1, -9, -10, -8, -1, 1, -1, -1]
[-3, -3, 1, -2, -23, -1, -1, 3]
[3, 7, 6, 16, 39, 2, 1, -2]
[-1, -8, -1, -13, -6, 0, 0, -5]
[5, 5, 2, -16, -54, -4, -2, 2]
[1, -2, 4, 8, 25, 6, 3, 1]
[-3, -5, -3, -2, -17, -6, -2, -3]
[-5, -3, -1, 8, 17, -2, -2, -3]
[8, 4, -2, -10, 2, 1, 0, -2]
[-4, -1, 1, 9, 6, -4, -2, 2]
[-5, -3, -3, -6, -2, 2, -2, 2]
[-1, -5, 3, 5, -7, 2, 1, -2]
[-3, -6, -2, 5, 14, -4, -3, -1]
[7, 4, -1, -6, -26, 0, 0, -1]
[1, 6, 0, -2, 14, 2, 1, -2]
[6, 5, 2, -4, -13, -1, 2, 1]
[3, -2, -4, 17, 35, 3, 3, 2]
[-5, -6, -2, -18, -35, -5, -1, -3]
[-6, 7, 10, -1, 12, -5, 0, 1]
[1, -2, -5, -19, -46, -5, -4, 0]
[-2, -6, 3, 6, 17, 3, 3, 3]
[-3, -3, -4, 17, 21, -2, -2, -2]
[11, 10, 2, -7, -2, 1, -2, 3]
[-6, -3, -5, -2, -3, -2, -2, 1]
[0, 0, -1, -5, -4, 1, -1, 1]
[-3, -6, -9, -10, -11, 4, 0, -3]
[-4, -2, 2, 1, 3, -4, -3, -6]
[0, 2, 2, 8, 10, -4, 0, -2]
[1, -1, -4, 7, -4, -1, 1, 0]
[-3, -2, -3, -4, 9, 1, 3, -3]
[2, -1, 4, -2, -4, -1, -1, 2]
[2, 0, 3, -5, 6, -2, -3, -1]
[-5, -5, 2, -6, -5, 1, 0, 0]
[0, -2, -1, 6, 17, 2, -1, 1]
[-2, -1, -7, 5, -9, 1, 1, -4]
[3, 4, 1, -5, -11, 2, 2, 0]
[0, 13, 1, 9, 10, 0, -8, -2]
[-1, 0, 2, -2, 2, 2, 26, -3]
[-4, -3, -3, 2, 10, -3, 1, 4]
[-6, -7, 0, -3, -2, -2, -2, 1]
[-1, -1, 1, -7, -14, -2, -3, -3]
[0, -6, 2, 0, 17, -2, -6, 0]
[-2, -3, -7, 0, -3, -3, -2, -5]
[1, -1, -3, 0, -3, 2, 11, 4]
[5, 4, 0, 2, 7, 3, 5, 3]
[1, 0, -2, -2, -20, -3, -9, 1]
[-4, -4, -3, 2, -4, 2, -2, -4]
[-9, 2, -4, 1, 17, -1, -8, -1]
[2, 2, 4, 0, -5, 2, 0, 0]
[-2, 2, 2, 0, 3, -1, -1, -2]
[3, -3, -2, -3, -6, -2, -3, -1]
[1, -2, 1, -2, -3, -1, 3, -1]
[-2, -5, 0, -6, -3, -3, -1, 1]
[0, -3, 2, 1, 2, -3, -5, -1]
[5, 6, 4, 1, 9, 4, 0, -1]
[-2, -3, -7, 5, 11, 0, -3, -4]
[-2, -3, 0, -7, -8, 1, 1, -9]
[1, 4, -2, 2, -3, 3, -19, 1]
[-9, -5, -1, -2, -2, -3, 8, -2]
[3, -7, 2, 2, -11, 0, 26, -2]
[-12, -6, -6, 0, 2, -4, -31, 2]
[18, 13, -1, -2, 12, 0, -39, 1]
[-3, 14, 3, 1, -9, 7, 26, -12]
[0, 4, 1, 0, -7, -10, -5, 1]
[-6, 0, -4, -3, -3, 7, 16, -8]
[-5, -8, 2, 3, -3, -1, 4, -4]
[-1, -8, -4, 4, 6, -6, -26, -5]
[-1, -3, -3, -11, -7, 0, 20, 10]
[3, -3, -1, 2, -1, 6, 2, -3]
[-2, 1, 4, 5, 2, 0, 7, 15]
[-1, -3, 2, -4, -4, -4, 10, -1]
[-7, -3, -1, -8, -6, -5, -20, -13]
[5, -3, -4, 4, 2, -3, 14, 12]
[-3, -2, -1, 5, -1, 4, 30, 1]
[2, 0, 1, 6, 6, 0, 10, -2]
[-1, -3, -5, -6, -7, -7, -58, 1]
[1, -6, -1, -5, -11, 6, 26, -1]
[4, 7, 0, 0, 4, 3, 33, -9]
[-1, 4, -4, 0, 2, -3, -14, 6]
[1, 3, -1, -8, -13, -1, 22, 23]
[2, 9, 0, 2, 1, -2, -20, -19]
[-3, -4, -3, -5, -6, -2, 20, 4]
[-4, -4, 0, 3, -5, -3, -18, -11]
[2, 5, -3, -5, -1, 2, 2, -1]
[5, 11, 5, 3, -1, 5, 26, 0]
[0, -2, -7, -6, -1, 2, -20, -7]
[0, 0, 1, -4, 3, -4, -4, 10]
[-3, -6, 2, 0, 5, 0, -2, 1]
[-1, -7, 3, -4, -26, -3, -8, 9]
[-3, -2, 0, -2, 7, -10, -8, -11]
[-1, -7, -3, 4, -7, -4, 1, 1]
[-2, -4, -5, -2, -4, -5, -4, -6]
[5, 2, -1, 1, 5, 6, -1, -2]
[-1, 0, 0, 3, 0, 1, 6, 4]
[-1, -6, -6, -11, -10, -14, -5, 3]
[6, 6, 4, 6, -8, 4, 49, 3]
[1, -4, 2, -1, 8, 0, -16, -1]
[2, 3, 4, 3, -2, 1, -13, 2]
[-9, -6, 3, 10, 4, -4, -38, -25]
[2, 2, -1, -8, -11, 7, 93, 65]
[7, 6, 0, 0, 19, 0, -30, -46]
[2, 1, -1, 0, 19, -1, -36, -18]
[-3, -1, -3, 1, 14, 3, 4, -2]
[-5, -4, -8, -15, -53, -9, -31, -22]
[1, -5, 0, -6, -10, 2, 4, 27]
[2, -6, -1, 0, 11, 2, 13, 22]
[0, 3, -6, -8, 4, 7, 43, 14]
[-7, -6, -16, 8, 14, -11, -26, -42]
[0, -7, 22, 5, 16, 3, 18, -7]
[-12, -14, 2, -2, 4, 8, -10, -8]
[-4, -4, -8, -5, -12, -17, -39, -5]
[9, -48, -61, 0, 19, 7, 7, 84]
[-14, 73, 20, -10, -3, -2, -13, -59]
[10, -10, 54, 7, 10, 12, 61, -3]
[-9, -1, -1, 7, 10, 10, -4, -34]
[20, 70, 27, 14, 12, 2, 11, 36]
[-6, -24, 12, 11, 5, -2, -2, 1]
[5, -9, -1, 2, -4, -4, -69, 58]
[-9, 4, -36, -14, -21, 0, 89, -70]
[-4, -23, 18, -7, -7, -6, -68, -58]
[-5, -5, -28, -1, 5, 0, 20, 40]
[-12, 26, 16, 3, 8, -4, -57, -67]
[-3, -38, -19, 0, 0, 5, 85, 37]
[-1, -22, -19, -9, 0, -7, 22, 72]
[-2, 2, 6, 16, 20, 14, -8, -3]
[-5, 27, -11, -9, -16, -4, -46, -49]
[32, 17, 4, -9, -3, -6, -32, 48]
[-4, 11, 7, -3, -4, -1, 2, 10]
[-4, -69, -24, -15, -4, -8, -6, 32]
[-8, 6, -26, 9, 10, 16, 79, -12]
[1, -47, 25, -3, -23, -9, -19, 51]
[1, 48, 21, 0, -8, -22, -57, -52]
[23, 4, -7, -9, -36, -8, -44, 22]
[4, -26, -20, -6, 8, 7, 32, 77]
[-14, -7, -12, -8, 7, -8, -69, -111]
[-16, -27, 6, -2, 16, 2, -21, -42]
[-35, -41, -7, 0, 25, -1, 62, 33]
[46, 74, -6, -1, -64, -23, -25, -53]
[-30, -58, 26, 6, -10, 1, 4, 22]
[-7, 44, 1, 3, -4, 0, -11, -72]
[-10, 10, 19, 4, 8, 11, 1, -20]
[5, -24, 5, 7, 7, -14, -30, 4]
[28, 31, 27, 0, 7, 16, -23, 126]
[-15, 13, 12, 17, -6, -43, -100, -121]
[35, 93, 38, 15, 15, 13, 44, 46]
[-40, -96, -42, -15, 7, -26, 93, 32]
[13, 102, -11, 1, 4, 9, 12, -28]
[0, -25, -8, -18, -11, 19, 33, 93]
[47, 17, -10, 17, -20, -12, 34, 127]
[-12, -44, -22, -11, -20, 2, -94, 51]
[-48, -7, 6, 12, 64, 10, -15, -84]
[20, -16, -17, -6, -15, 9, 14, 24]
[-15, -7, 3, -19, -3, -12, -44, -48]
[13, -62, -37, -7, 5, 3, 48, -29]
[32, 44, 36, 10, -3, -2, -19, -40]
[-40, 1, 36, 6, 8, 12, -14, -101]
[13, -70, -26, -1, 3, 12, 57, 29]
[-26, 13, 62, 9, 31, 0, -69, -30]
[23, -58, -92, -17, -62, -19, -8, 65]
[26, 56, 50, 17, 3, 3, -29, -55]
[-23, -17, -11, 1, 0, 1, 19, 47]
[-20, 7, 4, 15, 41, 20, -38, -95]
[30, 6, 26, 4, -62, -26, 40, -3]
[-3, -28, -27, -3, 18, 6, 88, 109]
[-17, -24, -39, -5, 24, 19, -24, -128]
[9, 58, 29, -7, -14, -13, 41, 82]
