[-55, -23, -30, -11, -7, -8, 15, -40]
[9, -68, -54, -18, -11, -3, 48, 63]
[9, 7, 49, 11, 31, 6, -17, 18]
[17, 34, 22, 5, -18, 14, -50, -55]
[-33, 12, 27, -1, -8, -23, -55, -79]
[3, 28, 26, -12, -4, 24, -19, -3]
[2, -11, -40, 14, 13, -13, 34, -19]
[-12, -72, -23, -9, -8, 7, 49, 119]
[9, -7, -31, -8, -21, -10, 73, 66]
[-22, -70, -73, 7, 36, 12, -18, -60]
[11, 55, 82, -9, -12, -8, 6, -33]
[2, 101, 126, 2, -24, -6, 60, 70]
[31, -45, 32, 16, 43, 20, 45, -66]
[32, -53, -13, -1, -19, -34, -14, 25]
[-67, -88, -95, -6, -11, 17, -27, -67]
[-21, -72, -115, -11, -13, -16, 87, -113]
[-15, -32, 16, 10, 41, -3, -65, -24]
[82, 13, 32, -10, -33, -32, -41, -45]
[-13, -57, -34, -21, -15, 9, 20, -82]
[33, 98, 96, 10, 10, 42, 25, 38]
[-21, -6, -90, 19, -26, -16, -8, -64]
[-31, -67, 22, 9, 15, -9, 94, 61]
[33, -53, 22, 35, 8, 7, 3, 95]
[-1, -32, -69, -13, -19, -4, -12, -58]
[15, 3, 19, -21, 3, 7, 17, 127]
[-35, 94, -26, -4, -8, -12, -65, -71]
[-38, 101, -10, -13, 14, 2, -18, 86]
[27, 104, -7, -10, -5, 14, -32, -10]
[-23, 9, -91, -18, -16, -1, 8, -24]
[-45, 54, 27, 4, 15, 2, 8, 42]
[96, 46, -70, -12, -9, -1, 30, 39]
[14, 87, 113, 25, 0, -15, -47, 59]
[6, 57, -3, 31, 69, 52, 44, -4]
[6, 0, -26, 6, -27, -1, 3, -7]
[-15, -31, -51, -16, -15, -10, 23, 36]
[-4, -82, -128, -6, -20, 1, 82, 21]
[29, 8, 83, -5, 3, -12, -49, 51]
[-22, -17, 13, 19, 67, 34, 5, 22]
[-14, 22, 33, 2, -33, -14, -67, 51]
[0, -49, -37, -5, 3, -2, 90, 11]
[-7, 29, 27, -15, 5, -16, -71, 14]
[7, 1, -10, -7, 9, 4, 16, 57]
[44, 21, 34, 6, -5, 4, 1, 52]
[-30, -36, -32, -11, 7, 5, -69, -98]
[18, 42, 56, 12, 38, 6, 2, 51]
[-21, -35, -22, -8, -32, 8, -14, 12]
[-13, 21, 62, 0, -8, 11, 10, -29]
[31, 2, 6, -3, -6, 2, 28, 8]
[-19, -21, -25, -5, -13, -9, -35, 2]
[-6, -63, -87, 3, 21, -15, -25, -53]
[12, 68, 107, 13, 23, -8, 18, 17]
[8, 15, -22, -7, -20, 3, 14, 62]
[-21, -33, -23, -28, -21, -10, -3, -61]
[30, 20, 38, 22, 31, 11, 17, 23]
[-16, -10, -38, 0, -19, -27, -52, -1]
[-18, -2, -1, -9, -25, -2, -65, -3]
[8, -2, -15, -9, -10, -9, 4, -12]
[0, 17, 5, -12, -22, -5, 5, 16]
[-25, -30, -39, -1, 24, 15, -11, -23]
[-10, 15, 21, 9, 45, 7, 2, 17]
[-2, 1, -8, 1, -44, -1, -12, 8]
[12, 13, 29, -16, -35, -13, -26, -1]
[-18, 25, 0, -2, -2, -10, -5, -64]
[-25, -46, -1, 1, 30, -2, -10, 40]
[35, 33, 46, 15, 7, 23, 34, -30]
[11, -9, 7, 1, 22, 8, 27, 55]
[5, -39, -49, -6, -19, -6, 14, 51]
[-28, -13, -11, -4, -30, -10, -37, -35]
[-2, -18, 20, 5, -21, -6, -5, 0]
[-20, -11, -9, -4, 11, 2, -37, -30]
[63, 8, -9, 3, 40, 1, -18, -13]
[-21, -20, 0, 1, 15, 19, 3, -13]
[-7, -34, -28, -14, -28, -22, -16, -10]
[11, 26, 30, 1, -40, 5, 38, 45]
[-34, -72, -8, 2, -5, -3, 1, -55]
[17, 19, 2, 12, 31, -5, -9, 37]
[18, 14, -3, -13, -3, -3, -3, 22]
[-21, -23, -16, -3, 14, 5, 25, 1]
[-37, -2, 10, 2, 2, 0, -46, -34]
[26, 7, 6, 12, -1, -13, -9, -7]
[-24, -42, -35, -4, 7, -2, -16, 15]
[17, 63, 37, 8, 4, -6, -20, -85]
[-8, 16, 14, -3, 14, 11, 28, 32]
[7, -37, -32, -10, -49, -12, -40, -71]
[-4, -7, 22, 9, 21, 3, 9, -4]
[-24, -33, -36, -6, -22, -4, 1, 14]
[18, 20, 18, -11, -77, -19, -72, -10]
[4, 23, 24, 1, 19, -6, -9, 6]
[-14, 11, -4, -7, -7, 11, 29, 48]
[5, -38, -47, -5, 9, -14, -68, -41]
[-13, 6, 15, 6, 10, 12, 21, -11]
[5, 17, 5, -8, 9, 1, 6, 21]
[11, 1, 2, 2, -4, -2, -39, -2]
[15, 4, 7, 7, 18, 7, 77, 25]
[6, 1, -15, -2, 22, 0, -30, -43]
[-4, -23, -8, 8, 25, 11, 1, 14]
[2, 26, 7, 0, -25, -11, 13, 6]
[-17, 6, 2, -14, -18, -8, 2, -18]
[2, -32, -14, -4, -43, -6, 7, 8]
[-2, -3, 11, 12, 7, -13, 4, -5]
[-14, -17, -25, -2, -8, -6, 1, -15]
[7, 14, 26, -2, -18, -1, -2, 8]
[3, 8, -2, 3, 6, 1, 13, 6]
[-1, -74, -20, 3, 20, 1, 0, 4]
[5, 11, 20, 3, 13, 3, 15, 12]
[-21, 33, -1, 0, -7, 2, -6, 2]
[23, 66, 19, 1, 20, 4, 20, -23]
[-2, 23, 5, -6, -16, -2, -29, 22]
[2, -11, -14, 1, 0, -9, 5, 2]
[-3, 1, 11, -1, 2, -1, 0, -7]
[-16, -51, -78, -9, 2, 1, 2, -8]
[1, 35, 37, -8, -10, -3, 7, -5]
[8, 41, 35, 8, 8, 1, 10, 1]
[14, 12, 5, 9, 15, 2, 0, 8]
[-4, -22, 8, 2, -2, 5, 7, 15]
[1, -37, -47, -8, -11, 0, 5, -5]
[-8, -5, 1, -4, 6, -3, -2, 2]
[0, -17, 11, -7, -2, 7, 8, -8]
[5, -7, 9, 3, -1, 8, -1, 12]
[-4, 1, 4, 0, -7, 2, 6, -5]
[-2, -29, 7, 3, 16, -2, -1, -7]
[2, -28, -15, 1, -7, -3, -4, 0]
[-6, -13, 0, 1, 30, -1, 0, 0]
[-7, -23, 0, 3, -10, -9, 0, -3]
[0, 18, -11, 1, -16, -7, 6, 4]
[9, 36, 3, -5, 4, 0, 0, 3]
[-1, 4, 2, 19, 46, 14, -1, 6]
[-2, 6, 18, -14, -69, -8, 2, -9]
[-2, -15, -32, -4, 13, -3, -2, -2]
[0, -3, 3, -8, -16, 0, 0, 1]
[1, 28, 24, -1, -28, 5, 0, 1]
[4, 11, 5, 27, 85, 14, 6, 2]
[6, -11, 11, 7, 37, 7, 3, 4]
[-3, 3, -3, -18, -37, -17, -10, -2]
[-1, -24, -28, -22, 29, 3, -3, 2]
[-2, -4, 8, 6, -7, -7, -4, -6]
[1, 2, 5, 30, 45, 7, 2, 5]
[-2, 2, -4, -10, 32, 17, 6, -1]
[-6, -22, -27, -12, -27, -4, -3, -2]
[-1, 21, 30, 10, -9, -2, -2, -1]
[6, 6, 5, 18, 42, 3, 5, 0]
[4, -15, 1, -9, -51, -1, -2, 0]
[1, -6, -10, -18, 10, -1, -3, -1]
[-4, 2, -31, -30, -75, -1, 0, -2]
[-7, 1, 19, -22, -19, -10, -4, -1]
[7, 14, -6, 53, 55, 14, 6, 4]
[-7, 6, 31, -11, -85, -9, -4, -2]
[-1, 4, -16, -1, 52, 10, 8, 1]
[-16, -11, -22, -40, -89, -11, -7, -5]
[-8, -8, -7, -5, 27, 4, -1, -1]
[11, 22, 7, 12, 11, 1, -1, 1]
[1, 0, 0, 30, 50, -2, 0, 0]
[3, -4, -2, 12, 27, 4, 1, 0]
[-4, -4, -6, -23, -53, 3, -2, -4]
[-4, -5, 0, 18, 26, -4, 1, 2]
[-7, -7, -1, -25, -21, -10, -2, -4]
[0, 5, -8, 44, 127, 22, 5, 0]
[2, 0, 2, -15, -1, -10, -4, 3]
[7, 17, 27, 5, 15, -7, 2, 6]
[1, -4, -4, -12, -23, -10, -1, -1]
[0, 0, 6, 3, -32, 1, -2, -2]
[6, 6, 15, 18, 11, 4, 3, 0]
[-12, -6, -10, -17, -17, -9, 2, -1]
[6, -9, -11, 24, 61, -3, 2, 0]
[-3, 7, 0, -9, -89, -11, -2, -2]
[6, 8, 8, 4, 64, 12, 2, -1]
[-2, -5, -10, -17, -52, -14, -3, -2]
[6, 7, 7, 52, 98, 5, 3, -1]
[4, 6, -1, -50, -39, 7, 0, 0]
[0, -3, 3, 27, 82, 8, -1, 4]
[0, 6, -8, -8, -36, -7, 1, -3]
[-9, -10, -2, -38, -27, -10, -5, 1]
[0, -3, -4, -4, -14, -1, -1, -3]
[-3, 2, -5, -21, -78, -14, -2, -4]
[-1, -3, 6, 17, 45, 5, 3, -1]
[-6, 5, -9, -2, -41, -5, 1, -1]
[-3, -5, -7, -22, -24, -3, -1, -1]
[0, -4, 5, 29, 37, 12, 3, 1]
[-3, 0, 7, -26, -62, -3, -1, 0]
[-5, 1, 2, -17, -46, -2, 0, -1]
[1, -12, 3, 48, 17, 4, -3, -2]
[4, 6, -4, -33, -9, 5, 0, -2]
[-2, 2, -2, 66, 118, 2, -2, 0]
[-1, 5, -4, -50, -123, -12, -1, 0]
[-3, 1, 1, -13, -2, 5, -3, -1]
[-5, -27, -7, -17, -36, -5, -3, -5]
[19, 31, 4, 5, 47, 5, 2, 3]
[12, 13, -2, -7, 4, -6, 1, -3]
[-6, -6, -13, 8, 12, 3, 0, -1]
[-3, -2, 8, 16, -1, -2, -1, 1]
[-4, -2, 9, -23, 44, 6, 0, 1]
[-6, -8, 0, 20, 34, 2, -1, 1]
[0, 4, -3, -2, -29, 0, -3, 0]
[-1, 1, -9, -8, -13, -3, 0, 1]
[0, -16, -2, 4, -13, -2, -1, -1]
[-1, 6, 11, 13, 23, -3, -1, 0]
[-1, -3, -1, -29, 18, 3, 1, 0]
[1, 4, 6, 10, 6, 8, 2, 1]
[-3, -9, -24, -20, -68, -15, -4, -2]
[-4, -4, 9, -21, -18, 0, 0, -5]
[4, 2, -2, 44, 46, 0, -1, 1]
[5, 7, 6, -20, -19, -3, 1, 1]
[1, 10, 1, 11, -21, 1, 4, -1]
[1, -9, -7, -3, 11, -5, 0, 2]
[-5, -9, 0, -27, -8, -3, -1, -3]
[7, 5, -1, 17, 52, 7, 0, 2]
[-7, 3, 9, 11, -10, -2, -3, 0]
[8, 11, 3, -13, -26, 1, 2, 0]
[0, 7, 5, 0, -17, -4, -3, -3]
[-7, -12, -5, 14, 29, 4, 1, 0]
[1, -6, -2, -6, 0, 3, 1, 2]
[-4, -12, -11, 7, 36, -5, -4, -4]
[3, -3, -2, 0, -13, -5, -2, -2]
[0, 8, 2, -4, -20, 6, -2, 1]
[-1, -1, -3, -14, -7, -10, -4, 1]
[-5, 2, -2, 26, 21, 8, -2, 0]
[-3, -3, -2, 10, 9, 0, 2, 0]
[2, 4, 9, 26, 62, 9, 1, 0]
[-5, -9, 1, -17, -43, -2, 0, -1]
[-5, -12, -11, -21, -12, -7, -5, -5]
[-1, -1, -18, -10, -13, -2, -1, -2]
[1, -1, 23, -6, 5, 0, 0, 1]
[2, 0, -3, 26, 7, 1, 0, -3]
[-1, 8, 2, -15, -42, -3, 1, -1]
[-3, -5, 2, -14, -2, -4, -1, 1]
[-5, -7, -10, -6, -17, -8, -3, 0]
[10, 13, 8, 11, 18, 1, 1, 4]
[-2, 1, 3, 14, 42, 0, -1, -1]
[2, 4, -1, -2, -27, -1, 1, 1]
[-3, -2, -7, -5, -25, 1, 0, -1]
[-4, -4, 3, -24, 27, 1, -1, 0]
[-1, 1, -3, 26, -41, -3, -1, 1]
[-1, 1, 4, -17, -26, -1, -3, 0]
[-1, -4, -5, -9, 0, 3, 1, -1]
[-2, -4, 2, 29, 53, 5, 0, 0]
[-2, 0, -6, -23, -24, -8, -1, 0]
[-1, 0, 4, 1, -13, 4, -1, 1]
[2, -1, -6, -6, -4, -2, -4, -1]
[1, -5, 1, 1, 20, 5, 1, -2]
[-6, 2, -4, -19, -29, -11, -3, -4]
[1, -3, 4, 1, 2, 1, 1, -1]
[10, 12, 1, 20, 6, -2, 0, 3]
[-5, 2, 1, -5, -11, -2, 1, 1]
[2, 4, 1, 17, 33, 6, 2, 2]
[2, -6, -2, -5, 11, 1, -1, -2]
[0, -7, -6, 2, 0, 3, 1, -1]
[4, 11, 0, -33, -57, -9, -3, 1]
[0, 0, 4, 43, 5, 5, 2, 0]
[-2, -2, -6, -27, 40, -2, -2, 0]
[-2, -1, 1, -17, -97, -11, -2, -2]
[-1, -2, 2, 15, 39, 2, -1, -1]
[-4, -1, -3, -29, -5, -4, -5, 1]
[-5, -3, 3, 32, 52, 4, -3, -1]
[1, 0, -8, -6, -2, -7, -1, -1]
[-3, -7, -5, 8, 11, -1, 1, -1]
[3, 1, 2, -4, 4, -2, 0, -2]
[0, 0, 1, 3, 24, 5, 4, 0]
[-3, -4, 6, 8, 30, 3, 0, 0]
[-1, 1, 2, -10, -50, 2, 1, 0]
[-2, -4, -6, -3, 27, -3, -5, -2]
[-1, -4, -3, -2, -32, -6, -2, -3]
[-1, 1, -4, 15, 25, 3, 3, 0]
[-3, -7, 0, -5, -10, -2, -1, -1]
[-6, -7, 0, -18, -11, -4, 0, -1]
[6, 3, 6, 10, 1, 2, -2, 1]
[-6, -6, -2, -13, 2, 2, 0, -3]
[9, 6, 4, 16, 15, 3, 1, 0]
[-5, -4, -7, -10, -22, -7, -4, -4]
[2, 8, -2, -12, -16, -3, -1, -1]
[-2, -2, 1, 3, 3, 2, 2, 0]
[-1, -7, -5, 8, 10, 6, 0, 1]
[0, 4, 1, 23, 16, 2, 1, 0]
[0, 1, 1, -3, 7, -1, 0, 0]
[-1, 2, 2, 16, 22, 6, 1, -2]
[-5, -1, -3, -6, 7, -2, 0, 0]
[2, 0, 0, 2, -12, -2, 0, -2]
[3, -5, -8, -12, 15, -3, -3, 0]
[3, 5, 3, -10, -3, -2, -2, 0]
[1, 1, -1, -29, -12, 0, 1, 3]
[-2, -3, -2, 17, 18, -1, 0, -1]
[-2, -2, -3, 0, 5, -3, -1, -3]
[5, 1, 3, 8, -28, -1, 0, 1]
[-7, -3, 1, 4, 3, -1, -1, -2]
[7, -5, 3, -7, 2, 3, -1, -1]
[-5, 9, 2, 5, 1, 5, 2, 1]
[16, 13, -1, 15, 26, 3, 3, 3]
[-3, -11, -7, 3, -8, -3, -3, -3]
[1, 4, 2, -5, -6, -1, -1, 0]
[-8, -9, -1, -2, 1, -2, -2, -1]
[-3, -7, 3, 20, 40, 6, -1, -1]
[3, 2, 0, -2, -37, -3, -1, 2]
[0, 1, -1, -9, 27, 1, -4, -3]
[0, -1, -1, -9, -43, -7, -2, 0]
[-3, -5, -2, -13, -4, 1, 1, 2]
[0, -3, -4, 2, -3, -5, -1, -2]
[-4, 0, -3, -4, 14, 0, -1, -1]
[-1, -1, -3, -12, -23, -1, 1, 1]
[-1, 0, 1, 19, 11, 3, 2, 1]
[2, 0, 0, 5, 18, 1, -1, -3]
[-3, -2, -6, -16, -43, -6, 0, -2]
[1, -5, -3, 3, 9, 1, 0, -3]
[-4, -2, -6, -28, -23, -1, -2, 2]
[0, -8, 5, 12, 15, 5, 1, 0]
[-1, 15, 1, -4, 4, -1, -1, 0]
[0, 6, 2, 5, -14, 0, -1, 1]
[-6, -8, 0, 11, 30, -1, 2, -2]
[5, -6, -7, -22, -38, -8, -1, -3]
[6, 7, 8, -2, -13, -1, 0, 1]
[-3, -10, -4, 16, 21, -2, -4, -3]
[1, 6, -2, -4, -3, 1, 0, -1]
[-3, -7, 0, 2, 13, 1, -1, -1]
[-4, -5, -1, 13, 43, 5, -1, -1]
[0, 1, 0, -11, -51, -10, -3, 0]
[-6, -8, -2, -25, -9, 0, 1, -2]
[-4, 3, 0, 32, 14, 3, 1, 0]
[2, 1, -5, -32, -31, -4, 0, -3]
[1, 4, 9, 49, 40, 8, 2, 0]
[1, -1, 1, -5, -4, -4, -1, -1]
[0, 2, -1, -5, -6, -2, -2, -1]
[-1, -5, -6, -7, -5, -2, 1, 0]
[-5, -8, -8, -11, -1, -2, 1, -1]
[0, 5, 2, -8, -12, -4, -1, -3]
[3, 5, 6, -7, -15, 2, 3, 2]
[-7, -1, -1, 26, 13, 0, 0, 1]
[-5, -3, 0, -15, -14, 2, 0, 0]
[9, -3, -7, 8, 17, 6, -3, 0]
[2, 11, 1, -5, -10, -3, -2, -2]
[-2, -8, -2, -5, -4, -3, -1, -2]
[3, 7, 3, 2, 8, 1, -1, 1]
[-6, -2, 2, 10, 3, 2, 0, 0]
[-3, -10, -4, -9, -34, -7, -3, 0]
[-3, -3, 3, 7, -3, 3, 2, -1]
[0, -1, -3, -9, -10, -1, 2, -2]
[-1, -5, -2, 3, 12, 2, -2, 1]
[2, 4, -2, -1, 45, 6, 3, 1]
[-3, -2, -4, -9, -42, -8, -2, -3]
[-3, -1, 2, 2, 3, -8, -5, -3]
[3, 3, 3, -7, -28, 0, 2, 2]
[3, 3, 0, 3, 28, 4, -1, 3]
[-2, -4, -5, -2, -10, -3, -2, -2]
[2, 0, 3, -1, 7, 0, 0, -2]
[1, 8, 1, 0, -7, 0, 0, 1]
[-7, 1, -2, 3, 17, 2, -1, -1]
[-8, -13, -6, -4, -22, -3, -3, -3]
[2, 3, -3, -11, -14, -4, 1, -1]
[-8, -4, -1, 1, -4, 1, 2, -3]
[6, 1, -2, 1, 4, 2, 1, -1]
[-2, -4, -3, -5, 11, 1, -3, 1]
[-3, -5, -6, 3, 1, -4, -2, -2]
[3, 3, 5, 2, -2, 0, 1, 1]
[-2, -3, -1, -3, -2, 0, 2, 0]
[-3, -3, 1, 8, 1, -6, -3, 0]
[3, 5, 9, -4, -2, 0, -2, 0]
[2, 2, -3, -6, -2, -1, -1, -3]
[-1, -2, -4, -8, -13, 2, -1, -1]
[5, -1, -2, -2, 7, 0, -1, 0]
[-5, 0, 4, 5, 1, 0, 0, -1]
[5, -3, -3, 6, -9, -3, 2, 2]
[-4, -3, 0, -5, 7, -1, 1, -2]
[1, 14, 4, 23, 25, -2, 1, 0]
[-6, -4, -4, -12, -10, 0, -4, -3]
[-3, -10, -5, -8, -15, 1, -2, 1]
[5, 13, 6, 0, 14, 2, -1, 2]
[-1, -5, -1, -3, 6, 0, 3, 1]
[-2, -13, -7, -8, -13, -2, -16, -4]
[11, 10, 1, 1, 4, 0, -2, 3]
[-6, 1, -3, 4, 2, -1, 0, -15]
[3, -1, -5, -10, 1, -1, 3, 16]
[1, 6, -1, 7, 12, -3, 3, -1]
[-2, -5, -1, 2, 2, 2, -6, 3]
[-1, -6, 1, 2, -10, -1, -4, 1]
[-3, 1, 1, -7, 2, 1, -4, -7]
[-4, -3, 4, 5, 7, 4, 0, -1]
[0, 2, 1, 0, -1, 1, 7, 5]
[-3, -5, -6, 1, 1, -1, 7, 1]
[-2, -4, 4, -2, -17, -3, -6, -6]
[-3, -5, -6, -12, -6, 1, 4, 2]
[0, 3, 2, -1, -1, -2, 8, -2]
[0, 0, 1, 3, 0, -2, -22, -5]
[-1, 2, -1, 2, 2, -1, 1, -2]
[3, 5, -1, 2, 4, 1, 3, -1]
[-5, -2, -1, 4, 20, 3, 1, -4]
[18, 5, -1, 3, -26, 3, 12, 7]
[0, 3, -2, -10, -8, -8, 9, 6]
[0, -2, 3, -3, -11, -3, 1, -2]
[1, -2, -2, 6, 8, -3, -13, -6]
[-11, -10, -2, 3, 5, 5, -3, -4]
[7, 11, 1, 3, 3, 1, -5, -3]
[-3, -6, -5, 0, 1, 5, 23, 10]
[2, 2, -2, -6, -2, 0, -1, 1]
[-2, 0, -1, 2, -3, -1, -4, 0]
[-5, -15, 0, -5, -3, -3, -4, -9]
[3, 5, -1, 5, 0, -6, -10, 2]
[-2, -1, 0, 1, -4, 4, 0, -1]
[1, -1, 4, 4, 5, -1, 1, 1]
[-3, 6, 5, -1, -4, 3, -1, 0]
[1, 3, 0, 5, 4, 1, -6, 3]
[-8, -3, -2, -5, -7, 2, 7, 3]
[-2, -2, -2, -4, -7, -5, -8, 4]
[-3, -6, -4, 2, 4, -2, -24, -33]
[4, 3, 2, -5, -1, 0, 19, -3]
[9, 11, 4, 3, 0, 2, -14, 8]
[-8, -7, -8, -15, 1, -4, 5, 1]
[-5, -6, 0, 2, 1, 3, 22, 20]
[8, 9, 2, 3, -7, 1, 10, -15]
[-10, -2, -1, 3, 0, 0, 14, 19]
[0, -10, -2, -7, -11, -4, 22, 8]
[9, 9, 3, 3, -1, -3, -22, -17]
[-1, 7, -2, -2, 3, 2, -13, 7]
[-8, -3, -6, -10, 0, -10, -5, -6]
[-2, 8, 5, 8, 7, -1, 23, -18]
[-1, -9, -8, -6, 2, 0, 1, -1]
[-7, -11, -3, 2, 0, -1, -16, -1]
[4, -2, 2, -5, -3, 4, 12, 9]
[-8, -1, 0, 3, 7, 2, -14, -4]
[-1, -6, 1, 2, -3, 1, 8, 4]
[-7, -1, 2, 2, -6, -9, -7, -2]
[13, 10, 2, 7, 0, -1, -25, -25]
[4, -3, -4, -6, -8, 0, 30, 9]
[-3, -8, 2, 2, -10, -16, -20, 14]
[-14, -26, -8, -15, -11, -4, 4, 10]
[-12, 2, 1, 7, 16, 7, 50, -14]
[16, 8, -5, 0, 25, 5, -82, -7]
[-3, 5, 2, -6, -45, -1, -5, 3]
[18, 18, 5, 1, 2, 6, 42, 9]
[-6, -10, -3, -9, -33, -12, -30, -21]
[-4, -12, 3, 5, 26, 12, 40, 20]
[-2, 1, 0, 5, 29, 7, 22, 41]
[5, 0, -6, -3, -48, -11, -20, 7]
[10, 4, -2, -4, 12, 11, 18, -17]
[-12, -1, 2, 7, -5, -5, -8, -28]
[5, -11, -6, -9, 6, -8, -7, -15]
[7, 25, 10, 8, 15, -10, 15, 19]
[-16, -30, -7, -1, 8, -3, -62, 14]
[2, 36, 4, -2, 4, 22, 76, 11]
[-9, -15, -1, 2, 2, 1, -9, -11]
[39, 6, 4, 1, 14, -2, 4, 6]
[-3, -19, -3, -2, 2, 2, 13, -25]
[-8, 4, 2, 2, 11, -3, -5, 35]
[-5, 26, 13, 9, 6, -7, 12, 16]
[-7, -18, -17, -14, -7, -8, -50, -63]
[28, 7, 0, -2, 9, 0, 21, 33]
[-11, -22, -2, -1, -3, 14, 79, 53]
[17, 22, -2, -1, -11, -10, -12, -44]
[-27, -26, -6, 3, 12, 3, -18, 58]
[1, 17, 12, 4, 1, 19, 57, 66]
[-22, -32, -5, 1, 0, -22, -57, -117]
[7, -3, -2, -6, -7, 0, -39, 17]
[-31, -40, -21, -6, 3, 1, -25, 11]
[-33, -35, -9, 4, 17, -7, -99, 32]
[47, 57, 4, -18, -19, -9, -10, -53]
[-15, -15, -11, -8, -24, 15, 124, 100]
[11, 35, 11, -5, -19, -15, -94, -118]
[-33, -63, -20, -7, 2, 4, -38, -62]
[10, -1, 7, -1, -6, 9, -52, 114]
[-26, -23, -7, -5, 6, 3, -86, -106]
[44, 56, 7, 1, 18, -4, 55, 115]
[14, 40, 10, -3, -21, 2, 92, 23]
[-6, 33, 23, 20, 20, 10, -65, -88]
[-20, -57, -24, -5, 23, 2, 77, 33]
[2, -20, -18, -12, 10, -6, -83, -8]
[11, 26, -5, -7, -24, 2, 55, -2]
[23, 24, 2, 12, 0, 15, 91, 46]
[-2, 20, -3, -9, -12, 6, -39, -90]
[19, 79, 30, 16, 7, 7, -18, -8]
[-42, -14, -11, -8, -11, -28, -50, -87]
[26, 20, -1, -3, 4, 18, 26, 0]
[-43, 13, 1, 8, -4, -7, -17, 30]
[-1, -20, -8, -10, 0, 15, 123, -92]
[44, 53, 15, -4, -16, -7, -43, 9]
[-35, -72, -12, -2, -9, -12, -14, 10]
[1, -4, 0, -14, -14, -18, -43, -9]
[-14, -23, 0, 4, 14, 13, 29, 37]
[-45, -29, -1, 14, 9, -3, 28, 27]
[7, -5, 6, -2, -11, 8, 30, 23]
[76, 93, 19, 0, -30, -23, -31, -74]
[-13, -59, -7, -8, -12, 6, 56, 121]
[-66, -38, -11, -8, -32, -3, -31, -116]
