[-20, 19, -4, 0, 12, -9, 7, 127]
[48, 28, 1, 14, -1, 6, 102, 122]
[29, 80, 23, 14, 11, 1, -52, -76]
[7, -22, -2, -8, 15, 7, 99, 36]
[-15, -16, -16, -20, -32, -16, -109, 39]
[4, -13, 12, 13, 28, 3, 3, -49]
[11, -14, -1, 12, 41, -5, 12, 23]
[-6, -20, -8, -9, -17, 1, -43, -50]
[-25, -17, 3, 14, 2, 8, 52, -21]
[-11, -10, -5, -5, 24, -2, -74, 0]
[56, -3, 5, 7, -17, 6, 67, 114]
[64, 48, 2, 4, 8, 10, -64, 1]
[22, 40, 6, -6, -6, -7, -3, -53]
[-11, -33, 3, -6, -2, -21, -30, -63]
[-77, -60, -13, -5, -7, 0, -32, -57]
[51, 47, 23, 13, 5, 6, 30, 47]
[-27, -62, -28, -11, 0, -4, -30, -58]
[9, -13, -14, -2, -4, 11, 12, 113]
[-7, -21, 10, 1, 5, -17, -59, -71]
[15, 11, 2, 1, -3, 19, 56, 4]
[52, 27, 0, -28, -53, -27, -43, -51]
[-46, -46, -35, -3, 15, 19, 26, 27]
[-33, -3, -4, 2, -34, -1, -34, 8]
[55, 81, 45, 5, 17, -3, 9, 62]
[-11, -30, -16, -5, 5, -14, -28, -42]
[10, 36, 26, -5, 0, 23, 55, -31]
[21, -21, -35, -18, -14, -8, 122, 106]
[-33, -11, 15, 23, 49, 8, -92, -119]
[-39, -30, 5, 7, -19, 30, 65, 60]
[11, -3, -1, -2, -15, -43, -55, -98]
[-29, 4, 8, 7, 26, 14, 14, 34]
[2, 7, -23, -10, -22, -6, -32, 10]
[17, -24, 3, 5, 16, -9, 64, 103]
[38, 9, -1, 8, 9, 22, 41, 30]
[-23, -25, -12, -11, 6, 3, -16, -36]
[-5, 25, 28, 20, -13, 2, 1, 21]
[29, 56, 4, 7, -8, -6, -72, 45]
[-33, -18, -13, -8, -14, 1, -31, -86]
[-28, -32, -37, -5, 25, -2, -81, -5]
[7, 20, 35, 1, -20, -17, -40, -67]
[-13, 34, 31, 15, 12, -16, 1, -1]
[-58, -72, -25, -4, -5, -9, -88, 127]
[41, 63, 29, 7, 11, 1, -32, -15]
[-30, -53, -44, -18, -20, -2, 38, -12]
[-56, -68, -24, -6, 3, -8, -3, -55]
[19, 9, -2, 17, 20, 4, -6, 79]
[5, 9, 10, -8, -19, -13, 88, -7]
[18, 0, -6, -4, 19, 6, 29, 54]
[8, -14, -21, -14, -9, 1, -32, -59]
[-1, 8, 2, -1, -9, -10, -17, 8]
[28, -7, 10, 14, 0, 13, 50, 64]
[-4, 25, 16, -9, -22, -14, -9, 0]
[-1, 26, -12, 1, 28, 8, -11, 27]
[18, 10, 32, 2, 38, -4, 46, -34]
[-56, -43, -38, -22, -92, -27, -58, -80]
[54, 5, -11, 9, 0, 0, 25, 126]
[-10, -13, 10, -6, -19, 7, 39, -44]
[10, 8, -15, -25, -37, -11, 67, 48]
[-36, -37, 6, 7, 31, 5, -31, -64]
[-28, -65, -26, -1, 4, 15, 8, -52]
[9, 36, -1, 4, 10, -7, 42, -75]
[31, 17, 11, 7, 9, 1, 8, -11]
[0, 11, 15, -3, -3, 11, -6, -31]
[-10, -7, -20, -4, 37, -7, -57, -2]
[33, 25, -3, 1, -15, 1, 5, 82]
[-41, 12, 8, 2, -5, -10, 17, -3]
[25, 67, 34, 20, 8, 7, 13, -45]
[-11, -29, 6, 1, 5, 1, 16, 51]
[6, -23, -5, -5, -2, -6, -13, -52]
[19, -17, -49, -19, -10, 3, 97, 62]
[-8, -29, -32, -13, -31, -38, -87, 4]
[9, 50, 55, 23, 81, 29, 45, -57]
[-32, -39, -25, 3, -42, -19, 29, -23]
[-9, 20, 49, -2, 3, 1, -18, -4]
[17, 26, 17, 6, 43, 20, 26, 3]
[-40, -49, -32, -4, -21, -3, -7, -43]
[-15, 19, 15, 12, 31, 8, -19, 39]
[14, 47, 12, 16, 6, 10, -25, -9]
[16, -4, -2, -15, -19, 2, 19, 18]
[22, 7, -19, -7, 4, 1, 3, 25]
[-4, -14, 3, -5, 0, -5, 23, 24]
[26, 8, -2, -4, 0, -12, -36, -44]
[-19, 30, -8, -8, -11, -8, 55, -76]
[-9, -24, 6, 3, -3, 12, 37, 60]
[42, 64, 10, 3, 11, 3, 1, -38]
[-42, -30, -31, -19, -42, -10, -47, -50]
[13, -15, 13, 0, 27, -5, 11, 85]
[-20, -7, -40, -14, -59, -25, -44, -67]
[-31, -23, 47, 8, 24, 9, 5, 0]
[26, 19, 9, 1, -27, 3, 20, 25]
[-27, -26, -23, 2, 37, 19, -23, 77]
[44, 20, 3, 8, 26, 16, 72, 95]
[1, 14, 6, -4, -16, -10, -20, -92]
[-9, -23, -16, 1, 20, 5, -22, 39]
[8, 4, 6, 9, 2, 13, 21, -21]
[-20, -17, -4, -7, 28, -5, -21, -7]
[12, 1, -23, -14, -27, -9, -14, 33]
[-9, -19, 17, 2, -7, -8, -23, -20]
[3, 22, 0, 1, -6, 11, 11, -19]
[0, 5, 7, 11, 25, 6, -4, 6]
[1, -6, -4, -3, -2, -13, -24, 6]
[-19, -17, -14, -5, -5, 0, 4, -27]
[9, -6, 5, 2, 3, 3, -18, -4]
[-4, 9, -10, -1, -23, -9, 5, -3]
[-25, -25, 5, -5, -7, -3, -17, 13]
[4, 17, 15, 8, 16, 6, 4, -13]
[13, 3, -21, 7, 1, 2, 2, 2]
[-2, 4, 22, 1, -15, -4, -12, 4]
[-13, -15, -15, -5, -7, -1, 0, 1]
[0, -4, 1, 1, 21, 0, -1, -9]
[-5, 2, 5, -1, -9, -1, -5, -10]
[-6, -8, -7, -5, -14, -4, 1, -5]
[5, -14, -17, -4, -5, -7, -13, 5]
[-11, -14, -10, -7, -14, -7, 0, -14]
[12, -2, 11, 13, 55, 6, -3, 2]
[4, 16, 7, -2, -64, -10, -2, 1]
[5, 11, 16, -5, -21, -18, -1, 11]
[-6, -6, -7, 6, 2, -9, -6, -5]
[-13, 8, -6, 3, -13, -2, -4, -10]
[-2, -4, -3, 7, 27, 15, -9, 4]
[12, -3, 3, -1, 22, 8, -6, 1]
[-4, 3, -9, -3, -17, -11, 0, -4]
[4, 13, 11, -5, -3, -11, -7, -2]
[-1, 1, -1, -5, 1, -2, -5, -4]
[1, -8, -17, -6, -1, 0, -10, 3]
[9, 1, 14, 4, 27, 14, 0, 0]
[11, 5, 8, 10, 14, 16, 3, 1]
[4, -14, 0, -6, -21, 10, 0, 3]
[-1, -1, -7, -27, -25, -7, -2, 0]
[-1, -5, -20, 32, 33, -11, -3, -2]
[3, 11, 30, 8, -10, 11, 1, 2]
[-5, 6, -10, -8, 16, 10, 0, 0]
[-5, -12, 1, 19, 14, 2, -6, -2]
[-5, 8, -8, -10, -50, -9, -5, -2]
[0, -3, -13, -12, 5, 7, 0, 2]
[1, -16, -6, -12, -18, 2, -5, -3]
[2, 5, 4, -2, 9, -1, 2, 2]
[4, 5, 7, -24, -36, -12, -2, 0]
[-4, -9, 4, 36, 88, 13, 2, 0]
[-6, -10, -9, -50, -110, -6, -3, -1]
[1, -3, -25, 4, 49, 3, 0, 0]
[0, -1, 14, -7, -22, -8, 1, 2]
[5, 12, 15, -6, -9, 3, 1, 3]
[0, 15, 6, 39, 63, 6, 2, -1]
[-5, 9, -1, 9, 31, -11, -6, -1]
[-3, 0, -6, 10, 4, -9, -1, -1]
[-4, -2, -8, -12, -6, 4, -2, -2]
[2, 5, 0, 23, 54, 12, 2, 1]
[-2, -4, -4, -20, -62, -11, -5, -3]
[0, -8, 4, -2, -14, 6, -1, -2]
[0, -6, -8, -8, -35, -7, -3, -2]
[1, -4, 6, 7, 30, 3, 1, 0]
[-4, -2, -3, 10, 43, 12, -1, -2]
[4, 0, 0, 1, 27, 4, 3, 0]
[0, -6, 9, 6, 12, 2, -1, -2]
[-9, -11, -9, -19, -24, -13, -4, -3]
[5, 8, 3, -14, -40, 2, -3, 2]
[-4, 3, -3, -5, 4, 23, -3, -3]
[5, -6, -2, 15, 15, 9, 6, 0]
[-3, 2, -3, -36, -11, -18, -2, -2]
[-7, 0, 3, 15, -5, -4, 1, -3]
[-2, -2, -6, -14, 28, -5, 2, -2]
[-1, 0, -2, 15, -20, -14, 0, 0]
[-1, -2, -3, 37, 61, -5, 3, -1]
[0, 2, -1, -34, -55, -15, -2, 2]
[-2, 2, 11, 39, 36, 16, 3, 2]
[-4, -7, -15, -23, -114, -23, -4, -2]
[-2, -2, -1, -4, 45, -12, 0, -2]
[-3, -2, 9, 14, -5, -5, 1, -1]
[6, 2, 5, -33, -11, 6, 3, 3]
[-4, 1, -2, 22, 4, -4, 0, -2]
[2, 3, 2, 0, -15, -5, -1, 0]
[3, 5, 0, 20, 48, 6, 2, 0]
[-3, 1, 3, -1, -19, -5, -2, -4]
[6, 3, -1, -23, -7, -5, 1, 2]
[-2, 8, 1, -13, 16, -5, 1, 2]
[-6, -10, -11, 5, -11, 2, -2, -4]
[8, 12, 26, -3, -9, 14, 3, 1]
[1, -1, -6, 11, 95, 6, 4, 2]
[2, 1, 2, -10, -40, -8, -3, 0]
[-6, -1, -1, 9, 0, 4, 0, 0]
[-5, -2, 1, -16, 4, 10, 0, 0]
[-2, -2, -1, 8, 31, -6, -3, -4]
[0, 0, -5, -15, -39, -1, 1, 2]
[1, 2, 0, 16, 7, -2, -1, 0]
[-3, -4, -5, -11, -51, -6, -1, 0]
[1, 1, 2, -16, -37, 0, 0, 3]
[-4, -8, 3, 30, 60, -1, 2, -2]
[0, -6, 1, 13, -25, 5, 0, -1]
[-8, -3, -2, 17, 62, 5, -2, -4]
[0, -5, -3, -11, 33, 9, 1, 0]
[-2, 8, -4, -21, -101, -21, -10, -4]
[3, -1, -2, -34, 28, -4, -2, -2]
[1, 1, -8, 13, -3, -7, -3, -1]
[-5, -3, -6, -12, 9, 0, -1, 0]
[1, -1, 4, 1, 1, 10, 3, 0]
[-8, -4, 6, 10, 6, 2, -3, -1]
[9, 0, -3, 13, 9, -2, 1, 0]
[-2, -6, -4, 5, -1, 3, 3, -3]
[8, 14, 6, -8, -16, -3, 2, 2]
[-2, 4, 0, -6, -24, 1, 1, 0]
[-7, -9, -8, -10, 1, -1, -3, -1]
[4, 2, -1, 19, 1, 2, -2, 1]
[-7, -12, 0, 3, 11, 0, -1, -2]
[6, 7, 1, -16, -17, -1, -1, 1]
[-1, -3, 0, 26, 52, 8, 6, -1]
[1, 0, -4, -27, -46, -10, -1, -3]
[-4, -5, -1, 28, 1, 2, 0, -2]
[-1, -1, -5, -24, -7, -1, -3, -2]
[-1, 5, 2, -1, -22, 3, -3, 1]
[-4, -3, -3, 3, 7, 3, -1, -1]
[0, 3, -1, 1, 40, 1, 0, 0]
[0, 2, 3, 13, -23, -4, -1, 0]
[4, 0, 0, -2, 3, -4, -2, -1]
[0, -4, 1, -20, -27, 5, 0, 2]
[-1, 2, -1, 5, -5, 2, 0, 1]
[6, 9, 2, 14, 32, 8, 2, 1]
[-11, -2, -15, -42, -81, -18, -7, -4]
[9, 2, 6, 18, 7, 0, 2, 2]
[-3, -2, 1, -15, -18, -3, 0, -2]
[-5, -11, 2, 8, 28, 0, 0, -3]
[-3, -7, 5, 12, 13, 0, -1, -3]
[-3, 0, -3, -18, -30, -5, 0, -2]
[2, -4, -4, 18, 38, 3, -3, -1]
[-7, -6, -20, -43, -28, -3, -6, -3]
[5, 8, 17, 29, 2, -2, -2, 2]
[2, 6, -3, -5, 2, 4, -1, 3]
[-1, 5, 8, -16, -15, 4, 2, -1]
[2, -3, -1, 18, -4, -2, 1, -1]
[1, 3, -2, 30, 58, 12, 2, 0]
[0, 6, -2, -4, -16, 2, 1, 2]
[1, -2, -4, 11, 31, -3, -1, -1]
[0, -4, -1, -5, -5, -8, -1, -3]
[-8, -4, -7, -22, -17, -1, -2, -4]
[5, 0, 1, 5, 9, 1, -3, 0]
[1, -1, -1, 9, -3, 4, 0, 1]
[-1, -4, 7, 8, 8, 2, 0, -3]
[7, 14, 9, -6, 13, 0, 1, 0]
[-5, -8, -1, 4, 9, -1, 3, -1]
[3, -4, -3, -11, -1, 0, -1, 1]
[-5, -7, 0, 5, -21, -4, 1, -2]
[-1, -2, 2, 1, 2, 6, -1, -1]
[1, 6, 0, 18, 13, 0, -4, -1]
[-1, -4, -3, -10, 17, -1, -2, 0]
[0, 8, 3, 12, -1, -4, -2, 1]
[-3, -7, -12, -26, -42, -8, -4, -3]
[-3, 1, -1, -7, -26, -3, 1, 1]
[3, 1, -2, 13, -5, 1, 0, 3]
[4, 8, 5, -10, 26, 2, 1, 2]
[4, 0, 1, 1, 12, 3, 1, -2]
[-1, -5, -4, -9, -16, -6, -2, -2]
[-5, -8, -7, 1, -4, -1, -1, -3]
[-4, 1, -3, -8, 8, 0, -2, -3]
[-3, -4, -2, -4, 1, 1, 0, 1]
[-8, -2, 4, 9, 14, 4, 3, -1]
[14, 5, -8, -1, -7, 0, 3, 1]
[1, -2, -5, -6, -2, -8, -2, -2]
[3, -1, 13, 2, -20, 0, 1, 1]
[-4, -1, 1, 11, 20, 6, 0, -2]
[-14, -11, 0, -4, 16, -4, -3, -3]
[-1, 18, -4, -4, -45, -7, 0, 2]
[-6, -14, -6, 1, 42, 0, 0, 0]
[8, 8, 4, -9, 14, 2, 1, 3]
[-3, -5, 1, -11, -46, 1, -2, -2]
[1, -4, 4, 9, 26, 2, -4, -1]
[-4, -6, -5, -8, -18, -4, -3, 3]
[-2, -6, -2, 4, 0, -1, -2, -2]
[0, 0, -3, -1, -14, 0, 2, 1]
[-5, -7, -5, -1, -6, -1, -2, -1]
[0, 3, 0, 0, 19, -1, -1, -2]
[-3, -2, -2, -13, -6, -3, -2, -2]
[-1, 9, 3, 15, 12, 0, -1, -1]
[-4, -4, 6, 12, 23, 6, 4, -2]
[-7, 1, -7, -5, 4, -6, 4, -1]
[6, 1, 4, 21, -70, 0, 1, -3]
[4, 1, -4, -40, -10, -7, -4, -1]
[1, -4, -1, 14, 26, 5, -1, 3]
[5, 6, -3, 2, -1, -2, -3, 0]
[-6, 3, -1, -23, -68, -9, -5, 0]
[1, 0, -2, 13, -13, 0, 0, 0]
[5, -6, -9, -25, -16, -7, -1, -1]
[-6, -4, 1, 10, 39, 3, -1, 0]
[9, 2, 5, 18, 36, 4, -1, 1]
[1, 2, 3, -2, 3, 1, 0, -2]
[-1, 0, -2, -4, -3, -2, -1, -4]
[4, 1, -3, -3, -14, -2, 0, -3]
[0, -6, -8, -1, 21, 6, -3, 1]
[-2, -6, 2, 11, -16, -2, -2, -2]
[-3, -5, 5, -3, 3, 2, -1, 0]
[0, -1, 1, -13, -27, -3, 0, 0]
[-5, -1, 2, 2, 0, 2, 2, 1]
[0, -2, -5, -10, -8, 1, -3, -1]
[-5, 0, -4, 12, 19, -5, -2, -3]
[2, 5, 1, 18, 0, 0, 2, -3]
[2, 2, 5, -2, 36, 1, 5, 1]
[-3, 3, -1, 7, -1, -2, 2, -2]
[0, -4, -3, -13, -24, -7, -3, -2]
[2, -5, -6, 6, 10, -2, -8, -1]
[-11, -7, -7, -1, 6, -3, -4, -4]
[-1, 15, 15, 12, 6, 2, 0, 3]
[2, 7, 5, 15, 16, 2, -1, 3]
[2, -3, 2, 3, 36, 4, 1, 0]
[-1, -12, -10, -26, -36, -14, -5, -3]
[-2, -4, -3, -12, 3, -3, -2, -2]
[-6, 4, -3, -3, -27, -4, -2, -3]
[-5, 3, -1, 18, 37, 11, 3, 2]
[4, 2, 2, -7, 7, 2, -1, 1]
[0, -7, 4, -13, -13, -6, -1, -1]
[1, -7, 3, 0, -7, 0, -3, -3]
[1, -26, 0, -2, -7, -5, -3, -5]
[-1, -4, 1, 11, 29, 3, 0, 1]
[2, -2, 0, 12, 15, 4, 2, 5]
[-2, 11, -1, -18, -37, -3, -2, 0]
[1, 8, -6, -19, -42, -3, 0, -1]
[-1, 10, 0, 0, 2, -1, 0, 0]
[-3, 0, -3, 20, 21, 4, -2, 2]
[1, 3, 2, -1, 3, 0, 2, -3]
[-2, 5, 2, 23, 22, 1, 1, 1]
[-1, -1, -7, -39, -65, -7, -2, -1]
[-3, 3, 2, 11, 15, 3, 0, 1]
[-2, -20, -4, 7, 5, 3, -1, -2]
[3, 3, 0, -17, -13, -3, -3, -4]
[1, 3, 2, 14, 36, 2, 4, 1]
[4, 7, -4, -3, 4, -2, 2, -1]
[-2, 1, 0, -6, 14, 4, -2, 2]
[-7, -6, -3, 7, -20, -11, -6, -2]
[4, 6, 2, 7, 26, 4, -6, 0]
[3, -4, -2, -14, -27, -3, -1, -4]
[0, -8, -5, 4, 5, -3, 1, -1]
[2, -2, 9, -10, -23, -3, 0, 1]
[-2, 0, 2, 9, 4, 3, -2, 1]
[-4, -3, -3, 0, 13, -2, 1, 1]
[-1, 2, -1, -2, -1, -6, 3, -2]
[1, -1, -9, -6, -19, -1, -1, -1]
[4, -9, -1, 6, 4, 4, 3, 1]
[1, -5, 0, -2, 7, 2, -2, -1]
[-1, 0, -5, -5, -16, -6, -3, 0]
[-2, 5, 4, -6, -9, -3, -4, -4]
[0, 7, 1, -2, 10, 3, 6, -2]
[-8, -7, -8, -5, 7, 5, -7, -3]
[5, -2, 2, 2, -3, -3, -4, -4]
[2, 6, -3, 1, 19, -2, -11, -2]
[-4, -4, 0, -4, -11, -2, 11, 7]
[5, 1, 6, -1, -8, -3, 3, -1]
[-3, 9, 2, 0, -13, 2, 3, 4]
[-1, -2, -3, 3, 21, 1, -3, -4]
[0, -5, 2, 0, -7, -2, -5, 0]
[-2, -7, -3, -2, 2, 0, -1, 3]
[-1, -11, -2, 5, 7, -2, -8, -4]
[-5, -4, -5, -8, -20, 1, 1, -2]
[9, 1, -4, 2, 9, 4, 4, 8]
[-1, -1, -4, 0, -4, -1, 0, -10]
[-2, 5, -1, 1, 12, -2, -3, 0]
[-1, 0, -1, -3, -12, -1, 3, 1]
[-2, -2, -4, -1, 1, 2, 3, -2]
[-2, 4, 1, 7, 6, 0, -2, -4]
[1, 0, 1, -12, -1, -2, 0, -13]
[-1, -5, -1, -5, -6, -1, 1, 23]
[-10, -12, -1, 3, 20, -2, -9, -23]
[12, 13, 3, 0, -17, -6, -17, 10]
[-11, 0, -4, 11, 32, 11, 29, -9]
[12, -6, -3, -26, -59, -12, -35, -28]
[-9, 4, 0, 3, -12, -2, -9, 43]
[-10, -14, -3, -3, 8, 1, -21, 11]
[7, 11, 4, 0, 3, 3, 37, -1]
[-12, 3, 3, 6, 10, 2, 15, -2]
[13, 15, 3, -2, 6, -5, -17, -23]
[-3, -13, -3, -3, 0, 0, -12, -4]
[-2, -7, -2, 9, 5, 2, 6, 17]
[2, -6, -1, -1, 6, 3, 12, 5]
[3, 1, 4, 1, -12, 0, -3, -9]
[0, 7, 1, 0, 10, 1, 21, 10]
[1, -7, -6, -7, -16, -7, -29, -16]
[-5, 2, -4, -3, -6, 0, 25, 6]
[-7, -9, -5, 2, 8, 2, -7, -3]
[4, 3, 2, 7, 6, 8, 3, -9]
[-6, -2, -3, -5, -15, -10, -15, 6]
[-3, -6, 2, -1, -10, 9, 3, -12]
[8, 12, 5, 4, 1, 1, 17, -10]
[-12, -31, -5, -1, -5, -1, 31, 51]
[10, 6, -1, -2, -2, -15, -67, -41]
[3, 17, -6, 1, 19, -3, -13, -25]
[5, 15, 7, 4, -22, 0, -15, -12]
[-6, -6, -8, -2, 8, 0, -9, -19]
[1, 3, 4, -7, -43, 3, 15, 13]
[6, -3, -1, -1, 2, -1, 7, 37]
[-4, -9, -4, 4, 10, 3, 15, 3]
[-4, 4, 0, 2, -12, -13, -22, -18]
[-11, -10, -1, 6, 11, 4, 2, 7]
[-9, 7, 6, 0, -1, 1, -6, -21]
[-7, -20, -10, -1, -2, -17, 12, 13]
[12, 16, 8, 0, 1, 1, 6, -3]
[-8, -13, -1, 0, -6, -12, 24, 12]
[6, -14, 0, 2, -7, -6, 5, 2]
[1, 6, 2, 0, 1, 6, -2, 18]
[-7, -11, -8, -12, -9, 4, 2, -29]
[16, 20, -1, -1, -8, -19, -51, -19]
[-17, -15, -4, 8, 3, -1, -4, 25]
[29, 32, 9, -6, 2, 9, 16, 27]
[-12, 6, 4, 5, 3, -5, 5, -26]
[-9, -36, 0, 10, 56, 16, 12, 10]
[-7, 34, -1, 0, 40, 0, -3, 38]
[24, 19, 2, -2, -29, -1, -33, -84]
[0, -4, -4, -3, -1, 1, 34, 31]
[-1, 11, -1, -4, -10, -12, -65, -27]
[-12, -40, 0, 15, 19, -1, 37, 20]
[12, 25, -1, -2, 17, 6, 7, 23]
[2, -8, 0, -8, -27, -14, -24, 51]
[-16, -21, -6, -7, -9, -5, 31, -60]
[13, -5, -9, -13, -17, -6, 28, 20]
[-12, -13, -4, -3, 11, 12, -24, 18]
[8, 12, -1, 1, 12, 3, -2, -35]
[-11, 23, 4, 5, 7, 5, 12, 43]
[25, 21, 4, -5, -15, -7, -71, -27]
[-14, -42, 0, 3, 10, 9, 43, 76]
[-1, 40, 9, 12, 34, 18, 41, -73]
[11, 7, -3, -12, -11, 10, -7, 7]
[-43, -44, -10, -10, -4, 3, -19, -8]
[43, 25, 3, 15, 42, 3, 7, 13]
[0, -2, 9, 6, 30, 11, -24, 5]
[6, -4, -7, -17, -80, -15, 9, -13]
[8, 32, -4, 0, -5, -2, -35, -15]
[-8, 17, 3, -3, 19, 8, 27, 13]
[-25, -31, -16, -4, -8, 7, -4, -64]
[12, -23, -2, 2, 29, 1, -34, 10]
[24, 80, 10, 0, -8, 4, 7, -6]
[-56, -48, -8, -11, -18, 8, -35, -34]
[52, 61, 12, -2, 1, -1, 13, 42]
[-14, -17, -2, -13, 2, 4, 19, 7]
[14, -23, -3, 4, 2, -4, 18, 74]
[-9, 2, 1, 8, 8, -5, 53, -25]
[-47, -12, 0, -3, -7, -15, -28, -12]
[-18, -63, -10, 2, 3, -5, 73, 92]
[72, 81, 7, 0, 5, -3, -27, -50]
[15, 38, -7, 4, -10, -1, 30, 4]
[-28, 29, -1, -8, -15, -13, 14, -4]
[35, 17, 11, 10, 14, 0, -68, -36]
[-45, -58, -10, -9, 0, 21, 85, 80]
[31, -4, 6, -1, 31, 11, -48, -74]
[17, -17, -11, 2, 48, 3, 20, 45]
[-37, -21, -16, -24, -76, -10, 41, 16]
[13, -32, 10, 11, 32, 19, 18, -24]
[-3, -14, -7, -5, 11, 2, 22, -44]
[-20, -18, -1, -3, -28, -15, -80, -31]
[7, 35, 9, 17, 37, 7, -5, -47]
[14, 4, -11, 2, -11, -23, 39, 41]
[23, 11, 2, -9, -26, -27, -50, 122]
[33, 26, -1, 6, 4, -1, -20, 5]
[-31, 20, 13, 15, 17, -7, 5, -89]
[19, 54, 5, -16, -21, -17, -66, 60]
[-25, 6, 12, 7, 26, 1, -24, -103]
[19, -79, -7, -5, -12, -11, 52, 3]
[-8, -62, -8, -13, -35, -7, 2, 76]
[15, -27, 12, 23, 59, 31, 13, -20]
[-42, 4, 0, 4, 10, -18, -60, -55]
[-31, -29, 0, -15, -97, -17, 6, 11]
[12, 13, -5, -2, 9, -5, 33, 37]
[14, 14, 13, 7, -10, -8, -66, -25]
[-25, -32, -25, -8, 1, -2, 13, 56]
[-20, -82, -10, -4, 22, 24, -21, -7]
[40, 70, 12, 2, -2, -4, -21, 78]
[-41, -26, -20, -10, -29, 1, 60, -120]
[58, -4, 27, 1, -10, 0, -23, 49]
[3, 53, 3, 6, 10, -11, 8, 32]
[-34, -52, -22, 0, 25, 14, -25, -20]
[-25, -73, -27, -3, -13, -1, 77, 85]
[7, 9, -15, -20, -32, 8, 92, -27]
[48, 49, 51, 10, -7, 4, -11, -51]
