[-12, -31, -5, 12, 51, 17, -51, -103]
[-10, 23, 23, 8, 25, -12, -49, -97]
[-42, -4, -21, -5, 8, 23, 2, 37]
[13, -25, -13, -2, -26, -13, 15, 97]
[43, 28, 16, 6, 19, 11, 75, -3]
[0, -31, -9, -26, -89, -19, -27, 30]
[44, 86, 41, 23, -9, -1, -6, -8]
[-42, 9, -31, -16, 24, -12, -58, 66]
[21, 47, 13, -1, 8, 8, 40, -31]
[13, -13, -2, 5, 13, 13, 25, 7]
[-93, -77, -4, 2, 2, 5, 8, -31]
[89, 60, 11, 12, 12, 1, 0, 96]
[-15, -94, -24, -12, -2, -3, 51, 127]
[-36, 13, -4, -12, 2, -9, -102, -113]
[8, 9, -16, 12, -8, 6, 44, 52]
[-55, -18, 5, 2, 5, -3, 10, -1]
[15, 24, -1, 18, 46, 15, -9, -41]
[39, 46, 31, 4, 17, 3, -4, -14]
[-3, -34, -7, -31, -81, -24, 56, 7]
[-80, -74, -41, -13, 5, 6, -51, -56]
[65, 46, 18, -8, -47, -15, -60, -74]
[-67, -50, -24, 10, 35, 8, 6, -50]
[25, -1, 1, 5, 44, 9, -23, 28]
[8, 37, 31, 16, -3, 5, 30, -35]
[37, 83, 7, 3, 18, 15, 31, 127]
[5, 13, 12, 24, 27, 4, -105, -59]
[-69, -71, -23, -14, 25, -14, -32, 9]
[-26, -11, -13, -14, -36, -8, 85, -73]
[-6, -5, -1, -8, -34, 12, -70, 9]
[-36, -26, 5, -12, 1, 6, 76, 22]
[100, 96, 27, 12, -35, -4, -16, 74]
[-62, -7, -13, -5, 27, 2, 16, -63]
[-19, -34, -5, 4, 4, -29, 16, -12]
[0, 16, 3, 3, -16, 7, 30, 4]
[-43, -50, -27, -7, 14, 3, -28, -38]
[70, 54, 17, 15, 26, 3, -1, 41]
[-54, -35, -2, -5, -29, -20, -42, 20]
[58, 46, -14, -4, 5, 22, 78, 14]
[-37, -21, 25, 5, 24, 1, -20, -37]
[43, 1, -4, -8, -37, -8, -6, 28]
[7, 51, 31, -2, -3, 4, -2, -28]
[38, -14, -21, 11, 20, -27, -23, 40]
[50, 51, 2, 3, 15, 14, 71, 76]
[-48, -36, 2, 2, -5, 3, 0, -62]
[8, -24, -20, -6, -3, -18, -8, -11]
[-27, 3, 29, -11, -51, -5, -68, 19]
[12, -3, -22, -3, -9, -4, 4, -100]
[-11, -4, 1, 17, 21, 2, -14, -32]
[7, 1, -8, -1, 21, -7, -59, -38]
[-29, -20, -5, 9, 10, 9, 11, -31]
[-15, -31, -8, 0, 39, -10, -51, 1]
[58, 47, 15, -14, -68, 2, 11, 16]
[-40, -9, -8, 0, 2, 3, 5, -17]
[11, 3, 1, 1, 18, 4, 29, 28]
[-4, -12, -2, 5, -12, -6, -41, -22]
[-2, -23, 8, -2, 35, 10, -47, 64]
[1, 19, 1, -8, -15, -6, 78, -18]
[23, -7, 4, 7, 20, 7, -24, 93]
[-29, -45, -30, -9, -34, -3, 9, -13]
[10, 29, 9, -5, -10, -9, -5, 0]
[-32, 11, -8, -1, 8, 3, 24, -5]
[-46, 13, 18, -5, -7, 8, -17, 32]
[59, 30, 10, 12, 0, -7, 13, -10]
[27, -31, -17, 1, -12, -12, 36, 55]
[-14, -23, -6, 0, 24, 11, 11, 41]
[34, 1, -14, -14, -16, -1, 28, -36]
[-10, 8, 10, 8, 17, 15, 7, 79]
[-5, 0, -12, -12, 22, 13, 25, -65]
[-24, -39, 2, -6, -36, -17, -39, -5]
[-7, -17, -28, 4, 7, 1, -11, -51]
[-2, -12, 26, -9, -14, -2, -16, -24]
[19, 34, -2, -5, -40, -16, 13, 20]
[-14, -23, -10, -9, -11, 14, -27, -22]
[-9, 26, 25, 17, 45, -1, -18, 12]
[-33, -11, -5, 0, -22, -8, 3, -22]
[-16, -17, -7, 6, 14, -14, -53, -8]
[-8, 18, -3, 0, -5, 5, 23, -4]
[-8, -40, -16, -7, -16, -10, 11, 42]
[7, 16, 0, -8, 5, -20, -53, -86]
[4, -11, 1, 4, 40, 9, 17, 87]
[8, 11, 10, -3, -37, -24, -18, -25]
[-1, 4, 1, 3, 10, 9, -16, -4]
[-7, -4, -6, -3, 26, 0, 55, 23]
[4, -5, -18, -16, -73, -1, 8, -39]
[23, 21, 16, 9, -2, 7, -16, -4]
[-23, -10, 7, -19, -27, -7, -22, -17]
[10, -11, -59, 7, 16, 4, 16, 16]
[-8, 13, 59, 10, 21, -7, 2, -26]
[-3, 8, 1, 12, 26, 6, 21, 5]
[22, 12, 0, -9, -42, -4, 21, -16]
[0, 11, 8, 2, 15, 18, -24, 28]
[-5, 11, -19, -8, 4, -5, -2, -84]
[10, -21, -7, -1, 0, -5, 14, -33]
[15, -7, 5, 11, 38, 4, 10, 48]
[-6, -19, -10, -3, 18, -10, -38, -4]
[-4, -17, -6, -5, -56, -26, 7, 22]
[-2, -13, 3, -1, -5, -4, 19, 8]
[-7, 7, -11, -10, -13, 10, 30, -11]
[27, 16, 16, 9, 5, 12, 19, 24]
[-16, -12, -4, -3, 22, 8, -16, -3]
[11, 19, -7, -7, 2, -6, 0, 5]
[-10, -18, -12, 1, 11, 5, -2, 9]
[4, 15, 19, -2, -19, 2, -10, -7]
[1, -6, -17, -1, 14, 6, 0, -3]
[-17, -18, 4, -1, -2, 6, -1, 6]
[4, 13, 2, 4, -3, 3, -5, -7]
[11, 20, 11, 5, -7, -5, 5, -2]
[20, 0, -4, 3, -1, -4, 2, -4]
[-9, -24, -22, -9, 3, -2, 4, 5]
[-19, -4, 18, 3, 21, -7, 1, -3]
[52, 32, 18, -3, -49, -10, 4, 11]
[-16, -10, -13, 7, 38, -5, 0, 8]
[13, 18, -4, -13, -25, -21, -5, 7]
[0, -35, 7, 3, -1, -8, 7, -8]
[-52, -47, -16, -8, -47, 3, 0, -10]
[3, 20, -5, 14, 35, 2, -3, 1]
[9, -24, -4, -17, -14, 1, -3, 5]
[-3, 40, 2, -8, -16, 6, 3, -3]
[-7, 24, 11, 7, 7, 5, 5, 1]
[-6, -56, -8, -6, -45, -30, -8, -5]
[1, 24, -16, -3, 30, -9, -1, 0]
[19, 68, 15, 9, 11, 15, -1, 6]
[17, -13, 23, -3, -5, 22, -6, 1]
[-39, 0, 10, 27, 40, 13, -2, -7]
[15, -24, 9, 18, 32, 1, -2, 6]
[6, -33, -27, -18, -54, -1, -7, -3]
[-5, 33, -19, -25, 19, 14, 2, -2]
[1, 1, 2, 0, -64, -18, -4, -3]
[1, 13, 5, 17, 24, 3, 4, 1]
[-6, -66, -5, -5, -11, 11, -3, -7]
[-4, -29, -2, 4, 50, 0, -4, -4]
[7, -1, -7, -19, 37, 2, 0, 3]
[-10, 17, 12, 6, -32, -15, -2, -3]
[1, 51, -8, -4, 3, 4, -2, -4]
[-16, 28, -7, -13, 9, 10, -4, -2]
[4, 101, 4, -11, -8, 1, -4, 8]
[1, -3, 0, 6, 6, 2, 0, -1]
[-3, -111, -9, -11, 21, 7, 3, -2]
[7, -74, -3, 21, 12, 10, 2, 1]
[8, -26, -14, 14, 21, 5, -2, 0]
[5, 65, 9, -19, -39, 6, 0, 0]
[9, 31, 4, 29, 32, 3, -1, 1]
[-3, -20, 6, -13, -55, 16, -3, -8]
[4, 6, 5, -13, -52, -13, -1, 1]
[-14, -6, -8, 7, 10, 1, -2, 0]
[1, -72, -2, 12, 57, -4, 0, -1]
[-6, 14, -5, -12, -24, -11, -3, -4]
[-1, -12, -1, 22, -1, 17, 0, -1]
[1, 23, -7, -31, -27, 15, -1, 4]
[-5, 56, 7, 13, 18, 32, -3, 0]
[-7, 9, 4, 18, 89, 32, 4, -2]
[-1, -3, -13, -30, -16, 14, 0, 0]
[-5, -4, 9, 3, -27, -1, -4, 2]
[1, 18, 6, -8, 2, -25, -1, 1]
[-1, -26, -8, 15, 24, -39, 1, -1]
[1, -10, -4, -11, -27, -25, -3, 0]
[-3, -37, 11, 10, 35, -12, 0, -4]
[2, 16, 0, 14, 44, -15, 2, 1]
[1, 35, 15, 4, -33, -20, 0, -1]
[-8, 2, -1, 0, 3, -8, 0, -5]
[3, 2, -6, 18, 55, 2, 2, 0]
[-3, 13, -3, -1, 38, 4, 4, -1]
[0, 24, -10, -28, -7, -15, -3, 1]
[1, 3, -2, -54, -44, -4, -6, -4]
[-3, -9, 10, 63, 93, 12, 3, 1]
[0, 0, -6, 15, 49, 6, 0, 0]
[19, 6, 3, 23, 48, -11, 6, 6]
[0, -22, 12, 11, -67, 16, 1, -1]
[-4, -12, -12, -54, -102, -6, -6, -2]
[-1, 4, 4, 1, -24, -7, 2, 2]
[-12, -17, -6, -14, -31, 11, -1, 1]
[1, 0, 7, 13, 24, -5, -1, 0]
[-2, 2, 2, 19, 9, -4, 4, 2]
[-4, 7, -1, -22, -43, -23, 3, -3]
[-4, -5, 0, 12, -32, -19, -1, -3]
[4, -8, -2, -10, 37, 0, 1, 0]
[3, -1, 2, 31, -17, 12, 1, -3]
[0, -1, -2, 5, -16, 3, 2, 1]
[-8, 6, 6, 4, -7, -3, -6, -4]
[2, -8, 4, 30, 122, 29, 4, 4]
[-11, -10, -17, -98, -75, -39, -13, -1]
[6, 16, 5, 43, 31, -7, -1, 0]
[-19, -10, -7, 3, 61, -1, 0, -4]
[2, 16, 1, 11, 3, 8, 0, 1]
[7, -5, -4, -6, 14, 15, 0, 1]
[0, -2, 2, -16, -33, 1, -3, 1]
[4, -12, -5, -5, -17, -5, -2, -4]
[5, -12, 0, 14, -16, 7, -2, -2]
[-2, -13, 1, -25, -10, 2, -1, -6]
[3, 4, 0, 0, 10, 1, 2, -1]
[-2, -12, -12, 8, -14, -9, 3, 2]
[3, 3, 19, -19, -30, -1, 4, 6]
[5, 6, 2, 25, -38, -1, -1, 0]
[-2, -6, 1, 0, 4, 2, 1, 0]
[-1, 8, 0, -53, -113, -15, -5, -2]
[-5, -2, -14, -3, 25, -3, -1, -5]
[-5, 6, -2, 29, 23, 14, -1, -5]
[1, 5, 0, 5, -2, 0, -5, -1]
[3, -2, -4, 0, 21, -2, 0, 0]
[-9, 0, 1, -9, -22, -7, -1, -2]
[3, -6, 1, 4, 32, 11, 3, 0]
[-2, -1, -3, -19, -35, -1, -3, 3]
[9, 4, 1, 9, 42, 4, -1, 1]
[0, -11, -16, -10, -23, -6, -3, -2]
[-3, 12, 4, 21, 66, 8, 1, 0]
[-4, -6, -5, -18, -43, -5, -2, -3]
[25, 30, 20, 4, 38, 5, 3, 6]
[-6, -4, 2, -21, -68, -8, -7, -3]
[-4, -6, 1, 14, 34, 1, 0, -3]
[-5, -11, -13, -29, -33, -3, -2, -2]
[-9, 2, -7, -31, -28, -8, -2, -4]
[-8, -10, -8, 70, 57, 1, 0, -2]
[6, 7, 3, -28, -29, 2, 0, 4]
[5, 4, 4, 13, 15, 3, 0, 2]
[-3, -11, -1, 3, -4, 2, 3, -2]
[1, 2, 6, 9, 47, -1, -1, 3]
[-5, -8, -6, -12, -15, -3, -2, -2]
[0, -5, -2, -9, -27, -9, -2, -3]
[-4, 1, 0, 7, 26, 4, 0, -3]
[-1, -2, -5, -11, -33, -2, -2, -5]
[6, 1, -2, 8, 31, 3, 0, -3]
[-14, -22, -4, -2, 16, -1, -1, -3]
[18, 18, 6, 9, 5, -3, -2, 1]
[11, 21, 5, -14, 6, 0, 1, 5]
[-5, -4, 5, 2, -6, 2, -3, 0]
[7, 5, -1, 6, 50, 4, 3, 1]
[-13, -10, 1, -8, -77, -3, 0, -3]
[1, 6, 4, -12, 8, 1, 3, 1]
[8, 4, -4, 30, -24, 0, -1, 1]
[-3, -1, -2, -13, -31, -10, -4, -1]
[-3, -7, -1, 13, 13, 2, -2, 1]
[-3, -4, 7, 1, 0, 1, -3, -3]
[-7, 0, 1, -8, -37, 1, 1, -1]
[0, -1, 0, 19, 67, 14, 0, -2]
[-9, -8, -17, -26, -85, -22, -7, 1]
[8, 5, 8, 9, 48, 1, -2, -2]
[-3, -13, -6, -26, -55, -7, -1, -3]
[6, 8, 4, 1, 7, 4, -1, -1]
[-14, -10, -3, 5, 11, 5, 0, -1]
[12, -35, -7, -1, 13, -5, -3, 2]
[17, 47, 9, 1, 13, -1, 3, 5]
[-1, 1, -3, -1, -26, -3, 0, 0]
[5, 2, 4, 8, 29, 6, 2, 1]
[-12, -11, -6, -32, -17, -4, 0, -3]
[-5, -12, -2, 10, 11, -2, -2, -2]
[4, 5, 3, -21, -26, -4, 0, 1]
[-2, -3, 3, 45, 45, 10, 2, -1]
[-9, 0, -11, -22, -70, -10, -4, -7]
[2, -3, -4, -11, 11, 2, -3, 1]
[-4, 2, 1, -3, -15, -1, -2, 2]
[3, -5, 0, -11, 5, -2, 2, 2]
[-2, 5, -10, 17, 36, 1, 0, -1]
[-10, -3, 16, -2, -9, -7, -1, -3]
[0, -3, -6, 4, -9, 2, 2, 0]
[8, 3, 7, -2, 10, 6, 1, -2]
[-1, 26, 6, 7, 14, 4, 0, 2]
[0, -2, -5, -9, -4, -5, -3, 1]
[-5, -4, -5, 13, 26, 0, -2, 1]
[5, 3, 1, -12, -46, -6, -2, 0]
[-13, -12, -1, 11, 28, 0, 2, -3]
[1, -4, -5, -26, -29, 0, 0, 0]
[3, 5, 4, 2, -14, 6, 2, 4]
[-3, -4, -4, 8, 30, 3, -3, -1]
[-4, -4, -1, -5, -15, -3, -2, -1]
[-4, -14, -3, 8, 37, 2, 0, -3]
[7, 5, -3, 3, 1, -1, 0, -1]
[-2, 6, 1, -2, 0, -5, 0, 0]
[5, -1, 4, 0, 10, -1, -2, -1]
[0, -3, -3, -3, 3, -2, 1, -2]
[-2, -3, 2, -12, -16, -3, 2, -3]
[0, 2, 1, 20, 32, 4, 0, 0]
[-6, -5, -3, -27, -47, -2, -6, -3]
[-5, -4, -3, 27, 12, 0, -5, -1]
[2, 0, -3, -1, 8, -2, 1, 2]
[-8, -5, -10, -13, -8, -1, 1, -2]
[19, 13, 7, 3, 21, 3, 0, 3]
[-8, 2, -8, -19, -52, -3, -3, -2]
[0, 0, 8, 12, 9, 4, -2, -1]
[-6, -5, -7, -30, -39, -5, 1, -2]
[-1, -6, 0, 12, 22, -3, 2, -1]
[-2, -3, -2, 4, 6, -1, 3, 0]
[2, 5, 8, 6, 17, 0, -1, 1]
[0, -5, -3, -1, 0, -1, -1, -3]
[-6, -3, -5, -2, -23, -3, -2, -1]
[4, 3, 12, 8, 18, 0, -3, 3]
[-7, -7, -6, -10, 0, 0, 0, -1]
[2, -2, 2, -3, -6, 1, 0, -1]
[-1, -14, -2, 5, 6, 4, 2, -4]
[1, 5, 0, 8, 11, 2, 2, -4]
[5, 5, -1, -14, -14, -4, 0, -1]
[3, 1, -3, 20, -4, -2, -3, -1]
[3, 2, -2, -12, 0, -2, -1, 1]
[1, -2, -6, -3, 17, 0, -4, -3]
[-3, 3, 1, 1, -11, 1, -2, 0]
[1, 10, 1, -2, 19, -2, -2, 0]
[-6, -2, -5, 3, -13, 0, -3, 1]
[2, -3, 0, -12, 8, -1, 3, 1]
[2, -2, 1, 20, -5, 0, -1, -1]
[1, -4, 3, -15, -15, -1, 0, 1]
[-2, 6, 2, 13, 28, 1, -1, -3]
[-1, -5, -3, -12, -28, -3, -1, -2]
[1, 2, 5, 8, -1, 1, 1, 1]
[1, -2, 3, -1, -7, -2, 1, 1]
[0, 3, 0, -12, -7, -6, -1, 0]
[-2, -2, -6, 8, 31, 5, 3, 0]
[-6, -6, -8, -10, 15, -3, -1, -3]
[-2, -1, 0, -9, -37, -1, 0, -1]
[-8, -1, 1, 9, 1, 3, 0, -1]
[4, -4, 3, 2, 21, 3, -1, 0]
[-9, -18, -6, -7, -31, -9, 0, -3]
[12, 32, 5, 12, 35, -1, 1, 2]
[5, 1, -3, -7, -27, -7, -2, -4]
[-6, -5, -2, 6, 3, 2, -3, 0]
[1, -1, 0, -1, 9, 3, -1, 1]
[-1, -8, -2, 4, 8, -1, -2, -2]
[-3, -11, -5, -5, -2, -2, -1, 1]
[0, 0, 1, 1, 7, 5, 1, 0]
[4, 4, -5, -3, 0, 3, -1, 0]
[-7, -4, 6, 4, -7, -2, -1, -2]
[-2, 1, -2, 0, -5, -1, 1, 2]
[-1, -2, -2, -5, 0, -6, 0, -1]
[2, 5, 4, -3, -23, 1, 1, 1]
[-1, -4, -2, 28, 64, 4, 1, -3]
[-2, -2, -10, -36, -37, -8, -3, -4]
[3, 6, 2, 16, -10, 3, -1, -1]
[4, 0, -3, -5, 6, -1, 0, -1]
[-8, -8, -1, 4, 12, 2, 2, 1]
[6, 7, 5, 10, 6, -3, -3, 2]
[-12, -2, -4, -12, -4, -1, 0, -2]
[16, 19, 0, -3, 4, -2, -4, 0]
[3, 2, -3, -1, -11, 0, -1, -2]
[-14, -14, -3, 3, 0, -4, 3, -5]
[6, 0, 3, -4, -2, -2, -4, -1]
[-6, -9, 6, 6, 10, 4, 3, 1]
[0, -4, -5, -14, -15, -6, -13, -1]
[2, 3, -1, 6, 2, 4, 2, -1]
[-2, -5, -7, 2, 6, 1, 1, 0]
[2, 0, 2, 3, -4, 0, 2, -3]
[1, 1, 3, -4, -8, 2, 3, 0]
[-4, 0, -1, 2, 6, 5, -1, 2]
[-3, 0, -1, 9, 13, 2, -1, 1]
[2, -1, -2, -17, -22, -5, 7, 7]
[2, -3, 0, -9, -22, -4, -35, -14]
[1, -1, 4, 14, 24, 4, 18, -5]
[2, 5, -1, -1, 14, 0, -8, -9]
[0, 0, -4, 2, -28, -3, 14, 34]
[-9, -2, -8, -1, 1, -6, 10, -4]
[3, 6, 0, 0, 11, 4, 5, 9]
[3, 2, 0, -9, -16, -2, 3, -11]
[-1, 1, 3, 5, 22, 3, 9, -8]
[-8, -5, -1, -7, -13, 0, 9, 12]
[2, 3, 5, 9, 21, 0, -7, -11]
[4, -1, -2, -3, -19, -2, 2, -2]
[4, 3, -7, -4, -5, -4, -13, -3]
[8, 6, -2, 1, 3, -1, 17, 13]
[-1, 4, 2, 2, -1, 0, -19, -29]
[-4, -14, 3, 1, -4, 5, 0, 8]
[-5, 2, -2, -1, -6, -5, -7, -12]
[0, 8, 2, 2, 3, 2, -12, 7]
[6, 8, 0, -6, -12, -5, 14, 9]
[2, -4, 0, -3, -5, -5, 4, -3]
[-5, -23, -2, 6, 8, 4, 4, -3]
[0, -14, -3, 1, 2, -1, -16, 2]
[-13, -9, -4, -6, -15, 3, 30, -1]
[1, 2, -2, 2, 8, 1, 13, -10]
[1, 2, 0, 0, 5, -4, -31, 6]
[0, -3, 1, -2, -2, 3, 13, 13]
[-2, 1, 4, -4, -13, -3, -10, 0]
[-7, -11, -5, -3, 2, 5, 9, 14]
[16, 17, 3, -2, 2, 0, 6, 10]
[-8, 2, -1, -2, -7, -2, -17, -66]
[11, -5, -3, -4, 5, -6, -5, 45]
[3, 7, 2, -1, -1, -3, 17, -3]
[-7, 2, -2, 1, -3, 4, -2, -7]
[7, -2, -3, 3, 9, 0, 9, 16]
[-1, 2, -4, 2, -12, 0, 0, -7]
[-1, 7, 2, 4, 8, -3, -16, 4]
[-5, -7, -2, -7, -28, -6, 1, -2]
[-3, -3, 2, 2, 3, 3, 19, 9]
[-5, -4, 1, -1, -10, 1, -7, -18]
[3, 0, -1, -1, -5, -4, -15, 4]
[-2, 1, 0, 1, 9, 2, 4, -7]
[-5, 2, -1, -5, -6, -5, 0, 4]
[-1, -1, -6, 0, 5, -5, -23, -4]
[6, 2, 3, 1, 0, -4, 17, 34]
[-2, -5, 0, -1, 13, -1, -28, 0]
[-5, -15, -5, -4, -4, -6, 14, -37]
[-2, -5, 1, -6, -4, -2, -21, -12]
[6, -4, 0, -2, 1, 2, -9, -12]
[-2, 9, 1, 5, 4, 5, 5, 0]
[-2, -8, -5, -1, 3, 4, 4, 17]
[-15, -11, -4, -1, 3, 4, -2, -10]
[14, 23, 8, 6, 9, 3, 6, 15]
[1, -7, -3, -2, 1, 1, -9, 23]
[-2, 12, 0, 0, -8, -2, 3, -73]
[6, -7, 0, -3, -9, -10, 8, 38]
[-11, -1, 2, -1, -6, -5, -13, -12]
[7, 9, 5, 3, 4, -1, 15, 34]
[-8, -9, -3, -2, -4, -2, -6, -12]
[3, 1, -1, -3, -3, -10, -16, -4]
[-5, 1, -2, -3, -4, 4, 3, -30]
[6, -1, 4, 5, 0, 4, 6, -12]
[4, 0, -4, -2, -7, -5, -28, 66]
[-4, -5, -2, 6, -3, 9, 29, 1]
[-2, 5, -1, -2, 15, -3, -45, -74]
[-9, -4, 1, 2, 5, -4, 44, -33]
[5, 3, -7, -5, -16, 2, 36, 43]
[11, 1, 1, 2, -8, -10, -43, 40]
[-10, -12, -5, -4, -10, -1, 10, 3]
[-1, 6, -1, 1, 9, 13, 52, 17]
[11, 0, 3, -3, 15, 17, -7, -17]
[-10, -16, -1, -3, -2, 1, 30, 13]
[12, 26, 6, 5, 6, -2, -26, -24]
[5, 5, -4, -2, -1, -17, -28, 72]
[-11, -13, -4, 0, -7, -2, -22, -18]
[-5, 19, -6, -1, -4, -4, -1, -89]
[-7, -27, -3, -2, 2, 3, 1, 30]
[9, 22, 5, 4, 14, 9, 0, -9]
[-6, 5, 10, 6, 12, 1, -4, -16]
[-1, -9, 4, 6, 41, -2, 14, 79]
[25, 9, -5, -16, -48, -15, 12, 105]
[-21, -6, -4, -11, -18, -1, -54, -78]
[-19, -44, -7, -7, -1, -3, -9, 27]
[26, 35, 13, 0, 0, 4, 11, 0]
[-10, -2, 2, 8, 33, 6, 4, 23]
[-11, 7, 5, -5, 15, 11, -58, -69]
[34, 15, 4, -3, 15, 11, -6, -28]
[-23, -21, -4, -7, -30, -9, 21, 18]
[5, -14, 0, 0, 2, 3, -15, -27]
[-11, -26, -11, -5, -14, 0, 48, -16]
[-7, 33, 10, 8, 9, -14, -23, -27]
[-43, -57, -20, 1, 25, 4, 17, -1]
[71, 60, -3, -7, -27, -3, -22, 96]
[-27, -27, 2, 3, -18, 3, -25, -41]
[-8, -3, -6, 2, -6, -10, 13, -22]
[12, 8, 1, -8, -28, -3, 99, 60]
[-30, 1, -6, 3, 17, -9, -73, -83]
[-8, -16, -14, -16, 17, 10, 63, 68]
[29, 26, 19, 14, -8, 7, 45, 86]
[31, 11, 7, 6, 10, 14, 19, 32]
[-24, 34, 7, 10, 12, 4, 20, -60]
[23, -41, -7, 1, -3, -8, 6, -1]
[-2, 0, 0, 2, 5, -7, 7, 53]
[-47, -49, -9, -2, -11, 2, -115, -101]
[24, 15, -1, 1, 12, 14, 127, 35]
[31, 50, 15, 11, 17, -2, -2, 26]
[-23, -13, -23, -16, -42, -16, 2, 35]
[-19, -35, 9, 2, 6, -9, -63, -110]
[-30, -46, -7, 2, 1, 16, 45, 65]
[19, 54, 10, 10, 3, 14, 5, -56]
[29, 28, 12, -1, 12, 4, -50, -71]
[20, 16, -22, -10, -8, -21, -46, 0]
[-32, -61, -18, -2, -18, 4, 61, 32]
[21, -5, -3, -8, 8, -1, -4, -27]
[-65, -16, -1, -6, 34, -9, -45, -90]
[-2, -13, 7, -8, -70, -15, -48, -6]
[29, 18, 19, 9, 24, 5, -8, 15]
[-37, -71, -29, 0, 10, 2, 57, 2]
[-2, 36, -15, -13, -26, -9, 15, 20]
[20, 49, -2, 5, 17, -8, -9, -5]
[-29, -51, -7, -6, -7, -1, 26, 9]
[17, 60, 49, 20, 23, 14, -2, 53]
[-16, -1, 21, 2, -23, -14, -32, -46]
[-8, -3, 12, 4, 7, -8, 5, 121]
[35, -15, -35, 6, 16, 7, -34, -14]
[-12, -3, -21, -19, -44, -33, -81, -50]
[-31, -14, -4, 7, 15, 21, 61, 30]
[49, 56, 31, -3, 19, -9, 44, 31]
