[-10, -11, 6, -13, -13, -9, 3, -41]
[12, 87, 23, 3, -8, 36, 66, 57]
[30, -44, -31, 7, -10, -19, 2, 77]
[-23, 23, 21, 10, 41, 14, 24, -78]
[24, 23, 29, 0, -21, 8, -36, 26]
[-3, -29, -39, -4, 22, -15, -7, -8]
[-34, -64, -19, -14, -31, 2, 67, 59]
[54, 59, -6, 22, 32, 22, -28, 21]
[17, 35, 35, 12, 36, -1, -11, 59]
[-35, -13, 7, -5, -68, 0, -61, -60]
[22, -42, -9, 7, 13, -8, 34, 48]
[-14, -83, -33, -6, -1, 5, 106, -37]
[-47, -24, -14, -3, 44, 10, -52, -125]
[22, 32, -14, -15, -59, -17, 46, 54]
[9, -15, 26, -8, -7, -15, -81, 63]
[0, 2, 3, -2, -28, -3, 71, -17]
[-19, -42, -13, 4, -6, -8, -60, 42]
[10, -54, -28, -9, 27, 3, 4, 71]
[3, 31, 23, -1, 7, 11, 48, -62]
[0, 21, 8, 4, 4, 5, 61, 93]
[10, -8, 23, 1, -21, 4, -40, 32]
[-18, -34, -2, 9, 26, -13, -46, -22]
[47, 32, 27, -1, 6, 13, -38, 59]
[-15, -18, -55, -13, -23, -39, -90, -63]
[-4, 28, 9, 10, 53, 10, 16, -18]
[-9, -30, 11, 14, 55, -1, 32, 19]
[28, 32, -2, -20, -84, -24, -31, -59]
[27, 9, 11, 10, -18, -11, -40, -15]
[-27, -22, -49, -20, -24, -9, 26, -25]
[-11, -15, 6, -7, 20, 5, 51, 79]
[-44, -8, 18, 17, 27, 4, 25, -118]
[-7, -27, -68, -13, -7, 23, 106, 86]
[-19, 40, 69, 3, -25, -9, -30, -128]
[-50, -28, -14, 7, 16, 7, 33, 65]
[62, 41, 8, -11, -13, -5, 8, 37]
[-30, -7, -61, -15, -24, 6, -9, -55]
[77, 62, 59, 19, 36, 24, 54, 75]
[-11, 6, 17, 5, 1, -21, -84, 0]
[-4, 11, 15, 3, 2, 7, -45, -38]
[2, -10, -12, -1, 11, -6, -73, -15]
[-17, -49, -49, -23, -25, -5, -29, 57]
[17, 60, 34, -1, 7, -4, -103, -24]
[48, -8, -17, 9, 32, 20, 36, 36]
[-32, -47, -4, -3, 22, -6, -13, 49]
[7, -2, -59, -5, -14, -25, -78, 80]
[-7, -7, 40, 1, -2, 25, 106, 25]
[-27, -12, -16, -4, 8, -7, -5, -1]
[-10, 3, 49, -3, -12, -7, -64, 26]
[3, -2, 13, 5, 18, 18, 64, 12]
[-1, -33, -43, -1, 7, 0, -7, 14]
[-31, 4, -17, 2, 0, -17, -62, -16]
[37, 61, 53, 5, 3, 11, 54, 30]
[1, 13, -1, 3, -10, 1, 9, -23]
[14, 3, -21, -4, 11, 8, -3, -55]
[-70, -72, -36, -14, -52, -2, -5, -40]
[23, 42, 34, 6, 5, 0, 10, -6]
[-27, -27, -23, -16, -18, -2, 4, 56]
[37, -1, -4, 11, 14, -7, -34, -34]
[-22, -20, -11, -17, 1, 5, 96, -9]
[13, 36, -7, -2, -31, -20, -45, -41]
[15, -10, 1, -9, -12, -4, 53, 67]
[9, 33, 38, 14, -7, 0, -24, -36]
[-13, -1, 5, 17, 29, -6, 11, 58]
[21, 4, 4, -4, 23, -1, -30, -21]
[-27, 13, -13, -7, -41, -6, -9, -20]
[-5, 9, -5, 1, -1, -3, 4, -4]
[33, -2, 9, 2, -2, -3, -38, 20]
[-26, -43, -29, -3, 16, 32, 94, 61]
[-18, 56, 29, 13, 28, 2, -42, -59]
[-2, -34, -27, -1, -8, 29, 29, -38]
[-1, 49, 38, 1, 60, -1, -48, -39]
[14, -12, 2, -12, -70, -23, -44, 19]
[5, -22, -30, -8, -28, -3, -6, -6]
[-3, 40, 47, 2, 1, -3, 12, 1]
[-16, -1, -7, -7, -56, -16, 17, 19]
[-11, -19, 4, 10, 54, 14, -31, -30]
[-38, -23, 3, 9, -4, 9, 21, -21]
[51, 4, -27, -2, -2, -36, -38, -68]
[-13, -14, -16, 3, 17, 20, 35, -53]
[-12, 10, 20, -2, -5, -5, 13, 9]
[-6, 0, 1, 0, 0, 5, 5, -53]
[-3, -60, -47, -18, -9, -3, -13, 120]
[20, 28, 23, -5, -4, 9, -39, -6]
[-8, -7, 5, 0, 6, -9, -3, -25]
[24, 0, -10, 0, 12, 4, 8, 12]
[-11, -7, -2, -9, -27, -3, 44, 6]
[23, 0, -11, -7, -23, -13, 10, 29]
[-14, -23, -40, -3, 12, 7, -23, -1]
[-4, -22, 28, 11, 26, 20, 6, -16]
[-8, 40, 57, 14, -20, -15, 15, -6]
[15, 21, 20, 16, 31, -4, -3, 13]
[-10, -8, 7, -4, -3, 2, -26, 1]
[-10, -34, -41, -11, -8, -4, 29, -40]
[-6, 0, -20, -4, 12, 12, 0, -1]
[-2, -3, -6, 5, 12, -6, -6, 2]
[-14, -4, 8, 8, -3, -10, -18, -22]
[15, 18, 6, 4, 33, -1, 8, 8]
[2, 9, -3, -14, -57, -12, -6, 47]
[-24, -24, -17, -6, -16, -6, -6, 3]
[15, -3, 3, -2, -11, -4, 1, 16]
[7, 10, 5, 3, 1, 2, 2, -12]
[-3, 5, 4, 5, 32, 15, 8, 0]
[-9, -2, -23, -5, -10, -5, 10, 21]
[3, 20, 6, -4, -2, -8, -2, -21]
[15, 11, 25, 9, 8, -1, -2, 27]
[-4, -20, -17, -2, 2, 3, -9, -8]
[6, -12, -6, 1, -5, -7, 0, 0]
[-4, 16, 26, -2, -9, -1, 8, -6]
[6, 2, 0, 1, -6, -9, -8, -9]
[-4, 4, -19, -8, -1, 7, 2, -13]
[7, 42, 21, -1, 0, -10, -4, 2]
[-1, 25, -18, -5, -1, -12, 6, 2]
[11, -38, -1, -5, -14, -12, -2, 5]
[2, 8, 6, 3, 1, 0, -7, -14]
[-3, 41, -15, 1, 11, -11, 5, 13]
[-8, 37, 4, -2, -2, -7, 1, -1]
[-6, 61, -3, -5, -6, 6, -6, -3]
[8, 27, 1, 2, 5, 22, -3, 0]
[-5, -14, 2, 3, -5, 0, -5, -4]
[-6, -28, -7, 0, -14, -10, -1, -10]
[2, -35, -20, 2, 4, 2, -3, -1]
[-4, -15, 34, 4, 6, 16, -1, -2]
[0, -25, -2, -10, -3, 0, 4, 5]
[0, -33, -4, -21, 10, 4, 1, -5]
[0, -59, -26, -30, -2, 12, -5, 0]
[1, -39, -6, -26, 17, 10, -4, -4]
[1, -15, 1, 38, -5, -9, -1, -2]
[5, 19, 47, 50, 0, -15, 2, 2]
[10, 16, 12, 48, 6, 11, -1, 0]
[-5, -29, 1, -39, -12, 9, -4, -4]
[-2, -47, -48, -44, -8, 0, -2, -2]
[2, -9, 14, 88, 6, -7, 4, 3]
[2, 22, 6, 0, 2, 4, -4, -2]
[-2, -7, 25, 46, 33, 18, 1, -1]
[1, -16, 12, 6, 4, -2, 3, 6]
[-5, -7, -12, -45, 9, -14, -2, -1]
[2, -1, -2, -42, -30, 8, -4, -1]
[-3, 6, -42, -26, -72, -1, -8, -6]
[-1, 11, -11, -3, 10, -5, -3, -2]
[-1, 13, -2, -19, -2, 11, 1, 2]
[1, 10, 6, 0, 80, 20, 2, 2]
[-6, -11, -6, 9, -48, -9, -8, -6]
[-3, 14, 10, -23, -83, 4, 0, 2]
[3, 5, 2, -4, 79, 39, 6, 1]
[-4, 9, -12, 0, -51, 4, -1, 3]
[-1, 14, -7, -22, 10, -5, -6, -5]
[-4, 2, -6, -22, -83, -17, -6, -5]
[-10, -20, 5, 53, 69, 9, 4, -3]
[2, 23, 32, 8, 14, -12, 0, -4]
[8, 19, -2, 14, 74, -1, 8, 3]
[-2, 5, 0, -1, -33, -7, 1, 2]
[2, -14, -23, -42, -63, 1, 0, 1]
[-4, -8, 1, 27, 23, -11, 0, -2]
[-7, -7, 2, 14, -26, -13, 0, -1]
[10, 3, 4, -43, -14, 8, -1, 4]
[-5, -5, -9, 5, -52, -2, -2, -1]
[-3, 4, 13, 9, -23, -9, 3, 1]
[-2, -1, 4, 43, 79, -15, 1, -3]
[-8, -8, -4, 16, 48, 11, 0, -5]
[0, -5, -5, -47, -46, -10, -7, -4]
[6, 6, -8, 8, 5, -18, 0, 2]
[1, 0, 5, -4, 23, -10, 2, 1]
[2, -4, 9, 34, 72, 9, 0, -1]
[-5, -7, -9, -22, 27, 1, -1, -3]
[8, 13, -14, -10, -9, -13, 1, 2]
[-1, 4, 18, 17, 6, -13, -1, -3]
[2, 4, 3, 16, 26, 1, 3, 0]
[6, 6, 5, -8, 8, 7, 3, 2]
[0, -2, -10, -7, 20, -13, 1, 1]
[1, -2, -9, -18, -21, -6, 2, 2]
[-1, -3, 2, 16, 20, 1, -1, -2]
[-4, -7, -4, -19, -19, 5, -1, -1]
[1, 2, 5, 21, 28, 3, 1, 3]
[-2, 5, 0, -10, -1, -6, 2, 2]
[-1, 0, 3, 5, 5, 12, 2, 1]
[-1, 3, -5, 4, -41, 2, 1, 1]
[-1, -3, 1, -11, -61, 0, -2, -1]
[-2, -2, -1, 9, -11, -6, -4, -2]
[1, 3, 1, 19, 19, 7, 0, -3]
[-1, 0, 5, -12, 5, 7, 2, -2]
[-8, -6, -7, 12, -22, -8, 0, -4]
[1, -1, 1, 3, 25, 5, 2, 2]
[-11, 1, -9, -43, -75, -17, -7, -3]
[10, 13, 7, -3, -11, 6, 0, 2]
[-1, -4, -11, 19, 37, 7, 2, 2]
[-4, -6, 11, -6, -3, 1, 1, 0]
[5, 15, 7, 5, 10, 5, -1, 1]
[-5, -1, -2, 8, -2, 10, 3, 0]
[-7, -7, -2, -24, -20, -5, -6, -4]
[4, 2, -11, 5, -16, -6, 1, -1]
[-7, -10, -6, -11, -3, 2, 1, -4]
[-2, 0, 2, 4, 4, -2, 0, -1]
[2, -1, 5, 33, 68, 10, 1, 1]
[0, -3, -2, -13, -11, -4, -1, 2]
[-7, -17, -11, -18, -39, -7, -4, -4]
[13, 23, 3, -10, 4, -1, -1, 1]
[1, 2, 6, 13, 12, -2, 2, 1]
[0, -1, -5, -13, -12, 0, -1, -1]
[-3, 1, 9, 5, 51, 6, 2, 1]
[-6, -20, -6, 34, 19, 5, 0, -2]
[4, 2, -1, -51, -27, -8, -5, 0]
[1, 7, 3, 27, 2, 4, -1, 1]
[0, -1, -8, -19, 2, 2, 1, 0]
[-6, -5, -3, 1, 12, -1, -2, -3]
[-1, 2, 1, -14, -13, 5, 1, -1]
[3, -2, -3, 4, -31, -4, 0, 0]
[2, 2, 1, 23, 68, 2, -2, -1]
[-1, 2, 5, -19, -70, -8, -5, -2]
[0, -3, -1, -15, -18, -8, -2, 0]
[1, 1, -7, -12, -7, -5, -1, -2]
[-4, 0, 2, 12, 15, 4, 0, 1]
[-2, 1, -1, -3, 12, 1, -2, 0]
[-3, -2, -1, -2, 10, 3, 2, -1]
[-5, -8, -1, 9, -5, -2, -1, 0]
[5, 2, 0, 5, 12, -1, 1, -4]
[-2, -4, -1, 6, 18, -2, 0, 0]
[-1, 2, 4, -6, -14, -2, 0, -1]
[4, 0, -1, -4, 12, -2, -2, -1]
[1, 1, -2, -5, -9, -2, -1, -1]
[-2, -1, -1, 3, 4, -2, -2, 0]
[-2, -5, -4, -9, -10, -2, -1, -1]
[-6, -6, -21, -10, -14, -2, -1, -1]
[1, 8, 29, 14, 43, 4, 0, -1]
[-2, -7, -11, -6, -41, 1, -2, -3]
[0, -1, 1, -4, -49, 1, 2, 1]
[-5, 0, 5, 3, -6, 1, -4, -2]
[-1, 0, -11, -6, -40, -5, -4, -1]
[1, 0, -2, -3, 19, 3, 2, -2]
[2, -4, 0, 6, 26, 2, 0, 0]
[0, -3, -4, -8, -16, -1, 3, 0]
[0, -8, -7, -10, -24, -7, -3, -1]
[-5, -2, 7, 19, 34, 2, -1, 0]
[-2, 3, -2, 13, -6, 2, 1, -3]
[4, 3, 4, -12, 12, 2, 1, -1]
[-7, -5, -15, -7, -17, -1, 1, 0]
[8, 4, -2, 1, 21, 2, 0, 2]
[8, 10, 10, -1, 24, 0, 1, 1]
[-2, 0, 7, 6, -32, -5, -2, -1]
[-5, -5, -5, -8, -22, -8, -4, -2]
[2, 7, -2, -4, 2, -1, -4, 0]
[-2, -6, -5, 4, 5, -5, -3, 0]
[6, 2, 2, -11, 17, 7, 2, 0]
[-3, -2, -7, 13, 8, 0, -2, -1]
[-2, 3, 0, -3, 5, -3, -2, -1]
[0, -3, 0, 1, -6, 2, 0, 0]
[-5, -3, 1, -1, -6, -5, -3, -1]
[2, 2, 4, 2, 9, 2, 0, 1]
[-4, -3, -2, -13, -13, -5, -1, -2]
[-1, -1, 1, -1, 11, 3, 1, -1]
[-1, -2, -1, 3, 0, -2, 0, -2]
[3, -2, -17, 8, -33, -2, -1, -4]
[2, 11, 22, -9, 16, 4, 0, 1]
[1, -6, -10, -4, 12, 0, -2, -1]
[-1, 1, -1, 5, 14, 0, 0, 0]
[2, -3, 6, 16, 54, 3, -1, -1]
[-3, -6, -13, -4, -20, -5, -1, 1]
[-1, 6, -4, -12, -44, -8, -2, 1]
[-3, 2, 1, 14, 27, 0, 1, 0]
[-3, 1, 1, -2, 1, -3, 1, 0]
[0, -6, -4, 6, 18, 1, 2, -1]
[-4, -3, 3, 0, 11, 4, 2, 1]
[-2, -5, -6, -12, -19, -3, -3, -4]
[1, 0, 5, -12, -23, -3, -3, -1]
[-3, -4, 0, -3, -2, -1, 0, -1]
[1, -2, 5, 14, 8, 1, 1, 0]
[1, -1, -5, -9, -11, 1, 1, -2]
[-1, -1, 0, -5, -9, 2, 0, -1]
[0, 3, -6, 0, 11, 0, -2, -1]
[-2, 4, -1, -1, 10, -2, -3, -1]
[1, 1, 1, -2, 18, 2, 0, 1]
[4, 4, 2, 4, -26, 0, 0, 1]
[0, 0, -2, 7, 0, -3, -2, -1]
[-1, 1, 0, 1, -18, 1, 0, 0]
[-1, 0, -2, 9, 29, -1, -2, -1]
[0, 1, 5, -18, -29, -3, 0, -1]
[-1, 0, 3, -15, -10, 1, 3, 0]
[-7, -9, 1, 26, 31, 5, 0, -3]
[-2, -12, -18, -7, -23, -8, -2, -2]
[0, 10, 13, 2, 24, 0, 0, 2]
[9, -7, -6, 2, -7, 1, 0, -2]
[4, 13, 2, -5, 13, 3, -1, -1]
[-4, -3, 4, 1, 12, 1, -2, -1]
[-5, -6, -10, 7, 10, -1, 0, 1]
[-1, -2, -1, 1, -4, 0, 0, 4]
[-3, -8, -1, -13, -22, 0, 1, 0]
[-1, 1, 0, 16, 11, -3, 0, -2]
[2, -3, -3, -9, 34, 1, -2, -3]
[-5, 0, -1, -4, -36, -5, -3, -2]
[-2, -5, -6, -6, 6, 0, -1, -1]
[2, 5, 6, -10, -32, -3, 1, 2]
[4, 0, 4, 20, 61, 4, 2, -2]
[-5, -3, 5, 1, -10, -4, -1, -3]
[2, 2, -4, -4, -6, -2, -1, 1]
[2, 0, 3, -9, -18, -1, -2, 0]
[2, -2, -5, -7, -28, -5, -1, 1]
[2, 5, -4, 14, 80, 7, 0, -1]
[-2, -4, -4, -25, -99, -12, -2, 0]
[-6, -3, -1, 4, 5, 2, 1, -1]
[-4, -1, -2, 1, -2, 2, 0, 0]
[-2, 2, -2, 7, 3, 3, 0, 0]
[3, 3, 3, 2, 28, 1, -1, -1]
[2, 3, 6, -4, 4, -1, 0, -1]
[2, -3, -1, -3, -21, -4, -1, 0]
[0, -3, -1, 10, 8, 4, 2, 2]
[-1, -3, -1, 0, 16, 4, -1, -1]
[-2, 2, -5, -1, -16, -4, -2, 0]
[-2, -1, -2, -8, -1, -2, -2, -2]
[-1, 1, 1, 0, -7, -1, 0, 0]
[0, 0, 1, 11, 11, 4, 0, 0]
[-11, -6, -4, -20, -15, -6, -2, -3]
[3, 1, 0, 5, 0, 0, -2, -3]
[-1, 1, 0, 12, 60, 6, 1, -1]
[-4, -9, -3, -14, -43, -3, 0, 1]
[5, 9, 6, 2, 23, -3, 0, -1]
[-4, 0, -4, -7, -7, -2, -3, 1]
[1, -6, -7, -9, -28, -5, -1, -1]
[8, 8, 1, 9, 37, 2, 2, 1]
[-4, -7, 2, 5, -5, 0, 0, -2]
[-2, -1, -1, -2, -13, -1, 2, -1]
[1, -1, 2, 0, -2, -1, -3, -1]
[5, 5, 0, 2, 19, 0, -2, 0]
[-2, 0, -1, -2, -22, -3, -1, -1]
[1, -1, -15, 10, 19, 3, 0, -2]
[-1, 6, 8, -5, -10, 1, 1, -1]
[-2, 5, 4, 1, 12, 3, 1, 0]
[1, 3, 0, -5, -3, -2, 0, 0]
[-1, -4, 2, -7, -15, -6, -2, -1]
[-4, -8, -11, -9, -29, -1, -1, 1]
[-1, 0, 3, 5, 15, 3, 1, -1]
[-2, -3, -2, -3, -10, -4, 0, -1]
[-3, -4, 0, -4, -8, -3, -1, -1]
[-3, -1, -2, -3, -8, 1, 1, -1]
[-5, -4, -1, -3, 5, -1, -2, 0]
[4, -1, -3, 3, 7, 5, 0, -1]
[-4, -3, 2, 2, -3, 1, -3, -1]
[9, 4, 0, 0, -6, 2, -2, -3]
[0, -3, -2, -3, 2, -3, -1, 2]
[-2, 0, -4, -2, -3, 2, -1, -1]
[-11, -2, 1, -7, -17, -6, -2, -4]
[13, 10, 6, 3, 18, 1, 8, 15]
[-4, -2, -8, 0, 3, -6, -14, -13]
[0, -2, 2, 4, 17, 1, 2, 1]
[1, 0, 5, 4, 7, -4, -2, 1]
[-6, -4, 2, 8, -19, 3, -3, -3]
[-6, -9, -11, -6, -31, -5, -2, -2]
[1, 2, 11, 6, 2, 2, -1, 0]
[0, -5, -4, -5, 3, 0, -6, -2]
[-2, -1, 2, 5, 13, 3, 21, 2]
[-1, 3, 5, -2, 7, 2, 2, 3]
[-2, -6, -10, -8, -12, -6, -4, -6]
[5, 3, 0, 2, 8, 2, 4, 1]
[-4, -3, -5, -4, -2, -7, -4, -1]
[0, -2, -2, -1, 6, 1, 8, 1]
[-3, -6, -3, -1, 2, -3, -10, -3]
[8, 14, 11, 7, 3, 0, -2, 2]
[-12, -11, -5, -8, -7, -3, -9, -7]
[12, 22, 6, 2, 6, 6, 1, 5]
[5, -2, 0, 8, 10, 1, 4, 1]
[-22, 1, -2, -6, -19, 2, 10, -6]
[6, -5, -3, -4, -1, -5, -30, 11]
[-7, -12, -1, 6, 5, -2, 4, -6]
[2, 10, -4, -3, 2, 3, -5, 3]
[3, -4, -7, -16, -7, -2, 29, 10]
[-1, 4, -2, 8, -2, 1, -1, -13]
[-2, -8, -2, 15, 6, -5, -3, -1]
[3, 4, 1, 0, -5, 2, 12, 2]
[-5, -11, 2, -4, -3, 2, -24, -4]
[-1, 8, 5, 3, 4, 1, 8, -1]
[1, -3, -1, 0, -2, -1, -7, -6]
[-11, -10, -5, -14, -5, -1, 20, -5]
[4, 1, 2, 3, 6, 1, -6, -4]
[14, 5, -2, -6, 5, -2, -17, 12]
[5, 17, 5, 4, 0, 7, 32, 9]
[-6, -7, -3, -3, -1, -4, -19, -1]
[-1, 4, -4, -8, -12, -10, 15, -3]
[2, -6, -1, 1, 6, 3, -5, -7]
[-2, 4, 1, 5, 4, -3, 7, -1]
[-18, -9, -8, -6, -6, -6, -20, -9]
[5, -6, 1, 4, 8, 3, 11, 6]
[3, 2, 6, -1, -7, -3, 9, 0]
[1, -8, -3, -10, -5, -2, -25, -2]
[-5, -4, 3, 0, -3, 4, 0, -7]
[-1, -2, -9, 9, 6, -2, -3, 3]
[-3, 4, 13, 13, -1, -3, -14, -3]
[-5, -6, -6, -9, 2, 2, -7, 5]
[1, 4, 3, 7, -3, -1, 13, 8]
[-1, 2, 9, 6, 1, -5, -15, -17]
[-1, 6, -3, -4, 6, 7, 15, 24]
[-3, 4, -16, 1, 0, 0, -32, -30]
[-3, 3, 16, 5, 2, -3, -2, 23]
[-6, -6, -8, -12, -13, -7, 5, -32]
[-9, -15, -7, 6, -1, 2, 10, -4]
[-7, -12, -17, 2, 3, -5, 3, 2]
[22, 37, 12, -11, -35, -5, 8, 18]
[9, 15, 22, -4, -10, 4, 16, 3]
[-6, 8, -1, -2, 1, -2, -7, -9]
[-1, -21, 0, 4, 7, -6, 2, -3]
[-8, -14, -6, 9, 7, -9, 7, -17]
[8, 20, 5, 5, 8, 4, 2, 30]
[7, -4, -7, -9, -3, 11, 41, 6]
[-4, -10, -4, 1, 5, 6, -9, -5]
[11, 5, -6, -6, -2, -4, 7, -7]
[-5, -17, -6, 5, 9, -1, -18, 6]
[-10, -3, -10, -4, 4, 2, 18, -9]
[-6, 7, 4, -5, -2, 1, 7, -16]
[8, 0, -2, -4, 2, 3, -2, 15]
[-7, -18, -15, -6, 8, -2, 16, 7]
[2, 9, 4, 3, -2, 1, 19, -9]
[9, 8, 13, -1, 10, 0, -11, 42]
[-7, 2, -8, 0, 13, 4, 7, -31]
[14, 10, 2, 2, 1, -1, -9, 55]
[-8, -5, -5, -16, -37, -7, -28, -59]
[2, 12, 18, 2, 1, 6, -6, 89]
[-4, -24, -35, -11, 1, 2, -43, -83]
[11, 18, 3, -4, 4, -9, -18, -1]
[8, -2, 26, 5, 11, -9, -56, 15]
[-14, -11, 2, -4, -9, -4, -7, -49]
[6, 8, 14, 10, 4, 6, 10, 21]
[8, -4, -6, 0, -2, -2, 24, 42]
[-17, -23, -30, -4, 6, 0, -31, -22]
[1, 23, 21, -1, 3, 10, 39, -34]
[-4, -33, -8, 6, 5, -8, -27, 25]
[-2, 23, 1, 0, -12, -7, -20, -40]
[9, 19, 11, 12, 28, -4, 29, 59]
[-5, -31, -19, -9, -27, -5, -39, -25]
[-2, -9, -2, 1, 5, 0, 10, 28]
[-23, 3, -1, -11, -47, -14, -15, -37]
[14, 19, 1, 7, 10, 3, -59, 39]
[-3, -11, -6, -2, -2, -4, -35, -3]
[-16, 20, 2, 9, 12, 0, -4, 12]
[-21, -45, 9, -2, -1, 14, 26, -98]
[35, -4, 8, 12, 19, 3, 29, 3]
[3, -27, -22, -11, -16, 2, 54, 66]
[23, 4, 20, -2, 11, -11, -34, -44]
[14, -4, -21, 3, -2, -6, 9, 97]
[-39, -1, -7, -12, -18, -5, 30, -113]
[14, 8, 23, 2, 1, 27, 105, 97]
[-35, 13, 14, -4, -16, -12, -2, 23]
[31, 48, 9, 15, 11, 14, -8, 4]
[-6, -13, -15, -8, -1, 3, -33, 12]
[12, 29, 0, -1, 12, -2, -28, -12]
[14, 41, 20, 6, -2, 2, 45, -17]
[-10, 0, 11, 9, 3, 6, 13, -78]
[-5, -13, -16, -4, -10, -2, 31, 59]
[2, -24, -5, 5, 18, 8, 9, -27]
[-27, -18, -16, -9, -8, -4, -38, -74]
[11, -22, -16, -6, -6, -14, 63, 127]
[-25, -21, 10, 7, 13, 12, -89, -123]
[14, 34, 2, -3, -1, -4, 9, -24]
[13, 13, -2, -8, -9, 10, 12, 91]
[23, -7, -7, -5, 6, -1, 47, 20]
[-25, -44, 3, -1, 9, -7, 21, 87]
[-2, -30, -32, -4, 7, -7, -11, 9]
[24, 16, 26, 2, 20, 17, 43, 19]
[-8, 47, 10, -4, -39, -14, -9, -100]
[-8, -32, -10, -17, -34, 12, 63, -29]
[9, 18, 14, 0, 10, -12, 13, -66]
[-17, -31, -14, 0, 2, -3, -10, -12]
[2, -14, 5, 9, 9, 6, -44, 49]
[-10, 10, -11, -3, 28, -8, -53, -99]
[-6, 8, 3, 4, -14, 10, 6, 64]
[-4, -6, -8, -9, -14, -13, 31, 24]
