[-8, 17, 4, 3, 28, 5, -40, -2]
[18, 18, 2, -5, -27, -8, 4, 13]
[-28, -12, 5, 6, 4, 14, 7, -38]
[51, 28, -6, 2, -10, -11, 71, 71]
[-16, -42, -8, -10, 7, -16, -78, 0]
[7, -27, -18, 0, -2, 7, 67, 69]
[-24, 24, -11, -5, 0, -9, -28, 21]
[48, 73, 73, 10, -4, 3, 55, 64]
[-21, -26, -13, 10, 19, 11, -79, -14]
[-34, 41, 14, 9, 20, 10, 28, -61]
[67, 44, -6, 3, -14, 4, -7, 73]
[-21, -60, -26, -5, 32, -18, 44, 32]
[1, -8, -6, -9, -45, -1, 74, 127]
[81, 108, 28, 5, -6, 6, -87, -25]
[-12, -25, -2, -3, -19, -14, -15, 59]
[-62, -32, -17, 1, -7, 9, -43, -128]
[-28, -61, -53, -14, -10, -6, 46, 66]
[52, -15, -27, 8, 12, 6, 3, 41]
[13, 53, 71, 12, 31, 4, -34, 16]
[-14, -21, -2, 4, 6, 23, -26, -55]
[-32, -25, -4, -7, -7, -39, -51, -15]
[31, 79, 70, 10, -1, -15, 51, 70]
[-30, -59, -66, -3, 28, -19, -84, -62]
[26, 45, 18, 3, -10, 7, 15, 65]
[2, 24, 30, -3, -38, 11, 44, -62]
[-28, -52, -33, -6, -10, -3, 5, 16]
[-36, -38, -22, -2, 15, -1, 47, -4]
[39, -2, -28, 12, 33, -11, 13, 78]
[-18, 17, -40, -29, -62, 1, -15, -60]
[-12, -15, 55, -5, -11, 8, 45, 55]
[-2, 20, 17, 18, -1, -7, -87, -74]
[-50, -78, -56, -6, 1, -23, -128, -48]
[-51, -59, 5, -6, 2, 20, 83, -94]
[74, 18, -29, 3, 59, 20, 54, 68]
[-28, -7, 31, 6, -5, 17, -10, 10]
[21, 24, -1, -6, -30, -8, 48, 9]
[-38, -42, -58, -7, -6, -27, -65, -59]
[-11, 20, 78, 3, -35, -38, 15, -31]
[7, -10, -5, 21, 46, 22, 83, -17]
[20, -5, 28, -4, -59, -6, -58, 33]
[50, 58, 14, 8, 39, 18, 30, 71]
[-49, -34, -58, 5, 8, 8, -44, -74]
[-27, -7, -37, -18, -12, -12, 8, -27]
[3, -27, -15, -11, -7, -1, -57, -6]
[29, 16, 47, 12, 36, 2, 18, 4]
[-30, -17, -19, -6, -12, 2, -32, 51]
[52, 11, -2, -13, -17, -10, -21, 0]
[-39, -15, -37, -18, -19, 7, 64, -42]
[4, -22, 10, 9, 31, 0, -14, 53]
[-7, -7, -86, -3, 2, -9, -100, -46]
[-31, 20, 104, 8, -27, -3, -6, -87]
[-36, 19, 9, 11, 8, 3, 69, 46]
[59, 25, -9, -1, 12, -10, -97, 22]
[-8, 9, 8, -7, -1, 1, 3, -30]
[34, -68, -86, -10, 0, 18, 28, 111]
[-18, -31, 3, 6, 34, -11, -29, -128]
[4, 23, 41, 4, 22, -4, -41, 85]
[-20, 13, -17, -10, -54, 3, -52, -38]
[-26, -52, -41, -29, -71, -7, 67, -4]
[56, 50, 22, 2, -29, -1, 11, 45]
[-5, -6, -22, 16, 32, 9, 28, 25]
[10, 24, 37, 3, 15, 14, 30, 2]
[-16, -12, -9, 7, 23, 5, 18, 25]
[-7, 32, 42, 1, 18, -8, -13, 8]
[-12, 32, 2, 5, -19, -5, -18, -128]
[49, -4, 2, -1, -6, 0, 14, 37]
[-23, 21, -26, -10, -6, -10, -64, -83]
[9, -39, -21, -16, -21, -1, 47, 100]
[6, 52, -15, -1, 2, 1, 22, -49]
[-15, -13, 36, 15, 17, 2, 115, 57]
[7, 13, 2, 1, 25, 23, -52, -61]
[-16, -18, -34, -16, -33, -22, -76, -38]
[-2, -17, 40, -4, -16, -1, -31, 66]
[-28, -18, -27, 3, 26, 28, 61, -41]
[7, 18, -7, -9, -1, -12, 33, 41]
[24, -19, -37, -5, -29, 4, -14, -50]
[5, -6, 5, 2, 8, -21, 0, 11]
[-4, 22, 5, 4, 2, 2, 62, 5]
[21, 30, 49, 0, -46, -18, 15, 43]
[-15, 20, 3, 14, 21, 2, -27, 30]
[-21, -21, -15, -7, -3, 1, 24, 67]
[0, 39, 14, 7, -20, 8, -7, -49]
[-24, -20, -17, -14, 2, -8, 20, -18]
[-23, -17, 3, 4, -10, -15, -20, -24]
[-45, -26, -5, -8, 4, 14, 56, -23]
[19, 13, 5, -3, -14, -14, -100, 19]
[1, -1, -2, 6, 9, -6, 69, 52]
[16, -1, 0, 0, 1, 1, -40, -34]
[2, -18, -16, -2, 5, -1, -17, -23]
[-14, -23, 13, -17, 0, 2, -43, 37]
[32, -9, -42, 1, 14, 2, -22, 13]
[-20, 36, 67, 5, 22, -17, 31, -57]
[22, 48, 45, 14, 20, 22, -10, -36]
[10, -21, -6, 8, 7, -6, 36, 44]
[-3, -17, -33, -16, -64, -8, -3, -14]
[-6, -12, 1, 2, 66, 9, 20, 80]
[-21, -29, -27, -9, -79, -25, -28, -20]
[-25, -22, -4, -5, 24, 2, -32, 19]
[25, 19, 15, 10, 26, -24, -19, 23]
[9, 22, 3, 4, 6, 27, -12, 27]
[-22, -25, -8, -7, 12, -24, -48, -78]
[32, 8, -16, -7, -19, -12, -44, 38]
[-9, 19, 19, 9, 17, 7, -7, -15]
[-20, -13, -20, -12, -29, -1, -10, -3]
[37, 18, -9, 0, 4, 9, 34, 45]
[-34, -19, -8, -5, 1, 4, 1, -9]
[24, 28, 21, 9, 20, 13, 35, 62]
[0, -10, -15, -5, -14, -10, 5, -49]
[13, 19, 19, 2, -2, 1, -5, 16]
[-1, 12, 15, 10, 15, -2, 19, -8]
[-2, 16, 19, 3, -4, 5, -15, -11]
[-6, 0, -11, 2, 0, -1, 5, 17]
[7, -20, -24, -2, -6, -4, 14, 4]
[2, -1, 10, 3, 3, 0, 10, 0]
[-3, 7, 20, 3, 11, 5, 2, -7]
[-9, -28, -20, -10, -27, -7, 1, -6]
[15, -3, 6, -3, 8, 9, 16, -6]
[9, 1, -21, -5, 6, -1, 8, 1]
[-10, 5, 15, 13, 23, 10, 1, -9]
[5, -44, 5, 8, 28, -8, 1, -2]
[-1, 8, -13, -11, -39, -12, 5, 5]
[-7, 17, 2, -10, 0, 8, 7, 9]
[-7, 41, -17, 7, 0, -1, -10, -16]
[0, 54, -3, 2, 8, -12, 0, -2]
[3, 24, 24, 8, 18, -16, 8, 6]
[4, -37, -24, -14, 0, 7, 2, -1]
[0, 5, 15, -8, -24, 5, -7, -12]
[6, -5, 9, -5, -8, -1, -3, -2]
[2, 19, 3, 15, 54, -1, 4, 4]
[-3, -8, -10, 11, -54, 9, -3, -3]
[2, -47, 14, -9, -44, 11, -11, -6]
[-4, -23, -10, -17, -44, -33, -8, 0]
[0, 10, -15, -12, -1, -8, 5, 2]
[10, -16, 17, 37, 95, 25, 2, 3]
[7, -26, 1, 20, 25, 25, -3, -4]
[-2, -15, -1, 2, 7, 9, 0, -1]
[-2, -30, 0, -4, -12, -4, 4, -3]
[2, 0, -12, -13, -10, 3, 1, -2]
[5, 30, 4, -7, 11, 15, 1, 0]
[-3, 4, 6, -4, 0, -6, -6, -1]
[-5, -9, -12, -9, -62, -5, 0, 2]
[2, -8, -3, 10, -14, 12, 2, 3]
[6, -2, 6, 4, 38, 18, 2, 0]
[-5, 8, -3, 16, 90, 1, -1, -1]
[5, 7, 6, -21, -60, -8, 1, 3]
[0, -1, 14, 16, 21, -3, -3, -2]
[-3, -8, -10, -15, -1, -8, -2, -4]
[1, 25, -8, -25, -42, -4, 3, 1]
[-1, 0, 7, 29, 31, 10, 4, 5]
[-4, -5, -18, -39, -19, -2, -4, -6]
[-3, -6, -15, -7, -21, 0, -6, -2]
[3, 0, 5, 6, -28, 13, 3, -1]
[-2, -8, 7, 32, 46, 5, 2, -2]
[-3, 4, -2, 13, 5, -5, 0, -2]
[-2, 4, 11, 14, 37, 4, 3, -1]
[-1, 7, -7, -48, -105, -15, -5, 0]
[-10, -7, 3, 10, 5, 15, 1, 0]
[3, 5, -5, -7, 6, 4, -3, 1]
[6, 1, -43, -4, 1, -6, -2, -1]
[-1, 10, 37, 22, 52, 25, 3, -1]
[5, 21, 12, 12, 37, 30, 6, 5]
[-4, -7, 3, -24, -40, -24, -3, 0]
[0, -2, 6, 8, -18, -27, -3, 1]
[-3, 5, -16, -11, 1, -3, 3, 0]
[-7, -6, -10, -14, -7, -10, -4, -5]
[0, -5, -2, 0, 9, -12, 4, 1]
[-4, -6, 4, 2, 63, -16, 0, -2]
[-2, -14, -17, -7, -61, -16, -3, -2]
[5, 0, 16, -1, 112, 15, 1, -1]
[1, 2, -2, 12, -25, -19, 1, 0]
[-6, -7, 7, 13, 23, -7, 0, 0]
[-2, 4, 7, 16, 8, 0, -1, -1]
[-1, -16, -21, 3, 4, 4, -1, 0]
[2, -3, -14, -14, -33, -12, -1, 0]
[3, 25, 41, -4, 29, -5, 1, -1]
[-4, -19, -28, -38, -58, -1, -1, -1]
[2, 4, -2, 15, 22, 5, -2, 0]
[0, 29, 9, -3, -47, -9, 3, 0]
[-3, -10, 21, 35, -12, 1, 1, 0]
[4, 13, 11, 11, 39, 16, 3, 3]
[1, -7, -1, -1, -20, 4, 1, 2]
[-10, -19, -16, -7, -21, -1, -1, -1]
[6, -1, -23, 2, -9, -7, 0, -1]
[1, -11, -5, -5, 3, 5, 1, -2]
[-3, 17, 6, -2, -1, 1, 0, -1]
[4, 15, 19, 4, 40, 8, 3, 3]
[-7, -8, -11, -31, -74, -24, -5, -6]
[0, -6, 2, -5, 33, 8, 2, 1]
[0, 0, -13, -1, 4, 2, -5, -2]
[-4, -4, 1, 9, 24, 8, 1, -2]
[-3, -8, -3, -24, -22, -8, -2, 2]
[1, 10, 5, 35, -33, -6, -3, 1]
[-2, 3, 9, -32, -57, -3, -1, 2]
[3, 0, 5, -4, 12, -3, 1, -3]
[-5, -4, -1, 2, -15, -6, 0, -2]
[-3, -3, -6, 7, 34, 4, 1, 1]
[0, 3, 5, -2, -18, 3, 0, -2]
[-3, -5, -1, 0, 3, -2, -1, 1]
[1, 0, -6, -8, -10, 0, -1, -1]
[0, 5, 1, -3, -71, 1, -1, -4]
[3, -6, -16, 3, 42, 2, 1, 0]
[2, -2, 9, 22, -5, 0, 0, 0]
[0, -1, -9, -38, -55, -10, -5, -4]
[1, 4, 3, 12, 37, 3, -4, -1]
[-1, -10, 2, 19, -9, 3, 1, 1]
[2, -3, -9, -41, 5, 0, 1, 1]
[-3, 6, 0, 20, 17, 4, 0, 0]
[2, -1, 4, 7, 44, 1, -1, -1]
[-3, -2, -8, -25, -17, 1, -1, -4]
[2, 2, 12, 61, 26, 1, 2, 1]
[1, -2, -2, -18, 18, 2, 0, 0]
[-2, 2, -2, -2, 6, -3, -3, -1]
[-3, 3, -6, -22, -31, -7, -4, 0]
[3, 8, 3, 0, 2, 0, 2, 3]
[-1, 0, 1, 10, 57, 5, -2, -2]
[-3, 0, -5, -30, -66, -5, 0, -2]
[-3, -5, 7, 23, 5, 0, -2, -4]
[-3, -8, -6, -22, -9, -4, 3, -2]
[-1, -7, -7, 3, 6, -3, 3, 1]
[-2, -3, -1, 21, 52, 2, -2, 2]
[-2, 0, 9, -9, -17, -3, 0, 2]
[0, -3, -11, -1, 13, -2, -1, -2]
[-1, -1, 4, -9, -22, -1, 0, -2]
[-3, -1, 8, -4, 19, 3, -2, 0]
[1, -3, -8, -11, -21, -5, 0, -1]
[-5, -3, 2, 9, 4, -2, -6, -1]
[5, 6, -5, -1, 1, 4, 0, 0]
[3, 4, 3, -3, -6, 0, 0, -1]
[-1, -2, -5, -5, -7, 0, 2, 0]
[-4, -3, -1, -8, -36, -5, -2, -3]
[-2, -2, 0, 14, 36, 1, -2, 0]
[-2, 2, 3, 21, -3, 2, -1, 1]
[4, 4, 3, -2, 3, -1, -1, 2]
[2, -2, -2, -11, 1, 4, -1, 0]
[-4, -5, 1, 0, -31, -6, -1, -1]
[1, 0, -2, -9, 14, 3, 0, 1]
[2, -1, -2, 15, 17, 3, 1, -1]
[4, 0, -3, -23, -22, -2, 0, -1]
[-3, -2, 5, 12, 7, 3, 0, -2]
[-2, 2, -1, 3, 17, 0, -1, -4]
[-2, -4, -1, 2, -18, -2, -1, 1]
[1, 1, -4, -7, 3, -1, 1, 0]
[1, -1, -3, 6, -6, -5, -1, -2]
[1, 1, 2, -32, -9, 1, 2, -2]
[0, 1, -12, 17, 9, -1, -1, 0]
[-2, -1, 4, -2, 21, -3, -6, -2]
[0, 0, 9, 23, 20, 3, -1, 0]
[0, -6, -9, -6, 1, -8, -4, -4]
[-1, 4, 5, -9, -33, -3, 1, -1]
[-2, 0, -3, 9, 36, 5, 1, 0]
[-1, 0, -6, -8, -51, -1, 0, 3]
[-2, 0, 3, -9, 3, -3, -4, -2]
[1, -1, -6, -9, 26, -1, 1, 1]
[-1, 0, 3, 21, 5, 1, 0, 2]
[-1, -1, -1, -10, -1, -2, -2, -1]
[3, 1, 0, 26, 28, 4, 2, 0]
[0, -2, 0, 2, -4, -2, -3, -4]
[0, -1, -3, -13, 9, 5, 2, 2]
[-3, 2, 1, -1, 2, -4, -4, 1]
[1, 0, -4, 4, 5, 0, 0, 0]
[1, 5, 6, -7, -1, 1, 0, -2]
[0, -2, 0, -18, -14, -1, 0, 0]
[0, -3, -3, 24, 23, 0, -1, -1]
[-4, -5, -9, -12, -39, -6, -2, -2]
[-2, -4, -2, 16, 13, 9, 0, 2]
[8, 12, 14, 13, -4, -2, -1, 2]
[-3, 0, -8, -26, -8, -6, 0, -1]
[-3, 2, -11, 7, 18, -1, 3, 1]
[-2, 2, 12, -8, -13, 0, -2, -1]
[-1, -3, -9, -6, -19, -3, 1, -3]
[1, -3, -1, 16, 42, 3, 0, 0]
[-1, -8, 1, -22, -64, -8, -3, -2]
[-1, -3, -5, -7, 1, 0, 0, 0]
[0, 0, 4, 13, 13, 0, 1, 0]
[4, -2, 1, -11, 0, -1, 1, -1]
[0, 3, -4, 11, 13, 1, 0, 2]
[1, -1, 1, -21, -6, -2, 0, 1]
[-6, -1, 5, 18, 18, 2, -1, -3]
[-3, -1, 1, -2, -16, -1, 1, 0]
[-2, -3, 1, 9, 0, 2, -1, 0]
[4, 0, -3, -7, -11, -3, -3, 0]
[2, -2, -3, -8, 23, 0, 0, 0]
[-3, 1, -1, 0, -29, -2, 2, -1]
[-2, -2, -2, 13, -17, -5, 0, 1]
[-1, -2, 2, -12, 32, 6, 1, 0]
[-2, -4, -4, -13, -34, -6, -4, -3]
[-11, -9, 1, 10, -31, -2, -4, -3]
[14, 16, 5, -3, 17, 3, -3, 1]
[-2, 2, 1, 8, 2, 4, 1, -1]
[-2, -1, 1, 9, 16, 0, 0, 1]
[1, -2, -2, -17, 0, -2, 0, 1]
[-3, -2, 1, 4, 6, 0, -4, -3]
[1, -4, -7, 0, 11, 1, -1, 0]
[-2, 1, -4, -20, -18, -4, -1, 1]
[2, 0, 6, 6, -5, -4, 1, -3]
[-2, -2, 4, 2, 0, -1, 1, 1]
[4, -2, -14, 9, 10, 2, 1, 0]
[-10, 1, 13, -5, 27, -2, -2, -3]
[-3, -6, -10, -18, -37, -2, -3, -3]
[-2, -3, -2, -5, 9, 4, 1, -1]
[-9, -4, -1, -6, -40, -9, -4, -1]
[2, -5, -13, -3, -28, -2, 0, 2]
[1, 5, 6, -1, 9, -2, -2, 1]
[-3, -4, 0, -11, 11, 5, 1, -1]
[3, 5, 4, 10, 17, 1, 2, -1]
[2, 3, -5, 3, -13, 0, 0, 1]
[-1, 3, -4, -7, -18, -6, -3, -2]
[-6, -2, 2, 7, -1, -2, 0, -2]
[0, -1, 0, -5, 0, -2, -2, 1]
[1, -3, 1, 14, 10, 3, -1, 0]
[4, 3, -1, -5, 10, 1, 2, 2]
[-4, -2, 4, 4, -5, 1, 1, -1]
[6, 8, 0, -1, 7, 1, 0, -8]
[-3, 4, 4, 7, 12, 1, -2, 3]
[3, -3, -5, -2, 4, 1, 5, 1]
[-3, -1, -1, 5, -7, -5, -15, -1]
[-3, -3, 1, 0, 2, 1, -1, 2]
[0, -3, -3, 2, -4, 1, -1, -4]
[0, -2, -4, -5, 7, -1, -1, -2]
[4, -1, 1, 0, 16, -1, 1, 0]
[0, -1, 1, 2, -13, -1, -2, -2]
[0, -3, -4, -6, -13, -1, -2, -3]
[-5, 1, -2, -4, 5, -2, 0, 0]
[0, 0, 3, 5, 9, -2, 1, -1]
[-5, -3, 0, -2, 0, -3, -9, 0]
[-1, -2, -1, 5, -6, 1, 22, -4]
[1, 2, 3, -5, 3, 2, 3, 1]
[-2, -4, -6, -17, -17, -3, 13, 5]
[2, 3, 3, 8, 6, -2, -8, -2]
[1, -1, -3, 1, 4, 2, -3, 1]
[0, -2, -2, 0, -7, -5, -13, -8]
[-2, -5, -4, 6, 6, 1, 4, 0]
[4, -1, 1, -5, -1, 0, 7, 9]
[0, -1, 1, 1, 3, -4, -11, -11]
[5, 4, 2, 12, 38, 6, -37, 4]
[-1, 5, 1, -2, -5, -8, 24, -1]
[-4, -2, 2, -5, 3, 5, -4, -5]
[-2, 4, 0, -10, -45, -2, 5, 1]
[-5, -3, 0, -5, -14, -1, 2, 2]
[-1, 0, 1, 7, 23, 1, -22, -3]
[-2, -8, 1, 8, 9, 4, 29, 2]
[-2, -3, -2, -4, 8, -2, 1, 11]
[2, -3, -5, 0, 6, -2, 7, -9]
[5, 9, 0, 4, -1, -1, -15, -3]
[3, 3, 0, -2, -1, 4, 27, 3]
[-4, 1, 2, -4, 15, 0, -6, -1]
[-3, 2, 3, -2, -13, -3, 11, 0]
[-3, -6, -4, -4, 2, 3, 10, 11]
[-3, -2, -2, 0, 2, 2, 5, -1]
[4, -4, -5, -7, 4, -2, -13, 6]
[1, -1, 0, -2, -7, -1, 13, -4]
[2, -4, -2, -2, -8, -3, 7, -3]
[3, 3, 0, 0, -1, -3, -23, 2]
[-1, 3, 1, 3, 4, 1, -2, -4]
[-8, -6, 1, -1, -8, -7, -6, -3]
[-5, -8, -3, 2, -4, 4, -20, -3]
[4, 2, 2, 1, 1, 0, -7, 1]
[2, 4, 4, 6, 6, 9, 7, -4]
[4, 3, -6, -7, -10, 0, 7, 9]
[-3, -2, 6, -2, 8, 6, -8, -1]
[-2, -4, -6, 3, 0, -2, -16, -3]
[0, -5, -3, -5, -7, 0, 9, 3]
[-12, -7, -1, -5, 1, -4, -18, -9]
[-3, -5, -17, -3, -4, -1, 8, 3]
[8, 12, 6, 0, 0, -1, -5, 12]
[1, 7, 7, 6, 10, -1, -5, -27]
[1, 2, 3, 4, 7, -5, 1, 9]
[-2, 0, 3, -3, -19, -8, 7, 3]
[-1, -6, -1, 2, -2, 5, -2, -3]
[-2, -2, -4, -1, 5, 6, 36, 13]
[-7, -10, -3, -5, -7, -10, -56, -43]
[8, 7, 1, 0, 4, -4, 7, 29]
[-11, -7, -3, -3, 4, 5, 20, 5]
[10, 2, 0, 0, -9, -1, 5, 9]
[-2, 1, 0, 1, 2, 3, -8, -9]
[0, 5, 2, -2, -5, -4, -11, -21]
[2, 0, -1, -1, 2, 0, 8, 10]
[-2, -8, 1, 3, 6, 0, 5, 11]
[7, 2, -4, 1, 23, 6, 46, 40]
[-7, -2, -1, -18, -53, -7, -50, -70]
[3, 6, -1, -3, -1, 7, 18, 9]
[-6, 4, 2, -3, -4, -3, -38, -22]
[1, -1, -1, -1, -3, -1, 20, 16]
[2, 1, 1, 8, 20, -3, 2, 9]
[-3, -8, -1, -2, -5, -5, -35, -10]
[6, -16, -1, -7, 2, 1, 6, 4]
[0, -2, -2, -3, -1, 9, 12, 3]
[-7, 4, 2, 5, 13, -8, -1, 7]
[2, -3, -4, -7, -11, -3, 15, -12]
[6, 16, -3, 5, 14, 4, -12, 0]
[0, 5, 7, 5, -9, 2, 11, 15]
[-2, 3, 0, -2, -2, 4, 1, -18]
[4, 3, 1, 11, 26, -2, 4, 25]
[-10, -5, -5, -9, -19, -1, 3, -21]
[-5, -4, -3, -10, -26, -4, -36, -12]
[-5, -5, -1, 2, 2, 2, 13, 18]
[3, -1, -5, 0, -5, -4, -13, 1]
[0, -4, -2, 7, 23, 2, -9, -20]
[4, 4, -3, 3, -9, -14, -12, 25]
[-1, -3, 0, -3, 0, 6, 12, -2]
[4, 3, -1, 1, 9, 3, 6, 34]
[-12, -5, -7, -5, -5, -7, -27, -29]
[-1, 0, -1, -5, -5, -1, 55, 21]
[12, -6, 5, 4, 9, 1, -29, -8]
[-12, -6, -3, -4, 1, 0, 25, -16]
[5, 11, 4, 3, 4, -1, 40, 27]
[-2, -13, -8, -5, -3, -1, -36, 1]
[-11, -11, -6, 3, 13, -9, 4, -1]
[11, 24, 7, -7, -38, -8, 23, -25]
[-3, -6, 0, 3, -5, 0, -25, 13]
[-4, 1, 3, 1, -4, -4, -18, -7]
[-5, -5, -4, 5, 19, 9, 59, 0]
[-9, -12, -2, -2, 3, 3, -13, -2]
[13, 9, 0, 2, 5, 2, -3, 51]
[-12, 1, -2, -13, -21, -9, -28, -97]
[8, 10, -1, -2, 1, -3, -26, 29]
[4, -20, 10, 6, 16, 9, 24, 16]
[-4, 38, 6, 1, 17, -3, 29, -27]
[6, -9, 2, 5, -25, 5, 23, 93]
[-14, 14, 1, -4, -4, -3, 8, -83]
[13, 33, -7, -9, -13, -7, -53, -8]
[15, -17, -13, -1, 15, 13, -2, 49]
[-19, -13, -23, -7, 10, -10, 7, -28]
[25, 19, 18, -2, -6, 2, 45, 70]
[-6, 16, 1, 3, 2, 1, -65, -98]
[-2, -32, -4, -5, -11, 8, 8, 44]
[14, 31, 5, 4, 3, -7, 10, -21]
[-12, -73, -19, -5, -6, -9, -46, 39]
[19, 41, -1, -4, 8, 1, 41, -57]
[-41, -28, -11, -4, -10, -9, -50, -68]
[41, 4, 4, 2, 23, 31, 29, 28]
[-16, -20, 1, -6, -8, -17, -23, -83]
[-16, -2, 20, 22, 33, 6, -52, 22]
[33, 21, -27, -14, -43, -6, -25, -32]
[-30, -12, 22, -12, -25, -11, -10, 83]
[0, 13, -1, -9, -23, -3, -28, -64]
[-4, -12, -4, -4, -10, 2, -50, -40]
[16, 29, 1, 4, 19, -6, 14, 50]
[-27, -2, -3, 16, 18, -4, -51, -115]
[35, 12, -2, 3, 20, -1, 68, 127]
[0, 29, -16, 3, -4, -27, 62, 96]
[-69, -55, 2, 2, 10, 15, -30, -53]
[31, 28, 4, 8, 12, -16, -27, -3]
[18, -35, -19, -15, -19, -5, -32, -4]
[15, -1, 8, -7, -39, 12, 21, 39]
[44, 21, 24, 7, 5, -6, 76, 127]
[-9, 6, -21, 0, -3, -19, -40, -60]
[-39, -42, 20, 14, 41, 32, 1, -102]
[42, 87, -1, 13, 30, 11, 12, 116]
[-52, 8, 40, -16, -77, -19, -59, -113]
[-26, -5, -15, -26, -36, -29, 14, -42]
[49, -2, -15, -5, -46, 3, -11, 127]
[-8, -6, -2, 12, 61, 34, 109, 83]
[27, 44, -3, 5, 27, -10, -123, -21]
[7, -31, -2, 0, 8, 33, 127, 50]
[-40, 1, -2, -3, 1, -6, -31, -101]
[-39, 6, -4, -11, -37, -29, -37, 53]
[77, -5, -3, 10, 24, 10, 66, 121]
