[-34, 30, 5, -2, 6, 9, -25, -99]
[-7, -11, -24, -1, 2, -8, 40, 25]
[-14, 23, 36, 6, -10, -1, -38, -33]
[-5, 50, 26, 8, 19, 1, -8, -22]
[-14, -38, -3, 2, 9, -36, 9, 21]
[0, 34, 9, 6, 11, 47, 101, -10]
[-15, -128, -40, -3, 12, -25, -6, -59]
[-9, -10, -10, -9, -10, -1, 65, -5]
[62, 26, 8, -16, -89, 13, 114, 127]
[4, -14, -25, -4, 28, -25, -93, -67]
[-50, -35, -25, -26, -85, -34, -59, -128]
[-7, -12, 4, 12, 44, 23, 60, 26]
[-32, -74, -25, 6, 34, -10, -20, -66]
[10, 11, 22, 20, -5, 3, 5, 62]
[25, -14, -18, -3, -9, 7, 59, 1]
[-45, -53, -20, -8, -11, -26, -28, -63]
[-5, -12, -17, 7, 2, -16, -66, -16]
[-22, 41, 44, 1, 13, 14, 53, -2]
[19, -38, -6, -8, -3, 7, 19, -17]
[14, 29, 2, -7, 13, -8, 4, 34]
[-6, -21, -5, 3, -12, -11, -78, -60]
[11, 12, 14, -7, -27, -8, 60, 79]
[-33, -10, 31, 16, 29, 16, 34, 117]
[0, 6, 4, 7, 22, 19, -6, -85]
[14, 4, -26, 0, -11, 1, 17, 24]
[-30, -21, 44, -11, -13, -5, -50, -5]
[-8, -35, -81, -8, 1, 16, -7, -7]
[18, -17, 32, 8, -26, -18, -46, 93]
[0, -59, -52, 1, 37, 3, 98, 44]
[0, 45, 47, -1, -13, -12, -19, -26]
[-29, -32, -31, 10, 31, 25, -54, 16]
[21, 25, 3, 17, 0, 23, 27, -46]
[35, 8, 55, -22, -43, -10, 62, 36]
[1, 25, 8, 18, 35, 3, 41, 122]
[11, -34, -2, 4, 16, -5, -115, -128]
[-26, 4, 5, -10, -10, -7, 42, 20]
[1, -8, 35, 9, -12, -2, -33, -12]
[-23, -78, -71, 3, 13, -3, -24, 17]
[115, 74, 75, -5, 17, 12, 73, 6]
[-15, -128, -33, 10, -12, -23, -44, 3]
[-12, -58, 11, 12, 33, 15, -78, -21]
[-32, -55, -13, -21, -58, -13, -22, -86]
[-31, -54, -92, -7, -3, 0, 24, 44]
[-19, -9, -112, -22, -15, 11, -6, -17]
[39, 109, 114, 9, 12, 1, 33, 33]
[20, 124, 86, 9, 11, 6, -42, 31]
[28, 118, 50, 10, -5, 1, 97, 83]
[-47, 60, -21, -11, -2, -1, -32, -96]
[46, 66, -47, -5, 28, 26, 17, 117]
[-20, -16, -76, 2, 1, -31, -21, -60]
[-14, 5, 9, -17, -23, 1, -31, -68]
[-15, 1, 27, 6, 19, 7, 60, 8]
[-48, -42, -62, -16, 3, 27, 41, 5]
[53, 36, -6, -2, -3, -19, 72, 65]
[2, 21, 49, 29, -2, 32, -4, -85]
[-8, 11, 27, 0, -16, -17, -24, 25]
[4, 32, -6, 8, 30, -5, 6, -11]
[4, -23, -48, -14, -36, 7, -21, 9]
[-33, -52, -55, -6, 3, -18, -27, 6]
[10, 2, 59, -7, 0, 14, 40, 78]
[-14, 40, 38, 8, -21, -4, -32, -90]
[-5, -1, -11, 11, 19, 0, 0, -16]
[59, 80, 103, 8, 16, 1, 40, 40]
[9, -5, -13, 7, -12, -28, -23, 10]
[12, -20, -27, -8, 18, 20, -18, 67]
[5, -33, -49, -8, -21, -32, 9, 25]
[-10, -20, -25, -15, -11, -11, -110, -83]
[21, 10, -4, -3, 13, 11, 81, 108]
[-8, -9, -21, 3, -22, -22, -23, -48]
[-32, 22, 28, 4, 53, 25, 4, 37]
[25, -5, -20, -28, -57, -8, 57, 69]
[4, 10, 21, 2, -15, -6, 0, -1]
[-10, -3, 9, -3, 12, -2, -59, -31]
[-10, -59, -37, -4, 17, 18, 5, -25]
[-31, -29, 0, 6, -33, -40, -57, -56]
[9, 24, 35, 3, 31, 30, 9, -11]
[32, 14, 15, 10, -13, -7, 23, 97]
[-13, -14, 12, 0, 26, 25, -7, -53]
[20, 14, -12, 2, -5, 5, 12, 56]
[17, -10, -47, -1, 13, 0, -8, -20]
[-32, 3, 18, 13, 11, 9, -11, -37]
[-1, -9, 28, 11, -2, -16, -18, 45]
[-28, 4, 9, 9, 9, 4, -70, -55]
[18, -22, -8, -5, -33, -4, -7, 14]
[-32, -47, -14, -8, 15, -5, -10, -73]
[38, 2, -4, -3, -15, -2, -7, 60]
[0, -46, -1, -15, 1, 9, 79, 31]
[16, -6, -40, -4, 14, 14, 13, 14]
[-34, -30, -22, -8, -24, -9, -26, -57]
[-10, 16, -2, -9, -28, -5, 2, -20]
[3, 42, 77, 12, 30, 5, -2, 59]
[-8, 51, 22, 13, 22, 6, -18, -6]
[13, 6, 1, -6, -4, -5, 23, 34]
[4, -32, -19, -6, -24, -14, -30, -71]
[38, -6, -18, 9, 57, 23, 13, 34]
[-16, -47, -11, -1, -27, -1, 14, 8]
[7, -12, -3, 1, -10, -8, -11, -5]
[6, -25, -2, -2, 14, -4, 26, -28]
[-20, -40, -10, -7, -12, -15, -70, -35]
[4, -16, 4, -8, -20, 7, 8, 5]
[-5, -29, -1, 4, -11, -11, 25, 44]
[20, -13, 6, 5, 3, 8, 5, -6]
[-31, -55, -3, 5, 20, 7, 34, 5]
[-47, -10, -11, -4, 10, -2, -12, -36]
[42, 82, -11, 3, 11, 2, -4, 23]
[-5, 77, 33, -1, -9, -14, -18, -30]
[26, 40, -24, -2, -3, 8, 20, 30]
[4, 74, 59, 8, -2, -6, -9, -23]
[9, 15, -14, -5, -4, 4, 1, -4]
[-8, -5, 5, -5, 0, -1, 1, 8]
[-13, 13, -9, 0, 1, 6, 11, 8]
[8, -14, -2, 5, 6, 7, 1, -10]
[-2, -73, 4, 1, -9, -14, 0, -11]
[7, -5, -11, -6, -3, -3, 5, -3]
[-16, -6, -4, -6, -15, -6, 7, 0]
[10, -8, -15, -10, -11, -2, -7, -23]
[-18, 10, 13, 10, 7, -5, -2, 4]
[1, 30, -13, -1, 1, 5, -4, -3]
[-2, 38, 4, -1, -21, -21, 6, -2]
[0, -83, -7, 0, 3, -6, -1, 2]
[-8, -43, 14, 3, -5, -25, -5, -5]
[3, -74, 1, 11, 2, -15, 1, -6]
[5, 25, -22, -13, -3, 3, 6, -1]
[6, 10, -7, -11, 3, -5, -5, -3]
[-9, 87, 43, 24, -18, 11, -5, 0]
[-2, 95, 5, -4, 0, -7, -10, -6]
[-5, -7, 3, -6, -45, 12, -1, 1]
[3, 81, -26, 11, 12, 14, -4, -8]
[-2, -8, -8, -22, -6, -12, -2, -4]
[10, 74, -8, 9, 11, 5, 2, 5]
[4, -6, 6, -2, 10, 13, 1, 0]
[6, -48, 6, -10, 43, 11, 1, -3]
[-4, -36, -3, 1, -38, -8, -1, -2]
[-2, -105, -1, 1, 10, -7, -2, 3]
[-9, -54, -23, 2, 32, 14, 1, 0]
[-2, -65, 26, 11, 46, 24, -4, -9]
[-7, 62, -15, -20, 0, 4, -3, -5]
[6, 64, 1, -3, -33, -11, -3, -2]
[-2, -66, -3, 8, 17, 13, 2, -2]
[6, 57, -7, -3, -8, 11, -1, -2]
[-5, -41, 0, -1, 23, 1, -1, 2]
[-10, -55, 3, -16, -51, 0, -2, 3]
[-8, 33, 26, 18, 23, 3, 0, 2]
[-3, 50, -8, -35, -23, 3, 3, 1]
[-7, 78, 0, 29, 60, -7, -1, -2]
[1, 65, 5, 17, -13, -13, 0, -1]
[-6, 4, -3, -2, 13, -5, 1, -4]
[-3, -27, -2, -5, -47, -13, -4, -6]
[6, -8, -14, -32, -34, 2, 3, 5]
[-5, -31, 7, 3, 8, -14, -2, -2]
[-5, -50, -1, 10, 56, 7, 7, 3]
[3, -9, 12, 10, 16, 3, -3, -2]
[-3, -9, -11, -5, 10, 3, 0, 2]
[5, -2, -4, -11, -31, -16, -4, 2]
[3, 27, -2, -2, -44, -18, 0, 2]
[1, -9, -10, 14, 48, 5, 0, -8]
[2, -18, 21, 53, 74, 29, 4, -2]
[0, -21, -15, 6, 2, 34, 4, -3]
[0, 13, 6, -16, 23, -5, -6, -4]
[1, 1, 6, 13, -36, -25, -3, 1]
[0, -13, -16, -59, -45, 21, -2, -2]
[-6, -8, 4, 3, -69, -15, -1, -2]
[-1, -11, -8, -8, 11, -14, 6, 2]
[-3, -14, -4, 23, 15, -8, 1, -4]
[10, 7, 8, 9, 31, -14, 3, 2]
[5, 7, 0, -13, 41, 23, 3, 6]
[-3, 13, 5, -10, -57, 10, -4, 1]
[-15, -18, -3, 26, 44, -11, -5, -7]
[2, 4, -7, -32, -8, -9, 0, 2]
[10, 13, 9, 2, 127, 32, 5, 5]
[-1, 4, -14, -79, -103, -38, -13, -2]
[1, 10, 9, 57, 22, -8, 3, 6]
[-6, -10, -10, -11, -24, 15, -2, -3]
[1, -10, 0, 12, 22, 8, -2, 2]
[5, 1, 6, 21, 14, -4, 1, 3]
[2, -1, -4, -36, -18, -7, -5, -4]
[-6, -13, -1, 5, -17, -30, -3, -4]
[-7, -3, 14, -9, -22, -23, 0, -6]
[-1, -2, 0, 10, 64, 1, 3, 0]
[1, 1, -4, 2, -19, -11, 6, 4]
[-2, -7, -5, 11, -31, 4, 3, 0]
[-10, 4, 1, -9, -3, 9, -4, -3]
[6, 10, 2, 10, 27, 8, 3, -2]
[3, 5, -20, -14, -2, -2, -4, -1]
[-2, 9, 19, -17, -4, 7, 1, -2]
[-7, -20, -9, 20, -22, 4, 0, 1]
[13, 5, 11, 13, -22, 0, 3, 5]
[6, 11, 10, 17, 43, 9, 5, 0]
[-2, -2, -16, -38, -43, -9, -6, -6]
[-2, -14, -4, -5, 43, -1, -3, -2]
[0, -1, 4, 8, 11, 7, 1, -1]
[-4, -13, -14, -24, 7, -1, -3, 0]
[-1, 1, 4, 14, 66, 5, -2, 2]
[-4, -4, 0, 4, 39, -3, -2, -1]
[-6, -7, -6, 13, 3, -2, 0, -1]
[0, 4, -7, -35, -64, -11, -1, -2]
[-5, -5, 4, 31, -27, -2, -2, -1]
[1, 4, -10, -18, -73, -2, 1, 2]
[0, 10, 10, 41, 99, 16, 5, -3]
[-5, -8, -3, -24, -121, -21, -2, -5]
[-1, -7, -8, -42, -90, -10, -4, -5]
[1, 2, -2, -5, -2, 5, -3, -2]
[-2, -4, 0, -5, -17, -5, -5, 1]
[3, -6, 2, 7, 20, 7, 0, 1]
[7, 1, 7, 27, 49, 9, 1, 1]
[-1, 3, -1, -3, -6, 2, -1, -1]
[-7, -2, -3, -7, -4, 5, 3, -2]
[3, -4, 5, 9, 2, -5, -3, -3]
[-7, -3, -11, -31, -10, 0, -2, 0]
[4, 13, 1, 39, 33, 2, 2, 0]
[2, -11, -2, 1, -27, -8, 2, -4]
[-2, 6, 0, -20, 20, 5, 2, -1]
[1, -8, -8, 12, 37, 4, 0, 1]
[-3, -1, 6, -4, -22, 1, -4, -1]
[7, 16, 1, -26, -73, -11, -5, 4]
[0, -2, -1, 4, -2, -3, -1, 0]
[0, -9, 2, 7, 48, 3, 6, 3]
[-1, -6, -9, -15, -67, -4, 1, -2]
[-2, -17, -7, 13, 13, 4, -2, -1]
[-9, -7, 8, -7, -3, -5, -6, -5]
[2, 3, -2, 4, -19, 1, 1, -2]
[1, 4, -1, 25, 14, -2, 1, 1]
[-3, 8, 2, -11, -15, -1, -2, 0]
[-1, -3, -8, -23, 11, 1, 0, 3]
[1, 4, 8, 28, 56, 5, -2, -3]
[2, -4, -1, 9, 15, 0, -2, -1]
[5, -1, -2, 12, 11, -4, 0, -2]
[2, 2, -5, 11, 19, 3, 2, 1]
[-1, 6, 4, -15, -34, 0, -2, 0]
[0, -3, -4, -23, -21, 1, 2, -1]
[-5, 4, -6, -21, -36, -8, -1, -1]
[2, -1, 6, 13, 6, 0, 0, -2]
[8, 3, -2, 10, -4, -9, -2, 0]
[-1, 6, 4, 3, 55, 10, 0, 1]
[-7, -4, -3, -12, -50, -4, -1, -1]
[-2, -1, 3, 24, 1, 1, 0, -1]
[-3, -3, 1, -20, -3, -4, 0, -1]
[-2, -5, 1, 17, 33, -3, -2, -1]
[-3, -2, 0, -6, 2, 1, 1, 2]
[-2, 1, -5, -14, -16, 1, -1, -3]
[1, 0, 3, 23, 21, 7, 0, -2]
[0, 4, 6, -19, 3, 4, 0, -1]
[-2, -1, -4, 19, 5, -1, -2, -3]
[-4, 3, -1, 3, -15, -8, 0, 2]
[-1, 2, -8, -11, 3, 1, -1, 0]
[4, 0, -2, -12, 0, -3, -2, 2]
[-3, -4, 2, -7, -18, 1, -1, -1]
[-1, -7, -2, 17, 9, 5, 1, -2]
[-13, -12, -10, -23, -22, -3, -6, -6]
[10, 13, 4, 10, -2, 3, 1, 3]
[-1, -1, 0, 20, 54, 4, 2, 0]
[-1, 3, 5, -9, -34, -5, -2, 1]
[5, 7, 2, -10, -13, -2, 4, 1]
[-3, -7, -4, -1, 15, -7, -5, -4]
[8, 13, 5, -13, -34, -8, 0, 0]
[-3, -2, 0, -6, 26, 0, -3, 1]
[-4, -1, 4, 21, -2, -2, 0, -1]
[-5, -10, -8, -2, 1, 6, 2, 0]
[-1, -3, -4, -8, 14, -4, 1, 0]
[1, -2, -3, 14, -2, -1, -1, -4]
[3, -3, -3, -32, -74, -5, -3, -1]
[3, -4, 1, -7, 2, 2, 1, 0]
[-2, -10, -5, -4, 2, 2, -4, -1]
[1, -3, 2, 17, 16, 1, 0, -1]
[-1, 0, 4, 10, 19, 2, 0, 1]
[-4, -1, 2, -12, -39, -5, 0, 1]
[-3, -1, 3, 6, 27, -1, -1, 0]
[3, 8, 0, -2, 10, 5, 0, -1]
[-4, 0, -12, 11, 0, 2, -1, 0]
[-3, -1, 6, 11, 46, 7, 0, 2]
[-4, 0, -1, 4, -34, -5, -1, 0]
[3, -3, -2, -15, -15, -3, -2, -2]
[9, 5, 6, 5, 20, 0, 1, 1]
[1, 1, -5, -12, -31, -6, 1, -1]
[-3, -5, -3, 0, 18, 2, 0, -3]
[-9, -3, -3, 17, 30, -1, -3, -1]
[2, -4, -4, -11, -48, -5, 0, -1]
[-3, 1, 3, 3, 19, 1, 2, 0]
[6, 9, 6, 0, 8, 1, 3, -1]
[-2, -3, -2, -8, -30, -4, 0, -1]
[-4, -3, -7, 18, 76, 2, -3, 0]
[-4, -5, -6, -12, -61, -5, -4, -2]
[-2, -1, 3, -3, -5, 0, -3, -1]
[2, 3, -3, -5, 15, -4, -3, 2]
[-6, -3, 4, 5, -17, -1, -3, 1]
[9, 8, 3, 11, 9, 3, 1, 2]
[-3, -6, 1, 4, 9, 1, 1, 0]
[-1, -4, -7, -27, -25, -4, -2, -2]
[-2, -2, -2, -4, 8, 0, -2, 0]
[-5, 2, -5, -7, 4, -2, -3, 2]
[15, 7, -3, 10, 21, 3, 0, 1]
[3, -3, 7, -11, 1, 0, 4, -1]
[-3, 0, 3, 4, -12, -1, 3, -2]
[-4, 2, 0, 25, 36, 6, 1, 1]
[-3, 1, -3, -9, -26, -6, -2, 2]
[-5, 0, -5, -6, -7, -2, 0, -1]
[1, -1, 3, 6, 32, 0, -1, -3]
[0, -2, -4, -15, -35, -5, -2, -3]
[-6, -10, -2, 11, 30, 2, -4, -1]
[4, 2, 0, -17, -16, 1, 1, -2]
[-1, -3, -1, -5, -17, -2, -4, 1]
[2, 0, 0, -5, -15, 1, -1, -3]
[-2, -3, -2, 7, 9, 1, -4, -2]
[-6, -2, -1, 3, -3, -1, -1, 2]
[-3, 0, 2, 7, 20, 2, 0, 0]
[-1, -3, -2, 1, 8, -1, -1, 1]
[-2, 1, -2, -10, 23, 2, 4, 0]
[8, 6, 4, 2, -9, -1, -4, -2]
[-1, 5, -2, 1, -10, 0, -1, 0]
[3, 0, -4, -4, -2, 0, 1, 1]
[-6, -15, -6, -3, -2, -2, 1, 0]
[-1, 10, 2, 9, 12, 1, -15, -10]
[-7, -3, 3, -9, -16, -1, 9, 11]
[0, -5, 2, 0, 14, -5, -2, -3]
[3, -2, 5, 35, 35, 4, 0, 2]
[-7, -7, -9, -14, -61, -15, -9, -1]
[0, 1, -6, -23, -24, -2, -5, -3]
[-4, -1, 1, -8, -4, 7, 0, 1]
[6, 2, -5, -5, 5, 2, 1, 2]
[-1, -4, 0, 4, 17, -1, 5, -3]
[-1, -1, 3, 6, 1, -7, 0, -4]
[-5, -3, -1, 0, 4, 0, 4, -2]
[-5, -4, -1, -3, 1, 3, 2, -3]
[-1, 12, -3, 2, 0, -2, 3, 2]
[-6, -9, -5, 2, -4, -3, -6, -6]
[6, 9, 1, 9, 16, 0, -3, 4]
[5, 3, 0, -17, -28, -5, 0, 3]
[1, -1, 4, -4, 11, 2, -2, -4]
[-9, -15, -8, -4, -8, -8, -7, -5]
[9, 6, 4, 3, 10, 5, -1, -3]
[-4, -2, -2, -4, 1, 3, -2, -3]
[0, -4, -3, -13, -24, -3, 8, 6]
[-1, 3, -1, -13, -16, 2, -1, 0]
[-7, -10, -2, 31, 33, 2, -6, -4]
[2, 2, 0, -9, -30, 1, 21, -1]
[-4, -9, -1, -2, 15, -2, -2, -2]
[3, 6, 4, 11, 8, 0, -3, -2]
[-1, -5, 0, -14, -13, 1, -2, 0]
[0, 2, -3, 4, -16, -7, -7, -9]
[-1, -4, -1, -9, -1, -3, 7, 6]
[11, 8, 5, 11, 9, 2, 6, -2]
[-6, -5, -8, -11, -8, -5, 6, 6]
[4, 4, -1, 6, 12, 8, -9, -1]
[-12, -2, -3, -3, -5, -3, -4, -7]
[14, 1, -1, 4, -3, 2, 7, -7]
[9, 5, -2, 3, -8, 4, 17, 24]
[-13, 5, 7, -1, 3, 2, 4, -12]
[-4, -6, 3, 5, 13, -6, -8, 10]
[-10, -10, 1, -5, 16, -1, 5, -11]
[1, -7, -5, -12, 7, 3, -1, -11]
[3, 9, 0, -4, -20, -7, -10, 11]
[-2, -3, 2, 7, 29, 1, 34, -7]
[1, 9, 3, 14, 38, -2, -39, 20]
[-8, -3, 6, 0, -27, 0, 10, -2]
[-5, -8, -8, -13, -11, -11, -7, -4]
[1, 1, -2, 10, -9, 3, 17, -4]
[14, 5, -1, -6, -4, 7, -3, 7]
[4, 9, 2, 1, 4, 2, 2, -25]
[-4, -3, -3, 9, 6, -3, -13, 18]
[-11, -10, -6, -10, -23, 4, 11, 3]
[1, 3, 0, 2, -1, -1, -31, 11]
[-7, -16, -1, -5, -6, 5, -4, -8]
[16, 27, 6, -2, 7, 3, 18, 2]
[-4, -3, -3, 4, -1, -8, -12, 5]
[-7, -9, -1, 8, 57, 9, -20, -45]
[6, 8, -2, -28, -70, -16, 10, 56]
[-2, -19, -4, -6, 28, -2, 5, -13]
[-3, 7, 2, 7, 8, -8, -22, -2]
[9, 4, 4, -2, -18, -3, 21, 47]
[-11, -19, -2, 4, 18, 1, -2, -18]
[-3, 6, 10, 11, 6, 3, 2, -30]
[-18, -23, -12, -2, -13, 6, -52, -7]
[17, 8, 4, 5, -1, -6, 49, 62]
[12, 4, 2, -6, 6, 3, 5, 16]
[18, 32, 6, -4, -9, 9, 4, -21]
[13, 28, 7, -9, -6, -4, -3, -48]
[-33, -52, -21, -13, -20, -4, -6, 7]
[5, 20, 10, -3, 14, 19, -3, 25]
[11, 15, -8, -19, -7, -10, -37, 3]
[-12, -18, -1, -5, 9, -3, 5, -17]
[-32, -40, -13, -4, -3, -3, 11, -5]
[17, 18, 5, 17, -3, -13, -37, -36]
[24, 29, 2, 6, 8, 1, 71, 32]
[11, -16, 1, 6, -11, -6, -55, -14]
[2, 30, -3, -1, -8, -5, 17, 19]
[-19, 7, -7, 13, 28, 2, -26, -35]
[-6, -36, 2, 4, -9, 11, 2, 71]
[-33, -22, -1, -9, -71, -6, 43, -49]
[8, 25, -6, 2, -1, -1, 50, -4]
[4, 10, 27, 11, 17, -5, -56, 23]
[10, 15, -8, -6, 18, 2, 7, -24]
[21, 32, 19, 7, 29, 10, 9, 70]
[-20, -22, -14, -9, -17, -6, -18, -69]
[-4, -19, -21, -13, -20, 1, 98, -14]
[-15, -24, -6, 8, -7, -6, 59, 69]
[14, -9, -17, 0, 18, -13, -77, -52]
[-21, 10, 25, 16, 0, -4, -83, -128]
[59, 39, -2, -4, 17, 7, 99, 117]
[-32, -14, -3, -7, -10, -9, -36, -128]
[-34, -43, -15, -26, -3, -2, 13, 71]
[30, 36, 17, -4, 3, -23, -24, 35]
[-30, -1, 25, 17, -2, 27, 51, -105]
[29, -39, -31, -20, 33, 3, -34, 34]
[-10, 36, 22, 7, -34, -20, 13, 63]
[-25, -30, -11, -6, 4, -27, -2, -13]
[-11, -40, -7, -6, 16, 20, -44, 44]
[-38, -6, -1, 2, 0, 28, 92, 46]
[-12, -20, -19, 5, 37, 11, -84, -97]
[60, -8, -13, -9, 14, 12, 108, 98]
[31, 13, -3, -6, -5, -28, 3, -116]
[-50, -7, 22, 15, -4, 20, -29, -127]
[-16, 118, 17, -10, 10, 18, 49, -17]
[11, -56, -27, -5, -13, -16, 44, 69]
[17, -3, 3, 5, -10, -12, -7, -8]
[-4, 32, -5, 0, 8, -24, -53, -5]
[14, -51, -7, -1, 17, -25, 29, -28]
[11, 7, 17, 5, -54, 41, -27, -83]
[-55, -55, -17, -4, 20, 20, 24, -46]
[53, 76, 38, 18, -10, 9, 90, 97]
[27, 21, 11, 4, 28, -6, -15, 3]
[10, 26, -5, -31, -63, -16, 65, 24]
[24, -44, -19, -10, -27, -30, 47, 61]
[-94, -76, -16, -6, 3, 10, -100, -27]
[-45, -17, -19, 17, 25, 24, 15, 11]
[76, 52, 10, 2, 35, -9, -26, 30]
[-35, 17, 16, -4, -38, 14, -23, -23]
[37, 16, -1, -4, -10, -17, 1, -33]
[-3, 14, -27, 9, 2, 10, 112, 59]
[-27, -24, 39, 23, 74, -2, 6, -91]
[-21, -37, -38, -22, -42, -39, -116, 95]
[95, 72, 19, -10, -46, -28, -1, -36]
[-28, -43, 1, -2, -40, 21, -12, 31]
[-9, 8, -7, 10, 4, 14, 58, 91]
[19, 20, 12, 22, 38, 21, -21, -98]
[-20, -35, -19, -3, 7, -13, -14, 19]
[0, -25, -13, -31, -58, -21, -26, -105]
[-32, 10, -7, -7, 6, 14, -66, 36]
[-23, -10, 6, 1, 21, 13, -87, -17]
[10, 14, -10, 11, 41, 26, -3, -7]
[126, 25, -4, -13, 4, -19, 99, 124]
[-96, -54, -24, -4, -6, 23, -96, -57]
[55, 63, 9, -2, -1, -9, 39, 27]
[-57, -43, 9, 3, -10, -4, 8, 17]
[-12, -53, 11, 9, 7, -1, 45, 58]
[6, 12, -2, -7, -15, -21, -48, -94]
[-12, -11, -27, -11, 24, 0, 85, -8]
[-1, -1, -6, 1, -38, -25, -7, -71]
[-13, 23, 36, 11, 1, -6, -69, -54]
[27, -21, -2, 18, 21, -3, 8, 65]
[-59, -41, -9, 13, 48, 11, -73, -39]
[-10, -17, -6, -5, 9, 42, 38, -19]
[-12, -16, -14, 0, 2, -15, 5, -11]
[36, -10, 1, 4, -19, 9, -6, 40]
[8, 37, 1, -1, 43, 23, 50, -42]
[5, -22, -5, -2, -2, -20, -26, 117]
[-5, -5, 0, -13, -47, -12, 14, -11]
