[-5, -13, -11, -23, -25, -8, 1, -2]
[7, 13, -13, 0, -33, 0, 22, 61]
[17, -18, -11, -5, 15, -8, -40, -41]
[-6, 32, 33, 26, 51, 2, -32, -12]
[22, 63, 30, 2, -22, -12, 37, -40]
[-10, 3, 13, 15, 6, -3, 6, 64]
[-13, 10, -17, -5, 7, 13, 17, -11]
[19, 4, -13, 7, 5, -3, -128, -65]
[-18, -9, 0, -1, -6, -6, 10, -53]
[-2, 12, 12, 5, 3, 13, 16, 72]
[4, -25, 2, 4, 37, -3, -51, 5]
[5, -20, -14, -20, -59, -16, 1, 23]
[-31, -3, 1, 6, 45, 27, 28, 12]
[23, 25, 7, -8, -58, -6, -2, -27]
[-7, -14, 1, -4, 12, 17, 28, 19]
[-32, -35, -10, 5, 35, 12, 3, 11]
[12, 39, -6, 3, -13, 2, 79, -23]
[51, 21, 25, 1, 45, -3, -2, -26]
[5, 33, 44, 24, 41, 21, -7, 26]
[-9, 6, -7, -11, -66, -5, 13, 9]
[-11, -27, -25, -13, -11, -21, -40, -8]
[-22, 12, -12, -3, -6, 3, 49, 68]
[15, -2, -2, 1, -12, -5, -5, -5]
[12, 6, 3, -7, 13, 6, 16, -27]
[-18, -16, -9, 7, 24, -3, -37, -2]
[-5, 10, 0, -3, 18, 0, 10, 39]
[7, -25, -7, -8, -70, -17, -25, 28]
[-4, -3, 1, 3, 35, 18, 11, -68]
[15, 7, 1, -7, -38, -31, -12, 16]
[-5, -10, 8, 16, 47, 10, -10, 8]
[-17, 6, -1, -6, 13, -1, -11, -12]
[-7, -6, -4, -19, -43, -17, -5, 4]
[-18, -29, -5, 3, 1, 8, -21, -42]
[11, 8, 24, 5, -48, 2, 47, -10]
[-3, -12, -32, 10, 41, 20, 38, 12]
[9, 13, 16, 4, 2, -6, 25, 21]
[-7, 5, 3, -8, 11, 0, -18, 14]
[6, 10, -2, -4, -18, -6, -31, -10]
[5, 8, 14, -11, -23, -3, 24, 44]
[-23, -4, -10, -1, 19, 5, -34, -84]
[21, 34, 13, 6, 4, 20, 32, 53]
[-7, -14, 1, -3, -6, 1, -24, -12]
[7, 6, -2, -3, -9, -14, 30, 14]
[16, 8, -1, 3, 45, -2, -9, 17]
[-25, 1, -1, -20, -72, -16, -11, -8]
[12, -19, -15, -2, 4, -5, -11, -35]
[7, 12, 6, 8, 25, 17, 9, -17]
[0, -1, -4, -1, 32, 2, 9, 44]
[9, -5, -4, 0, -6, 0, -5, 2]
[-11, -8, -12, -17, -23, -3, -14, 2]
[-5, -7, -6, 7, -17, -2, -2, -12]
[8, 16, 0, 5, -1, -1, 10, 24]
[8, 28, 30, 6, 18, 0, -11, 5]
[11, -11, -5, -1, -8, -7, -12, -16]
[-8, -2, 6, -7, -22, -10, -21, -12]
[-3, -24, -8, 4, -11, -1, 13, 13]
[13, -26, -7, -1, 1, -8, -1, 6]
[-30, -36, -10, 7, 16, 6, -6, -1]
[3, 26, 7, -9, 3, -10, -3, -16]
[11, 17, -8, -1, -11, -23, 5, 79]
[-17, 29, 6, 3, 7, -12, -16, -50]
[14, -8, -1, -8, -2, 3, -14, -2]
[-3, 1, -6, -6, 18, -2, 7, -2]
[3, 20, 5, 7, -30, -11, 11, 4]
[1, -39, -1, 19, 5, 4, 7, 13]
[-11, 3, -3, 1, -9, 6, -7, -10]
[-2, 23, 0, -3, 1, 21, 0, -6]
[-9, 18, 0, -9, 25, 4, -1, -6]
[2, -3, -1, -4, 8, -4, 0, 9]
[-6, 46, 0, 1, 12, 12, -1, -6]
[-19, -21, -27, -5, -14, 8, 1, 7]
[31, 43, 33, 8, 3, 1, -5, 0]
[4, -21, 2, 3, 0, -6, 7, 6]
[0, -28, -20, -5, -7, 4, 1, 1]
[9, 13, 27, 15, 6, 4, 2, -2]
[-5, -5, -6, -7, -17, -5, 1, -12]
[2, -6, -2, 1, 14, -10, 2, 5]
[-4, -56, 0, -6, -9, -12, -7, 0]
[2, -43, -6, -17, 18, 3, -2, 1]
[-11, -54, -7, 3, -71, -27, -5, -4]
[-10, -7, -2, -5, 1, -18, 1, 9]
[-3, 20, 9, 17, 5, 4, -2, -4]
[-2, 16, 6, 4, -6, 12, 5, -5]
[-1, 7, -2, -8, 21, -4, 3, -2]
[-3, 38, -17, -9, 0, -9, 1, 0]
[0, 48, 10, 11, 12, 3, -5, -3]
[7, -13, 4, -3, -8, 11, -5, -3]
[0, -29, -1, -3, -9, 4, 1, -1]
[0, -11, -6, -11, -27, -3, -3, 2]
[2, 5, -5, -2, 8, 9, 2, 1]
[8, 91, 3, 11, 44, 8, 5, 5]
[1, 19, 13, -7, -28, -3, -2, 0]
[-2, -1, -2, 25, 23, 2, 0, 3]
[-3, -20, 3, -13, -22, 5, -1, 1]
[-9, -39, -6, 0, 0, 7, -1, -3]
[-11, -14, -9, 28, 60, 11, -1, -4]
[2, 11, 2, -9, 7, 1, 2, 0]
[-2, -3, 7, -15, -34, 4, -2, 0]
[2, -16, -3, 10, 50, 8, 3, -1]
[-16, -16, -2, -13, 9, 6, 2, -1]
[16, 7, 8, -1, -14, -3, 4, 7]
[-7, -28, -11, -3, -9, -13, -9, -5]
[-1, -28, -8, -26, -65, -4, -5, -4]
[-3, -9, -8, 17, 30, -1, -2, -3]
[-9, -2, -2, -2, 37, 8, 6, 1]
[4, 8, -8, -3, -11, 13, 2, 3]
[4, 11, 13, 30, 62, -2, 1, 0]
[3, 13, 13, -22, -31, -2, 0, 1]
[-3, 7, 4, 9, -26, 6, 0, -1]
[4, -2, 0, -40, 9, -9, 1, -2]
[-1, -13, 5, 40, 56, -6, -7, -5]
[-2, -7, -13, -14, -54, -21, -4, -7]
[-2, -6, -9, -28, 25, -12, -3, -3]
[-4, 0, 1, 24, -1, 1, 4, 2]
[4, 4, -5, -23, -14, -2, -5, 0]
[-3, 6, 0, -6, 33, 4, -1, -4]
[-35, -19, -13, -37, -46, -1, -1, -3]
[36, 39, 7, 2, 46, 17, 7, 9]
[-5, 2, 2, -15, -23, -29, -5, -4]
[2, 0, -7, 10, -63, 14, -4, -2]
[1, 3, 4, -5, -2, 26, 2, 4]
[-9, -4, 7, 30, 56, -1, -4, -6]
[-5, -7, -2, -16, -3, -14, 1, 1]
[5, 4, -6, 21, 59, 12, 5, 1]
[-2, -6, -19, -44, -24, -7, -5, -3]
[-4, 0, 12, 23, -2, -14, -2, 1]
[0, 4, 9, 17, -10, -15, -5, -2]
[0, 0, 1, 10, 40, -6, 0, 0]
[5, 3, 2, 5, -21, -7, 2, -1]
[-5, -9, -5, -14, 23, -17, 3, -1]
[-5, -6, -10, -3, -22, -18, 0, 2]
[-3, -3, -4, 13, -9, 3, 0, 4]
[4, 2, 9, 44, 51, 24, 0, -2]
[3, -5, -9, -3, 23, -7, 0, -1]
[0, -5, -6, -23, -59, -6, 3, -2]
[0, 3, -5, 9, 62, 5, 2, -1]
[24, 25, 9, -5, -35, 10, 0, 4]
[-9, -4, -10, -42, -41, -21, -5, -4]
[9, 6, 4, 14, 49, 6, 1, 2]
[1, -3, 1, -14, 3, 21, -2, 1]
[-12, -8, 0, 2, 6, -2, -9, -3]
[-4, 0, 5, -2, 36, 12, 3, 2]
[-1, -8, -16, 20, -10, -8, 1, -1]
[-2, -3, 3, -24, -3, -16, 0, -4]
[3, 6, 11, 28, 30, -7, 3, 0]
[4, 0, 5, -2, -29, -13, 1, 1]
[-3, 1, 9, -13, -45, -13, -1, -1]
[-3, -3, -7, 4, -30, -1, -1, -2]
[-3, -10, -11, -2, -9, 12, 0, -2]
[-6, -10, -10, -8, -55, -15, -4, -2]
[1, 1, 2, -9, -29, 3, -2, 1]
[5, 7, 1, 21, -36, 3, -3, -2]
[-1, 4, -3, -16, -29, 1, -1, -2]
[-7, 2, 3, 12, 11, 4, -1, -2]
[1, -13, -4, 7, 22, 4, 1, -3]
[6, 11, -1, -17, 4, 2, -3, 0]
[-5, -7, -3, -7, -13, 1, -3, 1]
[10, 3, -4, 13, 22, 6, 3, 1]
[-5, 9, 3, 2, 10, -1, 2, -3]
[-6, 4, 4, -17, -31, -4, -1, -3]
[-5, -5, -3, 9, 22, 7, 2, -3]
[-4, -7, -3, -5, 3, 1, -1, 1]
[0, -1, 0, -16, 4, 3, -1, 2]
[1, -7, -5, -31, -19, 1, -4, 1]
[1, -3, 2, 55, 58, 7, 1, -2]
[-1, 2, 3, 2, -19, -5, 1, -2]
[-1, 1, -2, 17, -1, -4, 2, -1]
[0, 1, 8, 16, 38, 5, 3, -2]
[-1, -1, -3, -15, -51, 1, 1, -2]
[-4, -1, -7, -7, -4, -6, -2, -3]
[1, -1, 1, -11, -24, -1, -4, 0]
[-3, -5, -5, -15, -46, -7, -3, -1]
[1, 2, 7, -2, 21, 4, 1, 3]
[3, -4, 0, 22, 3, 1, 2, -1]
[-11, -7, -5, 10, -9, -5, -2, -1]
[7, 9, -1, -23, 8, 4, 3, 1]
[3, 1, 1, 11, 12, -2, -3, -1]
[5, 5, 1, 1, -19, -4, -2, 1]
[-2, 3, -2, 2, 35, 3, 0, 2]
[8, 4, 6, 24, 6, 5, 2, 2]
[2, 4, 1, -5, -11, -9, 1, -1]
[-2, 1, 1, -15, 6, 4, -1, -1]
[2, -4, -7, -14, -15, -2, -2, -2]
[-12, -10, -6, 10, 5, 0, -4, -3]
[2, -1, 4, 4, 12, 2, -1, 4]
[0, -1, 3, 16, 44, -1, -1, -2]
[-1, -4, 1, 0, -27, -4, -1, -5]
[0, -4, -8, -31, -13, -4, -3, -2]
[-1, 1, -2, 4, -7, 1, 0, -3]
[0, 2, 4, 3, 16, 5, 1, 0]
[-1, 2, -2, -11, -9, -1, 0, 0]
[-2, -3, 0, 11, -7, -1, 1, 0]
[-3, -8, -8, -5, 7, -1, -3, -2]
[-7, 6, -1, 0, -22, 3, -1, 0]
[6, 13, 1, -5, 11, 2, -1, 0]
[2, 4, -3, 6, 16, -3, -2, -2]
[-1, 7, 4, 4, 11, 1, -1, -2]
[5, -9, -2, -4, 8, -1, -4, -3]
[2, -1, -2, -14, -41, -8, 3, 1]
[-6, 0, 2, 6, 31, 3, 3, 1]
[-1, -3, -1, -8, -23, -1, 1, 0]
[-6, 1, -3, -1, -13, 0, 2, 0]
[2, -6, 6, 8, 18, -3, -4, -1]
[0, -6, -7, -10, 24, 2, -2, 1]
[-4, 1, 5, 11, -3, -3, 2, 2]
[3, -1, 0, 8, 9, 2, -1, 2]
[-3, -3, 0, -4, -5, 2, -1, -1]
[-2, -2, 2, -7, -12, -1, -2, 0]
[1, 1, -1, -4, 5, 1, -3, 2]
[-7, -8, -12, -24, -38, -12, -2, -4]
[8, 8, 11, 15, 9, 3, 3, 0]
[1, 2, -3, 2, -7, -2, 1, -2]
[1, 3, -4, 2, 28, 0, 2, 0]
[1, 0, 3, 0, -20, 4, 1, 1]
[-6, -13, -6, -1, -18, -2, -1, -3]
[7, 9, 3, -7, -6, -2, -3, -1]
[-1, 4, -3, -20, -32, -5, -5, -2]
[0, -2, -3, -6, -33, -3, -1, 0]
[1, 4, -1, 9, 26, 5, 0, 0]
[-7, -7, 3, 10, 9, 3, -2, 1]
[5, -2, -4, -3, 4, -2, -1, 0]
[2, 0, -1, -11, 2, -3, 2, -2]
[-1, -4, -4, 4, 31, 0, 2, -1]
[-5, -5, -3, 35, 9, -1, 2, -3]
[-3, -3, 0, -14, -6, -1, -2, -1]
[1, 4, 1, 12, 22, 0, -4, 3]
[-5, 1, -1, -16, -27, -7, -4, 1]
[-1, -3, -1, -8, -2, -6, -2, 0]
[-1, -5, -4, 4, 11, 1, 3, -4]
[3, 1, 1, -1, -11, -1, 1, 1]
[3, 4, -3, -5, 63, 6, 0, -1]
[4, 6, 4, 7, -31, 3, 0, -2]
[-6, -7, 1, -1, -14, -4, -4, -2]
[-4, -3, -7, -11, 4, -1, -1, -2]
[6, 5, -2, -2, -19, -2, -2, -1]
[-5, -2, 0, 5, 4, 1, 0, 0]
[-2, 1, 3, 3, 15, 5, 0, 1]
[-4, -8, -1, 7, 1, -2, 0, -1]
[0, 0, -1, 0, 8, -2, -1, -1]
[2, -2, -2, -19, -13, -2, -1, -2]
[-7, 3, -2, 12, -3, -1, 1, -1]
[8, 2, 3, 6, 59, 3, 1, 1]
[-7, -2, 3, 4, -5, -2, -3, -2]
[-3, -4, -4, -22, -34, -5, -2, -1]
[3, 3, 0, -12, -6, 1, -1, 3]
[-1, -4, 0, 5, -2, 4, 1, 0]
[-4, -4, -2, -1, -10, -3, -2, -2]
[-1, -2, -3, 1, 9, -1, -2, -1]
[1, -4, 0, -2, 8, 2, 2, 1]
[-1, 1, 2, 11, 13, -2, 0, 0]
[2, -1, 0, 14, 24, 4, 1, 0]
[-2, 1, -2, -10, -67, -6, -3, 0]
[2, 0, -4, -14, -38, -9, -2, -2]
[-2, -2, -1, -10, -24, -1, 0, -2]
[-3, -7, -7, 6, 5, -1, 1, 0]
[5, 12, 3, 14, 35, 3, 1, 0]
[3, 3, -3, -7, 0, 4, 1, -1]
[-3, -3, 0, 0, 12, -1, -3, -4]
[-2, 7, 1, -27, -35, -8, 0, -2]
[-1, -5, 2, 20, 39, 0, 1, -2]
[4, -2, 1, 9, 36, 4, -1, 0]
[-2, 2, -2, -13, -60, -8, -4, 1]
[0, -4, -2, -8, -15, 0, -2, 0]
[1, 1, -1, -2, 0, 2, 0, 2]
[-3, 0, 0, -5, 13, -2, -1, -3]
[-3, -3, 4, 16, 23, 1, 2, -1]
[-2, 0, 0, -1, -8, -2, 1, -3]
[-2, -4, -3, -9, -3, -6, 0, -1]
[4, -4, 0, 15, 0, 3, -2, 1]
[2, 5, -2, -9, 24, 8, 1, 4]
[-3, -4, -4, 1, -4, -10, -2, 0]
[4, -1, -1, -6, -17, 1, 0, 2]
[-7, 0, -1, 9, 14, 0, 2, -2]
[0, -1, 2, -3, -10, -4, 0, -3]
[-2, -2, -2, -1, 3, 0, -2, 1]
[-2, -3, -1, 1, 25, 4, 3, -1]
[0, 6, -1, -16, -44, -3, -11, -3]
[2, 2, 0, 11, 28, 3, -1, 3]
[-6, -2, -4, -9, -14, 1, 0, -2]
[-1, -4, 2, 9, -1, -1, -3, -1]
[3, -2, 1, 1, 21, 1, 4, -1]
[-1, 1, -2, -1, 7, 1, 0, -2]
[0, -4, 2, 0, -47, -9, -3, -2]
[-1, -1, -1, -7, -11, 0, 0, 1]
[3, 2, 0, -5, 20, 2, 2, 2]
[-1, -2, -6, 1, -10, 0, 0, 1]
[3, 1, 4, 4, 13, 1, 4, -1]
[-16, -10, -3, -1, -1, -2, -2, -3]
[9, 8, 1, 9, 9, 1, 1, 3]
[-3, -7, -9, -12, -32, -7, -2, -3]
[-1, 2, 1, 5, -15, -2, -3, 0]
[-2, 7, 3, -1, 1, -3, -1, 0]
[-4, -3, 2, 5, 15, 2, 1, -2]
[-4, -4, 1, 13, 7, 3, 2, -1]
[-3, -4, -1, -5, 10, 3, 1, -2]
[2, -6, -3, -2, -15, -3, -3, -1]
[-5, -5, 2, 7, 25, 3, -1, 0]
[5, 6, 2, 5, -25, -1, -1, 0]
[-1, -1, -3, 14, 48, -1, -4, -2]
[4, 2, -2, -26, -51, -6, 0, 1]
[0, -8, -10, -16, -21, -2, 2, 0]
[6, 9, 8, 12, 23, 4, 1, 1]
[-10, -9, -7, -19, -45, -7, -4, -3]
[-10, -11, 2, 13, 39, 5, -4, -1]
[9, 22, 6, 7, 3, 5, 2, 4]
[4, 13, 5, 5, -6, 1, 2, 1]
[1, -5, -3, -3, 12, -3, 0, 0]
[-3, -10, -3, 1, 10, 0, -1, -1]
[-1, -3, 0, 5, -10, -1, -10, -1]
[9, 15, 5, -8, 12, 5, 7, 3]
[1, 5, -1, -7, -12, -6, -3, -2]
[2, 1, -4, 1, 11, -3, 1, -5]
[-6, -14, -4, -2, 0, -1, -5, -1]
[-3, -15, -6, -3, -11, -1, -3, -2]
[1, 2, -1, -1, -7, -3, -2, -1]
[-2, 5, 8, 11, 19, 1, 1, 0]
[2, -3, -5, -2, 6, 4, 4, -1]
[-5, -3, 0, 6, 8, -1, -6, -2]
[-5, -4, -2, 0, -5, 0, 1, -1]
[6, 0, -1, -1, 5, 0, 1, 1]
[-6, 3, 3, -11, -11, -3, -5, -3]
[11, 1, 0, 17, 27, 2, -1, 2]
[-3, -2, -4, -21, -36, -7, -6, -1]
[-8, -8, -3, -2, -4, 1, 1, -1]
[9, 21, 8, 2, 2, 2, 17, 8]
[-8, -11, -5, -10, -8, -7, -16, -7]
[-2, -7, 1, 12, 18, 1, 2, 0]
[5, 3, -5, -4, -5, -3, -5, -3]
[-2, -7, -2, 0, -2, 3, 7, 1]
[-10, -1, -3, -9, -14, -2, -1, -8]
[4, -3, 0, 4, 8, 2, -6, 3]
[7, 7, 2, -7, 1, 5, 25, 5]
[-6, -6, -3, 2, 2, -1, 0, -1]
[-1, -3, 3, 0, 0, -3, -6, 5]
[-4, -3, -2, -3, -5, -2, 1, -7]
[0, 5, -4, -1, 3, -2, -1, 1]
[-5, -8, -4, 1, 6, -5, -9, -1]
[-4, -5, 2, -6, -4, 1, 6, -4]
[-1, -2, 0, 9, 27, 1, 6, -1]
[4, 2, 4, 5, 0, 1, -15, -2]
[-3, -1, -1, -6, -14, -2, -5, 3]
[-1, -5, -5, -8, -8, 1, 4, -6]
[7, -2, -3, 3, -5, -3, -1, 7]
[3, 9, 1, 2, 18, -6, -22, -12]
[-2, -9, -2, 3, 8, 6, 23, 6]
[1, 6, 1, -4, -12, -1, 1, 7]
[-1, 8, 3, 0, -7, -1, -7, -6]
[-8, -15, -4, -2, -5, -3, 11, 1]
[1, 15, 4, -4, -6, 1, -6, 10]
[15, -2, 0, 5, 28, 7, 3, 5]
[-1, 0, -1, -8, -6, -3, 8, -1]
[3, 0, -1, -6, -15, -11, -16, 0]
[-1, -6, 0, -3, -8, 2, -2, -10]
[-2, 11, 4, 3, -3, 2, 10, 5]
[-1, 5, -2, 3, 14, 0, -13, -4]
[-3, -3, 0, 6, 6, 1, 10, 9]
[-3, -9, -6, -2, 2, -2, 5, -10]
[-2, 1, 1, -1, 0, -2, -6, -2]
[-4, -17, 0, 2, 10, 3, 15, 1]
[-4, 5, 0, -11, -40, -7, -9, -3]
[-1, -8, -5, -3, -9, 2, 15, 14]
[7, 2, -1, -1, -11, -7, -22, -28]
[-3, 3, 2, -4, -2, 1, -4, 7]
[-3, -8, -1, 1, 0, 10, 23, -2]
[3, 2, 0, 4, 4, 1, -8, -6]
[-4, -5, -8, -5, -7, -2, 0, 6]
[3, 3, -1, -2, -3, 5, 11, 7]
[-1, -2, 2, 4, 8, -5, 0, -5]
[2, 9, -2, 1, -4, -1, -15, -5]
[-9, -11, -3, -6, -5, -2, -10, 3]
[1, 3, -1, 3, -6, -7, -8, 4]
[-12, -17, -5, -5, -8, -2, -14, -18]
[-9, 31, 5, 1, 5, 3, -15, -12]
[22, 0, 4, -4, -3, 6, 32, 29]
[1, -3, 1, 5, 5, -5, 8, 36]
[8, 7, -5, -5, 13, 3, 18, -15]
[3, -7, 4, 1, 2, -2, -42, -21]
[-9, -11, -1, 7, 24, 10, 27, 12]
[6, 22, 4, -7, -45, -2, 3, -18]
[-1, -7, -8, -1, 28, -7, -3, 12]
[9, -7, 0, -8, -43, 2, 8, 7]
[-12, -3, 0, 0, 4, -1, -4, -3]
[-5, -11, -10, -8, -4, 2, -8, -8]
[3, 7, 8, 10, 2, -7, -5, 7]
[-7, 3, 1, 6, 18, 3, 21, 3]
[8, 10, 5, 0, 18, 1, 9, 3]
[-7, -1, -3, 1, -2, -9, -39, -25]
[-3, 8, 2, -3, -1, -4, 9, -20]
[7, -13, -9, -4, -6, 1, 21, 23]
[-10, -10, -4, 1, -12, -5, -28, 14]
[3, 5, 7, 11, 16, 6, 14, -40]
[6, -5, -5, -4, -8, 11, 16, 3]
[21, 14, 4, 7, 18, 7, 5, 63]
[-10, -7, -13, -6, -7, 3, 2, -50]
[-12, 2, 5, 1, -4, -6, -32, 1]
[-16, -29, -6, -2, 9, -6, -12, -32]
[-3, 9, 6, 12, 16, -1, -9, 24]
[1, -5, -10, -12, -21, -6, 37, 20]
[-5, -3, -4, -15, -47, -12, -51, -8]
[-3, 5, 6, 3, -5, 3, 42, 4]
[-2, -15, -7, -3, 19, 4, -66, -6]
[-4, -2, 3, 4, 14, -3, -42, -5]
[2, 7, 0, 5, 22, 1, 31, 0]
[4, -8, -4, -2, -15, 0, -8, 37]
[4, -21, -6, 1, 5, 2, 14, 26]
[-37, -18, -1, -1, -5, 3, 10, 12]
[30, 47, 5, 9, 18, 1, -13, 26]
[-22, -12, 14, 16, 3, -2, -74, -48]
[32, 44, 1, -8, -3, 0, 49, 11]
[-4, 3, 14, 8, 9, 1, 18, -1]
[-18, -26, -17, -16, -9, -9, 22, 36]
[11, 11, -10, -5, 6, -6, 12, 95]
[-40, -35, 0, 0, 11, -18, -56, -110]
[37, 19, 4, -5, 2, 6, 10, 76]
[-5, 0, 2, -8, -40, -13, 20, -1]
[-14, -13, -6, 7, -5, -7, -4, -27]
[-2, -19, -9, -8, 28, 18, 74, 5]
[-6, 27, -2, 3, -1, -1, -10, -7]
[16, -40, -9, -4, 22, 14, -70, -102]
[10, -1, 3, -4, -19, -5, 72, 21]
[-5, 33, 15, 9, 21, 18, 51, -33]
[-34, -53, -5, 0, 10, -7, -54, -47]
[25, -10, 2, 3, 11, 12, 28, 32]
[19, 10, -4, -7, 3, -1, 51, 76]
[-22, 1, -7, -12, -16, -8, -31, -24]
[19, 3, -8, -18, -38, -10, -37, 32]
[-58, -41, 5, 7, 5, 1, 13, 0]
[67, 63, 7, 3, 16, -9, -94, 9]
