[-7, -23, 7, 10, -31, -8, 71, 20]
[-25, -8, -13, -7, -9, -12, -45, -48]
[15, 9, -2, 4, 12, -2, 16, 58]
[-5, -15, 3, 6, 19, 9, -102, 24]
[-24, -22, 2, 6, 1, -11, -17, -51]
[19, 30, 1, 3, 23, 0, -43, 43]
[29, 66, 13, 4, -8, 2, 88, 30]
[-13, 1, 0, -6, -27, 17, 90, 78]
[41, 22, 4, 1, -3, 18, -60, 55]
[20, 7, 5, -6, -8, -40, 62, 83]
[-14, -33, 6, 0, 22, 11, -73, -87]
[-13, 20, -3, -1, 26, 26, 7, 22]
[-6, -26, -14, -13, -43, -17, -32, 14]
[-6, 28, 5, 8, -22, 21, 83, -22]
[23, 25, -12, 4, 24, 2, 57, -53]
[-51, -34, 12, -4, -27, -19, -52, -42]
[15, -4, -9, 0, -10, -6, 3, -7]
[0, 20, 2, 8, 16, 21, 3, -58]
[-52, -35, -18, -10, -9, -25, -81, 7]
[-7, -44, -11, -1, 15, 1, -46, -113]
[-54, -32, -23, -9, -8, -2, -11, -29]
[104, -27, 11, 11, 2, 8, 76, 51]
[-43, 2, 0, -1, 4, 3, -20, 71]
[-16, -23, -7, -17, -10, -15, -73, -10]
[19, -18, 15, 7, 17, -9, -13, 66]
[-26, -26, -1, 12, 15, 31, 44, 59]
[-19, -6, -5, -10, -25, 4, 71, 22]
[56, 54, 8, -3, -4, -16, 32, 37]
[47, 27, 11, 9, 4, 7, 8, 67]
[-32, -2, -6, -8, 2, -4, -30, -57]
[-47, -23, 3, 13, -3, -17, -47, -34]
[27, -11, -33, -17, -9, -11, 59, -23]
[-8, 28, 2, -3, -1, 5, 25, -21]
[-10, 8, 7, 6, 16, 8, -18, -18]
[6, -14, -17, -14, -37, -25, -21, 66]
[5, -13, 3, 6, -4, 9, 62, 87]
[1, 16, 5, 9, 35, 0, -40, 6]
[-8, -6, -8, -9, -30, -10, -29, 54]
[40, 39, 10, 0, -17, -1, -22, 5]
[0, 1, -2, -11, -50, -9, -19, -26]
[-1, 7, 2, -2, 54, 18, 6, -19]
[-30, -4, -3, -12, -62, -11, -53, -50]
[39, 5, 9, 7, 32, 5, 14, 99]
[-30, -15, 1, 6, 14, 10, -19, 13]
[29, 35, 9, 0, 15, 15, 15, -42]
[5, 11, -3, -2, 3, -5, -12, 44]
[-31, -24, 2, -1, -2, 14, 7, -87]
[8, 23, 12, 13, 10, -9, 12, -26]
[-14, -13, -9, -12, -4, -9, 64, 57]
[-6, -2, 5, 8, 17, 6, -28, -12]
[12, 11, 0, -20, -3, -3, 55, -5]
[-7, 14, 10, 13, -28, -10, 14, 20]
[-11, -3, -6, 1, 20, 7, -23, -34]
[13, 3, 2, -4, -41, -7, 16, -45]
[-10, -37, -27, -17, 5, -5, 8, 34]
[-12, -4, -10, -3, 15, 20, 45, -35]
[1, -10, -7, 3, -23, 1, -9, 65]
[-17, -12, -9, -1, 17, -6, 6, -92]
[17, 28, 9, 3, 8, -5, -22, -30]
[5, 12, 2, -12, 10, 13, -11, 22]
[-39, -44, -9, -4, -22, -24, -42, -8]
[52, 48, 22, 9, 52, 0, -10, -35]
[5, -3, -10, -2, -60, -12, -7, -10]
[-17, 8, -1, -9, -46, -17, 24, 5]
[7, 5, -17, -2, 20, 14, -17, -16]
[-29, -23, 2, -10, -22, -13, 25, -15]
[14, 18, 6, 14, 27, 2, 17, -9]
[11, 14, 0, 1, 19, 6, -37, 72]
[36, 22, 21, 9, -12, 7, -4, -103]
[-10, 3, -7, 4, 23, -4, -8, 32]
[-14, 2, 2, -5, 0, 4, -46, -4]
[7, 6, 6, 17, 28, 10, 17, -32]
[-4, 8, 0, 4, -11, 3, 22, 21]
[2, -9, -9, -2, 11, 8, -17, 35]
[-4, -1, 8, -9, -5, 9, 16, -18]
[-17, -22, -13, -1, 0, -6, -51, -67]
[-8, -5, 4, 6, 47, 10, 37, 7]
[-8, -13, -12, -14, -29, 0, 18, 24]
[2, -16, 1, 2, -45, -1, 5, 6]
[18, 8, 4, -1, 13, -13, -6, 27]
[-9, -9, -2, 6, -3, 12, 41, -16]
[-1, 40, 5, -7, -36, 3, -20, -88]
[-51, -38, -20, -2, 26, -10, 1, -9]
[22, 9, 3, -9, -8, -5, -21, -33]
[20, 32, 16, 6, -4, 3, 4, 39]
[-2, -11, 4, 11, 38, 7, 9, 30]
[19, 19, 6, -1, -3, 4, 35, 21]
[-16, -2, -4, 8, 10, 4, 31, -45]
[-12, -19, -3, -5, -8, -6, 4, 20]
[3, -7, -5, 7, 21, -2, -14, -21]
[28, 39, 12, 3, -19, -4, -49, -20]
[-24, -14, -9, -15, -40, -7, 50, 32]
[7, -11, -3, -6, 8, 4, 10, 16]
[-13, -10, 1, 7, 5, 0, -4, 2]
[20, 18, -6, 6, 42, 14, 21, -35]
[-10, -21, -11, -13, -7, -8, -9, -18]
[-1, 25, 10, 0, -42, -14, -44, -13]
[-2, 4, 10, 4, 18, 13, 14, 19]
[-2, -18, -5, -4, 9, -10, -14, 8]
[3, -4, -6, 2, 21, 1, -3, -11]
[6, -2, 1, 3, -3, 0, 1, -1]
[-2, -10, -7, -4, -1, 3, 12, 19]
[-5, -8, 0, -1, 5, -5, -3, 6]
[-3, 4, 7, -3, -39, -3, -17, -22]
[-1, -5, -4, -2, 2, -3, 3, 6]
[6, 9, 6, 15, 1, 5, 8, 5]
[-5, -7, -3, -4, 14, 1, 5, 9]
[-10, 0, 4, 5, 68, 4, -11, -14]
[-12, -17, -12, -31, -106, -14, -9, -4]
[2, -37, -10, -12, 4, 1, 10, 6]
[9, -8, -23, 9, 0, -3, 2, 2]
[12, 9, 38, 20, 29, -5, -5, 5]
[-2, 51, 6, 4, 13, -2, -1, -3]
[3, 24, -5, -5, -10, -5, 0, 2]
[8, 8, 8, -1, -12, -8, -1, -1]
[3, -6, -12, -9, -14, -15, -7, -12]
[-1, -12, 3, 2, 11, -4, 3, -2]
[4, 13, 1, 9, 17, -5, 2, 3]
[-6, 2, -5, -9, -24, -18, -7, -2]
[-7, -8, -5, 0, -48, -16, -5, -4]
[4, -8, -2, 0, 23, 8, -6, -2]
[-2, 7, -4, -11, -23, 14, -1, 4]
[-1, -1, 12, 6, 2, 5, -1, 3]
[-3, -1, 0, -8, 3, 2, -2, -3]
[0, -17, -2, 4, 16, 23, 4, 4]
[3, -5, -3, -1, -14, -3, -1, 2]
[-4, -1, 4, 8, 17, -12, -2, 1]
[3, 6, -3, -7, -12, 0, -1, -1]
[0, -2, 0, 9, 19, 13, -3, -2]
[1, -4, -4, -6, 33, 26, 3, 1]
[-4, -4, -4, -2, -2, -6, 1, 0]
[-1, 3, -9, 15, -29, -6, 0, 1]
[8, -6, -8, 4, 20, 11, 0, 1]
[-1, -11, 3, -37, -38, -1, -5, -2]
[-2, -11, 12, -15, 4, -5, -2, 1]
[1, 7, 8, 24, 32, 2, -1, 1]
[1, 0, 3, 8, 10, 7, -4, 0]
[4, 0, -5, 20, 70, 15, -1, 1]
[-5, -7, -7, -13, -44, -2, -3, -1]
[-3, -8, -15, -44, -39, -12, -6, -1]
[2, 4, 2, 17, 21, 0, 0, 0]
[-2, -8, 5, 18, 17, 6, 3, -1]
[1, 0, 0, 5, 29, -1, 2, 1]
[-1, -1, 6, 19, 37, 9, 3, 3]
[-5, -2, 1, -25, -28, -1, -4, 0]
[1, 2, 6, 11, -35, -1, 1, 0]
[-1, 5, -2, -7, -4, -13, 1, -1]
[-4, -2, -18, -7, -15, -10, -5, -6]
[-4, -6, 7, 4, 24, -4, 2, 0]
[-1, 4, 5, -18, 22, 3, 2, 1]
[2, 6, 9, 39, 19, 12, 4, 1]
[-6, -4, -4, 20, 47, -8, -1, 0]
[-1, -5, 0, 1, 24, 1, 3, 0]
[4, 3, -5, -56, -82, -14, -5, -1]
[-1, -2, -2, -8, -90, 3, -3, 1]
[13, 23, 3, 10, 17, 20, 0, 3]
[-9, -7, -1, 8, 87, 27, 3, -1]
[-5, -10, -12, -7, -90, -2, -5, -4]
[-5, -5, -1, -23, -14, 6, -1, -1]
[-4, -9, 0, 12, 27, 0, -3, -4]
[3, -2, 4, -33, -64, -27, -6, -5]
[3, -4, 0, 25, 80, -10, 1, 0]
[2, 4, -17, 1, 21, 0, 1, -1]
[-3, 0, 22, -9, 0, -3, 1, -1]
[4, 7, -5, 8, -9, -24, 1, 2]
[-3, -1, -3, -9, -34, -31, -3, -3]
[5, 6, 6, 67, 65, 4, 0, 3]
[-4, -11, -15, -22, -18, 2, -2, 0]
[-4, -7, -10, -30, -26, -15, 0, 0]
[-5, -1, 12, 46, 5, -7, 0, 1]
[-3, -7, -11, -62, -21, -6, 0, -2]
[-4, -4, 1, 31, 48, 2, -3, -4]
[2, 11, 0, -7, -68, -9, 2, 1]
[-9, -8, -5, 23, 57, -1, 1, -4]
[-20, 1, 9, 3, 14, 3, -1, -1]
[39, 37, 11, -5, 1, 14, 4, 12]
[-6, -7, -10, -14, -11, -6, -5, -1]
[1, -1, 4, 13, 55, 6, 2, 1]
[6, 1, 4, -5, 1, 15, -1, 1]
[-13, -10, 2, 3, 30, 16, 1, 0]
[0, -4, -1, 7, 16, 2, -1, 3]
[0, 1, -7, -10, -15, -10, -1, 1]
[-4, -12, -9, -3, 36, -4, -3, -4]
[-4, 1, 15, -14, -64, -3, 3, -2]
[4, 5, 5, 23, -14, -11, -1, -1]
[-5, -4, -4, -30, -89, -22, -6, -3]
[5, 6, 5, 19, -27, 1, -1, 0]
[-5, -12, -19, -48, -45, -1, 0, -1]
[-4, 0, -3, 42, 6, -2, -1, 0]
[4, 5, 4, -10, 10, 10, 4, 1]
[1, 2, 2, 14, 42, 7, 1, -1]
[-4, -2, -5, -29, -101, -6, -4, -4]
[-2, 1, 0, -16, 21, -3, 1, -1]
[1, -2, -7, 26, 29, 2, 0, 1]
[2, 12, 4, 8, 29, 9, 1, -2]
[-13, 0, 2, 1, 54, 4, -1, -2]
[16, 11, 0, -4, -4, -2, -4, -1]
[-1, 7, 2, -21, -18, -7, -4, 0]
[-10, -3, 0, 3, 8, 3, -1, -2]
[0, -12, -3, 9, -22, 2, -1, -1]
[-8, 0, -2, 1, -17, 1, 0, -1]
[1, 0, -5, -3, -1, 3, 1, 2]
[4, -5, -2, 11, 3, -3, 1, 2]
[-2, 3, -1, -13, -14, 3, 3, 1]
[4, -1, 4, 2, 33, 3, 1, 2]
[-1, -5, -3, -25, -46, -7, -2, -3]
[0, -3, -2, 23, 22, -5, -3, -1]
[-6, -14, -8, 4, 3, 1, -2, -3]
[-3, -5, 2, 13, 12, 0, -2, -2]
[3, 4, 2, 1, 14, -5, -1, -2]
[1, 3, 1, -11, -37, -2, -1, 1]
[2, 0, -4, -7, -4, 10, 2, 2]
[-3, -4, 1, -8, 20, 0, -1, -3]
[-3, -6, -2, 40, 10, 3, 0, -3]
[5, 5, -4, -21, -20, 1, 0, 2]
[-3, 2, 0, 10, 0, -1, 0, 0]
[5, 0, -3, 3, 25, 0, 0, 0]
[-4, -1, 5, 9, 29, 12, 3, 2]
[-3, 0, -1, -36, -36, -12, -4, -1]
[12, 18, 6, -3, -14, -3, 0, 0]
[-1, -11, -9, -2, 8, 3, 1, -1]
[2, 0, 0, -27, -34, -7, -1, -2]
[-3, -1, 0, 12, -8, 0, 0, -1]
[-6, -8, -1, 6, 3, -2, -2, -2]
[1, 1, -5, 2, 9, -1, 0, -1]
[-7, -6, -2, 1, 35, 0, -4, -2]
[10, 9, 0, -31, -66, -2, 0, 2]
[1, 0, 2, 15, 43, 6, -1, -1]
[2, 4, 8, 14, 10, 9, 0, 2]
[-3, -4, -8, -19, -24, -11, -5, -1]
[-1, -2, 2, 16, 43, 1, -1, -1]
[-3, -11, -4, 6, 2, -1, -1, 0]
[1, 10, 2, -15, -12, -2, 1, 0]
[3, 1, 0, 6, 16, 0, 1, -1]
[0, -1, -3, -19, -14, -5, -1, 0]
[0, 7, 5, 31, 42, 4, 2, 2]
[-1, -5, -3, -15, -61, -11, -4, -2]
[0, 1, -2, -3, 16, -2, -1, 0]
[1, 0, -1, 7, -18, -1, 0, -2]
[-6, -3, -2, 0, 40, 7, 1, -2]
[-5, -9, -7, -3, -20, -7, -1, -2]
[4, 6, 0, -10, -7, 1, -1, -1]
[1, 0, 6, 51, 55, 11, 2, -1]
[-2, -4, -3, -69, -82, -17, -6, -1]
[-1, 0, 9, 18, 4, 3, 2, 3]
[-1, 0, -1, 0, -18, -2, -3, -2]
[-7, -5, -4, -9, 23, 0, -3, -4]
[3, 0, -4, -2, 9, 2, -1, -3]
[-1, -4, -3, 17, -15, 1, 2, 1]
[0, 5, 3, -9, 2, -3, -1, 2]
[-7, -4, -1, -3, -7, -1, 0, -2]
[7, 7, -2, 8, 32, 0, -3, 0]
[-1, 3, 3, -13, -22, 3, 3, 0]
[-1, -4, 3, 19, 18, 3, 1, -1]
[1, 0, 1, -3, -4, -2, 1, -1]
[-3, -2, -3, -3, -17, -6, -2, 0]
[1, -2, -6, -9, 5, -2, -3, -1]
[0, 1, 5, 10, 5, 0, 0, -1]
[2, -2, -1, -22, -27, -6, -4, 0]
[0, -5, -2, -9, -5, 1, 3, 1]
[-3, -1, -2, 15, 4, -2, 1, 1]
[-4, -4, -2, 18, 28, 4, 2, -3]
[0, -3, -8, 13, 26, 1, -1, -2]
[0, 4, 6, 10, -19, -2, 1, -2]
[-6, -4, 8, -14, 2, 3, 0, 1]
[-7, -2, -3, -8, -3, -1, 0, 1]
[10, -2, 3, -12, -21, 1, -1, -1]
[1, -3, -4, 10, 54, 8, 2, 0]
[-5, 8, -2, 0, -42, -9, -6, -2]
[-5, 4, -3, -24, -36, -4, 1, -2]
[2, 1, -2, 12, 20, 2, -3, -2]
[1, 5, -1, -10, -25, -3, 0, 1]
[0, -9, 2, -2, 22, 1, -2, -2]
[1, 2, 1, 16, 37, 4, -1, -1]
[-5, -1, -2, -10, -46, -6, -1, 0]
[1, -1, -2, 4, 16, -1, -1, 1]
[0, 2, -4, -21, 6, 3, 1, 0]
[0, -3, 3, 28, -13, -2, -1, 0]
[-5, -5, 2, -5, 4, -2, 0, -2]
[0, -2, 4, 14, -2, 0, -1, 2]
[-1, -2, -4, 3, 21, 2, 1, 0]
[3, -1, -1, -18, -25, -4, -2, -2]
[3, 1, -4, -10, -1, 5, 1, -1]
[-3, 2, 0, 3, -17, -5, -4, -2]
[3, 0, -2, 1, 0, -5, -3, -2]
[1, -3, -1, -5, -8, 0, 1, 0]
[-10, 1, 3, 14, 11, 2, 0, 2]
[0, -2, -6, -25, -8, -4, -2, 0]
[-3, -4, 3, 11, 14, 1, 0, -1]
[7, 4, -1, -2, -8, 2, 0, 0]
[2, -3, 0, -9, -41, -4, 0, 0]
[-4, -6, -1, 14, 17, 2, -2, -2]
[0, -4, -4, -5, -12, -1, -2, -1]
[-1, -6, -2, -5, 43, 0, 0, -1]
[-1, -2, -2, 0, -3, -4, -2, -2]
[-2, 3, 3, 13, -8, 3, 0, 1]
[2, 2, 0, 13, 21, 1, 2, 0]
[-1, -1, -3, -2, -11, -4, -2, -2]
[2, -3, -4, -13, 15, 0, -1, 0]
[2, 1, 1, 1, 7, 0, 0, -1]
[0, 0, -3, -13, -10, 0, -2, -3]
[-9, -5, -3, 11, -10, -1, -2, -2]
[2, 1, -4, -15, 19, -6, -3, 1]
[3, 3, 2, 6, 6, 3, 3, 1]
[-1, -3, 0, 4, 13, -1, -1, 0]
[6, 11, 3, -15, -29, -3, 0, 2]
[-3, -5, 1, 8, -10, 1, 0, -2]
[-4, -3, 0, 14, 32, 2, 1, -1]
[-9, -3, -2, -11, -8, 1, -1, -2]
[-2, -3, 0, 6, -11, -1, 1, -2]
[4, 13, 1, -7, -13, 0, -2, 0]
[3, -4, -4, -2, -14, 0, -2, 1]
[5, 4, 4, 10, 13, 1, 2, 0]
[-3, -8, -9, -7, 10, 2, 0, -3]
[-1, 1, 3, 5, -5, -4, -1, -2]
[0, -2, -1, 2, 14, 2, -2, -2]
[-1, -2, 2, 7, -6, -1, 0, 2]
[-1, -1, 1, -7, -4, -6, -1, 3]
[-4, 0, -1, -3, 8, 0, 1, 0]
[-1, -1, -2, -12, -31, 1, -1, -2]
[2, 0, -5, -3, -7, -3, -4, -4]
[-1, 1, 2, 10, -3, -1, -1, 1]
[4, -3, -1, -3, 5, -2, -2, 0]
[1, 1, -1, -25, -6, 5, 3, 2]
[-1, 1, -1, 14, 1, -1, -2, -2]
[3, -4, -1, 3, 6, -3, 0, -2]
[-4, -9, -3, 3, 0, 0, -2, -2]
[1, 10, 7, 7, 2, 2, 5, 0]
[2, 4, -3, -6, -14, -2, -5, -1]
[-2, -2, -4, -4, 11, 1, -1, -1]
[-2, -1, -1, -5, -4, 0, 2, 0]
[-3, -6, -1, 8, 11, -1, -8, -10]
[-1, -3, -1, 2, 14, -1, -2, 7]
[1, 0, 0, -1, 11, -1, 2, -1]
[-3, -2, -5, -9, -44, -3, -3, -1]
[2, 0, -2, 0, -11, -5, 3, 1]
[-1, -2, 2, -4, -8, 3, -4, -7]
[0, 1, 1, 0, 7, -1, -4, -1]
[-5, -2, 0, -2, 15, -3, 1, 2]
[-3, -1, -4, 5, 5, -1, -3, -2]
[0, -6, -1, -5, -3, 0, 3, 0]
[6, 8, -1, -2, -12, -3, 1, 0]
[-5, -4, 4, 8, 13, 2, 4, 2]
[-3, -9, -6, -9, -5, -4, -23, -9]
[2, 5, 0, -2, 2, 4, 11, 6]
[-4, -2, -2, -9, -16, 0, 1, -1]
[-1, 1, 5, 21, 20, 2, -3, -3]
[-3, -6, -2, -4, 6, 6, 5, 3]
[1, -3, -3, -9, -20, -5, 0, -1]
[-1, 1, 3, -2, -6, -5, -9, -2]
[1, -4, -6, -1, 12, 0, 2, 0]
[2, 3, 1, 1, -5, 4, 4, 5]
[-1, 0, -1, 17, 32, 0, 0, -3]
[-5, -3, 1, -3, -2, -3, 3, -1]
[-6, 2, -3, -8, -20, -6, -8, -12]
[1, 4, 0, 7, 14, 1, 7, 21]
[-1, -4, -1, -14, -39, 0, 9, 3]
[-1, -1, -4, 9, 22, -2, -21, -8]
[2, -2, 1, 3, 6, 3, -10, 2]
[-1, 3, 0, 1, -6, 1, -1, -4]
[6, 8, 1, -2, 13, 2, 4, 0]
[2, -12, -1, 0, -4, 1, 12, 8]
[8, 27, 8, -4, -4, -3, -6, 1]
[-2, 0, 1, 1, -2, -1, 7, -2]
[-4, 0, -5, -4, -3, -1, -9, -1]
[-2, -5, -4, 3, -3, -3, 3, -5]
[-3, -1, -4, -12, -1, -2, -6, 2]
[3, -1, 1, 9, 14, 3, 1, 1]
[-2, 0, 2, -2, -4, -4, -2, -4]
[0, 4, 0, -8, -11, 0, -1, -1]
[-2, -6, -2, 2, 4, 1, 12, 2]
[-2, -1, 3, 3, 0, 2, 2, -3]
[0, -12, -6, -2, -6, 2, -1, -12]
[-3, -1, -1, -3, -9, -7, 6, 11]
[0, -1, 2, -1, 5, -1, 6, -1]
[1, -7, 3, 7, 20, 2, -10, -5]
[-2, 0, -1, -7, -48, -6, -5, -1]
[-4, 3, 1, -3, 1, -2, -4, -2]
[1, -4, 0, -2, -7, 1, 7, 1]
[-1, -1, -4, -2, -1, -4, 3, 4]
[2, 5, -1, 3, 26, 6, 6, -3]
[-5, 4, -2, 3, -12, 1, -3, -6]
[1, -2, -7, -11, -14, -9, -7, -4]
[-9, -5, 0, 6, 25, 1, 0, -4]
[10, 4, 1, 0, 6, 0, 18, 27]
[4, -2, -2, 1, -2, -4, -7, -19]
[2, 1, -2, 7, 6, -3, -11, 4]
[4, 14, 6, 4, -6, 3, 3, -3]
[-12, -9, -6, -9, -3, -4, 2, 1]
[-3, -8, -2, 1, 5, 0, 0, 5]
[-4, -2, -1, -3, -4, -2, 2, -10]
[-4, -9, -3, -9, -14, -5, -6, 7]
[0, 7, 9, 4, 9, 4, -13, -12]
[1, 4, 0, -2, -5, -2, 7, 8]
[-8, -11, -3, -2, 1, -1, -9, 3]
[9, 5, -6, 2, -5, 3, 7, -4]
[-1, -1, 7, 8, 10, 8, 14, -9]
[1, 2, -2, -5, -9, -3, -12, -3]
[6, -10, 1, 7, -6, 4, 21, 9]
[3, 4, -3, -7, -3, 4, -12, 9]
[-4, -7, -8, 1, 14, 2, 5, 3]
[9, 5, -2, -3, 9, -6, -28, 22]
[-13, 5, 1, -9, -45, 11, -4, -38]
[-1, -11, -1, 5, 0, -2, 2, -15]
[21, 4, 1, -8, -12, -6, 6, 47]
[3, 6, 4, 5, 14, 2, 3, -43]
[-4, 3, -2, 0, 14, -7, -4, 22]
[-2, -9, 0, -4, 16, -3, -3, -13]
[-4, 6, -4, -4, -5, 3, 1, 26]
[-27, -7, -3, -6, -15, -4, 1, -34]
[18, -7, -4, -5, 6, -5, 2, 8]
[-3, 3, 4, 2, -12, -3, -23, 8]
[-12, -3, 1, -2, 23, -2, -12, -38]
[0, -8, -8, -9, -26, -3, 24, 6]
[4, 10, 1, 4, -12, -6, 13, 62]
[-5, -5, 0, -3, 0, -1, -67, -54]
[6, -6, 4, 4, 10, 6, 1, 20]
[7, 5, 5, 7, 12, 0, -22, -38]
[-16, 5, 3, 4, 22, -1, 33, -24]
[-1, -2, 0, 2, 6, 8, 28, 25]
[9, -6, -3, -2, -20, 4, 3, 33]
[-21, -19, -7, -9, -32, 14, 25, -30]
[8, -17, -6, -6, 10, -3, -20, 1]
[-8, -2, 0, 2, -8, 0, -1, 28]
[3, 10, -2, 8, 12, -2, -4, -16]
[-13, 28, 6, 6, 8, -18, -56, 32]
[6, -39, 0, 5, 6, 9, 50, -43]
[7, 8, -5, -7, -1, 2, 19, 35]
[3, 38, 5, 2, 4, -4, 42, -91]
[-28, -46, -13, -7, -2, 0, 33, 30]
[19, 41, 10, 10, 8, -7, -43, -6]
[-15, -13, -5, -7, -6, -1, 42, 9]
[-25, -40, -6, -1, 7, 2, -40, -40]
[62, 46, 4, 7, 10, -17, 39, 97]
[-16, 12, 4, 10, 8, -10, -19, 62]
[14, 4, 2, 2, -1, 9, 37, -74]
[-10, -25, -5, -7, -19, -2, -28, -26]
[-9, -15, -5, -8, 0, -3, 23, 0]
[-5, 5, -5, -5, 37, 8, -27, -18]
[-3, -10, -1, 7, 24, -7, -45, 127]
[0, 5, 6, -2, -54, 4, -21, -72]
[11, -3, 1, 1, -4, -5, -53, 30]
[-42, -43, -17, -22, -38, -8, -15, -104]
[7, 48, 6, 5, 22, 10, 17, 23]
[8, -13, -12, -3, 15, -6, 48, 46]
[0, -21, -2, 2, -4, -6, -83, -74]
[-20, 5, 2, 0, -9, -12, -13, 6]
[-8, 3, 9, 3, 1, 4, 28, -21]
[-3, -25, -6, -6, 4, -7, 36, 54]
[-41, -18, -13, -7, -8, -4, -8, -62]
[-7, -18, 4, 7, 6, -3, -28, 86]
[24, 23, 9, 10, 30, 3, 6, 13]
