[-8, 15, 0, -11, -19, -16, -66, -37]
[11, -15, -8, -18, -41, 5, -30, 58]
[-1, 4, 3, -7, -72, -19, 79, -42]
[10, 3, 5, 11, -1, 11, -13, 79]
[-111, -113, -39, -3, 7, -17, -57, -75]
[85, 108, 49, 7, 23, 12, 126, 81]
[-21, -3, -9, -8, 6, 14, 8, -26]
[46, 37, 16, 7, -2, 4, -7, -17]
[20, 36, 20, 17, 24, 20, 41, 28]
[-53, -15, -14, -1, 6, 1, 58, 5]
[54, 9, 7, 6, 22, 20, 6, 10]
[-9, -28, 8, 14, 35, -1, 30, -87]
[-24, -35, -34, -39, -47, -10, -12, 27]
[-2, 23, 5, 7, -24, -12, -69, -10]
[-8, 30, -8, -1, 29, 5, 98, 53]
[-3, -38, 1, -7, -28, -4, -39, -89]
[-56, -25, -2, 9, 30, 10, -107, -11]
[54, 12, 10, 14, 15, 15, 26, -34]
[39, -12, 3, -2, -13, -16, 7, 67]
[-13, -4, -19, -12, -10, 3, -11, -3]
[-26, -1, -25, 0, -5, -8, 28, -76]
[-8, -7, 29, -4, 16, 11, 34, 7]
[58, 110, 61, 18, 1, -5, -28, 44]
[-22, -20, -11, -8, -11, -19, -94, -65]
[62, 29, 15, 15, 25, 11, 53, 122]
[-22, -22, -31, 1, -21, -7, -36, -10]
[-15, -60, -20, -3, 6, -13, -40, -100]
[-7, -50, -46, -25, -70, -15, -58, 76]
[14, 85, 22, 8, 5, 19, 16, -46]
[-9, 9, -4, -2, 7, 5, 18, -54]
[-20, 36, 52, 17, 17, 16, 4, 9]
[15, 55, 45, 13, 4, -17, 25, 113]
[-28, 12, -3, -1, 19, 31, -26, -13]
[84, 7, -34, -2, 11, -11, 4, 40]
[-12, -30, -28, -33, -51, -18, 35, 64]
[-47, -48, -18, 2, -8, -5, -54, -47]
[28, 12, 26, 9, 10, -15, 44, 43]
[-58, -38, 1, 6, 15, -47, -93, -87]
[-42, -75, -52, -16, 13, 16, 1, 19]
[47, 20, 1, -4, 20, 8, 4, 28]
[-3, -1, 7, -7, -75, -16, -1, 49]
[-28, -35, -7, 8, 33, -2, -62, -1]
[10, -20, -6, -1, 31, 9, -56, 22]
[-67, -30, -20, -26, -36, 4, 24, -8]
[22, -46, -49, -12, 6, 6, -26, 91]
[-38, 25, 58, -7, -36, 10, -33, -91]
[56, 55, 34, 17, 6, 18, -6, -11]
[12, -4, 20, 6, 34, -2, -2, -15]
[10, -31, -40, -1, 10, 15, 64, 91]
[-15, -45, -13, -5, -12, 7, 6, 13]
[-10, -18, 8, 7, 6, -30, -13, 35]
[23, 46, 5, 6, 2, 1, -41, -40]
[6, 23, 29, 14, 23, -4, 16, -53]
[-2, -20, -31, -5, -12, -5, 26, 0]
[3, -29, -18, 0, 5, 16, -70, 62]
[-15, -1, -3, -10, -2, -6, 76, -6]
[-12, 17, 13, 5, 13, 0, -52, 5]
[47, -3, -15, -12, -9, -5, 31, 96]
[0, -13, -10, -5, -4, -17, -19, -88]
[-13, 12, 10, 4, 15, 16, 28, -67]
[-29, -11, 3, -4, -23, 6, 25, -14]
[31, 64, 27, 13, 11, 3, -40, -2]
[-3, -21, -18, 2, 10, 1, 16, -6]
[33, 30, -11, 6, 49, 10, 12, 39]
[-4, -8, 1, -18, -80, -23, -40, -74]
[-2, 32, 15, 3, -3, 8, -10, -18]
[-14, -7, -28, -9, -27, 0, 8, -28]
[27, 2, 29, 19, 59, 15, 71, 23]
[18, 35, 15, 11, 19, 4, 4, 31]
[5, -15, -13, -18, -16, -7, -27, -14]
[-23, 12, -11, -11, -22, -5, -22, -37]
[-7, -16, -14, -11, -7, 0, 5, -12]
[46, 27, 17, 0, -21, -21, -16, 44]
[-39, -59, -36, -5, 7, 19, 72, 17]
[2, 6, 14, 8, 12, -10, -40, -12]
[-13, 12, 3, -4, -33, -2, 0, -12]
[24, -20, -35, 1, 46, 16, 63, 11]
[-6, 17, 37, 6, 0, -2, -36, 4]
[-14, 19, 33, -2, -24, -3, 39, -25]
[1, -41, -28, -10, -17, -1, 24, 6]
[11, 31, 38, 13, 33, 15, -17, 28]
[37, 20, -15, 8, 9, -3, 75, 93]
[22, -1, 0, 6, 26, 0, -24, -61]
[-21, -9, -5, -3, -16, 7, 11, -11]
[11, 24, -17, -8, 8, -11, 11, 15]
[-16, -30, 6, 1, -5, 2, -8, -60]
[-12, 17, 6, 4, 4, 6, 4, 15]
[2, -5, -4, -1, -20, -5, -4, -3]
[2, -25, -6, 1, -3, -4, 4, -20]
[-38, -14, 4, -2, -10, -7, 36, 18]
[9, 14, -7, -2, 1, -16, -15, -14]
[-5, -12, -11, 4, 0, 9, -5, -9]
[-2, -2, 14, -1, 24, 3, -20, -19]
[-3, -15, -9, 11, 19, -2, 4, 29]
[-15, -18, -10, -17, -12, 0, 7, -2]
[-3, -3, 9, 2, -37, -13, -37, -2]
[26, 16, 8, 1, -7, 0, 41, 22]
[1, 7, 3, -6, 15, 5, -2, -11]
[-3, -13, -20, -2, -3, -11, 3, 13]
[-9, 2, 4, -1, 4, 11, 26, 44]
[0, 1, 9, 1, 8, 7, -14, -76]
[-5, -5, -10, -4, 8, 0, -5, 11]
[-6, -28, -10, -8, -18, -4, 11, -30]
[8, 11, 4, 7, -2, -2, -20, -3]
[-5, 12, 7, -4, -8, -4, -15, 4]
[1, 5, -6, -14, -1, -8, -17, 14]
[-6, 14, 5, 14, -10, -4, -4, -4]
[4, 3, -2, -14, 8, 10, 8, 6]
[7, -2, -12, 38, 35, 9, 0, -2]
[-4, -15, 16, -11, -45, -16, 9, -14]
[-4, 3, 3, 3, -2, 2, 11, 28]
[2, -2, -3, -18, -15, -5, -4, -4]
[-2, 2, 0, -5, -26, -6, -1, 0]
[-5, 40, -5, -8, 7, -17, -11, -7]
[-5, 40, 5, 4, 8, -8, 1, 7]
[12, 18, -14, 1, -1, 0, -6, 9]
[0, 17, 10, -5, 6, 10, -10, -6]
[5, -13, -7, 11, 11, -6, 2, 2]
[12, -40, 8, -1, 7, -4, 5, 7]
[-3, -8, 0, 7, 9, 16, 2, -7]
[-3, -8, -3, -17, -22, 16, -3, 5]
[-4, -2, -5, 10, -5, -6, -5, -6]
[-2, 14, -9, -1, 4, 1, 3, 1]
[0, -6, 3, 8, 26, 10, -3, -1]
[-4, -11, 4, -2, -29, -4, -4, -1]
[-7, -7, -10, 2, 10, -10, -1, 2]
[0, -20, 5, -6, -33, -21, -5, -2]
[0, -23, -7, -7, -9, 5, -1, -1]
[-2, -16, 6, 5, 8, 10, -2, -3]
[-5, -7, -10, -10, -9, -7, 4, -2]
[1, 5, -2, 4, 10, -12, 1, 9]
[3, -1, 7, 10, 2, 5, 0, 4]
[0, -4, -2, 1, 21, 5, -2, -1]
[0, 5, 12, 15, 6, -10, 0, 0]
[-3, -6, -10, -13, -16, -12, -3, 0]
[6, 9, -1, 12, 33, 9, 0, 5]
[-3, 6, -6, -37, -66, 4, -6, -4]
[-1, 2, 3, -6, 66, 17, 6, 3]
[-2, 5, 0, 3, -86, -8, -3, -1]
[1, 8, -4, -6, 18, 6, -4, -3]
[-2, -8, -5, -29, -12, 9, -1, 0]
[-1, -5, -1, 2, -2, -2, -4, -3]
[0, -1, -11, -9, -17, 1, 3, 2]
[1, 5, 26, 36, 62, 14, 1, 0]
[-5, -7, -4, -2, -22, 5, -5, -3]
[-4, 2, -5, 2, -18, -1, 0, -1]
[-5, -5, -6, -28, -18, -16, -4, -1]
[-1, -1, -11, 0, -7, -2, 3, -1]
[3, 2, 6, 13, 56, 3, -2, -1]
[4, 4, 13, 9, -16, -4, 1, 3]
[2, 4, 10, 39, 43, 18, 6, 5]
[-7, -10, -11, -54, -34, -18, -6, -6]
[2, 0, 1, 15, 94, -4, 3, -3]
[-5, -3, -22, -10, -63, -21, -6, -6]
[5, 16, 30, 30, 32, 4, 3, 5]
[-2, 3, 8, -3, -26, -2, 4, 1]
[-3, -1, -8, -20, -21, -14, -2, 1]
[1, -3, 5, 17, 31, 12, 1, 0]
[-5, -7, -14, -2, -26, 1, -2, -3]
[-3, -8, 6, -1, 2, 4, 1, -1]
[-3, -6, -2, 38, 46, -7, 1, -2]
[2, 7, -8, -29, -62, 0, 3, 1]
[-7, 6, -9, -6, 16, 19, 0, -1]
[3, 6, -9, -17, -27, -4, -1, -1]
[4, 1, 12, 12, 5, 19, 1, 2]
[4, 1, 4, -4, 23, 25, -2, -2]
[9, 8, 9, 4, 60, 28, 5, 2]
[1, 0, 1, -8, 3, -14, -1, 1]
[-1, -9, -13, 11, 7, -18, -3, -1]
[-7, -3, 10, 7, 50, -1, 2, -3]
[-1, -6, -4, -24, -11, -10, 1, 1]
[6, 1, 1, 12, 33, -18, 0, 0]
[-2, -1, 0, 15, 3, -27, -3, -1]
[-7, -10, -14, -62, -91, -15, -4, -4]
[-1, -3, -12, -14, 11, 2, 2, 0]
[-5, -3, 2, 6, -13, -25, -3, -4]
[2, 6, 11, -22, 39, 0, 6, 1]
[-3, -5, -7, 36, -53, -7, -4, -1]
[-5, -9, -3, -5, 30, 6, -1, -2]
[7, 9, 3, 19, -24, 2, 4, 2]
[-3, 0, 0, 5, 6, -5, 4, 0]
[-2, -5, -2, -11, 0, -2, -4, -1]
[-4, 4, -4, 8, 15, 5, -2, 0]
[3, -9, -5, -8, 51, 11, 4, 0]
[-2, 15, 0, -11, -93, -22, -7, -4]
[1, 9, 6, -8, 8, 11, 0, 1]
[-7, -10, 0, 16, 3, 3, -2, 0]
[0, 3, -1, -7, 20, -1, 0, -1]
[-3, -3, -2, 12, 4, 0, 1, -1]
[-1, 0, 5, -4, 13, 6, 0, 0]
[2, -2, -3, 8, -15, 1, -5, -1]
[-4, -2, 4, -11, -7, 0, 0, 1]
[3, -3, -1, 10, 12, 3, 2, 1]
[-5, 0, 1, 5, 18, 11, -1, 0]
[4, 5, 5, 8, 5, 8, 3, 3]
[-4, 0, 0, 22, -2, -8, -2, -2]
[1, 0, -2, -5, 24, 0, 2, 1]
[-1, -6, -3, -18, -24, -2, -1, 0]
[3, 4, 0, -19, -47, 1, 0, -2]
[-5, -3, -2, 10, -42, -7, -1, -3]
[3, -16, -4, -13, -24, -5, -2, -3]
[13, 20, 3, 19, 55, 4, 2, 1]
[4, 0, 0, -3, 5, 5, 3, 1]
[0, -7, -3, -8, -10, -8, -4, 0]
[-4, 6, 3, -38, -12, 0, -2, 1]
[-3, -5, 2, 51, 20, 3, -1, -1]
[-1, 2, -4, -11, 11, 3, -1, 0]
[1, 6, 7, 23, 45, 13, 5, 1]
[-8, -5, -10, -38, -41, -17, -6, -3]
[-5, -7, -6, -20, -31, -2, -2, -2]
[1, 2, -1, -7, 14, -5, 0, 1]
[0, 2, 3, 22, 22, 7, 0, -1]
[5, -1, -5, 8, 12, 0, 1, 1]
[-3, 1, 0, -33, -4, -2, -1, -1]
[-1, 3, 14, 37, 23, 5, 0, 0]
[-3, -1, -2, -22, -28, -5, -1, 0]
[1, 1, 0, 8, -14, -3, 0, -2]
[-1, -3, -4, 16, 36, 7, 2, 1]
[3, -5, -11, -25, -35, -4, -6, -2]
[-1, -5, 0, -7, -24, -4, 0, -1]
[8, 12, 5, 9, -8, -2, 1, 1]
[-3, -5, 1, 3, 17, 3, 3, 2]
[-1, -3, 0, -8, 26, 3, -2, 0]
[-14, -3, -3, 19, 10, 1, -1, 1]
[3, -5, -3, -5, -88, -6, -2, -1]
[0, 2, -1, -14, -3, 0, -4, 0]
[-4, -5, -5, 5, 8, 2, -1, -1]
[3, 6, -2, -31, -21, -3, 0, 1]
[-4, -3, 7, 65, 72, 7, 3, 0]
[0, -2, -5, -4, -21, -8, -3, -1]
[0, 3, 2, -11, -24, 2, 3, -2]
[3, -2, -5, -4, 5, -4, 0, 0]
[-4, -1, -1, -7, 19, -2, -2, -2]
[1, -1, 5, 12, 20, 3, 1, -1]
[-2, -10, -7, -9, -45, -11, -5, -3]
[1, 2, 1, 3, 13, 2, 1, -1]
[-3, 2, 6, 0, 6, 1, 1, -2]
[-3, 2, -4, 1, 21, -1, -1, 0]
[1, 1, -2, -4, 6, 4, 1, 0]
[3, 0, 0, 3, -15, -2, -2, 2]
[1, -1, 1, 0, 2, 1, -1, 1]
[-3, 0, 0, -3, 10, 0, -1, -1]
[3, 6, 4, 2, 19, 2, 3, 1]
[8, 8, -1, 5, 11, -3, 1, 1]
[-2, -4, -8, -32, -60, -12, -7, -4]
[-1, -1, -2, -1, -26, -2, -2, 0]
[-2, -4, 0, 16, 53, 5, -1, 2]
[0, -2, -2, 20, 9, 4, 0, 1]
[-2, -4, -2, -12, -13, -3, -2, 0]
[-2, -3, 4, -9, 1, 3, -2, -2]
[2, 0, 0, 3, -23, 0, 0, 1]
[1, -2, -1, -16, 15, 5, 1, -1]
[4, 7, 3, 21, 44, 3, 2, 2]
[-2, -6, -6, -24, -35, -9, -3, -3]
[1, 2, 0, 8, 13, 2, -1, -1]
[-4, -6, -5, 0, -6, -5, -3, -1]
[-9, -7, -8, -11, 11, -1, 1, -2]
[6, -6, 2, 16, 23, 1, 1, -3]
[11, 19, 5, -2, -9, 1, 0, 0]
[-2, 1, -2, -15, -16, -3, -1, -2]
[-1, 6, 4, 16, 16, 3, -1, 0]
[-7, -1, 0, 28, 28, 2, 1, 3]
[-4, -7, -5, -13, -3, 0, 1, 0]
[4, 2, -4, -12, -23, -6, -2, -1]
[2, -1, 1, 10, 47, 9, 0, 0]
[3, 2, -3, -13, -66, -7, -2, 1]
[-4, -4, 2, 20, -1, -1, -3, -2]
[-1, 1, -2, -12, 8, 2, 0, 1]
[-3, -5, -1, 2, -10, 1, 2, -1]
[0, -1, -1, -22, -12, -4, -2, -1]
[0, -3, -1, 7, 41, -1, 1, -1]
[-2, -4, -1, 3, 2, 0, -2, 0]
[1, 2, 0, -5, -14, -2, -3, -2]
[-2, 3, 2, 12, 17, 4, 0, -1]
[1, -2, -5, -34, -88, -8, 1, -1]
[0, -4, 3, 28, 46, 4, 2, -1]
[3, 1, -6, -28, -19, -4, 1, 1]
[-2, 2, 2, 7, 19, 5, 2, 1]
[-3, -5, -2, -16, 13, -2, -5, -2]
[-6, -5, -3, 20, -3, -1, -3, -2]
[0, -1, -1, 5, -16, -1, -2, -1]
[3, 3, 2, 2, 22, -2, 0, -1]
[-1, -1, 2, 7, 4, 1, 1, 0]
[0, 0, 4, 8, 6, 1, 2, -1]
[-3, -5, -3, -11, -17, -7, -3, -4]
[-1, -3, -6, -5, -3, -2, -1, -2]
[-8, -8, -4, -3, -12, -1, -2, -1]
[4, 6, -2, -22, -17, -1, 0, -1]
[-3, -4, -1, 12, 27, 3, 0, -2]
[-2, 1, 2, -3, 12, 1, 0, -1]
[2, -4, -2, -2, -35, -6, 0, 1]
[2, 2, -1, -10, -29, -5, -1, 1]
[-2, 0, 3, 10, -2, -1, -1, 2]
[-2, -6, -4, -3, -2, -1, -2, -1]
[1, 7, -4, 0, 27, 7, -1, 0]
[-1, 4, 0, 1, -2, 0, 1, 0]
[-2, 4, 4, -5, -15, -5, -2, -2]
[3, 10, 5, 10, 6, 4, 4, 0]
[-3, -8, -1, -5, 1, 1, 1, 0]
[0, -3, -2, 0, 2, -1, -1, -1]
[1, 0, -3, -5, -1, -2, -1, -1]
[-1, -6, -3, -19, -16, -6, -4, 0]
[3, -2, -1, 15, 24, 4, 0, 2]
[-4, 0, 4, -1, 5, 3, -1, 1]
[-2, -7, 1, 1, -5, 0, 0, -3]
[-1, -2, -3, -5, -19, -6, -3, 0]
[2, 2, 4, -4, 17, -1, 2, -1]
[0, -1, 0, 0, -31, -3, -1, 0]
[-3, -6, -2, 15, 44, 2, 0, -1]
[-3, -2, -2, -7, -14, 2, 0, -2]
[3, -2, -2, 10, 3, 2, 0, -1]
[2, -2, -6, -24, -17, -4, -3, -2]
[3, 5, -1, -2, -2, -2, -1, 2]
[0, 3, 2, 19, 18, 1, -4, -3]
[-2, -2, 0, 6, 7, -1, 2, -1]
[0, 1, 2, 2, 0, 3, 1, -1]
[0, -5, -1, -12, -15, -3, 0, 1]
[5, 6, 1, -1, 4, -2, 1, 1]
[-1, -1, -3, -1, 3, -1, -2, -1]
[-1, -3, 2, 2, 4, 4, -1, -3]
[-4, -4, -1, -6, -13, -3, -2, -1]
[-2, -3, 1, 3, 10, 1, 0, 0]
[0, 4, 3, 12, 38, 4, 1, 1]
[-2, -1, 0, -6, -42, -3, 0, -3]
[-3, 0, -3, -4, -9, -3, -2, -2]
[-1, 0, -1, 3, 8, 0, -2, 0]
[-2, 0, -2, -15, -33, -4, -2, -1]
[-4, -1, -3, 5, 18, -1, 0, 2]
[-11, -9, -5, -1, -3, -2, -1, -3]
[7, -5, -5, -3, -13, -4, 0, -8]
[-3, -12, -1, -1, 14, -2, -20, 1]
[21, 27, 7, 12, 10, 0, 0, 4]
[4, 4, 2, -15, -6, 1, 10, 3]
[-2, -10, -5, 1, 2, -1, 0, 2]
[-4, 5, 1, -5, -5, 5, -1, -8]
[-6, -8, -3, 2, 3, -1, -2, 1]
[4, 3, -2, -2, -1, -4, -3, 0]
[-4, 0, 1, 4, 10, -1, -5, -13]
[3, 1, 0, -1, -4, 2, 10, 13]
[-4, -8, -4, -2, -4, -2, 9, 11]
[-2, 3, -1, 1, 5, 2, -29, -16]
[-5, -4, -3, 0, -8, -1, 1, 3]
[-2, 3, 3, 3, -1, 0, 1, -3]
[0, -2, -2, -13, -1, -2, 3, -5]
[-2, -2, 2, 10, 7, -3, 1, 5]
[-1, 1, 0, -8, -1, -1, 12, 1]
[1, -3, -4, 0, -1, 2, 7, -6]
[-8, -6, -4, -3, 1, -8, -20, 5]
[12, 1, 2, 1, -2, 3, 9, -8]
[-2, -3, -3, 0, -9, 5, 0, -3]
[1, 2, 2, 9, 8, 3, 3, 3]
[-7, -10, -6, -8, -5, -3, -20, -21]
[-6, -7, -2, 5, 7, -1, 30, 22]
[7, 9, 6, 3, 1, 2, -6, 13]
[-1, 4, 3, -4, -11, 2, 8, 19]
[2, -4, -1, 6, 8, 2, -35, -35]
[6, 9, -2, -9, -29, -4, 6, -6]
[-5, 0, 0, 0, 10, 0, -2, 8]
[0, 0, 0, 7, 9, 1, -5, -1]
[-5, -2, 2, 2, 5, -4, 4, 6]
[-6, -3, -1, -14, -16, -7, -1, -6]
[4, -4, -2, 4, 3, -1, 6, 4]
[0, -1, -5, -14, -12, -2, -31, -8]
[-3, -4, 0, 9, 4, 8, 29, -1]
[0, -2, -3, 3, 2, 0, -13, -1]
[-5, -4, -5, -15, -8, -8, -3, 2]
[3, 5, 4, 5, 8, 0, 2, -7]
[-5, -4, 1, 3, -2, 9, 42, 8]
[4, 6, 0, 2, -1, -3, 5, 2]
[-5, -10, 1, 2, -6, -8, -27, -9]
[-1, 5, -2, 0, 0, 0, 5, 4]
[2, 2, -5, -11, -10, -10, -14, 1]
[5, -4, 0, 5, -5, 0, 8, 12]
[-5, -2, 3, 2, 3, -3, -20, -6]
[3, -4, -1, -2, 3, 4, 4, 0]
[-3, 7, 2, 0, -4, 8, 19, -3]
[-2, 1, 2, -1, 2, -2, -2, 3]
[-3, 1, 1, -3, -1, 4, 23, -8]
[10, 1, 1, 4, -1, -3, 5, 2]
[-6, -8, -4, -3, -1, 2, 9, 25]
[-6, -3, 1, 1, 4, -16, -51, -26]
[-1, -3, 0, 11, 8, 9, 16, 12]
[1, 2, 0, -4, -4, 5, -34, -22]
[-4, 2, 1, 1, -14, -9, -2, 4]
[2, 6, 1, -4, 2, 2, 19, -8]
[9, 0, -4, -5, -14, 0, -17, -17]
[1, -2, 4, 5, 5, -13, -29, 62]
[-8, -17, -2, 2, 3, 5, 15, -67]
[16, 20, 7, 5, 1, 3, -20, 16]
[-6, -12, -8, -6, -7, 2, 56, 23]
[-4, 7, 2, -9, 2, 5, 10, -25]
[-1, -8, -8, -11, -2, -3, -30, -13]
[-25, -27, -9, 4, -1, 4, 23, 24]
[19, 14, 6, 1, 15, 2, 36, 0]
[3, -1, -8, -13, -32, 8, 23, 2]
[2, 0, 8, 11, 16, 4, 14, 40]
[-3, -2, -1, -3, 14, 1, 25, 30]
[-14, -2, -5, -9, -9, -4, -32, -67]
[-3, -25, -1, 10, 20, -1, 42, 62]
[-11, 13, -1, 5, 11, 1, -2, -4]
[14, -10, -4, -7, -9, -11, -40, -89]
[-28, -25, 1, 3, -4, -13, -8, -30]
[11, 22, 10, -7, 1, -2, 42, 40]
[22, 23, 1, -7, 1, -10, -73, 3]
[-21, 4, 0, 4, 8, 9, 20, -8]
[8, 3, -6, -3, -10, -20, 10, 68]
[5, -16, -6, -3, -5, 1, -48, -39]
[-16, -16, -2, 6, 9, 14, 14, 0]
[8, -7, 1, 5, 1, 5, -3, 3]
[11, 11, -2, 0, 29, -7, -24, -15]
[21, 23, 4, -2, -43, -4, 7, -45]
[5, -15, -15, -18, -1, 7, 0, -16]
[13, 0, 5, 0, -12, -14, 2, 66]
[-39, 4, -5, 2, -9, -2, -57, -35]
[6, -16, -6, 0, 34, 9, 109, 94]
[47, 65, 28, 23, 13, 8, -93, -66]
[-9, 12, -6, -18, -21, -6, -66, -57]
[16, 16, 16, 6, 19, 0, 40, 42]
[-47, -31, -16, -5, 0, -1, -14, 11]
[7, -23, -7, -9, -7, -10, 84, 78]
[-24, -16, -5, 8, 19, -7, -56, -23]
[-15, -14, 7, -1, -13, 11, -31, -100]
[17, 26, 0, 8, 12, -5, -108, -73]
[2, -6, -4, -6, 15, 3, 60, 120]
[14, 26, 6, -6, -41, -15, -18, -115]
[-16, -58, -10, -2, -30, -11, 14, 12]
[-6, -12, -2, 0, 6, -4, -24, -22]
[5, 0, 5, 8, 21, 11, 48, 9]
[-7, -24, -7, -2, -4, -4, -28, 32]
[-18, -32, -15, -12, -12, 2, 21, 13]
[-16, 10, 8, -3, -5, 1, -35, -86]
[-9, -51, -22, -15, -18, -25, 51, 70]
[-32, -11, -12, -10, 10, 12, 45, -55]
[12, 40, 9, 2, -7, 11, 25, 11]
[-4, 3, 14, 11, 1, -5, -22, 33]
[-36, -39, -30, -10, -18, 6, 10, 59]
[-10, -11, 33, 6, 21, 5, 12, 15]
[14, 29, 0, 11, 37, 7, -50, 5]
[39, 31, -3, -4, 10, -6, 105, 82]
[-24, -10, 5, 3, -32, -5, -8, -20]
[31, 34, -6, 6, 15, 10, 14, 46]
[-3, 37, 1, -11, -23, -5, -22, -41]
[22, 41, 16, 22, 10, 18, 8, 34]
[-48, -64, -42, -10, -9, -17, -116, -128]
[69, 8, 12, -2, -5, 5, 55, 34]
[-32, 24, -7, 1, 0, -10, 33, -32]
[14, -31, 14, -10, -16, 5, 20, -61]
[9, 58, 9, 14, 19, 17, -49, -116]
