[48, 33, 13, -3, -4, -7, 11, 27]
[-5, 25, 12, 21, 19, -16, -79, 90]
[-16, -5, -19, -32, -7, 3, 42, -64]
[9, -23, -25, -9, -3, -7, 40, 13]
[1, -1, 6, 13, 41, 21, 85, 50]
[12, -23, 0, -5, 15, 34, 37, 28]
[-31, 9, -3, -1, -65, -32, -66, -70]
[-30, -31, -6, -14, -43, 9, 4, -15]
[23, 3, 3, 9, 102, 2, -22, 35]
[-15, -13, 6, -17, -104, -5, 43, 82]
[-9, -9, -25, -22, -56, -35, 40, -9]
[-10, 1, -14, -1, -4, -5, -43, -44]
[7, 23, 14, 9, 13, 11, -9, -25]
[-48, -27, -19, 0, 30, 2, 2, -77]
[23, 15, 13, 15, 49, 15, 25, 68]
[5, 20, 6, -2, 12, -4, 75, 68]
[2, 14, 1, -9, -72, 4, 5, -82]
[-13, -17, -13, -5, 31, 12, 16, 65]
[-3, 17, 6, 13, 3, -3, -44, -47]
[25, 19, -1, -15, -2, 9, -14, 20]
[-12, -15, 2, -1, 9, -4, -22, 9]
[23, -8, -4, -4, -39, -5, -9, -17]
[-4, 3, 0, 0, 45, 18, -19, 26]
[5, 8, -2, -12, -27, -31, -37, -111]
[-17, -7, -12, -9, -31, 2, 30, -45]
[-9, -13, -7, 2, 11, 5, -17, -2]
[4, -1, -5, 1, 23, -16, -7, 5]
[1, 24, 6, 7, 5, 24, 7, 4]
[2, 4, 0, 1, -14, -11, -3, 18]
[-13, -5, -3, 9, 26, -1, 18, -29]
[15, 5, 3, 22, 86, 8, -30, 45]
[-1, 4, -5, -30, -106, -35, -18, -28]
[4, 2, -6, -23, -7, -7, 8, 10]
[-6, 25, 4, 10, 42, 4, -10, 0]
[30, 10, 17, 14, -2, -1, 21, 32]
[-2, 9, 5, 11, 13, 15, -14, -22]
[14, 5, 5, 5, 10, -2, -19, 63]
[-2, -1, -12, -14, -30, -2, -5, -18]
[-8, -8, 7, -2, -14, -4, 18, 12]
[7, 11, 6, 21, 30, 24, 17, 8]
[1, -3, -8, 2, -10, -12, -20, -15]
[-15, -19, -19, -11, 1, -3, -15, -15]
[-34, -36, 8, -6, -1, -5, 14, 4]
[-5, -15, -1, 4, 8, 10, -6, 18]
[8, -3, 23, 1, 2, 0, 1, -2]
[11, 34, 0, 0, -2, -7, -12, -18]
[-19, 97, -10, -17, -25, -8, 0, -5]
[-1, 35, 2, 1, 8, 11, -4, -1]
[-15, -40, -21, 18, -19, 11, 7, -3]
[0, -44, 4, 9, 49, -2, 1, -5]
[4, 47, -5, -9, -29, -5, -7, 6]
[10, -18, 4, 4, 14, 21, -3, 8]
[19, -20, 7, -3, -28, 4, -6, 11]
[6, -21, 6, 9, -12, -18, -17, -8]
[-6, 0, -6, -1, -3, -25, 0, 3]
[-3, 26, -8, -11, 20, 6, -8, -2]
[6, 14, 0, 2, 7, -5, -6, -13]
[-7, 16, -8, -12, -30, -18, -11, -13]
[8, -7, -16, 4, 15, -17, -5, -2]
[5, 13, 14, 36, 29, 27, 2, 4]
[11, -57, 11, -7, 31, 24, -7, -4]
[-8, -52, 12, 3, -28, -10, 1, -4]
[10, 9, -5, -36, -76, -25, -3, -6]
[1, 42, 0, 5, 15, 12, -4, 1]
[-6, 13, 14, 29, 19, 16, 1, -5]
[-2, -47, -15, -1, -7, -7, -1, -2]
[10, -92, -37, -18, 16, -13, 4, 8]
[11, 39, 35, 15, 73, 20, 6, 9]
[-7, 79, -3, -18, -33, 3, -3, -5]
[3, 64, 16, 17, 69, -7, 1, -6]
[1, -54, -2, -12, -75, -21, -1, -2]
[7, -93, -20, -10, -5, 4, 1, 3]
[-6, -21, -7, -20, 13, -4, -10, -8]
[-9, -4, -2, -17, -13, -14, -7, -4]
[9, 27, 10, 47, 79, -3, 5, 6]
[-9, -11, -8, 11, 46, -21, -8, -4]
[0, 7, -6, -11, -22, 10, 6, 3]
[2, 23, -2, -38, -27, 32, -3, -3]
[5, -4, 15, 3, -59, 28, 3, 3]
[-12, -17, -3, 3, 39, 25, 2, -1]
[-3, -9, 0, 13, 45, 13, 3, 2]
[-8, -29, 0, 2, -41, 3, -2, 2]
[-1, -20, 4, -10, -5, 5, 1, 1]
[-2, -32, -8, -4, 31, -17, 1, -2]
[-4, -19, -8, -2, -32, -34, 0, -1]
[-3, 17, 1, -13, -82, -29, -8, -5]
[1, 20, 12, 66, 64, 8, -1, -3]
[-3, 1, -25, -61, -92, -23, -1, 0]
[-4, 17, -2, 9, 74, -7, 1, 0]
[8, 46, 5, -1, -6, 7, 5, 5]
[-10, 19, 1, -17, -35, 3, -2, -1]
[-6, 4, -5, 9, -17, -13, 3, -3]
[9, 9, 10, 22, 58, 3, 7, 4]
[-7, -13, -4, -39, -55, -6, -1, -3]
[-1, -6, -6, 3, 34, 5, -4, -4]
[1, -1, 2, -19, -54, -10, 1, 1]
[-5, -6, 2, 11, 3, -9, 1, -3]
[-7, -2, -2, 12, 0, 6, -1, 1]
[-1, -14, -1, -7, 13, 17, 0, 3]
[-3, -16, -3, -1, 12, -3, -2, 3]
[1, 6, 1, -13, -11, -15, 1, 0]
[-2, 0, -5, 9, 18, 8, 2, -1]
[-1, -9, -6, -14, 5, 9, 1, 1]
[1, 8, 23, 19, 11, -6, -3, 0]
[0, 11, -1, 32, 66, -4, -2, -2]
[0, 1, -2, 12, -23, -4, -3, -2]
[4, 1, 3, -9, -2, -1, 1, -1]
[-12, 5, -4, 6, -21, -9, -2, -4]
[3, 2, -2, -11, -3, -4, -3, 1]
[-8, -14, -5, -16, -25, 0, -3, -4]
[7, 9, 4, 0, 10, 11, 2, 1]
[4, 3, -1, 8, 21, 5, 6, 4]
[-6, -3, 0, -3, 34, 0, 3, -3]
[4, 9, -6, 4, 14, 7, 3, 0]
[-1, 5, 9, 26, 27, 0, -2, 1]
[1, 8, -3, -13, -52, 0, -2, 0]
[-3, -3, 3, 4, -9, -9, -4, -1]
[2, -12, -9, -22, -4, 5, 1, 0]
[6, 4, -10, 2, 10, 12, 1, 1]
[-1, 1, 21, -8, -18, -5, -2, -1]
[-5, -12, -26, -55, -25, -5, -4, -2]
[-8, -7, -13, 4, 24, 0, -1, -3]
[5, 7, 35, 24, -74, 0, 2, 2]
[-1, -2, 1, 33, 48, 5, 1, -3]
[2, 5, 2, -18, -51, -8, -4, -4]
[-2, -2, -2, 28, 50, 8, 3, 1]
[-6, -14, -14, -22, 17, -5, -1, 0]
[2, -3, -4, 13, 42, 7, 5, 0]
[-3, 6, 7, 1, -66, -9, 1, -1]
[1, 8, 1, -7, 14, -4, -5, -3]
[-1, 3, 0, 0, 24, 6, 3, -2]
[2, -6, 3, -14, -19, -4, -3, -1]
[-6, -6, -9, 4, -4, 0, -1, -2]
[3, 11, 3, 32, 62, 5, -1, 0]
[12, 37, 13, -10, -41, 4, 0, 8]
[0, -1, -9, 1, 13, -7, 3, -1]
[-1, -4, -6, -28, -12, -7, -2, -3]
[-1, -8, 10, 28, -2, -4, -2, 2]
[-4, -15, -4, -1, 92, 14, 2, -3]
[0, 0, -5, -19, -67, -11, -7, -3]
[3, 2, -2, 9, 3, 5, -2, 1]
[-1, -3, -1, -12, -31, 6, -1, -1]
[-7, -13, -15, -27, -11, -2, -3, -6]
[-2, -4, -5, 26, 11, -1, -1, -1]
[-2, -1, 4, 10, -12, 1, -1, 0]
[-5, -3, -1, 15, 59, 4, -1, 0]
[-7, -7, 1, -34, -80, -13, -4, -2]
[-11, -5, -4, 1, -32, -8, -2, -3]
[5, 6, 2, -3, -15, -4, -1, 3]
[10, 7, 4, -1, 2, 2, 2, 2]
[-2, -8, -4, 11, 14, 1, -1, 0]
[-7, -2, -2, -5, 49, 10, 1, 1]
[-7, 7, -2, 0, -7, 3, -1, -3]
[-1, 2, 1, 8, -5, -7, -3, -2]
[0, -3, -8, -26, -14, -4, -3, -2]
[3, -9, 2, 25, 17, 1, 2, 0]
[1, 5, 2, 13, 26, 0, 0, -3]
[-1, 0, 1, -9, -2, -4, -3, -4]
[-2, -5, -12, -19, -2, 0, -1, 0]
[1, 0, -4, -3, 6, -3, -3, -1]
[2, -2, 3, -2, 2, 1, -1, 2]
[-1, -6, -10, -5, 19, 3, 3, 0]
[-4, -4, 6, 20, 4, 2, -1, 3]
[4, 1, -2, -31, -35, 1, -2, 2]
[1, -5, -6, -9, -13, -3, -2, -3]
[-3, 1, 5, 2, 21, 4, 1, -5]
[1, -3, -7, 1, 2, -7, -3, -4]
[10, 11, 3, 2, 34, 4, 0, 1]
[4, 2, 2, 20, 2, -2, -2, -1]
[-14, -11, 2, 7, -27, -1, -1, 1]
[15, 16, 1, -6, 1, 4, 3, 1]
[0, 1, -3, 0, -22, -1, 0, 0]
[2, -3, -5, 1, -5, -4, 2, 2]
[-7, -9, -7, 0, -6, 1, -1, -1]
[-2, 6, 5, 1, 28, 5, 0, 0]
[3, -4, -8, -37, -53, -9, -4, -5]
[1, -3, 1, 12, 27, 6, 0, 0]
[-1, -2, 1, -10, -74, -14, -3, -2]
[-7, -11, -1, 4, 11, -6, -3, -1]
[-1, 0, 6, 2, 5, 2, 2, 1]
[-2, -3, -2, -8, 53, 2, 0, -4]
[6, 6, 4, 1, 2, 5, -1, -1]
[0, -8, -3, 2, -12, 0, -2, -1]
[0, 1, -4, -8, 1, -3, -1, 2]
[-7, -5, 1, 6, -16, -5, 2, 0]
[3, 8, -2, -24, 2, -1, 3, -2]
[-6, -5, -2, 46, 17, -3, -2, -2]
[1, 8, 3, -7, 17, 1, -2, -3]
[2, 9, 4, -13, -20, 0, -1, 1]
[-1, -2, -8, -37, -37, -6, -2, -2]
[-2, -5, 1, 30, 6, 5, 1, 1]
[1, -4, 4, 17, 29, 7, 4, 0]
[-3, -7, -1, 5, -6, 0, -1, -4]
[7, 10, 2, -13, -1, -3, -4, -1]
[-2, -6, -4, -18, -29, -1, 0, -1]
[-4, 1, -3, 17, 46, 6, -1, 2]
[0, 2, -9, -51, -90, -18, -3, -1]
[-3, -4, 2, 38, 40, 6, 0, 0]
[0, 0, 1, -22, -14, 0, 1, -2]
[-1, -1, -2, 12, 9, 0, 1, 1]
[2, -2, 4, 11, 13, 4, 4, 4]
[3, 1, 0, 4, 23, -4, -3, -2]
[3, 1, 2, -2, 1, -8, -2, 0]
[-1, 0, 6, 2, -7, 0, -2, -3]
[1, 3, -6, 0, 14, 2, -1, -1]
[-1, -4, -2, 2, -6, -2, 3, 4]
[-2, -3, -3, -10, 8, 0, -1, 0]
[-4, 0, -4, -1, 21, 3, 1, -3]
[1, 5, 3, 8, -34, -2, -4, -3]
[3, 5, 1, 14, 26, 6, -1, 1]
[-2, 1, 1, -3, -7, 2, 1, 3]
[-4, -8, -4, -26, -56, -4, 0, 4]
[-4, -6, 1, 13, 4, -1, 0, -1]
[-7, -3, -1, 9, 28, -2, 1, -6]
[-1, 0, -1, -3, -16, -1, -1, -4]
[2, 7, -6, -6, 21, 0, -3, -1]
[-4, -4, 0, -6, 2, -2, 1, 2]
[2, -1, -2, -10, -10, -5, 1, 3]
[1, 0, 3, 27, 46, 9, 6, -1]
[-3, -1, -1, -8, -64, -7, 0, -2]
[-2, -3, -5, -20, -9, -1, -3, -2]
[3, 1, 8, 23, 21, 3, -1, 3]
[2, -4, -2, -5, -11, -1, -2, 0]
[2, -2, 2, 18, 2, -2, 0, -2]
[6, 2, -1, -25, 4, 3, 1, 1]
[-7, -6, -2, -10, -32, -2, -3, -2]
[5, 7, -4, -3, 10, -3, -3, 1]
[2, 7, 3, 6, 5, 2, -1, 2]
[-4, 2, -3, 22, 5, -6, -1, -1]
[-4, -10, -8, -19, 8, -3, -1, -2]
[0, 1, -1, 2, -16, 0, 1, -1]
[2, 1, -1, -12, 1, 5, 1, -1]
[-4, -3, -1, 13, 7, -1, -5, -3]
[3, 4, 4, 2, 3, 0, -1, 1]
[-6, -5, -3, -28, -27, -2, -1, 1]
[-2, -2, 1, 27, 52, 6, -1, -1]
[-6, -3, 0, 5, -5, -2, 1, -1]
[-3, -5, -2, -5, 9, 2, 1, 0]
[2, 3, -2, 7, -2, -2, -1, -2]
[-1, -2, 2, -24, -13, -8, -1, -2]
[-1, 1, -5, -10, 18, 1, -1, -1]
[6, 4, 10, 12, -32, 0, 0, 0]
[3, 4, 3, 11, 12, 5, -1, 0]
[0, 1, -2, 0, 19, 3, 2, 2]
[-4, -1, -2, -14, 2, -4, -2, -1]
[-3, -7, -9, -9, -18, -4, 0, 0]
[0, -1, 4, 17, 22, 1, -1, 3]
[3, -4, 1, 4, -14, -2, 1, 0]
[5, 5, 5, 6, 27, 2, 2, 0]
[2, -1, -5, -18, -12, 1, -1, -3]
[-3, -1, 4, 1, -3, 2, -2, -2]
[-5, -6, -7, -1, -4, -3, -2, -3]
[3, -1, 0, 0, -10, -1, -1, -1]
[-2, 6, -3, -6, 12, -2, -1, -2]
[-2, 0, -4, 15, -5, 4, 3, 2]
[0, -1, 4, 5, -23, -1, 2, 3]
[-2, -6, -4, -10, -22, -4, -1, -2]
[-1, -4, -1, -15, -11, -3, -1, -1]
[0, 1, 2, -10, 18, 2, -1, -1]
[-5, 2, 1, 11, -13, -2, 0, -5]
[-10, -4, 0, 11, 19, -2, -3, -3]
[0, -1, 4, 9, 5, -1, -4, -2]
[7, 3, -6, -17, -2, 0, -3, 3]
[0, -2, 2, -11, -11, -2, -3, 2]
[1, 0, 0, 20, 7, -2, 3, 1]
[-4, -6, -7, -4, 35, 0, 3, -3]
[0, 2, -1, -10, -57, -7, -1, -2]
[-3, 0, 4, -5, 2, 4, 1, -2]
[-1, 2, 0, -3, 11, -2, 2, -3]
[-6, -1, -2, -3, -19, -1, 2, -1]
[-3, -10, 1, 9, 25, 1, -3, -2]
[3, -2, -3, 1, 6, 3, -3, -3]
[-3, -3, -4, -2, -10, -1, -3, -4]
[2, 0, -2, 8, -3, -1, -4, 0]
[0, -4, 0, -4, 17, 1, -1, 3]
[1, -3, -6, -23, -27, -5, -2, 4]
[0, -3, 0, -8, -26, -4, -1, -1]
[-2, 3, 5, 1, 18, -1, 1, 0]
[-1, 4, 2, 6, -18, 3, -3, -2]
[3, 0, -3, -6, 10, 2, 1, 0]
[-2, -2, -1, 15, 18, 2, 4, -1]
[7, 5, 2, -18, -20, -2, -1, 1]
[-1, 8, 4, 31, 71, 4, 6, -1]
[-4, -4, -1, -14, -80, -11, -2, -2]
[1, -4, -5, -23, -24, -4, -5, -3]
[2, -1, -1, -4, -16, 3, 1, 1]
[-1, -12, -3, -2, 13, 1, 0, 1]
[3, -2, -5, 10, 43, 6, 0, -2]
[-1, 6, 0, -1, -20, -7, -1, -2]
[-4, -1, -5, -7, 2, -9, -7, -4]
[-2, 3, -3, -15, -15, 1, 1, 0]
[-1, -2, -5, 10, 10, -2, -1, 3]
[-4, -4, 7, -16, -8, 2, -2, -2]
[3, -5, 3, 24, 16, 1, -2, -2]
[-3, 1, 2, 8, -14, 1, -1, -1]
[0, 7, -2, 7, 17, 0, 1, 0]
[3, 7, -3, 6, 10, 0, -1, 1]
[0, -2, -1, -13, -23, 0, -1, 0]
[-1, -9, -8, -12, 3, 1, 1, -4]
[-9, -8, -1, 12, 2, -1, -1, 0]
[1, 2, -5, 1, 5, -1, 3, 0]
[7, 1, 0, 5, 0, 0, 1, -1]
[2, 5, 4, -3, -4, 2, 0, 1]
[-1, -3, 2, -6, 15, 1, 0, -1]
[-3, -6, 3, 17, 16, -2, -2, -4]
[1, 9, 5, -6, 16, 0, 0, 2]
[2, -2, 6, -3, -19, 0, 1, 0]
[3, 3, -4, -16, -19, -6, 1, 0]
[-3, -2, -8, -11, -7, 0, 1, 1]
[-3, -2, -10, 10, 17, 3, 1, -2]
[4, 3, -1, 8, 19, 3, 0, 2]
[-5, 5, -2, -50, -76, -5, -4, -1]
[-3, -9, 2, 30, -3, 1, -3, 2]
[-1, 3, 2, 4, -10, -3, -1, -2]
[-3, -3, -2, 5, 29, 1, -1, -2]
[9, -1, 4, 13, 23, -1, 2, -2]
[1, 8, 8, -15, -5, -5, -2, -3]
[-1, -4, 1, 6, -5, 4, -1, 0]
[1, 12, -6, 0, -2, 3, 1, 0]
[2, -2, -4, 10, 14, 3, 0, 0]
[-3, -4, -3, 5, 18, -1, -1, -2]
[-5, -8, 0, 3, 0, -5, 2, 3]
[0, -4, 1, -15, -15, -7, 1, -1]
[-7, -3, -1, 25, 21, 2, 3, -1]
[4, 8, 0, -12, -28, -2, -1, -1]
[-5, 0, 1, -1, -3, -1, -6, -2]
[4, -3, -2, -8, -9, 3, 2, -3]
[4, 3, 5, 8, 22, 4, 5, 1]
[-3, -8, 1, 11, 27, 1, 2, 1]
[0, -5, -8, -21, -42, -2, 1, -1]
[-1, -1, -3, 2, -31, 2, 4, 4]
[-2, -7, -7, -21, -2, -4, -3, -2]
[-3, -6, 4, 39, 57, 7, 1, -2]
[0, 5, -3, -7, -41, -11, -3, 0]
[5, 2, -4, 5, 13, -4, -1, 0]
[-4, 5, 0, 1, -8, -3, -1, -5]
[-2, -7, -4, -24, 21, -4, -1, 1]
[-8, -4, 0, -4, -8, 2, -3, -4]
[-2, -9, 3, 2, 6, 5, -2, -2]
[-1, 7, 0, 2, 7, 3, -2, 1]
[-4, 2, -6, -4, -22, -4, -5, -4]
[7, -1, 2, 16, 31, 3, 3, 1]
[-2, -6, -7, -10, -18, -3, 0, 1]
[0, 4, 1, 9, 12, 3, -2, -1]
[-8, -13, -2, -2, -21, -5, -6, -2]
[7, 15, 1, -5, 14, 0, 6, 10]
[-2, -1, 3, -4, -2, -3, -2, -2]
[1, -4, 2, 4, 2, 0, -7, 0]
[-8, -3, -6, -8, -24, 4, 17, 0]
[-1, -4, -7, 4, 2, 0, -20, -4]
[-2, -3, 2, 1, 7, 0, -4, 5]
[0, -1, 3, 6, 2, -1, 7, 1]
[7, 7, 2, -8, -16, -7, -11, -8]
[-6, -8, -6, -5, 0, -4, -1, -9]
[0, 0, -1, 3, 27, 3, 4, 1]
[-2, -5, 0, 3, 4, 1, -6, 0]
[-1, 1, -4, -13, -54, -9, -3, -1]
[-1, -6, -2, 10, 14, 7, 3, -4]
[4, -1, 0, 8, 14, 6, 4, 7]
[5, 11, 6, 6, 16, -7, -16, -12]
[-4, -3, 1, -6, 4, 2, -7, -7]
[3, 6, 2, -1, -4, -6, -6, 20]
[-4, 5, 2, 5, -2, 3, 34, -2]
[3, -6, 0, -4, 0, 5, 2, 6]
[-1, -2, -3, 3, -3, -6, 1, -1]
[5, 0, -3, 2, -1, 1, -34, -17]
[-3, 11, 5, -3, 1, -1, 11, 10]
[-4, -8, -1, -1, 2, 6, -3, -13]
[-2, 3, 1, 1, -6, -10, 9, 15]
[-5, -12, -5, -4, 5, -4, 41, 5]
[-4, -8, -8, -1, -11, -4, -6, -11]
[-4, -3, -3, -5, -5, -3, -23, -10]
[3, 5, -1, -6, 4, 0, -6, 1]
[-4, -8, 1, -3, 0, -4, -3, -16]
[10, -6, -1, 5, 4, 10, 2, 20]
[-5, -7, -2, 1, -6, -2, 23, -7]
[7, 7, -3, -6, 1, -4, 10, 24]
[2, 11, -1, 4, -8, -11, -11, -1]
[-7, 1, 4, 1, 2, 2, -10, -14]
[-4, -2, -3, 3, 5, -10, -1, 1]
[6, 4, 1, -3, 27, 5, -1, 7]
[0, 5, 6, 6, -7, -6, -4, 14]
[9, -8, -5, 1, -15, 4, -15, 10]
[-6, 4, -2, -7, -1, 12, 35, -4]
[3, 3, 1, -7, -1, 9, 1, -19]
[-10, -12, 1, -2, 6, 4, -45, -28]
[-12, -25, -6, 1, 8, -5, 35, 67]
[23, 21, 5, 1, 0, -13, -21, -21]
[-3, 7, 2, 6, -15, -1, -8, 16]
[-3, 8, 2, 3, 7, 4, 14, -33]
[-2, -2, 6, -2, -4, 1, -4, 27]
[3, -11, -7, 3, 0, -9, 14, -18]
[-4, -11, -5, -4, -4, -2, -13, -10]
[4, 0, -2, -10, -4, -1, -21, 17]
[-11, 5, -1, -8, -12, 3, 28, -42]
[-2, -4, 0, 1, 12, 7, 1, 41]
[6, 0, 1, -5, -18, -10, 20, 5]
[-10, -8, -6, -7, -14, -7, 5, 5]
[14, 9, -2, 6, 0, -4, 2, -16]
[0, 8, 4, 5, -14, 13, -25, -19]
[-1, 1, -1, 4, -23, -1, 62, -7]
[-1, 0, -4, -5, -22, -1, -26, 20]
[1, 5, 4, 0, -6, -1, -14, -14]
[-19, -21, -4, -3, -5, -11, -11, -28]
[28, 7, 2, 10, 17, -1, -9, 22]
[9, -15, -5, -5, 35, -2, 20, 47]
[-5, 27, 9, 7, -7, 18, -5, -88]
[-11, -19, -13, -3, 8, -17, 76, 75]
[-6, 8, -2, -5, 3, -5, -56, 43]
[-1, 9, 14, 2, -22, -3, -23, -76]
[23, 0, 6, 5, 21, -10, -44, 68]
[-5, 23, 7, 7, 1, 25, 39, -2]
[6, -30, -17, 1, 17, -15, 32, 38]
[-4, -13, -6, -5, -15, -13, 0, -58]
[-45, -53, -8, -2, 9, 20, 67, -39]
[14, -6, 3, 1, 10, 7, -32, -20]
[-11, 44, 2, -1, -2, 0, 8, 13]
[36, -17, 3, -2, 2, -17, -1, 75]
[-11, 12, 3, 1, 15, 1, -18, -93]
[22, 3, -1, -10, 7, 25, 80, 76]
[-31, -17, -11, -9, -6, -13, -64, -102]
[16, 0, 2, 4, 23, 12, -33, 127]
[-27, -75, -27, -18, 35, -14, -51, -1]
[31, 24, 12, 7, -20, -7, 18, 91]
[-9, 16, -5, -17, -42, -14, 13, -24]
[-26, 67, 10, -3, 5, 22, 24, -124]
[39, 86, 23, 10, 23, 2, 7, 122]
[25, 28, 2, -1, 11, 9, 59, 66]
[-42, -70, -4, 4, 19, -1, -96, -33]
[-20, -21, -4, -7, -20, -32, -57, -71]
[50, -3, 2, 3, 2, -6, 86, -8]
[16, 20, -4, -4, 46, 13, -22, 66]
[45, 22, 24, 38, 73, 16, 7, 31]
[36, 75, -6, -13, -9, -26, -29, -94]
[-65, -39, 6, -13, -60, -4, -114, 74]
[-35, -99, -29, -1, -21, -38, -37, -75]
[26, -45, -10, -4, -13, 2, -44, -94]
[4, -77, -37, -4, 12, 17, 29, 98]
[54, 102, 84, 24, 47, -8, 0, -29]
[-76, -73, -60, -13, -37, -3, -19, -128]
[-24, 35, 57, 28, 103, 24, 9, 73]
[42, -41, 4, 2, -69, -42, -48, -92]
[-62, -28, -39, -28, -39, -17, 16, -115]
[12, 44, 43, 18, -24, -3, 23, 26]
[-85, -36, -34, -14, -28, -3, 66, -23]
[72, 38, 17, 25, 30, 49, 37, 127]
[1, -43, -31, -12, -5, -3, 21, 4]
[-110, -78, -14, -12, 17, -18, -122, -116]
[19, 78, 7, -7, 23, -6, -4, -57]
[47, 92, 25, -9, -64, 3, 11, 113]
[-13, -33, -50, -2, 3, 23, -51, 85]
[-2, -26, -30, -17, -7, 9, 24, 26]
[13, 9, 48, -16, -35, 0, 117, 64]
[-48, -18, 15, 37, 60, 23, -6, -79]
[26, 30, 11, -4, -16, -15, -13, 13]
[13, -56, 2, 18, 7, 6, -11, -55]
[-40, -93, -45, -6, 25, 24, 7, 99]
[-23, -4, 1, -8, 3, -32, 39, -55]
[-21, -11, -16, 4, -49, 3, -20, -84]
[32, 78, 23, 5, 3, -16, -31, 72]
[60, 39, -15, -11, -52, -12, -15, -103]
[-93, -95, -27, 4, 14, -13, 58, -55]
[24, 73, -5, 12, 10, 10, -18, -23]
[35, -36, -28, 0, 6, -8, 43, 83]
[53, 58, 16, -20, -27, 6, -77, 82]
[-63, 12, 26, -7, 21, 10, 60, -1]
[79, 58, 9, 4, 17, 10, 13, 80]
[-16, 45, 45, 2, -26, 7, -72, -54]
[-7, -27, -28, 4, -34, -26, -8, 19]
[-11, -9, 24, 13, 61, 27, 3, -37]
[-9, 3, 2, 7, -50, -34, -45, 54]
[51, 27, 11, -15, -35, 13, 77, -31]
[-52, -81, -37, -4, -6, -11, 9, 60]
[49, 11, -17, -13, 11, 0, 16, 82]
[-40, -57, -9, -6, 60, 28, -48, -40]
[66, 62, 3, 4, -28, -7, 18, 87]
[-9, 11, -9, -15, -30, -15, -11, -128]
[-21, -6, -10, -1, 14, 0, -31, 52]
[-9, -95, -39, -1, 21, -13, 34, 99]
[-1, 68, 56, -6, 4, 31, 20, -84]
