[-34, 22, 25, 7, 14, -16, -67, -15]
[41, -11, 3, 6, 4, 2, 27, 127]
[-94, -13, -10, -7, -14, 0, 0, -128]
[55, 12, 13, 2, 18, 22, 97, 93]
[17, -15, -2, 6, -4, -4, 39, -9]
[48, -3, 5, 14, 11, 29, 88, 124]
[-43, -40, -11, 3, 1, -7, -60, -85]
[15, 68, 6, 2, -5, -26, -32, 10]
[-6, -11, -25, -9, -18, -3, -20, 11]
[-9, -30, -19, -25, -32, -24, 4, -6]
[-7, -53, -9, -10, 11, 0, 7, -63]
[-12, -49, -25, -12, -14, 25, 46, 53]
[-52, -89, -34, -4, 6, -13, 54, -59]
[-21, -6, 29, -8, -61, -8, -78, -80]
[51, -52, -116, -7, 19, 5, 6, 58]
[9, 96, 121, -8, -10, 10, -102, 3]
[12, 42, -102, -17, -6, -6, 67, 29]
[31, 88, 93, 31, 31, 3, 59, -6]
[14, -10, 36, 49, 0, -3, -22, 24]
[10, -2, 83, 24, 8, -2, 60, 50]
[10, -48, -26, 0, 2, -1, -91, -33]
[-40, -55, -47, -29, 2, -12, 53, 43]
[48, -72, -33, -15, -3, -10, -3, 20]
[-2, -128, -74, -1, 16, -1, 50, -50]
[-18, -22, 14, -7, -17, -11, -28, 127]
[38, 4, -26, -5, 13, 32, 0, -110]
[-9, 71, 13, -2, -2, -25, -37, -54]
[-7, 40, 2, -5, -34, -3, 22, 24]
[15, 21, -10, -9, 24, 3, -34, -17]
[-20, -38, -42, 3, 1, -29, -4, 23]
[-21, 35, 7, -6, 7, 31, -22, -22]
[21, 104, 53, 2, 40, 16, -21, -50]
[-32, 26, -3, 8, -82, -7, 46, 24]
[33, 94, 65, 7, 1, -20, -44, -67]
[-34, -4, -52, 8, 15, 14, 120, 88]
[4, 25, 2, -11, -36, -27, -78, -64]
[-28, 27, 3, -5, 29, 13, 40, -23]
[-20, -21, 7, 10, 0, 8, 8, 26]
[58, 47, 39, -13, 2, -28, -82, 38]
[-34, -7, -38, -1, 13, -7, -16, -114]
[-16, -70, -72, -17, 0, -10, -32, 15]
[21, 72, 74, -22, -21, 1, -71, -65]
[-14, -13, 15, 21, 22, 5, -39, 51]
[-18, 5, -9, 3, -6, 2, 42, 31]
[44, 32, 54, -2, -14, -17, 33, 35]
[-43, -18, -19, 6, 13, 6, -24, 11]
[24, -24, -83, -16, -18, 3, 15, -34]
[7, 5, 62, 1, -12, -6, 27, 49]
[3, 3, -4, 14, 24, 18, 7, 84]
[16, -36, -48, -2, 69, -3, -68, -38]
[-3, 67, 34, -1, -43, 31, 4, 60]
[-18, -20, -43, -10, -27, -18, 31, -3]
[42, 63, 17, -11, -15, -11, -5, -4]
[-43, -35, -11, -11, -34, -7, 14, 38]
[27, 17, 30, 13, 83, 27, -5, 37]
[-12, -46, -44, 2, -32, -7, -55, -73]
[-51, -10, 38, 11, 3, 5, 5, -2]
[37, -51, -86, -8, -9, -4, -5, 65]
[-5, -6, 52, -11, -13, 9, 87, 29]
[18, 21, -9, 13, 28, 12, 2, 89]
[-24, 14, 49, 11, 13, 2, 11, -68]
[9, -49, -44, -9, -9, -4, -23, -81]
[24, 54, 41, 5, -22, -18, -8, 33]
[20, 4, -2, 3, 17, 3, -6, 1]
[-13, -42, -4, 2, -9, -7, 7, 7]
[34, 11, -4, 7, 16, 9, 36, 92]
[-28, -10, 1, -4, -14, -11, 39, -77]
[-6, -1, -23, -6, 5, 25, -13, -38]
[7, 6, -6, 2, 9, -10, -28, -32]
[-51, -23, -4, -7, -14, -6, 52, -72]
[15, 10, 10, -2, 9, -1, 45, 42]
[5, -7, -21, -9, -75, -3, 46, 10]
[1, -12, 4, 13, 23, 3, -5, 2]
[6, 23, 30, 12, 21, 9, -10, 28]
[-51, -13, -17, -3, 6, 4, -42, -23]
[9, 10, -16, 5, 28, 16, 43, 12]
[15, 8, -1, -14, -11, 0, -1, 0]
[-3, 9, 36, 11, -2, -5, -28, 16]
[-27, -20, -2, -3, 2, -5, -6, -18]
[-16, -43, -25, -2, 16, 13, 19, 46]
[37, 47, 42, 8, -23, -15, 17, 30]
[-17, 6, -17, -2, 4, -13, -23, 31]
[53, 3, 11, -7, -10, 2, 23, 50]
[-11, -6, -3, 6, 15, -15, -64, -2]
[5, 15, -3, -5, -2, 17, 69, -16]
[-17, 4, 10, 5, 12, -2, -6, -6]
[-28, -20, -15, -6, -49, -3, -29, -34]
[10, 18, 1, 1, 14, -4, -3, 22]
[-3, -29, -12, -5, 1, -3, -5, -2]
[-4, -8, -2, -6, -4, -5, 5, -5]
[-27, -38, -17, -2, 3, -2, -10, -24]
[30, 4, 18, 5, 6, -2, 51, 17]
[6, -2, 3, -1, 10, 0, -32, -21]
[16, -4, 1, -5, 2, -6, -49, -15]
[4, 6, 4, 3, -32, -5, 1, 13]
[-8, -10, -13, -5, -14, 4, -5, -12]
[-12, -11, -3, -9, 7, 0, -16, -11]
[2, -12, -20, -1, -7, 2, 25, 20]
[12, -3, 1, 4, 15, -2, -9, -17]
[-1, 15, 12, 1, 6, -1, -4, 25]
[-8, 7, -13, -2, 5, 1, -13, -56]
[5, -2, -10, -3, -13, -2, 10, 13]
[-6, 15, 5, -1, 29, 5, -2, -9]
[4, 24, 20, 2, -26, 4, -7, -11]
[-12, -33, -20, -7, -11, -16, -25, 23]
[-4, 6, 10, 2, -7, 6, 40, 0]
[9, 24, -7, -5, -1, 4, 12, 3]
[2, -14, 0, 1, 24, 0, 32, 14]
[-15, -17, -7, -4, 2, -9, 3, 2]
[14, 2, 4, 3, -1, -2, -3, -9]
[-5, -4, -23, -2, -13, -4, 14, 11]
[-3, 0, 12, 6, 13, 0, -10, -14]
[-8, 4, 5, 7, -14, -3, 5, 2]
[-4, 1, -2, 2, 10, -9, 4, 0]
[-1, -8, 4, -1, -5, 4, 2, 5]
[-6, -10, -9, -8, -10, -5, -16, -11]
[-3, -5, 4, -1, 5, -7, -1, 0]
[3, 9, 3, 4, -4, -10, -4, 7]
[10, 9, 7, 7, 28, 7, -1, -6]
[-7, -12, -11, -2, -26, 3, -14, -18]
[8, 6, 8, -6, -12, -8, 9, 10]
[8, 6, -6, -3, -6, -11, 0, 4]
[2, -2, 8, 3, 2, 12, -5, -6]
[0, 22, 10, 3, 18, 13, -8, -6]
[-5, 17, -23, -10, -11, -3, 1, 5]
[3, -7, 1, 0, -6, -13, -9, -5]
[-14, -23, -18, 3, 1, 11, -10, -7]
[12, 4, 37, 4, 13, 11, -9, 1]
[7, -5, 5, 0, -16, -16, 2, 1]
[-12, -14, -11, -19, -11, -11, -3, -5]
[-3, -21, -16, 1, 6, 15, 3, 5]
[-1, -14, -14, 8, 26, 17, -2, -1]
[0, 8, 9, -3, 6, 8, 1, 4]
[-3, 0, 6, 6, -12, 2, 1, 1]
[2, -2, 17, 14, -11, 8, 0, -2]
[-3, 5, -12, -6, -2, -1, -6, -8]
[1, -7, -6, -4, -10, -13, -1, -1]
[-4, 16, -20, -10, -11, -15, 0, 2]
[7, 22, 16, -1, 13, 4, 2, 0]
[-7, -8, 7, 5, 29, 2, -7, -4]
[-1, -9, 0, -13, -27, -16, -1, 2]
[2, -17, 0, 2, 10, 5, 4, 2]
[-1, -12, -12, -27, -48, -1, -9, -3]
[6, 0, -6, 16, 9, 13, 1, 0]
[2, 9, 10, 29, 61, 13, 3, 3]
[-4, 5, 3, 11, 3, -2, -3, -2]
[3, 6, -9, -13, 20, 5, 0, -1]
[-3, 0, 3, -8, 6, 1, -2, 0]
[13, 6, 4, 17, -2, 7, 2, 5]
[-3, 5, -3, 11, 21, -5, -2, 0]
[6, 11, 19, 10, 35, 8, 1, 2]
[-3, -11, -27, -46, -53, -12, -7, -6]
[-4, -4, 10, 17, -10, -1, -1, 0]
[2, 9, -5, -33, -17, 10, 6, 4]
[1, -5, -4, 0, 11, 4, 1, 0]
[0, -12, -8, 12, -2, 2, -3, -2]
[-5, -16, -6, -2, -28, 4, -1, -3]
[1, 13, 24, -1, 11, -13, 2, 0]
[-3, -4, -14, 10, -8, -19, 1, -1]
[3, 2, 20, -4, 39, 3, 1, 2]
[0, 13, -6, 16, 23, 5, 0, -1]
[-3, -8, -14, -21, -42, 5, 1, 1]
[-5, 0, 5, -8, -44, -25, -4, -4]
[-5, -2, -14, 13, -28, -21, -2, -3]
[4, 4, -3, -17, 0, 5, 0, 2]
[-1, 3, 4, -10, 19, 32, 5, 3]
[-8, -7, -6, -11, 41, 8, 1, -2]
[6, -2, -11, 3, 30, 6, -3, 0]
[-3, -2, -1, -34, -22, 13, -3, -3]
[-1, 2, 15, 36, 0, 15, 1, -1]
[-1, -4, -2, 7, 3, -11, -2, -2]
[2, -2, -2, -4, 10, -13, 3, 2]
[1, 5, 6, 2, 26, 3, 2, 2]
[2, -1, -11, -14, -26, -8, -1, 0]
[-3, -4, -1, 4, 8, -15, 2, -1]
[-8, -1, 1, -10, -61, -12, -6, -5]
[-2, -1, -4, -40, -45, -20, 0, 0]
[-4, -10, -5, 40, 29, -4, -3, -5]
[3, 12, 28, 35, 80, -9, 3, 4]
[-2, -10, -3, -8, -64, -27, -1, -1]
[2, 10, -8, -19, -55, -6, -3, 0]
[3, 2, 7, 36, 85, 9, -2, -1]
[-4, -2, -10, -23, -80, -17, -2, -4]
[-3, -15, -3, 15, 125, 8, 7, 1]
[-13, 4, 6, -6, -38, 8, -2, 0]
[9, 8, -2, -8, -8, 3, -3, 0]
[1, 0, -1, 1, 33, 8, 1, 1]
[0, -1, -2, -17, -34, -11, 0, 1]
[-5, -14, -4, 5, 3, 7, 0, -3]
[-2, 1, 6, 10, 11, 11, 1, 2]
[-1, -3, -12, -4, 23, -7, -1, 2]
[-5, 1, 1, 0, -44, -14, -4, -1]
[3, 0, 13, 18, 72, 12, 2, 2]
[-7, -13, -9, -17, -47, -4, -4, -2]
[2, -10, -7, -1, -34, 2, 1, 0]
[4, 49, 18, 7, -24, -9, 1, 3]
[7, -2, 24, 17, 43, 18, 5, 1]
[-1, 0, 4, -18, -87, -6, -5, -4]
[-2, -8, -6, -16, -60, -2, -2, -1]
[-1, -17, -23, -4, 13, -3, -1, 0]
[-1, 4, -5, -4, -51, 0, -2, -2]
[-1, -4, -4, 23, 33, 12, 1, 1]
[0, 4, 6, 6, 3, -2, 0, 2]
[2, -5, -3, -2, 16, -2, 1, -1]
[-4, 6, 0, 6, 11, -1, 1, -1]
[-3, -2, -4, -7, 21, 6, 1, -1]
[0, 9, 2, -2, -19, -2, 2, 0]
[6, 0, 3, -2, 26, -2, -1, -2]
[3, -1, -4, 6, 22, 1, -3, -1]
[2, 2, -5, -13, -31, -3, -2, 1]
[4, 8, 13, 18, 14, 9, 0, 1]
[-13, -13, -10, -19, -61, -15, -5, -3]
[-2, -12, -13, -28, -24, -2, -2, -2]
[1, 5, 7, 28, 54, 8, 2, 2]
[-3, -2, 8, 9, 80, 3, -2, -1]
[-2, -9, -22, -17, -49, -10, -2, 0]
[-2, -4, -2, -14, -5, 0, -3, -3]
[-4, 2, 2, 5, -15, 3, 2, 0]
[1, -1, 3, -1, 14, -1, 0, -1]
[1, 1, 3, 12, 16, -2, 0, -3]
[-1, -3, -6, -11, -3, -6, -1, -1]
[2, -1, -1, 1, 24, 8, 0, 0]
[3, 1, 3, -12, -33, -5, -3, 1]
[2, 4, 4, 11, 12, 5, 0, 1]
[-4, -2, -4, -8, -5, -3, 0, -4]
[-3, -2, 0, 8, 3, 5, 0, -3]
[4, -14, -17, -32, -25, -7, -2, 1]
[3, 23, 12, 22, 57, 3, 0, 1]
[2, -5, 0, 9, 6, 4, -1, 0]
[-1, 2, 0, -11, 5, -1, -1, -1]
[-2, 2, -3, -45, -126, -14, -6, -2]
[1, -3, 5, 34, 62, 11, 5, 2]
[-7, -6, -6, 6, -7, -2, -1, 0]
[3, 4, -5, -17, 7, -4, -3, -5]
[-4, 3, 8, 25, 24, 4, 0, 0]
[-2, -6, 2, -28, -14, -3, -3, -1]
[4, 4, -10, 14, 18, 5, 1, 2]
[-3, -8, 17, -12, -33, -5, -1, -1]
[-1, 3, -2, 36, 37, 2, 0, -1]
[-2, -6, 2, -1, -18, -3, -4, -1]
[-1, -9, -10, -4, 3, -4, -1, -3]
[7, 7, -3, -31, -16, 1, 0, 3]
[0, 5, 1, 6, 13, -1, -2, 0]
[-1, -1, 7, 22, 3, 6, 1, -2]
[-5, -6, -5, -8, -2, -10, -5, -3]
[-4, -6, -6, -6, -2, -1, -2, -2]
[2, 2, 2, -11, -12, -3, 0, 0]
[-1, -4, -4, 20, 87, 8, -3, 0]
[-1, 0, -4, -10, -69, -3, -1, 0]
[2, 2, 1, -2, 18, 3, 0, 2]
[-4, -2, -4, 10, -24, -6, -3, -2]
[-1, -2, -4, -23, -26, -3, 0, -3]
[5, 6, 12, 29, 16, -1, 0, 0]
[-2, -1, -3, 17, 32, 1, 1, 2]
[-1, -6, -2, -2, -5, 1, 1, -1]
[0, 8, 1, -20, -18, -2, 1, -2]
[1, 5, 4, 1, 16, 1, 0, 1]
[2, -1, -7, -10, -33, -3, -1, -1]
[1, 0, 1, 6, 52, 3, 0, -1]
[-12, -11, -8, -14, -43, -7, -5, -3]
[12, 11, 4, 16, 26, -1, -3, 2]
[0, -3, -2, -15, -6, 0, -1, 0]
[1, 5, -4, -4, -3, 0, 4, 2]
[3, 6, 6, -10, -6, 2, 1, 0]
[-9, -6, 1, 19, -7, -1, -2, -3]
[3, -3, -15, -2, -16, -4, -5, -1]
[2, 3, 19, -5, 1, 4, 1, -1]
[0, -8, -10, -6, -21, -3, 1, -1]
[-1, -1, 6, -1, -1, -1, 2, 0]
[-3, 1, 1, 8, 22, 1, 1, -1]
[-4, -5, -7, -8, 14, 0, 0, -1]
[1, 1, 3, 17, -4, -4, -1, -2]
[2, 0, -3, -21, 6, 4, 0, 1]
[0, 2, 3, 7, -2, -2, -1, 1]
[-1, -2, -9, -19, -7, -3, 1, -1]
[-5, -10, 2, 11, -12, -1, -2, -2]
[4, 11, -1, -5, 11, -6, 0, 0]
[0, 0, -4, -19, -41, -1, 2, -1]
[-1, 1, -2, -22, -54, -2, -3, -2]
[4, 5, 6, 34, 42, 5, 1, -2]
[-5, -8, -9, -6, -1, 0, -1, 0]
[-4, 2, 9, 10, 3, 4, -2, 0]
[2, 3, 1, 16, 27, 3, 1, 1]
[-5, -9, -11, -32, -29, -7, -1, 0]
[-12, -10, -6, 1, -4, -2, 2, -1]
[12, 6, 1, 8, 6, 0, 0, 1]
[0, 3, 5, 23, 35, 6, 3, -1]
[4, 2, 0, -17, -43, -4, -5, -2]
[0, 0, 3, -12, -4, -1, -4, 0]
[-7, -9, 0, 21, 18, -1, 1, -1]
[-3, -5, -5, -8, -11, 1, -2, -1]
[1, 1, -1, 9, 12, -1, -1, 0]
[-4, -1, 4, 0, 14, 4, -2, -2]
[0, 2, -1, -11, -4, -2, -1, 0]
[3, 0, -4, 4, 21, 2, -1, 1]
[2, 1, 0, -14, 1, -6, -1, -1]
[3, -2, 0, 11, -9, 6, 2, -1]
[0, -2, -2, -5, 27, -3, -2, -2]
[-2, -2, 1, 21, 12, 1, 0, 0]
[-3, -4, -4, -13, -2, -2, 0, 0]
[-7, -3, -5, -10, -22, -8, -3, -3]
[9, -2, 4, 2, -13, 2, 0, 0]
[-1, 0, -2, -14, -17, -2, -3, -1]
[1, -1, -1, 19, 29, 1, -1, 1]
[-1, -3, -1, -2, -17, -1, 2, 0]
[-11, -7, -1, -6, 1, 2, 1, -1]
[7, 0, 1, 12, 6, 0, -1, 1]
[-6, 3, 2, -3, -26, -3, 1, 0]
[1, 0, -2, -9, 10, -3, -3, -1]
[-5, 2, -3, -7, -18, -3, -1, 0]
[0, -7, -4, 0, 17, 1, 0, -1]
[-2, 2, 5, 2, 20, 1, 1, -1]
[-2, -4, -3, -17, -30, -5, 0, -3]
[-1, 1, 4, 28, 29, 2, 2, -1]
[-1, 3, 0, 11, 2, 0, 1, -3]
[0, -3, -7, -34, -26, -8, -3, -2]
[3, 0, -2, 18, 40, 0, 0, 0]
[4, 0, 2, -4, -13, 5, -1, 2]
[-1, 4, -1, 2, 29, 3, 0, 0]
[-3, -4, -2, -14, -55, -6, -1, -3]
[3, 6, 3, 3, 7, 0, -1, 1]
[0, 5, 2, 7, 19, 3, 0, 1]
[-2, -5, -2, -7, -15, -2, -1, 0]
[2, 1, 0, -1, 0, 2, -1, -1]
[-2, -7, -4, -8, 1, 2, -3, 0]
[3, 5, 5, 26, 28, 4, 2, 1]
[-4, -10, -2, -6, -26, 2, 0, -2]
[7, 4, 0, -15, -11, -7, -2, -1]
[-1, -1, 2, 24, 9, -1, 1, 0]
[-4, -3, -4, 10, 17, 3, -1, -2]
[-6, -3, -4, -43, -19, -3, -3, 1]
[-3, -6, -1, 28, 20, 4, 1, 0]
[3, 2, -1, -20, -25, -6, -3, -2]
[-1, 0, -2, -12, -13, -2, 0, 1]
[-1, -1, -2, 4, -6, -4, 0, -1]
[-6, -4, -4, 5, 8, -1, -1, 0]
[-2, 0, 1, -9, 10, 7, 0, 1]
[2, 1, -1, 11, -4, -2, -2, -3]
[-3, 2, -4, -3, -22, -3, 1, -2]
[5, 3, -2, -4, 1, 3, -1, 1]
[-4, -3, -4, 6, 16, -2, -1, -3]
[4, 0, 0, -11, 9, -2, -4, -2]
[1, 4, 6, -2, -34, -6, -2, 0]
[0, 0, -2, -2, 2, 0, 1, 1]
[-10, -4, 1, 3, 12, 0, 0, -2]
[3, 0, -3, -13, -12, -2, 1, 2]
[1, -2, 0, 19, 29, 4, -1, 1]
[-7, -3, -5, -15, -36, -6, -3, -4]
[5, 6, 3, -5, -9, 1, 0, 1]
[-11, -8, -4, -3, -4, -1, -1, -2]
[6, 7, 0, -1, 8, 2, 3, 1]
[-9, -7, 0, 4, 9, -3, -9, -3]
[4, 1, -3, 3, 15, 2, -10, -3]
[2, -1, 0, -5, -18, 0, 6, 10]
[-1, 0, 3, 0, 7, 0, 4, 2]
[-2, -2, 0, -11, -9, -4, 1, 0]
[1, -1, 3, 23, 24, 4, -3, -3]
[1, -3, 0, -11, -12, -1, -2, -5]
[-5, -7, -4, -3, 12, -1, -2, -3]
[-2, -1, -1, 1, -2, -1, -1, -3]
[3, -3, -2, -2, -13, 0, 13, 7]
[-2, 3, -2, -8, -12, -2, -5, -5]
[-3, -2, 1, 10, 5, -1, 3, -2]
[2, 4, 4, 8, 14, 2, -1, 3]
[2, -7, -3, -4, -10, -2, 1, 1]
[9, 14, 2, 1, 8, 1, 1, 9]
[3, 11, 2, 2, -1, -3, -5, -13]
[-4, -8, -1, 12, 12, 0, 17, 9]
[-3, 2, 2, 4, 3, -5, -6, -12]
[-11, -6, -3, -13, -23, 2, -3, -5]
[3, -1, -3, 10, 8, -1, -3, 15]
[14, 5, 3, -3, 1, -3, 6, 5]
[7, -1, -5, -8, -8, -2, -6, 2]
[-2, -5, 4, 4, 21, 6, 1, -1]
[-5, 3, 2, 3, -17, -2, 0, -3]
[-6, -3, -2, -2, 2, 2, 17, -12]
[-9, 0, -3, -4, -12, 1, -24, -11]
[4, -2, -1, 9, 44, -3, -24, -31]
[-1, -3, -4, -13, -52, -2, 32, 27]
[-22, -7, 0, 8, 5, -4, -7, 18]
[1, 10, -3, -6, -12, 1, -15, -2]
[7, 0, 6, 5, -7, 7, 26, 5]
[10, 14, 2, -3, 22, 3, 5, -4]
[-1, 1, 0, -3, -6, -7, -9, -3]
[1, -7, -4, 2, -1, -1, -25, -19]
[5, -4, -3, -1, -4, 1, 7, 47]
[-11, -8, 0, 8, 21, -7, -55, -56]
[-5, 3, -1, -7, -29, 4, 4, -21]
[-9, -6, -3, -9, 0, -7, 14, 2]
[4, 1, 0, -2, -8, 3, 6, -1]
[-1, -5, 1, 2, 4, -1, 4, 10]
[-1, 2, -3, 2, 18, -3, -13, -3]
[8, 1, -1, -8, -26, -4, 5, 9]
[0, -2, 0, 4, -6, 3, 6, 0]
[-4, -3, -5, -7, -5, -4, 0, 4]
[0, -4, -1, 2, 10, 1, -15, -3]
[-8, -2, 3, 6, 3, -4, 14, -3]
[-5, -4, -4, -4, -6, -2, 1, 10]
[9, 8, 2, 5, 7, 5, 20, 5]
[5, -4, -4, -5, -30, -4, 0, 2]
[5, 6, 7, 11, 34, 3, 4, 8]
[-8, -2, -4, -20, -45, -8, -12, -20]
[0, -7, -4, -5, -25, 6, 3, 5]
[1, -5, -6, -2, 5, -4, 2, 0]
[-3, 23, 10, 4, 2, -4, -9, 3]
[5, 0, 2, 14, 24, 3, -12, 1]
[-3, 0, -1, -6, 6, -3, -2, 3]
[-2, 0, 0, 3, -1, 1, -3, -3]
[1, -10, -10, -3, 0, 1, 10, 2]
[3, 2, 4, 3, 11, 0, 4, 6]
[-5, -7, -1, -1, 1, 3, -21, -13]
[4, 7, 3, 3, -10, -1, -1, -6]
[-4, -7, -6, -2, -5, -1, -8, -1]
[0, 2, -8, -7, -9, -3, 3, -5]
[1, -7, 3, 3, 7, 9, 5, 39]
[4, 5, 0, 1, 30, 2, 17, 2]
[-9, -7, -1, -4, -15, -14, -28, -11]
[7, 11, -7, -5, -4, -1, 17, 14]
[-4, -7, -2, 2, 3, -3, -7, -6]
[-2, 8, 3, 2, -3, -3, -5, 14]
[0, -11, -3, -2, -5, 4, 19, -36]
[-9, -3, 0, 1, 20, 10, 14, 5]
[2, 3, -1, 7, 23, -6, -30, 2]
[-7, -10, -9, -19, -61, -10, -10, -6]
[-4, -2, 0, 4, 7, 15, 45, 23]
[3, 5, 6, 0, -6, -4, -24, -13]
[8, 4, 4, -12, 9, 10, 25, 3]
[8, 8, 6, 7, 24, -1, -12, 17]
[-3, 4, -1, 2, -3, -4, -1, 3]
[-12, -21, -10, -3, 0, 1, -10, -18]
[-6, -1, -7, -3, -4, 3, 14, -6]
[6, 0, 10, 11, 14, 1, 24, 10]
[8, -6, -1, -7, -6, -3, 11, 18]
[2, 6, 1, -3, -33, -11, -11, 8]
[2, -2, 5, 15, 30, 0, -16, 16]
[-12, -7, -8, -9, -39, -9, -11, 11]
[10, 3, -3, 5, 23, 5, 8, 56]
[-2, -6, 0, 1, -10, -3, -31, -83]
[-4, -2, -5, -4, -12, -5, -31, -22]
[3, 5, -1, -6, 16, 10, 15, -1]
[-12, -20, -9, -10, -17, -14, 11, 62]
[-6, 7, 5, 4, 9, 3, -2, -41]
[17, 23, 18, 4, -1, 0, -7, 37]
[0, -12, -17, 9, 18, 7, 2, -94]
[7, 14, 14, -4, -11, -9, 9, 62]
[-21, -49, -17, -7, 10, 1, 27, -12]
[5, -15, -5, -5, -1, 2, -57, -37]
[-12, 14, 4, 2, -3, -4, 23, 26]
[5, 18, 4, 1, 0, 2, -37, -60]
[3, -5, -3, -8, 9, 7, 34, 59]
[-1, 5, 7, 9, 10, -1, 18, -30]
[-11, -18, -12, -15, 4, 4, -25, -21]
[-2, -1, 3, 4, 2, -9, 38, 28]
[3, -14, 6, 12, 22, 0, -49, -22]
[16, -10, -6, -4, -18, 5, 33, -1]
[-15, 27, -4, -4, -3, -3, 10, -7]
[3, -14, 5, -1, 14, -8, -40, 27]
[43, 61, 14, 17, 5, 4, 34, 6]
[-7, -18, -30, -17, -14, -5, 10, 51]
[2, 43, 45, 15, -22, 1, 29, -49]
[16, -7, -9, -16, -25, -4, -66, -26]
[6, 8, -7, -14, 1, -3, 40, 127]
[-57, -29, -16, -1, 10, -1, -41, -74]
[30, -41, -1, 13, 38, -8, 37, 66]
[1, 9, -9, -5, -1, -4, -11, -27]
[-25, -14, -2, -1, -4, -4, -39, -2]
[-11, 18, 2, 2, 3, 2, 3, -50]
[32, 0, 2, -1, 5, -2, -1, 82]
[2, -6, 8, 11, 16, 2, -1, -23]
[-44, -70, -22, -6, -4, -15, 30, -90]
[0, 13, 12, 2, -18, 11, 9, 118]
[14, -10, -9, -6, -1, -9, 12, -27]
