[21, 12, 18, 20, 6, 3, -43, -93]
[-5, 5, -10, -13, 5, 0, 13, 34]
[-8, -19, 10, 5, 7, 6, 25, 1]
[14, 18, -6, -10, -28, -12, 55, 115]
[-10, 10, -1, -4, -2, 19, 22, -93]
[-5, -10, 4, 7, -6, -8, -37, 45]
[24, 63, 6, -2, 4, 12, 29, -9]
[-33, -13, 10, 4, 7, 6, -45, -31]
[-18, -39, -10, 3, 1, 6, 67, 53]
[26, 21, 13, -4, 0, 26, 87, 69]
[19, 5, -12, -2, -29, -16, -105, -86]
[-20, -7, -16, -2, 32, -24, -22, -29]
[26, -8, -3, -12, -14, -25, 5, 40]
[-29, 17, -8, -10, -19, 18, 62, 43]
[0, 20, 13, 5, 21, 19, 59, -56]
[-45, -39, -47, -6, -1, 6, 7, 31]
[77, 52, 58, 3, -6, -20, 27, 87]
[-52, -35, -8, 14, 11, 6, 54, -103]
[47, 26, 11, -4, 6, -6, 73, 107]
[21, 18, 1, 4, 26, 18, -78, -58]
[-102, -5, -23, -7, 33, 8, 11, -57]
[62, 11, 0, 5, -42, -7, -88, 35]
[96, 69, 14, 16, 29, 1, 31, 39]
[-44, -67, -9, -4, 1, 2, 36, -13]
[11, 52, -4, -9, -23, 4, 68, -53]
[-41, -28, -10, -11, -23, -12, -12, -14]
[-62, -51, -28, -24, -18, 3, 5, 63]
[68, 71, 75, 25, 34, -6, -42, 13]
[-30, -16, -9, 0, -6, 3, -67, 16]
[-3, 13, 3, -3, 19, 57, 68, -128]
[-25, -7, 5, 12, 18, -10, -28, -61]
[-32, 33, 12, -4, -29, 5, 44, 127]
[17, -59, -7, 1, -6, -8, -19, -30]
[34, 24, 8, -16, -1, -7, -61, -96]
[-25, -37, -24, -11, -19, -11, -72, 2]
[-16, -22, -3, -1, 17, 16, 9, -28]
[-52, -75, -35, -2, 28, -2, -52, -56]
[16, 14, 11, 10, -9, 8, 2, 38]
[-13, -28, -17, -14, -51, -12, 24, -73]
[18, 51, 10, 2, -24, -22, -75, 7]
[-14, -15, -51, -20, 3, -17, 7, 3]
[19, 12, 46, 14, 31, -2, -69, -32]
[13, 73, 30, 19, -16, 18, 86, 94]
[58, -5, 29, -4, 11, 16, 7, -128]
[9, 2, -1, 6, -14, -11, -2, 33]
[28, 21, -11, 2, 23, -1, 31, 40]
[-65, -39, -16, -17, -8, 2, -10, -7]
[35, -23, -46, -10, -2, -19, -31, 20]
[5, 37, 45, 17, 22, 30, -3, 38]
[-44, -37, -19, 2, -13, -30, -47, -61]
[6, -32, -2, 8, -2, -5, -1, 102]
[-14, -10, -21, -8, -16, -24, 70, -61]
[-13, -1, -13, -17, 5, 16, -32, -49]
[0, -9, -15, 0, 15, 8, 1, 84]
[-8, -23, 8, 2, 28, -10, -52, 72]
[-11, -18, -32, -20, -55, -13, 11, -55]
[2, -8, -25, -4, -10, -10, -23, 102]
[4, 61, 86, 15, 1, 4, -27, -60]
[40, 49, 15, 7, 26, 2, -12, -112]
[-18, -19, 2, -2, 9, 6, 16, 79]
[3, -29, -26, -12, 8, -3, 31, -25]
[48, 22, -7, 4, -2, 4, 29, 60]
[-5, -41, -9, -14, -13, 5, 17, 45]
[-18, 5, 0, -4, -23, -24, -46, -128]
[14, -13, 5, 3, -1, 19, 34, 98]
[-37, -40, -26, -1, 2, -19, -87, 69]
[-5, 16, 32, 9, -3, 3, 12, -100]
[-58, -46, -28, -4, 14, 32, 54, 15]
[51, 17, -8, 1, -16, -16, -2, 9]
[-9, 7, 28, -4, -14, -12, -21, -4]
[10, -8, -39, -5, 11, 7, 8, 0]
[-53, 13, 23, 6, 44, 1, -95, -57]
[6, 1, 11, -6, -85, -27, 60, 55]
[-18, 25, 15, -2, 13, 25, 102, -83]
[21, -4, -4, 10, -3, 9, 21, 16]
[-28, -6, -14, -14, -19, -20, -1, 25]
[17, 14, 6, 10, 28, -4, 10, -20]
[1, -11, -26, -18, -50, -20, -33, -42]
[-2, 12, 10, 2, 38, 12, -9, -6]
[-3, -38, -9, 11, -2, 6, -8, 57]
[-26, 4, -1, -11, -22, -2, -35, -128]
[-11, 8, -15, -5, 11, 9, 19, 103]
[25, 4, 16, 5, -2, 0, -84, -43]
[-3, -24, -7, -4, -19, 0, -15, 35]
[-30, 15, 3, 2, 9, 2, 23, -87]
[43, 28, -2, 13, 21, 6, 32, 21]
[-6, -4, -3, 0, -6, -12, -68, -15]
[36, 39, 30, 6, 2, 23, 29, -13]
[-10, 3, 13, 3, 37, -1, 26, 41]
[-18, -19, -17, -2, -60, -8, -30, -1]
[-1, -1, 12, 1, -14, -20, 59, -41]
[47, 15, 1, 7, 21, -6, -56, -2]
[13, 27, 11, 0, -5, -7, 2, 51]
[0, -9, -15, 6, 28, 10, -8, -16]
[-13, -11, -11, -10, -12, -4, 10, 32]
[15, 15, 2, -3, 7, -14, 45, -1]
[0, -1, -4, -5, -4, 9, -4, 37]
[11, 2, 3, -1, 11, -6, -24, -9]
[0, -41, -22, -3, -10, 4, -10, -48]
[12, 16, 14, 13, 16, 5, 22, 15]
[-12, 5, 6, -12, 8, 13, 40, 7]
[-14, -16, -21, -1, -8, -23, -20, -42]
[-7, 28, 18, -9, -93, -38, -12, 24]
[-9, -10, -14, -4, -26, -5, -35, -23]
[8, -8, 15, 8, 14, 0, -29, 11]
[-4, -1, 5, 1, 37, 2, 23, 29]
[-15, -12, -13, 0, 30, 17, 31, 5]
[5, 0, 1, -6, -6, -23, -19, 23]
[-12, -7, -11, -7, -27, -13, -15, -12]
[12, 5, 6, 0, 14, 12, 4, 39]
[-9, 4, -5, 2, 21, 14, 20, -8]
[13, 12, 4, -8, -22, -4, 26, 39]
[-15, -15, 1, 8, 16, 13, 13, 16]
[10, -22, -25, -4, -15, -7, 7, 7]
[1, 6, 18, 8, 24, 5, 6, 19]
[2, 5, 0, -3, -3, 3, 8, 5]
[-5, 8, -11, -4, -18, -10, -23, -27]
[13, -19, -13, -2, 2, 2, -1, 17]
[-13, 18, 34, 3, 1, 6, 13, 12]
[-5, -4, -17, -1, 16, -7, -1, -10]
[-6, -4, 6, 5, -11, -12, -6, -14]
[3, 12, 5, -1, -35, 6, 6, -3]
[7, -7, -17, -6, 22, 11, 17, 5]
[-15, -15, 11, 8, -11, 3, 4, -7]
[8, -2, 2, -3, -9, -6, -10, -7]
[-8, -13, -7, -3, 33, 6, -1, 1]
[-3, -1, -12, 10, -18, 6, -1, 0]
[-7, 3, 0, -11, -6, -7, -5, 4]
[-2, 12, 1, -7, 11, 2, -3, -2]
[0, 14, 12, 2, 1, 11, -2, 1]
[0, -4, -4, -7, -1, 4, 3, 4]
[-1, 9, -6, -2, 12, -10, 1, -8]
[14, 10, 9, -5, -2, -11, -1, -6]
[2, 23, 10, 0, -6, 8, -3, -4]
[4, 2, -20, 8, 20, 23, -1, 4]
[-2, 6, -7, -6, -41, -10, -1, 0]
[2, 7, 4, 1, 25, -19, -11, -6]
[6, 3, 15, -2, 19, 4, -4, 4]
[-3, -24, 0, 2, -15, 8, 0, 0]
[-3, -16, -9, 0, 3, -5, -3, -4]
[-9, 2, -20, 3, -1, -8, -3, -7]
[4, -9, 3, -2, 5, 20, 4, 0]
[2, -12, -3, -17, 38, 12, 0, 0]
[1, -21, -3, -21, -76, -10, -2, -1]
[-5, -20, 5, 31, 40, -7, 0, -1]
[2, -2, 4, 29, 16, 3, -2, 0]
[0, 0, 3, -10, -57, 3, -1, -1]
[-1, 5, -7, 21, 35, -3, -2, 1]
[-3, 4, 1, -19, 8, 3, -1, 0]
[1, 2, 3, -12, -55, -1, -3, -2]
[-2, 4, 1, 5, 32, 0, 1, 0]
[-1, 0, 0, 1, 35, -6, 1, -1]
[3, 0, -4, -7, -65, -9, 0, -1]
[-2, -2, -2, 10, 49, 4, 3, 3]
[3, -2, 5, 11, 7, -2, -2, -1]
[-6, -3, 4, 30, 54, 7, -2, -4]
[2, -3, -2, -35, -54, -1, -2, -3]
[-3, -3, -17, -4, 12, 3, 1, 0]
[-2, 8, 17, -6, -45, -9, 0, -1]
[0, 0, 1, -3, 39, 25, 5, 4]
[1, -5, 10, 40, 30, 8, 0, 0]
[3, -3, -2, 4, 56, -5, -4, -1]
[-6, -9, -10, 26, -22, -14, -4, -2]
[5, 4, 3, -48, 15, 15, 4, 1]
[0, -5, -6, 0, -51, 11, 0, 2]
[11, 22, 12, -6, 48, 24, 5, 4]
[-5, -2, -9, 2, 21, 11, 0, -1]
[0, 6, 16, 25, 12, 13, 1, 0]
[-7, -3, -9, -18, -57, -16, -10, -5]
[-5, -9, -4, 15, 3, -24, 2, -1]
[4, 1, -10, -33, 19, -34, -1, -1]
[-2, -3, 3, 5, -58, -17, -2, -2]
[1, 1, 2, -1, 40, 11, 7, 0]
[-5, -8, -2, -4, -42, -27, -2, -2]
[-2, -1, -8, 3, 41, -10, 2, 0]
[3, -1, -5, -7, 25, -4, -1, -5]
[8, 13, 2, 11, -13, 7, 1, 4]
[-1, -5, -2, -33, -37, -18, 0, -1]
[2, 7, -4, 8, 10, -20, 0, 4]
[-7, -1, -7, 0, -80, 1, -3, -6]
[-1, 8, 12, 17, 111, 22, 4, 0]
[1, -5, -3, -18, 25, -7, 2, 1]
[2, -2, 0, -16, 0, -13, 1, 1]
[6, 5, 2, 7, -5, 2, -3, 2]
[-3, -3, -9, 11, 17, 12, 2, -1]
[-5, 0, 4, 4, -49, -8, 0, 2]
[-6, -4, 5, 0, 17, -4, -3, -3]
[-10, -3, 0, -15, -41, -8, -5, -3]
[4, -5, -4, -24, -17, 9, -4, -1]
[-4, 2, 6, 31, 3, 0, 2, 0]
[-2, -7, -5, -14, -33, -1, 1, -1]
[-1, -2, -3, 40, 27, 2, -1, 0]
[-4, -3, 0, -9, -21, 7, 1, -1]
[-3, -6, -8, -29, -34, -9, -2, -2]
[6, 12, 3, 9, -7, -1, -2, 0]
[-4, -8, -5, -14, 27, 9, 3, 0]
[-12, -16, -9, -6, -56, -5, -5, -6]
[19, 31, 12, 10, -19, -3, 1, 6]
[-27, -9, -3, -9, -32, -2, 1, -4]
[18, 5, -1, -12, 11, 3, -2, 2]
[-6, -10, 2, 7, 20, 9, 1, -1]
[2, -6, -8, -5, 18, -6, -2, 0]
[8, 10, 6, 14, 21, 5, 3, 2]
[-12, -5, 1, -18, -44, -1, -1, -2]
[4, 5, 0, 0, 28, 4, -2, 1]
[-6, -10, -8, 8, -9, -5, -2, -3]
[1, -5, -4, -11, -1, -4, -1, 0]
[-3, 3, 1, -8, -1, -1, -1, -1]
[6, 6, 14, 22, 5, 11, 2, -2]
[-4, -3, -5, 1, 18, 5, 1, 0]
[-1, -4, 4, -2, -59, -10, -2, -3]
[0, 2, -3, -10, 4, 0, 0, -1]
[3, 7, -4, -12, -10, -5, -1, -1]
[-5, -12, -2, 15, 32, 6, 1, -1]
[7, 2, -5, -6, 41, 6, -1, 1]
[3, 8, 4, 0, -50, -10, -3, -1]
[-16, -8, -1, 14, 26, 0, -4, 1]
[9, 1, 1, -3, 8, 7, 3, 1]
[9, 9, 2, -5, 0, -4, -1, 0]
[-3, -3, -2, -14, 13, -1, -2, -1]
[-3, -5, -4, -12, -56, -2, -3, -1]
[-4, 0, -2, -7, -6, -2, 2, 0]
[-1, -10, 0, 16, -14, 1, 1, -1]
[8, 9, 4, 9, 14, 5, 1, 0]
[-3, -1, 1, -16, 27, 3, -1, -2]
[-5, -4, -1, 18, 11, -3, -1, 1]
[0, -2, -3, 2, -4, -2, 1, -1]
[-3, -5, -2, 16, 24, 0, 0, -1]
[5, 2, -3, -16, -9, -3, -1, 0]
[-2, 1, -1, -23, -18, -1, -2, -3]
[-1, 1, 0, 12, -2, -8, -3, -2]
[-4, -2, -11, -20, -4, 4, 2, -1]
[4, 11, 6, 12, 18, 1, 1, 0]
[-3, -6, 5, -3, 4, 0, 1, 0]
[-2, 8, -3, -15, -39, -5, -3, 0]
[-1, 1, -1, 7, -18, 1, -1, 0]
[-1, 2, 0, 7, -15, 0, -1, -2]
[-2, 0, -2, 8, 18, -1, -3, -2]
[-4, -4, -4, -2, 13, -3, 0, -1]
[-6, -11, -1, -4, 11, 5, 1, -2]
[10, 6, -3, 4, 27, -2, -1, -1]
[11, 14, 4, -8, -24, 0, -1, 0]
[2, -4, -1, 7, 15, 0, -1, 1]
[-3, 4, 0, -10, 7, 3, -1, 1]
[-7, -14, -2, 5, -2, 0, -2, -1]
[-1, -2, 0, -3, -23, 0, -1, 0]
[2, 1, -5, -6, 13, -1, -1, -3]
[0, 1, 5, 6, 34, 7, 2, 1]
[-1, -6, -3, 5, -22, -14, -6, -3]
[-4, -3, -2, -1, -10, -2, -2, -3]
[-2, -1, 1, -13, 21, 3, 2, 0]
[0, -1, -1, 21, -17, -3, 0, -1]
[2, 10, 6, -6, 4, 4, 1, 2]
[-1, 1, -1, -11, -2, 0, -2, -2]
[-5, -4, -4, 18, 12, -1, -3, -3]
[2, -2, -5, -14, -22, -7, -2, -1]
[2, 1, 1, 10, 2, 3, 4, 2]
[-2, -4, 0, -5, 7, -5, -2, 0]
[2, 1, 5, -1, 11, 4, -1, 0]
[-3, -3, -4, 2, 17, 2, -1, -2]
[0, -3, -8, -8, -16, -8, -3, -2]
[-5, -8, 1, 1, -9, 2, 0, 1]
[4, 10, 4, 18, 16, -4, -2, 1]
[5, 5, 1, -6, -35, -4, -1, 0]
[0, 2, 4, 5, 17, 5, 2, 0]
[-1, -4, -4, -8, 0, 0, 0, 0]
[-6, -5, -1, -7, -5, 2, 1, -1]
[0, -7, -3, 8, 39, -5, -5, -3]
[4, 7, 1, -11, -19, 7, 1, 2]
[3, 4, 0, 7, -14, -2, -1, -2]
[-1, -1, -2, -17, -31, -11, -3, -2]
[-2, 0, 3, 4, 12, 3, 3, 2]
[-2, -3, 0, 5, 35, 0, -1, 0]
[-1, 0, -6, -2, 18, 0, 0, -1]
[-5, -3, -4, -5, -26, -5, -2, -1]
[-2, -4, -7, -14, -10, 2, 0, -1]
[3, 2, 11, 29, 56, 7, 1, 1]
[4, -3, -3, -17, -41, -5, -2, 1]
[-1, 4, -1, 5, -1, 1, 1, -1]
[-1, -2, -3, -6, 5, 0, -1, 0]
[-3, -1, -2, -2, 1, 2, 0, 0]
[0, -2, 6, 10, 16, 4, 1, 0]
[0, -4, -6, -6, -3, 1, -1, 1]
[9, 12, 5, 2, 7, -1, -1, 0]
[4, -3, -2, 7, 0, 4, -1, 0]
[-4, 1, -6, -16, -19, -9, -2, -4]
[-4, -8, -1, -16, -15, -4, 0, -2]
[-5, -7, -1, 4, -16, -3, -1, 0]
[-1, 1, 0, 3, 63, 8, 3, 0]
[-4, -4, -2, -4, -61, -5, -1, -1]
[2, -5, 1, 23, 23, 0, 0, -2]
[5, 8, 4, 1, -9, -3, 0, 0]
[-1, -3, -6, -16, -33, -6, -3, 0]
[1, 1, -4, -7, 27, 3, 1, 0]
[-3, -2, -1, 12, 15, -1, -2, 0]
[-3, -4, 0, 5, -8, 2, -1, -1]
[-3, -10, -3, -14, -23, -1, -1, -1]
[3, 7, 1, 8, 13, 3, 0, 2]
[-7, 1, 4, 2, -4, 0, -1, -2]
[-1, 2, 1, -3, 46, 3, 0, 2]
[-11, -10, -2, -11, -52, -5, -2, -2]
[8, 3, 2, 24, 63, 10, 4, 1]
[-1, -1, -4, -16, -44, -10, -4, -1]
[1, -1, -1, 0, 5, 1, -1, -2]
[1, 4, -1, -25, -5, -5, -2, -1]
[-2, -4, 2, 20, 4, 5, 2, 0]
[1, 1, 0, 4, 24, -1, 3, -1]
[-8, -5, -7, -4, -10, -7, -4, -1]
[2, -2, -3, 3, -7, 0, 0, -1]
[1, -2, -2, 2, 1, 1, -1, -1]
[-1, 0, -2, -16, -6, -4, 0, -2]
[-2, -2, 0, -2, -10, 1, 0, 0]
[1, 2, -1, 9, 3, -3, -2, -2]
[-1, 1, 0, -4, 4, -1, -2, -1]
[-1, -2, -3, 3, 8, 2, 2, 1]
[5, 0, 2, -10, -37, -4, -2, -2]
[5, 0, 1, 19, 63, 12, 2, 0]
[-7, 4, -3, -12, -46, -10, -3, -1]
[-2, -3, 1, 1, -35, 1, -1, 0]
[3, 14, 1, -4, -16, -4, -1, -2]
[4, -1, 1, -6, 2, 3, 0, 2]
[-7, -3, -4, 1, 24, 0, -3, -2]
[1, -2, 1, -7, -2, -4, 1, -1]
[0, -2, 0, 26, 20, 1, 1, -2]
[-2, 0, 1, 10, -2, 0, 1, -1]
[-2, -4, -1, 5, 1, -4, -3, -2]
[-2, -1, -3, -17, 5, -4, -2, 1]
[-5, -3, 0, -2, 15, 4, 2, -1]
[0, 2, -4, -15, -38, -7, -1, 0]
[-7, -6, -2, 8, 6, 5, 1, 1]
[7, 3, -2, -1, -7, 0, -3, -3]
[1, -12, -1, -5, 5, 1, -1, 2]
[3, 8, 4, 1, -6, 0, -1, 0]
[1, 0, -1, -5, 16, 0, -2, -1]
[-4, -2, -3, 5, -14, -3, -2, -1]
[-2, -5, 2, -1, 28, 3, 0, 1]
[-6, -4, -3, -7, -26, -5, 0, -1]
[6, 3, 1, -1, -8, -1, 1, 0]
[-1, 8, 5, -4, 3, 0, -1, -1]
[6, 7, -1, 11, 14, 0, 0, -1]
[0, 1, 1, 2, 13, 4, 2, 1]
[-2, -4, 0, -6, -13, -2, -3, -1]
[-9, 0, -3, 2, 13, -1, -2, -10]
[-2, 1, -5, -14, -26, -3, 2, 4]
[2, -4, -1, 21, 21, 2, 4, -2]
[-2, -3, -2, -6, -3, 0, 1, -1]
[2, -3, 2, -5, -5, -3, -1, 2]
[-1, -4, -1, 1, -7, -3, -4, -5]
[0, 3, -2, -9, -2, 2, -1, 2]
[2, -2, 1, 2, 14, 0, 1, 0]
[-2, -5, -2, 9, -1, -2, -1, -1]
[-1, 4, 2, 1, 1, -2, -1, 3]
[0, 0, -3, 2, 5, 2, -2, 2]
[1, 2, 0, -5, 9, 1, -2, -2]
[2, 2, 6, 1, -7, -1, -2, 1]
[-5, -7, -1, 1, 7, 1, 0, -3]
[-1, -1, -2, 0, 3, -1, -1, 1]
[-1, -2, -3, -8, -8, -5, 3, -5]
[-4, -6, -3, 12, 12, 1, 4, 6]
[3, 3, -1, 0, -10, -3, -5, -5]
[0, -5, -1, 0, 2, 1, 2, 7]
[4, -1, 0, -2, -10, -3, -1, -1]
[-4, -1, -2, -2, -2, -5, -3, -2]
[-11, -3, 1, -4, -13, -1, 1, -3]
[4, 3, -2, -15, 2, -1, -6, -4]
[-3, -4, -2, 4, -15, 1, 16, -6]
[8, 9, 0, -6, -2, 4, 2, 12]
[-3, 4, 0, 3, 1, -8, 1, 2]
[0, -4, 1, 3, 1, -2, -4, -7]
[0, -4, 2, 5, 19, 2, -8, 12]
[-5, -8, -6, -12, -11, -5, -4, -11]
[-1, -2, -2, -10, -48, -4, 1, -1]
[0, -3, 1, -2, 2, -1, 1, 0]
[0, 2, 1, 2, 1, 1, 4, -2]
[-2, 0, -3, -1, 4, -9, -10, -4]
[0, 2, -2, 8, 26, 4, -5, 1]
[-2, -3, 0, -14, -23, 2, 4, -1]
[-1, -1, -1, 10, -17, 0, -3, -3]
[-4, -5, -1, 19, 16, 4, 0, 0]
[9, -8, -7, -9, -15, -5, -4, -1]
[-9, 2, 1, 11, 17, 2, -8, -1]
[13, 22, 4, -14, -5, -5, 1, 3]
[-3, -1, 0, -7, 1, 0, 5, -3]
[2, 2, 0, -1, -1, 1, -3, -4]
[5, 7, 1, 6, 7, -2, 10, 2]
[-5, -7, 0, -8, 0, -1, 2, 3]
[3, 0, 0, -3, -24, -8, -17, -2]
[-7, -3, 2, -2, 0, -1, 12, 2]
[2, -1, 2, -2, -1, 3, 8, -3]
[-2, -1, 0, 9, 8, -3, -3, -2]
[-3, 1, -4, -7, 2, 1, -5, 5]
[-4, -1, 1, -7, 2, -4, -12, -13]
[-1, -3, -1, 7, -1, 9, 25, 7]
[-8, -4, -1, -5, 3, -5, -10, -12]
[7, -8, -2, -4, 0, -4, -19, 9]
[2, -1, 2, -1, 3, 6, 16, 13]
[-6, 2, 1, -1, -21, -6, -14, -18]
[2, 8, 8, 9, -1, -4, -7, 5]
[-5, -3, -1, -5, -10, 3, 11, -12]
[-4, -5, -1, 6, 15, -2, -8, 3]
[0, 0, -2, 9, 27, 7, 9, -4]
[0, -6, -4, -2, -5, -1, 10, 6]
[-4, 4, 0, -16, -44, -10, -15, -14]
[6, 5, -2, 4, -4, 6, 39, 24]
[-8, -13, -2, -6, -13, -1, -13, -1]
[2, 4, -2, 3, 12, -3, 6, 6]
[2, 5, 1, 7, 19, 2, 1, -2]
[-3, 3, 1, -6, -8, -4, -8, -9]
[0, -3, -4, 5, 17, 2, 25, 17]
[1, 4, 3, 2, 4, 5, -16, -14]
[4, 8, 3, 2, 1, 2, 17, 6]
[4, 0, 3, -3, -9, -3, -1, -3]
[-5, -11, -6, -4, -4, 0, -32, 5]
[4, 4, -1, 3, -1, 3, 33, 9]
[-7, -9, -5, -7, -2, -2, -16, -13]
[0, -1, 2, 6, 1, -5, 19, 4]
[-7, 11, 3, -1, -1, -1, -9, -13]
[1, -11, -7, -6, 2, 6, -13, 1]
[5, 4, 0, 2, 11, 5, 5, 3]
[-9, -7, -5, -5, -6, -5, -15, -12]
[14, 7, 3, 10, 37, 7, 2, 6]
[-16, 0, -1, -10, -49, 0, -6, -13]
[-3, -18, -6, -3, -14, -22, 8, -6]
[11, 9, 4, 0, 6, 6, 3, 47]
[5, 3, 1, -4, -3, -13, 2, -37]
[-7, -6, 5, 12, 40, 17, 10, 14]
[7, 26, 5, -6, -12, -3, -5, 0]
[-2, -1, -4, 3, 22, -6, -13, -17]
[5, -4, -8, -10, -25, -9, 7, 19]
[-1, -6, -4, 0, -9, -5, -9, 2]
[-20, -11, -7, -13, -31, -16, -1, -4]
[-5, -4, -1, -2, 12, -4, -19, -9]
[-5, 5, -1, -4, -11, 7, 6, -1]
[13, -9, -4, -3, 20, -3, -32, -2]
[-3, -3, -1, 6, -22, 2, -7, -14]
[2, 4, 0, 5, 7, 3, 39, 37]
[-11, -7, 3, 3, 10, -9, -50, -55]
[-19, -11, -7, 0, 1, 11, 2, -7]
[15, 0, 0, 10, 36, 12, 37, 44]
[9, 9, 7, 4, 2, -2, -44, -30]
[-11, -4, -5, -1, -27, 8, 27, 5]
[-3, -22, -7, -10, 11, -5, -43, -3]
[-20, -3, 5, 1, -1, 2, 5, -24]
[1, 6, -2, -4, -7, -2, 13, 3]
[10, 0, -1, 0, -4, -5, -23, 20]
[12, 3, 6, 2, 5, 1, 54, 38]
[9, -10, 0, 7, 38, -12, -40, 28]
[-15, -13, -5, -13, -82, 9, 7, -29]
[12, 12, 5, 4, 26, 6, 14, 82]
[-8, 5, 0, 2, -2, 5, -25, -101]
[2, 12, 2, 6, 8, -18, -38, 33]
[-15, -8, -2, 6, 24, 11, -2, -59]
[3, -22, -13, -11, -9, -1, 53, 87]
[1, -7, -7, -5, -15, 17, 40, -2]
[-21, 9, 7, 2, 3, -20, -84, 13]
[17, -6, 1, -4, -23, -22, -8, -67]
[14, 28, 7, 4, -1, 0, -20, -36]
[-15, -29, -7, -7, 23, 1, 54, 26]
[7, 9, -3, -1, 8, -3, -14, 16]
[-16, -19, -11, -11, -10, -12, -25, 52]
[1, -4, -4, -3, 3, -5, -70, -5]
[37, 58, 16, 8, -43, 10, 17, -6]
[-31, -26, -9, -12, -12, -2, -7, -107]
[-14, -14, -4, 2, -10, 15, 76, 117]
[-18, -81, -20, -9, 20, -18, 0, 2]
[34, 23, 4, 9, 10, -20, -93, 42]
[-53, -3, -13, -4, -4, 6, 76, -37]
[42, -28, 11, 3, 20, 13, 25, 38]
