[-6, 50, 13, 2, -32, 2, -79, -99]
[6, -25, -8, -2, 13, 2, 65, 25]
[15, -19, -6, 4, 21, -4, -14, -13]
[-27, -9, -12, -10, 9, -22, -62, -34]
[-16, 18, 10, 0, -44, 3, 36, 22]
[-7, -20, -6, 1, 32, -7, -50, -43]
[15, 5, 12, -6, -63, -3, 7, 6]
[-13, 7, -5, 7, 32, 6, 67, -22]
[-15, -53, -15, -7, 35, 31, -22, 65]
[0, -6, 4, 6, 6, -7, 26, -111]
[29, 20, 6, 2, -25, 0, -47, -3]
[20, 27, 2, -11, -28, -7, -15, -13]
[-22, -12, 4, 4, 13, -11, -42, -14]
[7, 39, -2, -7, -34, 0, 53, 104]
[-24, -30, -14, -2, 35, 12, 37, -3]
[-40, -48, -15, -1, 1, 3, -26, -42]
[10, 70, 21, 14, 17, -7, 13, 7]
[8, 32, 12, 0, -9, -6, 9, -70]
[15, 1, 2, -8, -18, 17, 60, 26]
[43, 3, -22, -7, 2, -4, -39, 22]
[-39, -44, -4, 1, 11, -13, 20, 33]
[-5, 27, 1, -8, 21, 25, 0, -39]
[1, 27, 5, -7, -28, -1, -18, -22]
[-12, 33, 8, 3, 11, -8, 91, 26]
[4, -4, -11, 2, 8, 3, -21, -41]
[-6, -4, -2, 1, 18, 2, 1, 107]
[-3, -9, 1, -8, -31, 5, 1, -41]
[23, -16, -2, 2, 8, -1, -11, 13]
[-68, -23, -10, -10, -18, 5, -37, -78]
[37, 53, 6, 0, -3, -7, -1, -56]
[51, 29, 11, 19, 39, 4, 23, 94]
[-51, -3, 3, -1, -23, -22, -31, -16]
[-18, 14, 4, 4, -17, 22, 117, -13]
[3, -33, -2, 7, 21, -19, -31, 13]
[13, 1, -12, -2, -2, -28, -16, 26]
[23, -26, -1, -8, 10, 11, 47, 15]
[25, 34, 15, 9, -21, 4, 61, -62]
[-60, -38, -15, 3, 24, 16, 24, 77]
[40, -8, 10, 17, 19, -19, -39, -89]
[-37, -45, -9, -8, -27, -12, 7, 29]
[30, 1, -11, 4, 0, 20, 79, 62]
[34, 5, 5, -4, -16, -3, -38, -36]
[-25, 25, 17, 5, 38, 20, -15, 39]
[-24, -13, 8, 5, 3, -9, -59, -88]
[-11, 16, 2, -8, -16, -21, -36, -57]
[-5, -30, -11, -7, -16, 25, 19, 62]
[-22, -12, -7, 9, 15, -7, -34, -8]
[-19, 42, 11, 3, 19, 27, -54, -94]
[91, 10, -7, -9, -19, -4, -26, 125]
[-90, -17, 7, 15, 11, -9, -34, -102]
[0, -12, -19, -19, -27, -14, 49, -69]
[23, 55, 20, 14, 18, 0, 30, 1]
[-11, 25, -6, -8, -19, -11, -54, -128]
[48, 18, 7, 0, 5, 15, 44, 121]
[-46, -33, -1, 3, -3, -4, 40, 7]
[14, -27, -28, -9, -13, -21, -36, -40]
[-61, -53, -16, -3, 47, 25, 78, -37]
[37, 43, -10, -13, -112, -30, 4, -3]
[13, 24, 45, 19, 34, 16, 35, 37]
[10, 10, 12, 2, 15, 7, -20, 44]
[13, -11, -1, 8, 40, 3, 22, 53]
[-21, -34, -20, -17, -54, -13, -24, -28]
[-14, 8, -12, -10, -11, 7, 18, 25]
[21, 35, 1, 11, 14, -17, 6, 93]
[29, 1, 11, 3, 37, 25, 5, 33]
[-24, -34, -9, 6, 9, -3, 13, -55]
[35, 31, -3, -21, -15, -2, -5, 1]
[-24, -16, -3, -10, -35, 1, 11, -66]
[39, 12, -5, 1, 20, 3, -69, 54]
[2, 31, 21, 11, 41, 7, -2, -72]
[-7, -55, -29, -20, -15, -10, 66, 26]
[11, 25, -8, 0, -20, 0, -22, -25]
[-11, 30, 35, 5, -5, -12, 15, 79]
[0, -6, -8, 9, 14, 20, -10, -40]
[13, -27, 11, -5, 7, 10, 75, 92]
[17, -6, -16, 4, 22, -4, -47, -40]
[-18, 6, 21, 1, -16, 0, 33, -41]
[16, -3, -5, -6, 8, -12, -19, 56]
[-10, 4, -8, 0, 8, -1, 48, -22]
[3, -1, 3, -7, -11, -9, 26, 25]
[12, -7, -1, 11, -33, 1, -8, 21]
[-5, -8, -1, 1, 6, -9, -26, -7]
[7, 2, -10, 21, 26, -6, -26, -3]
[-31, -3, -1, -3, 17, 11, 27, 17]
[50, 41, 1, 4, 16, -1, -16, 1]
[-10, 6, 7, -9, -35, 4, 74, 122]
[33, 1, -2, 0, -21, 4, -10, 10]
[9, 0, 9, 6, 11, 14, 50, 95]
[-7, 0, -5, -6, 22, 14, -42, -11]
[22, 12, 14, -2, 25, 16, -2, 34]
[-3, 2, -6, -6, -59, -22, -76, -43]
[7, 2, 5, 2, -27, -8, -1, -16]
[2, -17, -10, -5, -5, -4, 30, 10]
[-31, -19, -15, -3, 34, 7, 7, -43]
[1, 7, 8, 3, 9, -5, -63, 11]
[16, -3, 1, 3, 33, -9, -17, -17]
[-27, -11, -10, -10, -22, 10, -34, -45]
[2, 2, 6, 19, 19, -15, -12, 2]
[-68, -57, -23, -30, -74, -17, -10, -14]
[63, 56, 12, 1, -11, 5, 11, -18]
[26, 1, 2, 11, 33, 4, -7, 25]
[2, -13, -37, -3, 54, -18, -3, 13]
[-1, 16, 24, -11, -39, 13, -22, -26]
[-30, -19, 8, 1, -2, -22, -33, -6]
[0, -1, -9, 4, -8, -4, 21, 5]
[3, -2, 20, -1, -32, -1, 2, -4]
[-19, -18, -29, 3, 19, 2, 45, 19]
[6, 16, 20, -2, 1, 10, 36, -16]
[-1, -12, -5, 5, 18, 6, 20, -5]
[-15, -4, -1, -10, -30, -8, -12, -3]
[12, 18, 0, -1, 26, -2, -6, -20]
[-28, -21, -6, -4, -13, -6, -31, 2]
[5, 5, -1, 3, 5, 2, 9, 0]
[-11, -4, 2, -3, -4, 5, -9, -22]
[9, 10, 1, 14, 28, 8, -2, 8]
[-3, -8, -11, -3, 10, 5, 6, 8]
[0, -5, 2, -11, -45, -17, -1, -2]
[3, 14, 3, 1, 17, 13, -15, 12]
[4, 6, 9, -11, -11, -4, -3, -8]
[-11, -14, -13, 10, 44, -3, -4, 13]
[-3, -4, -2, 1, 3, 4, 7, -6]
[-1, 0, 4, 9, -48, 0, -2, -4]
[-2, 0, -6, 0, 8, -5, -8, -6]
[-6, 0, 0, -9, -27, -6, 0, -4]
[-12, -21, -19, 2, 33, -1, 3, -4]
[23, 16, 18, -3, 6, -1, 1, -2]
[9, 6, 0, 4, 0, -9, -7, 0]
[-7, -3, -11, -3, -12, -6, -6, 11]
[4, 6, 3, -4, -13, 3, 3, -8]
[-5, -13, -5, 3, 26, 8, -10, -4]
[-7, 1, 0, -1, 8, 5, -4, -2]
[-4, -2, 0, -14, -59, -2, 1, 4]
[3, -8, -4, 4, 8, 5, -1, -3]
[-5, -11, 0, 2, 12, -2, -5, -6]
[0, -9, -1, -20, -58, -8, -3, 1]
[-2, 7, -3, 14, 33, -4, -2, 2]
[3, 18, 3, 7, -32, 7, 1, 2]
[-3, -2, -3, -2, 21, 16, -4, 0]
[-2, -6, -3, -3, 6, -7, -4, -2]
[-2, -2, -9, -22, -18, -1, 0, 2]
[2, 1, -4, 4, 26, 11, 1, 1]
[-1, 2, 20, 5, -70, 1, -4, -3]
[0, 8, 3, 19, 55, -1, 0, -3]
[0, -14, 6, 6, 19, -1, 0, 0]
[3, -3, -4, -9, -10, -1, -2, 1]
[4, 6, -4, 14, 24, 6, 1, 1]
[-5, 3, 3, -4, -8, -6, -2, 0]
[9, 7, 3, -9, 4, -11, -1, 5]
[-6, -6, -3, -12, 13, 1, -1, -3]
[1, 3, -6, -20, -4, 3, -2, -1]
[-1, 6, 1, 19, 15, 0, -2, -4]
[2, 1, -8, 7, 7, 1, 4, 5]
[-3, -15, 13, -13, -30, -7, -3, -4]
[1, -12, -7, -3, 9, -5, -4, -2]
[1, 0, 0, 32, 68, 5, 7, 4]
[3, 14, 11, 25, 71, 15, 7, 7]
[0, 4, 4, -10, -71, -24, -3, -1]
[-8, -2, -3, -17, 44, -8, -5, -2]
[-3, 0, 3, -2, -72, -3, -3, 0]
[-8, -18, -6, 19, 20, 13, 0, -3]
[4, 6, 6, -12, 4, 3, 4, 0]
[-5, -5, -8, -11, -3, -10, -4, -4]
[2, 0, -10, -19, -11, -6, -1, 0]
[-3, 2, 10, 23, 23, 13, 0, 1]
[2, 9, 16, 24, 35, 8, 5, 3]
[-6, -3, -15, -21, -104, -11, -4, -4]
[-1, -2, -2, 22, 69, 24, 2, 0]
[-1, 1, -1, -24, -41, -8, -2, 0]
[0, -2, -9, 13, 26, -3, -2, -1]
[0, 2, 1, -4, 34, 6, 4, 1]
[6, 3, 3, -3, -24, -6, -1, 0]
[-4, -4, -3, 5, 35, 32, 0, -2]
[-4, -6, -9, -55, -63, -14, -10, -5]
[1, 5, 14, 40, 30, 12, 4, 2]
[-1, -3, 6, 6, 26, 12, 1, -1]
[4, 3, 2, 13, 26, -1, 0, 1]
[-4, 4, -6, -5, 7, -9, 3, 0]
[-3, -4, 0, 3, -5, -18, -2, -2]
[2, 5, 0, -9, -8, -3, -2, 2]
[-2, -2, -2, 13, -7, -11, 1, 0]
[0, -4, -2, -3, 36, -8, 1, 1]
[-2, -3, -4, -27, -28, -17, -4, -2]
[-5, -4, -12, -39, -31, -26, -8, -4]
[-3, 1, 8, 16, -15, 5, -1, -2]
[-4, -8, -4, -6, -17, -3, 1, -2]
[10, 6, 9, 67, 106, 3, 3, 2]
[3, 2, 3, 14, 12, 16, 4, 2]
[-7, -6, -12, -9, -47, -5, -3, -2]
[-3, -13, -5, -35, -2, -12, -3, -2]
[2, 13, -1, -19, -34, -5, 3, -1]
[5, -2, 3, 17, 53, 8, -2, -2]
[-7, -11, -2, -15, -64, -8, -2, 0]
[8, 14, 7, 37, 51, 4, 4, 0]
[-3, -2, -8, -26, -59, -6, 0, 0]
[-3, 1, 8, -25, 49, 4, 0, 0]
[1, -5, -5, -16, -72, 5, 2, 1]
[-3, 1, 4, 8, -80, -15, -5, -1]
[-3, -8, -8, -12, -5, -2, -2, -1]
[0, -1, -6, -11, -4, 4, 0, 1]
[3, -1, 6, 13, 21, 6, 3, 2]
[4, 3, 4, 47, 94, 12, 3, 2]
[1, 0, 1, -24, -50, -6, 0, -4]
[-5, -8, -11, -15, -55, -1, -1, -2]
[3, 8, 5, 37, 49, 11, 3, 2]
[-4, -3, -5, 0, -16, -6, -2, -3]
[-3, -7, -6, 5, 29, 1, 1, -2]
[-7, -10, 6, 22, -7, 4, -1, -3]
[10, 7, -6, -39, -21, -4, -4, 0]
[1, 9, 2, -5, -8, -6, -2, -1]
[-1, 0, 1, -10, -5, -7, -2, 0]
[1, -3, -1, 37, 43, 10, 3, 1]
[-6, -1, -3, -32, -24, -8, -4, -3]
[-1, -7, 5, 1, 8, 0, 0, -1]
[-1, 1, 1, 2, 10, 2, 2, 1]
[-2, -3, -7, -13, -32, -12, -4, 0]
[0, -3, -4, 3, 36, 1, -3, 1]
[-3, -4, -4, 15, 25, 1, 2, 0]
[-1, -1, 2, 4, 50, 3, 0, -1]
[0, 3, 4, 18, -41, 0, 0, -2]
[-4, -4, -6, -39, -60, -6, -2, -4]
[5, 2, -4, -19, 3, 2, -1, 1]
[-2, -1, -5, 6, 9, -1, -3, -1]
[-4, -1, -4, -53, 7, -5, -4, -1]
[-2, -1, 8, 62, 24, 7, 3, 3]
[3, 0, 0, 6, -22, 3, -1, 0]
[-4, -8, -5, -7, 15, -3, 0, -2]
[5, 11, 0, 4, -25, -1, -1, 0]
[-4, -7, -5, -19, 26, 5, 1, -1]
[3, 6, -1, -7, 26, 5, 2, 2]
[-4, 3, 11, 30, -36, -2, -1, -2]
[-1, 1, -1, 7, -7, 3, 1, 1]
[4, 0, -4, -30, 15, -1, -2, -1]
[-2, 2, -2, 8, -19, 0, 0, -2]
[-3, -2, -4, -18, -10, 0, 2, 1]
[-5, -1, 3, -1, -4, 1, -3, -1]
[5, 2, 2, 4, 15, 0, 1, 0]
[-1, -1, -5, -12, -12, -5, 1, 2]
[2, -2, -3, -4, -9, 0, 1, -1]
[1, -5, -2, 4, -27, -14, -4, -1]
[0, -4, 0, -12, 20, 1, -3, 1]
[-8, -11, -1, 12, 28, 2, -3, -2]
[9, 15, 8, 9, 1, -1, -2, 1]
[0, -2, -1, 8, 27, 8, -1, -1]
[5, 9, 1, -5, 23, 6, 1, 0]
[-6, -11, -7, -25, -49, -8, -1, -2]
[-3, -2, -4, -3, 6, -7, -1, -1]
[6, 2, 5, -8, -5, -2, 1, 0]
[8, 7, 6, 48, 67, 7, 1, 1]
[-6, -1, -5, -10, -73, -8, -2, -3]
[0, -5, 1, 5, -5, -3, -4, 2]
[-4, -3, -4, -28, -9, 5, 0, -1]
[-1, -2, -1, -1, -1, 2, 3, 1]
[-4, -3, 4, 39, 33, 9, 4, 2]
[5, 4, 0, -10, -26, -13, -3, -3]
[-1, 0, -3, 1, 3, -3, 0, -1]
[3, 0, 4, -11, -15, -1, -3, 1]
[-2, 1, 3, 5, -7, 1, 1, 2]
[-12, -10, -8, 13, 33, -3, -3, -4]
[6, 2, -2, -8, -2, 2, 0, -1]
[4, 9, -1, -15, -27, 3, -1, 0]
[2, 2, 2, -7, 9, -2, -1, -1]
[-5, -8, -6, 14, 14, -3, -2, -4]
[-6, 5, 3, 10, 15, 2, -1, -1]
[-5, -12, -9, -27, -103, -16, -6, -3]
[3, 4, 4, 15, 16, 5, 0, 2]
[-4, -8, -7, -27, 8, -2, -1, 0]
[3, 7, 8, 30, 13, 8, -1, 0]
[-1, -2, 4, 3, 22, 0, -1, 1]
[-1, 0, 2, 12, 21, 1, 1, 1]
[-2, -2, -5, -1, -32, -5, -1, -1]
[-1, -5, -3, -10, 25, 3, 1, -2]
[0, -6, 0, -21, -17, 1, -1, 0]
[6, 10, 0, 12, 7, 3, 1, 0]
[1, 3, 0, 5, 8, 1, 0, 0]
[-3, -2, -1, 7, 14, 1, 1, -1]
[-1, -1, 1, -2, 5, -1, 1, -1]
[-3, -2, -9, -27, -1, -8, -3, -3]
[5, 9, 10, 3, -5, 4, 1, 3]
[-5, -4, 1, 5, 30, 4, -3, 0]
[1, 0, -6, -2, -37, -2, -2, -4]
[-4, -8, -1, 6, 24, 3, 0, 0]
[-1, 3, -2, 9, -13, -2, -1, -3]
[-2, 3, -4, -14, -13, -8, 0, 1]
[0, 4, 3, 19, 41, 5, 0, -1]
[-2, 1, 1, -16, -26, -3, -2, -1]
[1, -5, 1, -9, -21, -1, 0, 0]
[-3, -8, -2, -4, -32, -4, -1, -1]
[-3, -4, -1, 4, 22, 5, 4, 2]
[8, 1, 2, -5, -5, -1, 1, 1]
[-5, 0, -1, -3, 13, -1, 0, -2]
[2, -4, -7, -12, -8, -3, -1, -1]
[2, 7, 0, 11, 9, 0, 0, 2]
[-1, -2, -4, 4, 21, 2, -2, 0]
[2, 1, -1, -6, -21, 0, -1, 3]
[-4, 0, -4, 18, 5, -2, -1, -1]
[-2, 2, -1, -11, -8, 2, 0, 0]
[-2, 1, -3, -9, -3, -9, -3, -3]
[-4, -8, 1, 2, -13, -3, -2, -3]
[5, 6, 2, -11, -10, 0, -2, -1]
[-3, -2, -1, 4, 4, 4, -2, 1]
[3, -10, -1, -12, -51, -3, 1, -2]
[-8, 10, 1, -2, 11, -1, 0, 1]
[5, -6, -3, 1, 2, 3, -1, -1]
[1, -2, 2, 2, 11, -1, 2, 2]
[0, 4, 4, 13, 33, 3, -1, 2]
[1, -4, -2, -3, -18, -4, -1, -3]
[-8, -10, -3, -8, -41, -3, 2, 0]
[1, 3, 0, 13, 9, 0, -2, -3]
[1, 0, -7, -11, 3, -5, -2, 0]
[-2, -3, 1, 7, 22, 1, 0, -1]
[1, 2, -1, -7, 7, 5, 0, 1]
[2, -3, 0, -1, 11, -2, -3, -1]
[-5, -7, -3, -18, -85, -8, -5, -3]
[-2, -2, -4, -16, -16, -7, -4, -2]
[2, 3, 3, 10, 19, -3, 2, -3]
[-4, -3, -2, -2, 8, 0, 1, 0]
[4, 5, 0, 11, 35, 4, 3, 0]
[-3, -4, -7, 0, -21, -2, -2, -1]
[-5, 1, -4, 4, 20, 4, -3, 1]
[3, 5, 0, 8, -13, 3, -1, 0]
[1, -1, 3, -7, -13, -3, 0, -2]
[-1, 2, 1, -15, 8, 0, 1, -2]
[-2, -2, 3, 8, 26, -4, -2, -1]
[-3, -4, -2, -12, -36, -1, 0, -1]
[-2, -3, -3, 6, 9, 0, -2, 5]
[0, -6, -4, -2, -2, -3, 0, -1]
[0, 1, 5, 6, -5, -5, -5, -2]
[-2, -1, 0, -3, 28, 5, 1, 1]
[-4, -1, -1, -14, -22, 3, 1, -3]
[-2, -4, -3, 9, 1, -10, -3, -1]
[5, 9, -4, -22, -40, 4, -1, 1]
[3, 7, 0, 4, -5, 1, -1, -3]
[-3, 4, 0, 19, 29, 1, 0, 1]
[-3, -10, 1, 7, 12, -1, -1, -1]
[4, 4, 0, -16, -28, -3, -2, -2]
[2, -4, 3, 23, 9, 2, -1, -1]
[-3, -7, -4, -19, 0, 0, 1, -2]
[1, 1, 6, 7, 22, -1, -2, 0]
[-6, -5, -3, 3, -12, -5, -2, -3]
[3, 0, -4, -31, -5, 2, 2, 2]
[-1, 2, -2, 12, 18, -2, -2, 0]
[-4, 0, -3, -10, -10, -2, -4, -2]
[-3, -1, -2, 14, 24, 1, 0, -2]
[-1, -3, 3, 7, 5, 0, -3, -1]
[1, 1, 2, 12, 13, 2, 0, 2]
[0, -4, -6, -9, -22, -1, 0, -3]
[1, -2, -3, 1, -6, -1, 2, -1]
[0, 0, 2, 5, 12, -1, 0, -2]
[2, 2, 4, 1, 16, 7, 2, 1]
[-4, 3, 0, -8, -23, -4, -4, -2]
[-2, 0, 3, 14, 48, 4, 2, -1]
[-7, -4, -5, -16, -53, -8, 1, 0]
[3, 4, 1, -5, 1, 4, -3, -2]
[0, 0, -2, 1, -5, -2, 19, 2]
[-2, -6, -5, -8, -13, -5, -23, -6]
[-2, -4, -2, 4, 28, 1, 0, 2]
[-2, -3, 0, 4, 20, -2, 0, -1]
[0, -4, 0, -4, -42, -5, -2, -2]
[-2, -3, 0, 2, -6, 2, 6, 2]
[0, 2, -3, 0, 1, -8, -4, 1]
[-1, -5, -1, -1, 0, -7, -4, -2]
[2, 2, 3, 9, 18, 6, -3, -3]
[1, 1, -1, -17, -14, 2, 4, 2]
[-4, 1, -1, 1, -6, -1, -5, -3]
[4, 2, -3, 2, 2, -2, 3, -1]
[1, 2, -4, -6, 3, -4, -2, 1]
[-1, -1, 2, 3, -11, 3, 0, -5]
[9, -2, 1, 3, 5, 7, -3, 1]
[-14, -1, 0, -3, -3, -2, 3, 3]
[-4, 0, -2, 4, 7, 1, 2, 1]
[-5, 1, -5, -6, -6, -1, 6, 2]
[1, -3, -1, 2, 25, 0, 4, -3]
[3, -2, 5, 14, 15, 2, -8, -3]
[1, 7, 1, -25, -31, 2, 14, -2]
[-6, 6, 3, 11, 9, -3, 1, 1]
[-2, 1, -6, -15, -56, -2, -26, -9]
[6, -3, -4, 6, 3, 3, 1, 2]
[2, -4, 4, 9, 23, 1, 6, 10]
[1, -3, -2, -4, -9, -3, -30, -12]
[-1, 5, -2, -8, 10, 2, 31, 7]
[-1, 1, -3, 7, -2, -2, -39, -8]
[-5, -2, -2, 2, -10, -4, -11, 5]
[4, -6, 0, -3, -2, -6, 13, -21]
[13, 2, 7, 7, 12, 3, 0, 19]
[-10, -2, -1, -14, -12, -8, 5, -9]
[-4, -3, 0, 2, 4, -5, -17, -12]
[-8, -6, -2, -4, -5, 0, 5, 9]
[-3, -1, 1, -5, 0, -1, 3, 3]
[1, -3, 1, -7, 9, 8, 9, 9]
[3, 16, -1, 4, -1, 5, 7, -30]
[3, -3, -3, -6, -2, -1, 13, 34]
[1, 4, 1, 9, 4, 7, 35, 12]
[-4, 4, 4, -4, -14, 2, -46, -17]
[-5, -11, -8, 1, 15, -4, -3, -21]
[8, 4, 1, -3, -10, -3, -2, 0]
[1, -3, 3, 14, 12, 2, 0, 0]
[5, 2, -1, -13, -58, -6, 35, 11]
[-3, -3, 1, 4, -8, 4, -12, -1]
[5, -1, -5, -7, 1, -2, -6, -6]
[-3, -7, -4, 4, 29, 0, -7, 1]
[-4, 1, -3, 11, -2, 2, 5, -6]
[7, 0, 2, -2, -19, -17, 3, 13]
[-3, -13, -1, -4, -5, -7, -10, 2]
[-9, 8, 3, -6, -2, 5, -5, 6]
[9, 6, 6, 4, 25, 14, 20, -9]
[7, 0, 5, -2, 4, -3, 2, 7]
[-6, -10, -4, 2, -1, -1, -7, -17]
[-6, -7, -1, 4, -1, -1, -28, -6]
[-1, -2, 2, -1, 3, 1, 7, 0]
[13, 10, 0, 7, 3, -2, 2, 38]
[-14, -5, 2, -7, -9, -11, 7, -19]
[0, -3, -3, -9, -11, 2, -5, -33]
[4, 8, 2, 3, -8, -2, 16, 34]
[-5, -15, -4, -3, 2, -12, -34, 15]
[-10, -12, -3, 4, 6, -8, 27, -25]
[2, 16, -6, -6, -9, -6, -42, -30]
[2, -4, 1, 3, 13, 3, 47, 47]
[-1, 7, -1, 0, 5, 12, -18, -45]
[-2, 7, 1, -2, 1, -8, -30, 24]
[7, -11, 0, -3, -1, 14, 24, -14]
[22, 16, -2, -6, -3, 1, 6, 6]
[-7, -14, -2, -1, -1, -12, 4, -22]
[-4, -11, 5, 11, -6, 7, 11, 38]
[-8, 7, 4, 6, 1, -1, 69, 31]
[11, 0, -3, -3, 17, -5, -81, -29]
[3, -5, -1, -1, 8, 1, 14, 18]
[3, 15, -2, -3, 10, -4, -11, -43]
[7, 5, 1, 14, 33, 4, -18, 2]
[-19, -20, -6, -3, -19, 7, 16, -1]
[-7, 2, 0, -6, -30, -1, -4, -3]
[4, 1, 1, 1, -11, -2, -12, 29]
[2, 2, -5, 0, -8, 10, 13, 12]
[-4, -14, -6, -6, 3, -7, -16, 5]
[-11, -8, 5, 6, 24, 5, -17, -3]
[-8, 14, -1, -2, -7, -9, -5, -59]
[-1, -14, -2, -5, -5, -3, 14, 38]
[13, 15, 1, 4, 14, -9, -54, -15]
[-14, -4, -8, -7, -5, -1, 29, 19]
[29, 18, 5, 2, 7, 3, -3, -4]
[-6, -5, 4, 10, 9, 1, -26, 17]
[-13, -13, -2, -1, 12, 13, 19, -70]
[6, 5, 1, -6, -29, -13, 21, 57]
[-12, -16, 2, 10, 14, 8, 32, -26]
[22, 18, -3, -6, 4, 3, -26, 14]
[-16, -7, -6, -4, -7, -8, 0, -32]
[-22, 0, 5, 2, -48, -11, -30, -19]
[16, 0, -11, -6, -5, 11, -14, 49]
[-2, -13, 14, 12, -4, 4, 29, -20]
[-6, 2, 6, 8, 26, 9, -17, -14]
[-17, -19, -6, -3, 17, 12, 35, -18]
[29, -9, 0, -3, -5, -3, -29, 18]
[20, 31, 11, 1, 1, -5, 29, 83]
[-5, -21, -3, -3, -6, 11, 43, 76]
[17, 19, -3, -5, 20, -6, -108, -101]
[1, 24, 7, 0, -17, -5, 127, 10]
[-10, -10, -8, -18, -1, 20, -2, -38]
[-29, -35, -2, -3, -8, -15, -86, 36]
[10, 61, 17, 18, 26, -12, -73, -75]
[0, -32, -13, -2, 14, 13, 66, 94]
[25, 28, -1, -1, 20, -11, -69, -15]
[-14, 17, -7, -5, -2, 17, 8, 3]
[4, -26, -15, -8, -29, 3, 27, 127]
[9, -17, -12, -12, -9, -1, -6, 11]
[-82, -35, 3, -5, -24, -22, -94, -55]
[54, 58, 20, 14, 27, -8, -24, -13]
[62, 84, 18, 13, 24, -13, 95, 125]
