[-80, -34, -9, -9, 4, -23, -97, -90]
[42, -30, -12, -7, -27, -24, 51, 78]
[-25, 0, -2, -2, 9, 9, 78, -21]
[-32, -46, -8, 8, 43, 6, -20, -66]
[40, 46, 8, -11, -38, -9, 25, 38]
[47, 14, -1, 3, -21, 1, -11, 102]
[-28, -7, -11, -15, -5, 1, 23, -61]
[-36, -94, -13, -7, 40, 18, 127, -87]
[-4, 10, 10, -6, -53, -8, 9, 6]
[12, -1, 5, 5, 2, 4, -7, -63]
[19, -9, 4, -9, -25, -9, 24, 69]
[46, -18, -19, -8, 10, 12, -4, 43]
[-40, -29, 1, 10, 37, -7, -105, -128]
[-10, -11, -20, -15, -18, 2, 7, 11]
[-21, -7, 0, 14, -8, -16, 26, -70]
[-28, -25, 7, 3, 2, -19, -55, -8]
[10, 7, -4, 11, 55, 13, -16, -11]
[41, 42, -4, -19, -87, -39, 66, 44]
[2, -24, 7, 4, 44, 36, 4, -26]
[-1, -5, -1, -8, -81, -21, 22, 14]
[8, 3, -8, -14, -11, -12, -53, 6]
[-75, -26, -7, 12, 23, 6, -1, -86]
[42, 13, -5, -4, -4, -14, -112, -41]
[-20, 1, -6, -17, -64, -2, 54, -8]
[-34, -16, 11, 18, 47, 18, -24, 72]
[33, 26, 6, 3, 47, 25, 33, 83]
[-40, -27, -10, -1, -58, -11, 6, -47]
[58, 49, 17, 12, 46, 10, -6, 46]
[-31, 7, -4, 10, -2, 5, -50, -69]
[8, -33, 3, 11, 13, 17, -7, -5]
[-3, 1, -6, -9, -20, -2, 21, 107]
[-15, 9, 11, 4, 2, 12, 24, -87]
[10, 39, 10, 3, -11, -8, 55, 40]
[30, 6, -2, 0, 45, 18, -8, 19]
[9, 16, 10, 14, 25, -12, -46, 46]
[-22, -20, -23, -12, -20, 13, 10, 28]
[29, 42, -11, -3, -37, -4, 54, 62]
[-62, -15, 29, 13, 12, 16, -9, 4]
[88, 53, 4, 4, 14, 11, 20, 70]
[-20, -38, -6, -7, 14, -16, -38, -27]
[74, 11, -7, -9, -17, -7, 105, -12]
[-47, 0, -9, 5, 20, -2, 22, -51]
[31, 33, 13, 15, 29, 14, -6, -5]
[-37, -22, -19, -7, -34, -11, -24, 61]
[-13, -18, 5, -2, 9, 7, -26, -92]
[14, 24, 1, -5, -18, -11, -13, -10]
[-33, -15, -16, -10, 12, -20, 33, 80]
[29, 23, 15, 6, -10, 10, 25, -50]
[-12, -17, 5, -1, 27, -10, -25, 2]
[1, -2, 6, 5, -28, 1, -32, -48]
[-40, -38, -11, -22, -74, -17, 52, 37]
[80, 70, 23, 14, 27, -4, -86, 22]
[-10, -9, -16, -21, -20, -15, -12, 86]
[2, 8, -1, 2, 25, -1, 61, -110]
[-4, 3, -12, 0, 21, 20, 23, 2]
[-35, 17, 0, 1, 4, -5, 5, 15]
[-15, -16, -1, 0, -3, 1, -30, -57]
[24, 1, -21, -12, -4, -9, -48, 33]
[-16, -4, -5, -12, -14, -17, -21, -95]
[-44, -25, -8, -7, -10, -14, 28, 3]
[65, -9, 4, 9, 4, 2, 2, 80]
[-11, 21, 2, -10, -24, 16, 12, -38]
[-12, 13, 0, 12, 36, 13, 60, 64]
[1, -29, -20, 0, 16, -16, -87, -86]
[66, 66, 59, 11, -10, 9, 73, 67]
[-27, -61, -17, 18, 45, -8, 12, 62]
[12, 0, 13, -11, -30, 16, -5, 26]
[-2, 22, -4, -17, -39, -8, 120, 103]
[13, -27, -31, -18, -77, -19, 36, 84]
[-31, 16, 19, 20, 48, 6, -61, -87]
[24, 9, 12, 10, 16, 9, 9, 52]
[-11, -28, -18, 1, 2, 8, -59, -103]
[-43, -37, -10, 6, 24, 1, -19, -11]
[8, 1, 12, 3, -14, 14, 18, 58]
[-11, -29, -12, -2, 7, -8, -5, -46]
[33, 17, 8, 0, 19, 0, 15, 85]
[-76, -32, -25, -18, -7, 8, -20, -4]
[52, 22, -7, -5, -13, 0, 32, 32]
[-27, -22, 11, 7, 2, 11, -39, -37]
[11, 8, -8, 2, -2, 4, -12, 66]
[19, 5, 3, 13, 77, -15, -44, 13]
[1, 1, 13, -17, -73, -17, 20, -21]
[-11, 17, -8, -16, -79, -37, 61, -63]
[-8, -17, 3, -3, -2, 5, 57, 124]
[-21, -22, -22, -1, 12, 15, 10, -85]
[28, 26, 0, -3, 23, 10, -9, 27]
[11, -11, 0, -4, -16, -10, -7, 16]
[-26, 17, 7, 7, 26, -7, -55, -39]
[-12, -20, -8, -4, -17, 7, 64, 53]
[9, 16, 9, -2, 1, 6, -28, -80]
[1, 0, 10, 16, 22, 24, -15, -9]
[-28, -27, -22, -6, 19, -5, 2, -35]
[39, 30, 15, 2, 41, 10, -15, 15]
[-28, -30, -3, 5, -13, -11, 98, 73]
[31, 33, 2, 9, 17, 4, -74, -18]
[-6, 22, 34, -6, -79, -14, -12, -87]
[14, 14, 18, 8, -33, -9, -28, -26]
[3, -29, -18, -6, 9, -11, 19, 81]
[-26, -53, -18, 10, 40, 6, 5, -15]
[24, 25, 7, 3, 31, 12, 44, 48]
[0, 10, 12, -2, -2, 4, -70, -47]
[-47, -19, -3, -5, -15, -9, 0, 9]
[20, 17, -6, -15, -7, -4, -31, -25]
[26, -5, -1, 0, 10, 16, 52, 41]
[-30, 8, 0, -7, -14, -10, -4, -29]
[-4, 6, 1, 15, 58, 10, -37, -8]
[-18, -1, -3, -5, -12, -8, -4, -5]
[-7, 11, 2, 0, 18, 2, -10, 24]
[5, -4, -2, 5, -32, -15, -12, 16]
[4, 3, -20, -17, -17, 0, -26, -102]
[-5, -8, 14, 7, 26, -16, 25, 24]
[5, 4, -7, -30, -97, -5, -6, -11]
[-24, -12, 2, 6, 51, 12, -9, 10]
[-34, -17, 12, 20, 16, 3, -29, -18]
[40, 46, 9, 16, 16, 13, 0, 25]
[-13, -38, -20, 9, 27, -10, -69, -75]
[-3, 3, 3, -10, -2, -5, 2, -30]
[-27, -13, -2, -7, -41, -24, -86, -53]
[7, -18, 1, -15, 7, 15, 41, 9]
[-19, -27, -16, -6, 7, -9, -21, -1]
[22, 40, 17, 1, -18, 10, 20, 19]
[13, 23, -1, -2, 13, 2, 53, 30]
[-18, -9, -3, -1, -45, 0, 3, -50]
[6, 5, -1, 2, 19, 2, -14, -11]
[-19, -24, -13, 8, 3, -7, 9, -6]
[9, 7, 11, -2, -9, 2, 10, 22]
[-1, 2, -12, -10, 4, -5, -13, 5]
[-1, 1, 0, -1, 4, -1, 30, -9]
[-6, 1, 10, -1, 0, -1, -11, -5]
[10, -7, -24, -3, -5, 1, 0, 28]
[-2, -6, 8, -8, -6, -3, 4, 13]
[-8, -7, 3, 20, 20, -2, 26, 28]
[-20, -58, 17, 3, -2, 3, -6, -16]
[16, 46, 2, -1, 27, 2, -3, 6]
[6, -26, -25, -10, -36, -7, 8, 16]
[23, 20, 1, -8, -8, 1, 3, 3]
[4, 5, -4, 4, -23, 0, 0, -8]
[8, 6, 8, 6, -1, -1, 3, 10]
[-6, -68, 8, -3, 10, -1, 0, -4]
[-3, -37, -31, -1, 5, 4, -13, -5]
[-8, 5, 3, -2, 0, 3, 9, 1]
[9, 31, -1, -10, 11, 7, -2, 0]
[-2, 127, -1, 10, 17, 1, 3, 18]
[2, 68, 17, 18, 5, -3, -13, -6]
[0, 95, -1, -10, -6, 0, 5, 5]
[1, -16, -1, -13, -14, 2, 11, 10]
[-6, -92, 5, -12, -52, -18, -3, 1]
[-7, -123, 6, 7, -2, -12, -9, -4]
[-2, -53, -10, 24, 15, 12, 6, -5]
[-4, -57, 1, 11, -2, 2, -1, -2]
[-6, 39, -4, -2, 5, 8, 0, 1]
[6, 89, 7, -22, -8, -1, -13, -6]
[6, 61, -13, -3, -25, 6, 0, 7]
[1, 30, -1, -5, 18, -6, -3, 4]
[3, 14, -3, 24, 57, 1, -2, 6]
[-3, 28, -9, -2, -9, -6, -5, -1]
[6, 1, 32, -14, 34, 1, 0, 3]
[8, -28, -4, -16, -67, 3, -2, 2]
[-1, -7, 1, 0, 3, -8, -8, -3]
[-8, -13, -15, -8, -35, 5, -4, -3]
[2, -38, -19, -12, 43, 8, 4, 3]
[-6, -17, 11, 12, 16, 0, 0, -5]
[-3, -1, 7, 9, -28, 6, 4, -2]
[0, -31, -9, -4, 24, 8, 0, -6]
[5, 5, 13, 8, -35, 9, 5, -2]
[-8, 1, -12, -36, -67, -11, -4, 2]
[4, -16, -6, -9, 21, 9, -4, 0]
[6, 11, 7, 15, 42, 12, 2, 1]
[-3, -10, -14, -15, -63, -5, -7, 1]
[3, 8, 15, 43, 81, 9, 2, 3]
[-2, -4, -16, -7, -12, -1, 1, 2]
[-4, -1, 26, 1, 43, -8, -7, -3]
[6, 2, -19, -17, -9, 8, 5, 2]
[-1, -7, -2, -2, -27, -2, 0, -3]
[-10, -6, 6, 10, 23, -11, -1, -1]
[3, 6, 16, -15, -21, -3, 2, 1]
[0, -2, -19, -2, 64, -16, -3, -2]
[1, -11, -15, 30, 92, 6, 1, -4]
[5, 4, 12, -38, -115, -16, -4, 3]
[-2, 5, 5, 50, 52, -3, -6, 0]
[-1, -2, 10, -7, 37, 4, 1, 2]
[-3, -4, -7, 28, -33, -5, -4, -3]
[-5, 6, -9, 5, 108, 6, -1, -3]
[-9, 3, 1, -16, -71, 8, 4, 0]
[6, -14, -2, 1, 31, 3, 2, -2]
[-6, -12, -5, -17, 100, 7, 8, -1]
[5, 2, 7, -11, -13, 16, 1, 3]
[-1, -11, -7, -12, -43, -19, -3, 2]
[0, -4, 6, 22, -2, -3, 3, 2]
[1, 6, -4, -4, -35, -25, 2, 3]
[-3, 2, -1, 12, 15, -13, 0, -4]
[-2, -2, -24, -22, 32, 12, 3, 1]
[0, 7, 9, 7, 1, -3, -4, -2]
[4, 11, 13, -44, -103, -15, -5, -2]
[-1, -4, 0, 28, -60, -6, 1, -1]
[6, 2, 6, 11, 14, 17, 4, -4]
[-7, -6, -8, 28, 14, -2, 2, 0]
[-5, -4, -3, -7, 45, 6, 0, 3]
[-7, 0, -7, 3, -2, 1, -4, -3]
[1, 7, 3, -2, -31, 2, -3, 0]
[0, 4, -1, 12, -15, 9, -1, 0]
[1, -8, -12, -52, -69, -14, -4, -2]
[-13, -6, -1, 29, 4, -3, -1, -5]
[11, 12, 5, -3, 14, 1, 0, 3]
[-6, -11, -4, -13, -4, 0, -1, -1]
[8, 6, -1, 17, 12, 4, 3, 1]
[6, -4, -3, -31, 4, -8, -2, -2]
[-5, 0, 3, 12, 39, -3, 0, -4]
[3, -2, 4, 0, -10, 5, 1, 1]
[-1, -6, -2, 1, -14, -2, 0, -3]
[-2, -2, 1, -16, -70, -13, -4, -1]
[0, -5, -3, -4, 9, -7, -4, -1]
[-2, -3, -3, 3, -2, -1, -3, -1]
[-3, 3, 15, 9, -9, 1, 0, 0]
[0, -3, -2, -6, 12, 2, 3, 1]
[-2, 2, 4, 26, 45, 12, 3, 2]
[-4, 0, -14, -31, -34, -2, 0, -3]
[-1, 0, 11, 32, 13, 0, -5, -1]
[1, 0, 8, 25, 44, 1, 0, -3]
[-6, -7, -8, -17, -40, -4, -4, 0]
[-1, -4, -3, 2, 19, -3, -1, 1]
[6, 6, 2, -7, 24, 8, -1, 3]
[2, 6, -5, -18, -57, -11, -3, -4]
[7, 3, 9, 3, -2, 1, 0, -3]
[-8, 8, 7, 11, 5, 1, 1, -1]
[2, 1, -9, 0, 18, -3, 5, 3]
[-7, -14, -9, 6, 50, 2, -1, -3]
[-1, 3, 2, -8, -17, 3, 2, -1]
[10, -2, -1, -6, 20, -1, -12, -3]
[-1, -6, -2, 6, -22, -1, -4, 0]
[4, 11, 5, -16, -11, -4, -2, 3]
[-5, -7, -8, -35, -35, -4, -1, -2]
[-1, -4, 2, 41, 37, 10, 6, 1]
[-4, -1, -2, 2, -40, -6, -1, -3]
[-1, -4, -10, -14, -38, -4, -2, 0]
[-4, 3, 19, 10, 12, -1, -2, 0]
[1, 5, -8, -29, -6, 1, 2, 4]
[1, -2, 0, -2, 7, 5, 2, -2]
[-3, -3, -4, 18, 49, 3, 2, -3]
[2, -5, -5, 7, -11, 0, -1, -4]
[-1, -5, 3, -1, -3, -3, 0, -3]
[-3, -2, -2, -2, -5, -3, -2, 1]
[-1, 1, -1, -15, -11, -5, -3, 0]
[-1, -1, -6, 1, 11, 0, 1, 0]
[3, -1, -1, -2, -7, 2, 0, 0]
[-2, 7, 2, 0, 15, 0, 0, 1]
[-8, -1, -4, -7, -28, -8, -3, -2]
[3, -9, -1, 3, 7, 2, -2, 1]
[-4, 2, -1, -25, 18, -1, 3, 2]
[13, 8, 4, 38, 6, 4, 1, 1]
[2, 13, 9, -4, -3, -2, -3, 1]
[-5, -5, 1, -11, -10, -3, -4, -3]
[-1, -3, 1, -6, -4, 6, 2, -2]
[-9, -8, -5, -4, 38, 5, 0, -1]
[-11, -17, -5, 9, -23, 0, 2, -1]
[10, 19, 1, -24, 7, -6, 0, 2]
[3, 0, -3, 21, -8, 1, 0, 1]
[0, 0, -17, -16, 4, -4, -1, 0]
[4, 4, 32, 25, 9, 2, 2, 0]
[-8, -6, -6, 11, 12, 1, -5, -3]
[-3, 2, -1, -10, -32, -7, -5, 0]
[0, -3, -4, -7, -1, 2, 0, -3]
[6, -2, -10, 28, 60, 2, -2, 1]
[1, -2, 5, 1, -22, 2, 0, 0]
[2, -3, -6, -7, 11, -7, -3, -3]
[-3, 0, -2, -23, -17, -3, -1, -1]
[2, 6, 3, -15, -45, -1, 1, -1]
[-6, -7, -4, -2, -47, -11, -4, -2]
[-3, -3, 3, 21, 21, 10, 3, 3]
[1, -2, 4, -13, -11, -2, -3, -1]
[-2, -1, -6, -21, 18, -3, -1, -3]
[-3, -5, -9, -1, 16, 6, 3, -1]
[9, -2, -3, 9, 20, -3, -3, -2]
[-2, 7, -5, 8, -21, 0, 2, -1]
[9, 8, 1, -2, 7, 2, 2, 1]
[-3, 5, 4, -17, -6, -4, -5, 1]
[-1, -2, 3, 11, -23, -1, -3, 0]
[-1, -3, 4, 6, 11, -1, -1, 0]
[1, -8, -8, 8, -5, -5, -3, 0]
[-2, -1, -6, 0, 0, 3, 0, 1]
[-4, 2, 1, -10, 3, -1, 1, 1]
[-3, -5, -1, 3, -16, 0, -2, -1]
[-5, -3, 2, -19, -16, -7, -4, -2]
[3, -3, 2, 19, 30, 0, 0, 1]
[3, 1, 1, -3, -4, 4, 2, 2]
[-1, -2, 1, 2, 15, 3, 4, 0]
[-2, 1, -6, -20, 5, -4, 0, -2]
[-1, 1, -8, 5, -15, -9, -2, -4]
[1, -2, 3, 2, -1, 0, -1, -1]
[-2, -7, 0, 16, 21, 0, -2, -2]
[-4, 3, 3, 17, 24, 8, 1, -1]
[-2, -3, -6, -13, -23, 0, -2, -1]
[4, 6, 10, 27, -3, 0, 0, 2]
[-4, 2, 0, -19, -7, -4, -3, -1]
[-3, 2, -6, -17, -13, -6, -2, 1]
[-5, -7, -2, -4, -1, 2, 0, 0]
[-6, -10, -5, -1, 21, 7, 1, -1]
[15, 6, 8, -18, 22, 5, 0, -1]
[7, 5, -2, 7, -32, -4, 0, -1]
[-3, 6, 6, 23, 39, 2, -1, 0]
[-4, -6, -4, -35, -63, -7, 2, -2]
[-8, -7, -6, 2, -25, -6, -2, -2]
[-2, -2, -7, -16, -4, -1, -2, -1]
[2, -2, 2, 19, 31, 3, 3, -2]
[0, -5, 0, 13, 15, 7, 0, 0]
[3, 0, -5, 1, 33, 1, 2, 1]
[-3, -1, 4, -1, -49, -5, -3, -1]
[4, 3, -2, -1, -13, -2, 0, -1]
[3, 2, -2, 2, 4, 0, 0, 2]
[0, -1, -2, -2, -13, 1, -1, 0]
[-6, -6, 4, 18, 20, 1, 0, 0]
[-4, -1, 1, -11, 1, -5, -4, -1]
[-1, 8, 6, 13, 0, 0, 0, 2]
[1, 2, 1, 16, 5, 3, -1, -2]
[-2, 2, 2, 18, 59, 8, -1, -7]
[-2, -6, 1, -16, -24, -4, -1, -4]
[-1, -7, -4, -11, -9, 0, -1, -1]
[-8, -1, -2, -15, -48, -7, -3, 2]
[9, -1, -9, -15, -34, -14, -4, -2]
[1, -3, -9, -15, -26, -1, 2, 2]
[4, 1, 4, 24, 40, 0, -1, 3]
[0, -1, 5, 3, 9, 1, -1, 0]
[-4, -5, -2, -6, 4, -5, -1, 0]
[1, 0, 0, -2, 2, 1, 1, 1]
[-6, -1, -10, -13, -16, 0, 0, -3]
[2, -5, 0, 6, 15, 2, 2, -3]
[3, 5, 5, -8, 10, 4, -1, 0]
[-4, 0, -3, -7, -16, -1, -3, 0]
[-1, 6, 0, -4, 5, 1, 0, 2]
[-5, 1, -2, -1, -3, 0, -2, -1]
[-7, -3, -3, -3, 16, 1, 2, -2]
[9, 15, 15, 25, 11, 3, 4, 0]
[1, -1, -6, -13, -5, -4, -2, -2]
[4, 8, 2, -2, -2, 0, 0, 3]
[-8, -7, -6, -9, -7, -1, -2, 2]
[-5, -11, -2, 0, 10, -3, -5, -1]
[7, -1, -3, -27, -9, 3, 4, 0]
[-2, -5, -1, 33, 36, -7, -4, -3]
[0, -4, -2, -3, -27, -4, 1, -1]
[3, 0, -6, 7, 2, 3, -3, -1]
[0, 2, 3, -1, -3, -3, 2, -1]
[-3, -7, -1, -19, -4, 4, 1, -2]
[5, 5, 5, 13, 14, 1, 3, 1]
[-2, 1, 2, -4, 4, -1, -2, 0]
[1, -2, -4, -1, -4, 0, -1, -1]
[-10, -4, 0, 6, 30, 1, 4, -1]
[7, 6, -4, -11, -50, -8, -4, 0]
[-2, -7, -1, -1, -7, -1, -1, -1]
[5, 2, 1, -3, -5, 3, 0, 0]
[1, 5, 1, 17, 24, 2, 2, 0]
[0, -1, -3, -12, 6, 5, -6, -4]
[-2, -4, -12, 6, -15, -4, -6, -2]
[-5, -3, 1, 8, 15, 3, -3, -2]
[0, -1, 1, -22, -53, -2, 0, 0]
[-4, -6, 3, 3, 26, 0, 7, 1]
[1, 5, 6, -6, 1, -1, 3, 0]
[0, 1, 5, 21, 30, 2, 3, 3]
[6, -4, -5, -6, -18, 2, -4, 2]
[-8, -3, -7, -20, -6, -4, -6, -4]
[-2, -2, 0, -6, -15, -3, -1, 2]
[0, 0, 0, 9, -1, -1, -3, 3]
[4, 4, -2, -11, 1, 0, -2, 0]
[1, -4, -6, 12, 0, -2, -2, -2]
[1, 0, -1, 8, 32, 2, 6, -3]
[-1, 3, 0, -21, -59, -6, 3, -1]
[-6, -6, -3, -2, 3, -4, 1, 2]
[-2, -3, 2, 4, 1, -4, -1, -1]
[-2, -3, 3, -1, 2, 1, -1, -1]
[6, 1, -2, 1, 17, 3, -3, -2]
[-6, -4, -3, -6, -25, 0, -2, -1]
[8, 12, 5, 6, 15, 0, 0, 2]
[-6, 2, -4, -4, -11, -3, -2, -3]
[-2, -5, 0, 1, 14, 6, 3, -2]
[2, 1, -4, 0, -5, -1, 1, -1]
[2, -7, -5, -11, 1, -1, -9, -1]
[3, 1, 2, 6, 5, 0, 4, 1]
[-3, -4, -1, -3, -2, 0, -5, 0]
[-4, 2, 2, 0, 0, -1, -10, 0]
[-2, 0, 1, 10, 3, 3, 6, 1]
[-2, -3, 2, 8, -2, 0, 0, -1]
[5, -4, -3, -3, -3, -4, -1, -5]
[-8, 1, 2, 10, 1, -1, 1, 3]
[-3, -1, -2, -4, -6, -4, -12, -13]
[-1, -2, -9, -6, 13, 5, 5, 4]
[1, 2, 0, 8, 34, 6, -2, 1]
[2, 4, 4, -13, -59, -17, -7, -5]
[-4, 0, 1, -3, 11, 0, 5, 4]
[-4, -3, -3, -11, -26, -7, -4, -2]
[-2, -1, 1, 1, 3, -1, -2, -7]
[15, 2, -2, -2, 17, 11, 11, 14]
[-11, 3, 8, 6, 1, -3, 5, 0]
[-2, 0, 6, 4, 13, 1, -5, -1]
[-6, 3, -5, -3, -11, -1, 5, 3]
[4, -3, -4, 2, 14, 3, -13, -6]
[-2, 6, -4, 2, -17, -2, 17, 3]
[1, -2, 0, -4, 1, -2, -8, -5]
[3, 3, 1, 0, -10, -4, 1, 1]
[2, -1, 1, -1, 0, 1, -1, -5]
[-3, -5, -7, -11, 5, 2, 13, 3]
[3, -1, 1, 7, -12, -2, -7, -5]
[-6, -4, -2, -12, -12, -2, 3, 6]
[1, -1, 1, 11, 22, 5, -1, -2]
[-1, -3, -1, -6, -7, -7, -1, -1]
[1, 6, 8, 1, 10, 4, 8, 2]
[4, -6, 0, 14, 67, 4, -4, -3]
[-5, -6, -9, -32, -97, -22, -1, -5]
[-2, -8, -3, 4, -7, -2, -7, 2]
[-3, -1, -2, -7, -6, -7, -12, 2]
[-1, -1, 3, 5, -6, 4, 2, 1]
[6, 10, 4, 8, 47, 7, 4, -1]
[-2, -7, -3, 4, -36, -6, -5, -4]
[3, -1, -4, -11, -6, 0, 3, 0]
[2, 1, 0, -1, 1, -4, -22, 2]
[-3, 7, -2, 3, 20, -3, 8, -1]
[1, 5, 4, 5, 4, 8, -1, -5]
[-3, -7, -10, -3, 2, -6, 20, 9]
[1, 4, -2, -3, -19, 1, -37, -15]
[-2, -8, -5, -1, 1, 0, -23, -9]
[-2, 4, 4, 1, 15, -1, -13, -5]
[8, -6, 3, 12, 4, 8, 9, 7]
[-2, -1, 1, -10, -23, -4, 2, -12]
[-1, -3, -2, 3, 13, -1, 21, 37]
[3, -4, 3, 2, 7, 2, -1, -4]
[-3, 0, 0, -3, 10, 4, 0, 8]
[-4, -14, -7, -1, 0, 1, 14, 7]
[2, 3, -2, -3, 3, -3, -16, -31]
[5, 9, 7, 5, -2, 3, 40, 40]
[-1, 3, 0, 3, -6, -3, -18, -2]
[-2, 4, -1, -2, 6, -4, 5, -25]
[1, -7, 0, -3, -14, 8, -20, 18]
[3, -4, -3, 0, 8, -2, -8, -13]
[0, 5, 2, 0, 2, 1, 1, -15]
[-1, 4, -1, 5, 6, 1, 10, 20]
[-2, 0, 4, 5, 19, 6, 17, -7]
[0, -3, -3, -1, -13, -14, -34, -12]
[1, 0, -4, 4, 7, 10, 26, 8]
[0, 4, 3, 4, 0, -5, -12, -7]
[7, -1, -1, 3, -1, 6, -6, 21]
[-11, -4, -3, 1, 9, -1, 35, -33]
[-4, 7, 1, -2, -10, -10, -17, 35]
[-8, 6, 4, -7, -23, -6, 3, -74]
[-7, -8, -2, -5, 4, 6, 3, 3]
[0, -2, 3, -6, 7, -1, -33, -3]
[-6, -5, -2, 0, -3, -7, 38, -3]
[2, 3, -4, -5, -40, 1, 5, 39]
[-15, -9, -6, 6, 26, -3, -22, -16]
[3, 2, -5, 0, -19, -1, 13, 33]
[1, 4, 5, 5, 0, -14, -25, -40]
[9, -8, -2, -12, 3, 0, 10, 102]
[-8, -9, 3, -8, -8, -5, -33, -102]
[-12, -6, -5, 5, 6, -3, -30, -26]
[1, -13, 0, -5, -10, -1, -39, 12]
[4, 6, -4, 6, 9, -3, 46, 3]
[8, 7, 2, -4, 2, 5, 61, 36]
[-10, -5, -5, -10, -7, 5, 17, 23]
[5, -14, 4, -1, -6, -6, -16, -4]
[14, 15, 8, 4, 10, 4, 3, -29]
[11, -1, -5, -1, 3, 1, -37, 8]
[4, 13, -3, 7, -1, -11, 4, 4]
[-8, -11, -11, -8, 19, 7, -14, 17]
[-8, -19, -3, 1, -32, 10, -7, 31]
[-3, 13, 7, 6, -1, -6, 7, -23]
[-2, -6, -2, 2, -19, -3, -30, -71]
[3, 6, 0, 10, -8, 4, 51, 1]
[6, 5, -2, 5, 53, 7, 28, 22]
[11, 15, 11, 6, -21, 0, -10, 35]
[-17, 11, -5, -12, -15, -2, 6, -40]
[-34, -49, -16, -5, 1, -19, -33, -7]
[-14, 9, 14, 8, 16, 3, 16, -2]
[10, -10, -2, 2, 22, 11, -15, 8]
[20, -30, -6, 1, 9, -2, 58, 103]
[19, 55, 11, 2, -15, 3, -27, -74]
[-2, -8, -10, -18, -10, -9, -21, -53]
[-38, 4, -2, -7, -19, -5, 17, -13]
[-7, -41, -9, -8, 32, -4, -41, 54]
[33, 10, 4, 0, -9, 8, 22, -39]
[10, 24, 8, 10, 20, -4, -47, -4]
[1, 11, 0, 5, 12, 2, 27, -21]
[-5, -4, -16, -19, -5, -16, 6, 3]
[-16, 5, -3, 9, 9, 0, 11, 64]
[13, 8, 0, -1, -2, 16, 19, 50]
[-22, -35, -21, -20, -7, -22, 9, 32]
[11, 7, 16, 8, 1, 3, 49, 10]
[9, 43, 1, -15, -11, -13, -51, -5]
[-5, -32, -16, -11, -21, -1, 17, 5]
[5, -2, 12, 23, 40, 17, -10, 18]
[2, 15, 4, 5, 17, 12, 46, 57]
[-49, -14, -7, -27, -73, -17, -2, -81]
