[20, -32, -3, 11, 26, -3, -82, -31]
[27, 28, 18, 10, -15, 0, -25, -1]
[-20, 5, 3, -1, 4, -9, -25, -28]
[8, 1, -5, -7, -28, -6, 62, 53]
[-18, 17, 1, 4, 0, -1, -5, -19]
[-6, -19, -17, -4, 5, 0, 1, -13]
[-3, 3, -3, 2, 7, -15, -41, -87]
[-2, -23, 2, 7, 3, 7, 7, 100]
[16, 25, 5, 5, 0, 9, 7, -65]
[27, 13, 0, 5, 8, 8, 28, 68]
[6, -36, -3, -11, -32, -9, 18, -52]
[-18, -27, -1, -3, 23, 4, 53, 23]
[22, 4, 14, 1, -2, 3, -7, 43]
[-25, -11, 4, 4, 7, -7, -48, -42]
[-9, 7, -6, -17, -48, -3, -34, -21]
[27, 18, 16, 9, 19, 0, -44, 10]
[-45, -10, -12, 0, 6, 15, 9, -65]
[-3, 6, -18, -6, -1, 3, 73, 54]
[23, -2, 35, 21, 44, 6, -46, 51]
[-20, -9, -4, 3, -6, 0, 105, -88]
[7, -26, -5, -18, -37, -22, -51, 127]
[1, -1, -18, -5, -26, 6, -17, -76]
[-2, -38, -38, 8, 34, 6, -35, -68]
[18, 102, 42, 14, 56, 25, -2, 88]
[8, 28, 39, -9, -36, -12, 83, 22]
[8, -3, 2, 3, 28, 14, -11, 38]
[24, 28, 3, 8, 20, -12, 64, 126]
[-16, -57, -31, -13, -29, 1, -90, -14]
[-15, -16, -15, 0, 7, 6, 46, 22]
[1, 13, 1, -13, -49, -15, 48, 90]
[36, 50, 30, 13, -4, 17, 12, 74]
[14, -7, -31, -6, 13, -14, -73, -76]
[-18, 15, 13, 17, 42, 14, 42, -101]
[-2, 13, 4, 5, 5, -4, -94, -107]
[-6, -11, -19, 4, 23, 11, -18, 66]
[0, 22, 15, 1, 1, 19, 57, -12]
[-16, 0, -20, -7, -22, -25, -128, -98]
[-15, 20, 32, 11, 27, -11, 10, 4]
[31, 13, -22, -21, -25, -5, 38, 55]
[-13, -14, 20, 16, -6, 3, -9, 28]
[25, -58, -17, -6, 13, 14, 127, -6]
[-21, 18, 23, 7, 57, 2, -62, -98]
[-13, 19, 30, 7, -37, -19, -81, -70]
[-23, -42, -17, -13, 38, 0, 51, 57]
[37, 20, -2, -5, -72, 9, 41, 99]
[-57, -77, -45, -15, -13, -38, -67, -91]
[-54, 31, 20, 5, -35, 13, 3, -108]
[62, 11, -18, -2, 13, -3, -25, 20]
[32, 54, 9, 8, 24, -5, 46, 66]
[28, 36, 33, 9, 7, 20, 52, 127]
[-35, -30, -52, -3, -23, 1, -32, -115]
[-15, 10, 47, 8, 4, -1, -14, 5]
[4, -49, -33, -13, -37, -3, -43, 42]
[26, -14, -29, -10, -17, 10, 113, 47]
[-52, -11, 18, -8, 23, -7, -44, -77]
[21, 27, 57, 31, 13, 4, -72, -11]
[7, 56, -1, -5, 20, 20, 75, -102]
[-38, -30, -4, -6, -25, -10, -41, -116]
[10, -73, -39, -16, -37, -28, -46, 127]
[-8, -49, -16, -12, -1, 1, 50, -46]
[-6, -9, 19, 21, 27, -13, -105, 81]
[-8, 3, -23, -13, -10, 5, 0, -77]
[13, -2, 1, -2, 27, 14, 8, -43]
[17, -33, 2, 5, 22, -3, 25, 12]
[-7, -23, -7, 6, 37, 0, -37, 2]
[-2, -1, 7, -13, -50, -5, 35, -21]
[19, 28, 51, 24, 37, 6, 13, 18]
[50, 38, -12, 2, -12, -7, 53, 51]
[-26, -41, -27, 3, 13, 15, 8, -21]
[-28, -45, -7, -7, -1, 6, 28, 92]
[-9, 46, 31, 0, -27, -12, -38, -86]
[-26, -13, -48, -21, 8, -10, -35, -74]
[-15, 9, -4, 5, 29, -16, 11, 7]
[16, 17, 8, 4, -1, -1, 9, 51]
[1, 2, -8, -15, -24, 3, 18, -12]
[9, 17, -13, -2, -54, -14, -33, -46]
[17, 14, -1, 1, 9, 4, 46, 90]
[-26, -12, 2, -2, 12, -5, 34, -26]
[-1, 1, -7, -1, 23, 13, 45, 32]
[17, 26, -5, -1, -2, 8, 25, 86]
[-43, -11, 27, 2, -12, -8, -35, -17]
[29, -1, -9, -3, 6, -17, -113, -92]
[5, 47, 51, -6, -27, 4, 42, -5]
[-30, -15, -20, 9, 50, 15, 2, 14]
[-5, -3, -9, -14, -45, -10, -33, 2]
[-7, -12, -41, 2, 11, 6, 48, 62]
[8, -34, -3, -6, -28, -16, -26, -1]
[11, 19, 11, -7, 1, 19, 51, -8]
[-11, 3, 6, 13, 23, 4, 47, 39]
[20, 26, 7, -3, -32, -15, 40, -44]
[3, -17, -36, -10, 12, -13, -63, 29]
[-13, 3, 12, 1, 1, 5, -21, -61]
[-3, -27, -9, -10, 11, 10, -17, -27]
[42, 14, -29, 4, 10, 4, 24, 91]
[12, 29, 57, 10, 12, 8, 17, 21]
[-20, -15, 0, -3, -17, -5, -4, 4]
[-9, -14, -8, -2, -3, -2, -12, -46]
[13, 10, 27, 5, -6, -7, -21, 33]
[2, -1, -35, -12, 13, 11, 127, -19]
[-13, -11, 1, 8, 2, -4, -65, -29]
[2, 27, -2, -9, 15, -1, 20, 16]
[-9, -9, 16, 3, -25, 0, 15, -2]
[9, -14, -17, 7, 28, 2, 30, 77]
[-22, 3, 10, -9, -8, 7, 26, -3]
[14, 6, 1, -6, -1, -9, -29, -14]
[10, -1, 1, -7, -34, -1, -2, -39]
[-6, -9, -10, -1, 8, 1, -24, -17]
[-5, -7, -23, 8, -5, -8, 40, 24]
[0, 25, 30, -1, 9, 8, 5, -15]
[0, 1, -16, -3, 17, 2, -18, 2]
[-25, -24, -2, -4, -16, 0, -1, -16]
[7, -9, -6, -6, -17, -4, -8, 1]
[9, 0, -16, -2, -31, -4, 2, -16]
[-1, -12, 23, 3, 6, 2, 4, 2]
[2, 36, 21, 6, 0, 0, 2, 4]
[7, -11, -23, -3, 31, 5, 6, 23]
[-2, 18, 32, 11, 15, -4, -4, -15]
[-9, -6, 2, 2, 0, -2, -12, 11]
[1, -15, -25, -6, 10, 3, -2, 5]
[0, -7, 5, -19, -41, -8, -7, -3]
[-12, -11, -14, -3, -9, 4, -1, -22]
[7, 7, -19, 18, 27, -3, 4, 3]
[-17, 12, -10, -4, -4, -5, 6, -2]
[4, -2, 26, 2, -10, -7, 2, 0]
[6, -33, -16, -5, -18, 3, -5, -6]
[11, 28, 13, -2, 5, -1, 3, 8]
[17, -35, -1, 11, 21, -5, 1, -3]
[-4, 20, -10, -14, -35, -6, -11, 3]
[-6, 33, -15, -1, -12, -8, -4, -3]
[1, -38, 18, -8, 10, -23, -7, 3]
[8, 3, 6, 3, 19, -39, -4, -4]
[2, 14, 3, 6, 20, -5, -4, -3]
[6, 9, -1, 6, -8, 7, -6, -8]
[-10, 44, 16, 4, -13, 22, -1, -4]
[-2, -5, -15, 4, -16, 7, -1, 0]
[-2, 25, -6, -11, -4, 8, -2, 4]
[-5, 37, -10, -8, 12, 20, -5, -1]
[0, -3, -6, 18, -11, 3, -7, 6]
[4, -83, 10, 18, 8, 6, 0, 3]
[4, -74, 2, -3, 5, 5, 1, 3]
[-4, -98, 0, 3, 25, 5, -2, -8]
[-4, -102, -15, -27, 9, -5, -1, -6]
[-2, 28, -1, -8, -11, 0, -3, 1]
[-1, 79, 11, 40, 22, 20, 3, 0]
[-5, 67, -12, -20, -39, 12, 1, -4]
[-1, 64, 20, 6, -8, 4, 0, 3]
[0, 42, -5, -1, -6, 2, 0, 2]
[3, 6, -2, 17, 53, 12, 0, 4]
[4, -9, 12, 3, -12, 13, -2, 4]
[-11, 16, -18, -2, 18, -11, -8, -6]
[12, 9, -1, -16, -39, -8, -1, -1]
[-1, -29, 3, 1, 28, 1, 3, -2]
[2, -23, 1, -20, -13, 6, 1, -3]
[-2, -14, 7, 24, 57, 12, 4, 0]
[-5, -12, -5, 13, -7, -1, -3, 0]
[-1, -21, -12, -13, -45, -25, -6, 0]
[4, -6, 3, 10, 25, -4, 0, 1]
[1, -2, 1, -40, -23, -3, -3, -2]
[-1, 4, 2, -23, -56, -4, 1, 3]
[-4, -13, -9, -1, 90, 6, -2, -5]
[-2, -5, 9, 65, 5, -9, -1, -3]
[-5, 9, 12, -13, -65, -13, 0, 0]
[4, 6, 12, 26, 16, 20, 4, 0]
[-3, -3, -8, -30, -26, -6, 0, 0]
[1, -1, -2, -31, -20, 43, -1, -3]
[4, 0, -8, 3, 21, -14, 2, 2]
[-8, 4, -11, -27, -61, 21, -2, -4]
[4, -6, 7, 6, 4, -14, 1, 1]
[3, 0, 6, -9, 35, -27, -4, -2]
[5, 1, -17, 74, 63, 9, -2, -1]
[3, 12, 9, -22, -17, -4, -4, 0]
[0, 7, 4, 28, 82, 13, 1, 3]
[-4, 4, 12, -4, 76, -33, -1, -1]
[-6, -9, -10, -61, -31, 10, -5, -6]
[-10, -7, -10, 29, 84, 0, 5, 2]
[4, 1, 6, 5, -29, -14, 0, -2]
[2, 7, 4, 13, -14, -25, 5, 1]
[4, 4, -1, -31, -14, -23, 3, 0]
[-5, -9, -4, 21, 7, 2, 1, -2]
[5, 9, 5, -1, -6, 8, 0, 2]
[-6, -7, -10, 0, -4, -16, -7, -3]
[-4, 4, 6, -4, -44, 0, 0, 1]
[2, -2, -6, -44, 20, 4, 0, -1]
[-7, -17, -3, 31, -6, -6, -2, 1]
[14, 9, 2, -26, -41, -5, 0, 3]
[0, 5, 6, 40, 85, 11, -1, -3]
[3, -8, -11, -4, -10, -5, 3, -1]
[1, 4, 4, -12, -44, 0, 3, 1]
[-4, -4, -2, -1, 17, 4, -3, -3]
[-6, 1, 9, 24, -4, -5, -3, -2]
[-4, 0, -3, -6, 2, -5, -2, 1]
[6, 5, -6, -15, -37, 1, 1, 0]
[-1, 9, 14, 12, 20, 8, 3, 3]
[-1, 4, -15, -25, -38, -3, -1, -1]
[-2, -4, 0, 16, -18, 1, 1, -2]
[-2, -5, 1, -2, -18, 1, -1, 0]
[-2, -4, -13, -38, -91, -5, -2, -3]
[-11, -9, 4, 24, 13, -1, 0, 0]
[6, 4, 2, 19, 17, 7, 1, -1]
[-5, -4, -3, 5, -26, 9, -2, -1]
[2, 3, 6, 22, 25, -5, -2, -1]
[4, 2, 2, -15, 31, 1, 1, -3]
[0, -2, -2, 0, -3, 1, 0, -2]
[-4, -3, -3, 1, -1, -2, 3, -1]
[-5, -7, -6, -7, -12, -17, -2, 1]
[0, -4, -4, -11, -29, 2, -2, 0]
[4, 4, 0, 0, 27, 4, -2, -1]
[2, 0, 1, -52, -43, -2, -5, -4]
[-4, -2, 6, 47, -30, 6, 1, 2]
[-1, 0, -11, -29, -69, -1, 0, 2]
[-1, 0, 1, 11, 19, -4, 3, 0]
[-2, -1, 1, 0, 0, 2, 2, 0]
[0, -8, -8, -14, -9, 2, 4, -4]
[-4, -4, 6, 2, 23, -7, -5, -3]
[6, 10, -6, -13, -7, -1, -5, 2]
[-3, -7, 2, -1, 9, -3, -1, 0]
[3, 5, -1, 3, -2, 7, 2, 0]
[-4, -4, -5, 4, -3, -6, 1, 0]
[-6, -5, 4, -4, 9, -1, 0, 0]
[5, 8, -2, -2, 15, 3, -2, 4]
[2, -2, -3, 3, 12, 0, -2, -4]
[-1, -4, -3, -7, -34, -6, -4, -5]
[-5, -2, 3, 10, 21, -3, -1, -2]
[7, 7, 3, 12, 37, 7, 4, 2]
[-2, -1, 6, -28, 12, 2, 4, 1]
[-6, -7, 3, 24, 17, 5, 1, 3]
[3, -4, -23, -7, 23, -3, -4, 0]
[-1, -1, 8, 1, -68, -6, -3, -4]
[1, 2, -2, -4, 13, -2, -1, -2]
[7, -2, 3, 9, 3, -2, 2, 0]
[-10, 3, 3, 0, 15, 0, -1, 0]
[-3, -13, -12, 9, 10, 0, -3, 0]
[-1, 0, 5, -3, -11, -5, -5, -2]
[2, 6, 4, -6, -10, -1, -3, -2]
[2, 1, 1, 0, 18, 2, 2, 0]
[-1, 2, -2, -18, -7, 0, 0, -3]
[-4, -11, -6, -20, -43, -6, -1, -1]
[1, 4, -3, 21, 46, 6, 5, 0]
[-1, 4, 1, -13, -50, -6, 1, -2]
[-4, -5, -5, -8, -3, 1, 1, 0]
[-4, 4, 9, 54, 96, 7, -3, -1]
[-3, -3, -5, -30, -96, -11, -3, -3]
[-2, 1, -3, 4, -53, -6, -2, -1]
[5, 5, 6, -14, -20, -1, 0, 2]
[5, -3, -4, 0, 10, 4, 0, 0]
[1, 1, -3, -13, 27, -1, -3, -3]
[-8, -7, 7, -10, -30, -1, 3, -3]
[0, -5, -2, 30, 64, 5, 4, 2]
[-4, -16, -5, 4, -10, 1, 0, 1]
[1, 14, -3, 8, -5, -2, -2, 0]
[4, 5, -7, -12, -14, -1, -3, 0]
[-1, 6, 19, -7, 15, 2, 0, 1]
[-1, -2, -1, 16, 18, 0, 1, -1]
[0, -6, -1, -19, 23, -3, 2, 2]
[-6, -8, -11, 16, -44, 0, 0, -4]
[4, -4, -8, 2, 17, -2, -4, -4]
[7, 12, 1, 4, 2, 5, -2, -2]
[-5, -2, -4, -17, -11, -8, -4, -2]
[2, 7, 10, 5, 48, 8, -1, 1]
[-4, -7, -1, -3, -31, -3, 0, 1]
[-1, -8, -3, -28, -16, -6, 0, 1]
[-1, 0, -3, 22, 6, 1, -2, -2]
[1, -9, 0, 12, 19, 1, -2, -1]
[4, 2, 0, 2, 14, 5, 2, 2]
[-3, 1, -8, -15, -37, -2, -1, -2]
[-5, -6, -1, -8, -10, 0, -1, 0]
[-2, 0, 6, -16, -6, -4, -3, -2]
[-1, 3, -2, 28, 9, 0, 1, -2]
[-2, 7, 3, -12, -32, -4, 1, 1]
[-2, -4, -2, -6, -13, -3, -1, 0]
[-2, -9, -4, 0, 16, -1, -3, -2]
[5, 1, -1, 5, 3, -2, -1, 0]
[-9, -2, -1, 12, 42, 2, -1, -3]
[2, -4, 1, -8, -27, -5, -2, -1]
[2, 2, -3, -10, 20, 5, 1, -1]
[0, 4, 1, -3, -26, -2, 1, 4]
[2, -2, 1, 24, 28, 2, 1, 1]
[-2, -2, -4, -27, -26, -6, 0, -1]
[2, -2, -1, 12, 50, 2, -1, 1]
[-11, -6, -3, -18, -44, -7, -5, -7]
[7, 10, 1, 11, -12, 1, -1, -1]
[0, 3, 6, 6, 15, 1, 0, -3]
[2, 0, -6, -13, -4, -3, 1, -1]
[-3, -2, -4, 6, 0, -2, 1, 1]
[2, -5, 0, -4, 3, 1, -2, 2]
[1, -3, -3, -8, -25, -3, -6, -1]
[-2, 13, 2, -9, -17, -1, -2, -1]
[0, -3, -2, 2, 32, 4, -1, -2]
[0, -3, 4, -4, -22, -3, -1, -1]
[-1, -7, -1, 18, 26, 5, 3, -2]
[-4, -7, -3, 0, -21, -8, -1, -2]
[7, 7, 1, -2, 27, 5, 0, 0]
[-5, -4, -8, -35, -22, -7, -1, -1]
[2, 4, 2, 10, -10, -3, -3, 1]
[-2, -2, -1, 3, -4, 0, -3, -1]
[0, -2, -6, -20, -69, -5, -1, 0]
[-2, 0, 5, 13, 54, 0, -1, -4]
[0, -5, 0, -2, -38, -3, 0, -4]
[3, 7, 3, 5, 24, 1, 1, 1]
[0, -1, -8, 11, 29, 3, 5, 0]
[-3, 0, -5, -25, -11, -2, 2, 0]
[-6, -2, 2, 4, 18, 1, 2, 1]
[4, -4, 6, 11, 18, 1, 1, -2]
[7, 4, 5, 11, -2, 6, 1, 4]
[2, 1, -7, -1, -6, -3, -3, 0]
[-1, 6, 4, 8, 18, -1, -5, 1]
[-5, -6, -14, 1, -20, -6, -5, -1]
[-3, 1, 24, -1, 20, 2, -2, 0]
[0, 1, -3, 3, 12, 2, 1, -1]
[2, -1, -1, -14, -23, -7, -3, -2]
[-1, -3, -10, -20, -22, -3, 0, 0]
[-3, -2, -1, 33, 35, 6, 1, -1]
[-2, 0, -1, 5, 10, 2, 2, 0]
[-9, -3, -3, 5, 0, -1, -2, -5]
[4, -2, 0, -14, -15, -4, -1, -1]
[0, 1, -3, -8, -5, 3, 0, 1]
[-1, -8, 3, 11, -4, -2, -2, 3]
[-1, 5, -2, -11, 10, 3, 1, 0]
[-13, -10, 4, 5, 10, 2, 2, -4]
[10, 12, -3, -6, -12, -1, 3, 2]
[3, -9, -1, 11, 8, 1, -2, -2]
[10, 14, 4, 5, -7, 2, -2, 0]
[-2, -6, 4, 10, 3, -7, -4, -4]
[-2, -6, -9, -6, 8, -4, -1, -1]
[-6, -6, 1, -8, -30, -4, -3, 0]
[-1, -7, -7, -9, 9, 0, -1, 1]
[-1, 7, 4, 9, -13, 1, 3, 2]
[-1, 1, -1, -7, 9, 0, 2, 0]
[0, 8, -1, -3, -8, -2, 0, 5]
[-5, -10, -8, -3, -1, -4, -5, 0]
[4, 6, 2, 1, 19, 4, 4, 0]
[-4, -4, -1, 8, -2, -2, 0, -3]
[-3, -1, -2, -10, -9, 4, 1, -5]
[-1, -2, 2, 5, 16, 5, 2, -2]
[4, 0, -3, 3, 11, 3, -2, 2]
[0, -1, 0, -4, -2, -6, -7, -1]
[-5, -1, 4, 2, 11, -3, -2, 0]
[-5, -3, -2, 4, 10, 1, 3, 0]
[5, 4, -3, 4, 0, -3, -2, 1]
[0, 3, 4, -8, -5, 6, 0, 2]
[5, 4, -1, 14, 6, 3, -1, 1]
[-2, -2, -4, -5, 1, -4, 1, -2]
[-5, -3, 2, -3, -18, -2, 0, -5]
[5, 2, 3, 12, 40, 5, 2, 0]
[-5, -5, -6, -16, -52, -10, -1, -2]
[2, 6, 1, 4, 5, 2, -2, 3]
[2, 5, 2, -12, -15, -4, -5, -3]
[0, -1, -4, -9, -2, -2, 0, 2]
[0, 3, 0, 2, 22, 4, 4, 0]
[-1, -4, -1, 4, 1, 5, 4, -3]
[-1, -1, -4, -3, -5, -9, -2, 0]
[-3, -2, -2, 3, 12, 3, 0, -1]
[3, -4, 3, -12, -12, 2, -2, 2]
[-7, -6, -1, 0, -4, -5, -6, 0]
[1, 5, 3, 13, 21, 6, 2, 2]
[0, -12, -6, -4, -10, -2, -15, -6]
[9, 20, -2, 4, 3, 3, -2, 2]
[-7, 0, 3, 3, -9, -5, -5, -6]
[4, -2, 1, -7, -2, -1, 2, 8]
[2, 3, -1, -14, 5, 2, 2, 0]
[-3, -4, -1, 18, 9, 0, 3, -3]
[3, 0, -5, -7, 8, -7, -2, -1]
[-3, -4, 1, 4, 3, 1, -5, -4]
[-6, -1, -5, -6, -31, -3, 0, -2]
[2, 1, 1, -6, 5, 2, -5, 1]
[-2, -2, -3, 10, 0, -2, 7, 4]
[-2, -2, 7, -11, -17, -3, -3, -10]
[3, -1, -2, -3, 3, 4, 4, 3]
[-5, -10, -1, -4, 3, 0, 3, -7]
[2, 7, -5, 2, 3, -1, -15, -1]
[-9, -10, -12, -15, -34, 1, 5, 9]
[4, -13, -3, 15, 12, -2, -9, -1]
[5, 23, 5, -7, -12, 3, 39, 7]
[3, -1, -1, -3, 11, -4, -47, -18]
[-8, -4, 0, 6, 0, 0, 7, 4]
[-8, -3, 1, -20, -15, 1, 20, 2]
[-11, -17, -3, 10, 38, -3, -27, -17]
[37, 44, 22, 13, 0, 5, 19, 6]
[0, -3, -2, -6, -9, -5, -33, -1]
[-18, -5, -7, 4, 23, 8, 9, 6]
[6, -11, -4, -7, -5, -5, -31, -11]
[-6, -9, -3, -8, -16, -5, 10, -1]
[-2, -6, -3, 4, 10, 0, -1, -4]
[-7, -5, -2, -14, -20, -8, 6, 2]
[-4, 11, 0, -9, 9, 3, -1, 0]
[-9, -8, -5, 16, -12, 1, 9, -2]
[2, 0, 4, 14, 1, 5, -1, -4]
[1, -6, 0, 9, -9, -3, -8, -1]
[5, -2, -4, -25, -12, -1, -3, 8]
[-8, -30, -12, -2, -2, 5, 36, 5]
[5, 15, 1, -1, -5, -4, 4, 7]
[16, 41, 15, 13, 15, -4, -16, -24]
[9, -4, -2, -2, -14, -5, -7, 3]
[7, 6, 0, -8, -4, 0, 5, 10]
[-28, -13, -3, 2, 10, 1, -1, -14]
[19, -4, -6, -3, -2, -4, 15, 12]
[-15, 0, 0, 3, -12, -6, -8, 29]
[-7, -10, -6, -7, -1, -11, -49, -32]
[-5, -14, -3, -2, -5, 4, 12, 7]
[-20, -9, 2, 5, -6, 0, -12, -14]
[1, 2, -8, -2, -23, -5, 4, -5]
[-10, -5, 3, -3, 2, -4, 1, 4]
[11, 6, 4, -3, -1, 0, 0, 6]
[-4, 1, -3, -15, -12, -1, 9, -4]
[-9, -28, -7, 13, 0, -4, 2, 10]
[8, 42, 7, -3, 10, 2, 4, -7]
[14, -4, -7, -4, -15, -3, -13, -11]
[4, -6, -2, 4, 3, 5, -7, 3]
[-12, 3, 6, 13, 12, 1, 15, -45]
[-18, -38, -6, -19, -28, -13, 8, 17]
[12, 25, 6, -2, 0, -6, -21, -5]
[8, -6, -1, 7, -1, 0, 10, 28]
[-1, 1, 2, 10, 7, 12, -3, -23]
[7, 8, -2, 3, 8, 9, 47, 63]
[-19, -12, -4, 1, 12, -1, -52, -54]
[7, 23, 8, 0, 1, 2, -5, -3]
[8, 1, 3, -1, 5, -7, 8, 20]
[-2, 3, -2, -2, 2, -6, 6, -31]
[-21, -17, -8, -4, -8, -24, -39, 12]
[30, 11, -3, -4, 10, 5, -8, 37]
[-21, -8, 0, 3, 5, 11, 12, -54]
[18, 8, -3, -1, -1, -2, -9, 46]
[-16, -36, -5, -6, -6, 2, -10, 20]
[11, 33, 11, 5, 30, 9, 14, -26]
[13, 2, 0, 1, 29, -2, 0, 99]
[-12, 3, 0, -13, -1, 3, -28, -95]
[9, -6, -3, 7, 40, 16, 73, 31]
[-16, -17, -1, 12, 24, 10, -20, -37]
[6, 8, 8, 3, -8, 1, 12, 13]
[-23, -29, -7, -7, -9, -5, -17, -6]
[33, 37, 8, 1, -43, -25, -8, 16]
[6, 4, -4, -13, -37, 0, 22, 23]
[-7, 12, 2, 7, 5, -2, -12, -43]
[-5, -18, -2, 2, 28, -4, -42, -9]
[-5, 1, 4, -5, -38, 12, 35, -10]
[-24, 0, -3, -1, 10, -9, 11, -12]
[23, 8, 4, 1, 4, 0, -10, 13]
[-17, -43, -11, -1, -7, -5, 17, 31]
[13, 15, 9, -2, 23, 0, 0, -33]
[-3, -28, -13, -5, -3, -5, -81, 8]
[1, -1, 2, 2, -1, 6, 56, 83]
[16, 95, 16, 10, 21, 34, -1, -101]
[16, 6, -7, -1, -43, -23, -23, 88]
[-39, -15, -5, 9, 26, 1, -18, -37]
[0, -8, -9, -8, 11, 1, -53, -28]
[20, 4, 0, -5, -3, -5, 20, 106]
[7, 5, -5, -9, -13, -3, -2, 10]
[-8, 8, -2, -5, -15, 3, 12, 4]
[-13, -37, -15, -14, -21, -13, -13, -21]
[19, 22, 4, -4, -5, -11, 50, 103]
[4, -30, -2, 5, 11, 7, 1, 30]
[3, 33, 5, -3, 4, 13, 70, 27]
[-15, -4, 6, 6, 8, -2, -18, -92]
[-20, -64, -4, -2, -10, 1, 5, -4]
[13, 17, -10, -14, 1, -4, 108, 15]
[22, -1, 4, -2, -22, -11, -95, -11]
[15, 38, -4, -7, -8, 0, -16, -56]
[-5, 10, 6, 16, 20, 9, 54, 78]
[-21, -11, 4, 8, -3, -3, 3, -88]
[10, 4, 1, 1, 4, 7, 34, 28]
[-9, -9, 3, 2, -13, -6, 11, 8]
[-20, -47, -18, -20, -62, -26, -36, -40]
[2, -36, -2, 6, 43, -1, -47, -30]
[-40, -38, -17, -7, -15, -12, 23, 11]
[23, 14, -4, -12, -18, 7, 0, 1]
[4, -50, 1, 17, 27, 18, -4, 8]
[34, 67, 17, 4, -9, 5, 0, -59]
[2, 8, 2, 15, -1, 5, 7, 75]
[-34, -8, -2, 1, 20, 10, -36, -99]
[-43, -67, -15, 4, 12, -10, 35, 6]
[-16, 24, -9, -8, -17, 10, -14, 23]
[79, -5, -1, -13, -7, -7, 14, 57]
[-1, -34, -2, 3, 5, 3, 35, -6]
[19, 33, 8, 1, -5, -34, -51, 67]
[0, 23, 16, 9, 26, 23, 1, 61]
[-31, 12, -7, -12, -35, -9, -60, -128]
[-30, -5, -15, -10, -3, -3, -4, 65]
[17, 37, 4, 1, -6, -13, -4, -32]
