[39, 31, 16, 24, 49, 8, -63, -28]
[-70, -63, -31, -18, -14, 17, 93, -4]
[22, 6, 18, 6, -12, -16, -34, -53]
[32, -18, 2, 2, -10, -4, 35, 50]
[-29, -25, -23, -16, 3, 3, -1, 8]
[25, -12, 7, 14, -9, -1, -41, 29]
[29, 27, -2, 12, 58, 33, 31, 10]
[-4, 52, 8, 8, 29, 35, 101, 66]
[38, -10, 12, -17, -46, -21, -51, -90]
[6, 10, 4, -3, 7, -2, 46, -10]
[6, -17, -8, -2, -36, -33, 2, 26]
[5, 16, 2, 19, 87, 34, -23, -30]
[-14, 5, 2, -6, -38, 1, 22, 47]
[-23, 4, 2, -3, 10, 3, -11, -16]
[-9, 6, -7, -5, 16, -3, 9, 66]
[-39, -11, 5, -7, -99, -31, -87, -99]
[31, -4, -16, -1, 22, 10, 10, -6]
[21, 27, 6, 9, 1, 2, -44, 9]
[31, 40, 10, 12, 9, 13, 2, -40]
[22, 16, 0, -18, -33, -15, 10, -11]
[-38, -19, -2, 15, 47, 13, 8, 42]
[20, -4, 0, -1, -27, 2, 71, -7]
[-24, -56, -15, -8, 25, 14, -9, -3]
[-5, 1, -9, -25, -56, -16, -85, -44]
[9, 51, 8, 19, 32, 8, -15, 10]
[-18, -33, 14, 18, 44, 11, 50, -83]
[34, 17, 2, -10, -16, -30, 44, 120]
[-5, -16, 2, -2, 35, 11, 37, -116]
[-34, -35, -1, -2, 2, -7, -57, -12]
[-7, -14, -16, -16, -16, -20, -77, 63]
[-2, 37, 15, -5, -17, 15, 32, 15]
[-3, -7, 4, 4, 40, 2, -10, 41]
[7, 14, 11, 13, -4, 6, 43, -33]
[0, 8, 7, 9, 26, -2, -4, 16]
[-34, -3, -1, -5, -27, -14, -52, -60]
[-6, 3, -3, 9, 8, -6, 53, 25]
[-21, -35, -8, 1, 41, 9, -31, -23]
[38, 33, 5, -1, -15, 1, -19, 9]
[-3, -49, -19, -5, -44, -7, 109, 80]
[-22, -1, -4, 2, 24, -7, -35, -86]
[-1, -11, -2, -17, -30, 11, 77, 72]
[-30, 14, 15, 19, 66, 6, -2, -47]
[14, -7, 0, 0, -8, -11, -56, 35]
[7, 31, -15, 0, -44, -7, -59, -74]
[12, 12, 8, -10, 6, -12, 30, -2]
[-17, -6, 4, -2, 4, 3, 7, 11]
[-7, 21, 16, 8, 1, -16, -51, -11]
[2, 13, 10, 0, 16, 7, 7, 21]
[-10, -35, -26, -5, 7, 16, 14, -40]
[-4, -7, -7, -17, -30, -9, 38, 24]
[-14, 13, 3, 0, -27, 1, 1, -56]
[-11, -20, -5, 0, 1, -30, -72, -9]
[40, 17, -4, -4, -39, -7, 45, 30]
[-35, -23, -1, 0, 12, 14, 21, 36]
[-6, 5, -8, -8, -10, 4, 16, -46]
[-26, 8, -14, 7, 38, 3, -9, 21]
[8, -12, 28, 12, 20, -11, -7, 30]
[11, -4, -8, -3, -63, 7, -9, -28]
[0, 2, 9, 1, 1, -10, -44, 15]
[27, 16, -4, -4, 5, 14, -7, 9]
[-17, -7, -14, 0, -5, -11, -45, -25]
[23, 13, 5, -5, 12, -6, 27, 64]
[-1, -9, -5, -1, -4, -15, -39, 6]
[-14, -9, 1, 4, -7, 2, 30, -46]
[11, 9, 1, 9, 30, 10, 6, 49]
[5, -5, -7, 0, -14, -9, -51, -17]
[-20, -14, -8, -3, -12, -10, 4, -40]
[17, -8, 9, 1, -7, 2, 16, 64]
[-33, -32, -20, -7, -8, 8, 9, -28]
[15, 8, 2, 15, 30, 0, -18, 48]
[7, 1, 7, 5, 2, 9, -46, -67]
[-7, -6, -6, -5, -2, 2, 21, 42]
[-35, -17, 3, -5, -17, 3, 4, -21]
[85, 69, 18, 18, -7, 10, 34, 80]
[1, -15, 1, 3, 27, 4, 12, -9]
[20, -6, -8, -3, -3, -12, 8, 70]
[-26, 0, 20, 1, -25, 0, 4, -72]
[-25, -10, -1, -2, 14, 11, -16, -47]
[-4, -9, -12, 3, -1, 9, 86, -10]
[1, 13, 15, -10, 2, -8, -14, -42]
[-1, 6, -5, 1, 10, 0, 14, 40]
[-32, -9, 6, 0, -7, -15, -15, -29]
[14, -2, -16, -13, -9, 2, -22, 3]
[9, 15, 3, 9, 13, 21, 0, 5]
[-2, -15, -9, -3, -17, -7, -5, -5]
[-30, -26, -3, -7, -17, -14, -6, -46]
[10, 7, -9, -12, 2, 8, 2, 31]
[3, 2, 1, 8, 42, -1, -7, -26]
[-1, 9, -1, -10, -27, -15, -22, 7]
[-5, -4, 1, -6, -8, 8, -26, -43]
[-30, -11, 12, 2, -5, -6, 12, 11]
[17, -4, -4, -15, -57, -23, 29, 22]
[9, 9, -17, 5, 20, 11, -11, 0]
[-16, -27, 6, -9, 16, -3, 7, 20]
[13, 8, 5, 7, 17, -4, -1, -1]
[-27, -26, 0, -7, -15, 1, 33, 0]
[11, 0, -14, 1, 7, 4, -18, -5]
[-4, -8, -12, 2, 16, 1, 17, 8]
[-1, -1, 8, -2, -17, -9, 2, 34]
[-11, -10, -3, 2, -20, -8, 4, -11]
[-1, -2, 6, 0, 23, 15, 22, 35]
[21, 15, -4, 5, 17, 10, -5, -21]
[-3, 2, -1, -2, 0, -12, -9, 0]
[-1, 5, 0, 2, 10, 6, -17, -15]
[0, 2, -2, 2, 25, 15, 4, -6]
[0, 8, 6, -7, -79, -26, -12, -15]
[3, -2, -7, -2, -25, -7, 6, 12]
[5, 11, 8, 2, 8, -3, -6, -1]
[4, -5, 3, 6, -4, 2, 7, 9]
[4, 2, -8, 2, 20, 15, 18, -5]
[0, -34, -4, -25, -13, -7, -3, 12]
[2, -30, -19, 17, 7, 2, -17, -8]
[-3, 21, 25, 15, 18, -10, -4, -2]
[-31, -9, -3, -5, 7, -9, -2, -10]
[-14, 9, -6, 3, 0, -2, 1, -2]
[-3, 6, 6, -9, -16, 5, -3, -8]
[4, -39, -8, -2, -13, 1, 11, 6]
[15, 10, -4, 10, 8, 1, -1, -3]
[10, -16, 8, 4, 18, -19, -1, 6]
[9, 35, -12, -12, -24, -30, -3, -7]
[5, 72, -3, -11, -14, -21, -2, 0]
[7, 73, 13, -2, 19, -2, -1, -7]
[-5, 8, 2, 2, 6, 6, -7, 0]
[-4, -39, -7, -14, -27, 6, -8, -2]
[-11, -36, -9, 0, -3, 15, -2, -7]
[7, 44, 13, 1, 5, 24, -6, -2]
[-3, 36, -11, 1, -55, -11, -4, 0]
[0, -28, 0, -10, -15, -16, -6, -1]
[-6, -32, 12, 18, 36, 0, 7, 5]
[-1, 20, -1, -2, 39, -4, -1, -1]
[1, 4, 14, 18, -2, 5, -1, 6]
[10, -61, -3, -5, -1, 7, 0, -3]
[4, -39, -3, -18, -28, 12, 2, -3]
[-1, -44, -15, -12, -59, 7, -1, -4]
[-3, 16, 3, -6, -12, 7, 0, 0]
[-5, 38, 4, 18, 18, 6, -4, 0]
[-1, 15, 1, -7, 0, 12, -2, 3]
[-1, -8, -9, -7, 5, 9, -3, 0]
[-4, 20, -7, -9, 19, 0, -2, 2]
[0, 9, 0, 18, 61, 9, 4, 3]
[3, 8, 7, 3, -3, 7, 0, 3]
[-1, -28, -3, -2, -39, -3, -3, -3]
[-2, -30, 3, 4, 21, -3, -3, -2]
[5, 12, 3, 10, 19, 3, 2, -1]
[3, 9, -5, -6, 22, -7, 2, 0]
[-4, -27, -12, -17, -12, -6, 3, -1]
[11, 5, -14, 1, 26, 0, 1, 2]
[-1, 27, 36, 47, 102, 28, 0, 2]
[-5, 17, -8, -32, -110, 7, -6, 1]
[6, -20, 3, 22, 50, 5, -3, 0]
[-7, -14, -3, -20, -72, -10, -1, -2]
[-1, -1, -8, -30, -52, -15, -5, -3]
[-3, -6, 2, 55, 109, 23, 4, -1]
[2, -8, 0, -26, -56, 26, -5, -2]
[-2, -3, -7, -3, 53, 4, -1, 0]
[0, 5, -6, -3, -70, -15, 0, -1]
[-4, 4, 12, -4, -46, -22, 1, -4]
[5, -1, 10, 30, 81, -4, 5, 2]
[0, 6, 11, 20, 92, 13, 1, -2]
[-2, -3, -12, -46, -97, -4, -5, -1]
[0, 1, -6, 15, 5, -17, -1, -1]
[3, -4, -12, -13, -9, 6, -6, -4]
[-10, -17, -5, -5, -38, 59, -2, -2]
[1, 8, -2, -15, -1, 23, -1, 2]
[8, 24, 9, 11, 45, 29, 1, 6]
[-11, -12, 8, 31, 58, -1, 1, -1]
[5, 13, 12, 18, 13, -2, 1, 1]
[-3, 1, -1, -10, 36, 17, 0, -2]
[1, 0, -8, -25, -27, -11, -7, -3]
[-3, -4, -19, -17, -30, -28, -3, 0]
[0, -5, 4, 20, -28, 23, 2, 1]
[0, 7, 9, 15, 111, 6, 2, 2]
[-1, -8, -6, -42, -75, -74, -4, -3]
[-1, -5, 0, -11, 26, -60, 2, -1]
[-8, -5, -12, 7, -17, -75, -8, -7]
[-1, 5, 2, 5, -37, -30, 1, 1]
[-3, -5, 2, 4, 0, -2, 1, 0]
[1, -6, 9, 9, 23, -18, 1, 2]
[0, 3, -6, -7, -43, -15, -1, -4]
[3, 3, -1, -7, -15, 11, -1, -2]
[4, 0, -1, -10, -10, 1, 1, 3]
[-3, -6, -2, 24, -24, 0, 1, -3]
[-5, -3, -12, -47, -14, 4, 0, 0]
[-5, -8, -5, -3, -27, -5, -8, -3]
[1, 12, 11, 18, 19, 9, 6, 2]
[5, 14, 0, -28, -36, 3, 0, 0]
[5, 16, 23, 50, 54, 15, 5, 2]
[5, 1, -12, 0, 10, 38, 1, -2]
[-1, -11, -16, -36, -14, 16, -6, -1]
[0, -4, 0, 44, 39, -2, -3, 0]
[4, 0, 9, -10, 7, -9, -1, 1]
[-1, 1, 6, 12, 8, -20, -3, -1]
[6, 0, 5, -25, -47, -18, 0, 2]
[-7, -10, -8, -13, -14, -4, 1, -3]
[-7, -9, -11, -25, -42, -12, -1, 1]
[-3, 3, 4, 10, -77, -11, 1, 1]
[-1, 1, 4, 39, 61, 10, 1, 2]
[2, 2, -2, -14, -24, 4, -2, 1]
[-8, -4, -8, -18, -22, 4, -1, -4]
[2, 2, 2, 22, 32, 17, 3, -4]
[0, 3, 2, 8, 14, 0, 1, -2]
[2, 0, -16, -31, -34, 1, 0, -1]
[5, 3, 11, 0, 26, 1, -3, 0]
[-11, -13, 13, 14, -18, -3, -6, 0]
[7, 6, -3, 0, -2, 2, 2, 0]
[4, 4, 12, 18, 23, 4, 2, 0]
[0, -1, -14, -27, 9, 1, 0, -3]
[-1, -5, -13, -8, 43, 0, -2, -1]
[-10, -12, 1, 13, 17, 3, -1, 0]
[5, 6, 4, 0, 45, 5, 1, 5]
[-6, -4, -3, 1, -52, -11, -3, -2]
[2, 2, 4, -7, -28, -2, 1, 1]
[0, 0, -4, -9, 3, -1, -2, -2]
[-3, -3, -3, -40, -21, 2, -3, -3]
[-3, -6, -1, 46, 42, 3, -2, -4]
[4, 5, -2, -24, -48, 3, 2, 1]
[0, -1, 3, 29, 24, 9, 0, 1]
[-2, -1, -5, -13, -17, -6, -2, -3]
[2, -1, 3, -8, -10, 0, -2, 0]
[-1, -7, -13, -16, -7, -3, 0, -1]
[-1, 1, 9, 14, 2, 1, 2, 1]
[-7, -1, 2, -13, -15, -2, -4, -2]
[0, -3, -5, -6, 1, -1, -3, -1]
[1, -3, -4, 7, 36, 3, 1, -2]
[-2, -1, -6, -17, -34, -6, 1, 1]
[6, 11, 9, 29, 9, 4, 1, 1]
[1, 4, 1, 2, -1, 0, 0, 2]
[-2, -1, -4, -14, 14, 2, -1, -2]
[-5, -11, -2, 17, 50, 0, -2, -4]
[-7, -5, -3, -7, -29, -6, -1, -2]
[9, 6, -4, 4, 34, 3, -1, 1]
[-2, 4, 0, -20, -34, -7, -3, 0]
[4, 0, -3, 40, 41, 6, 1, 1]
[0, 4, -1, 2, -5, 6, 3, -1]
[-6, -7, -6, -35, -71, -18, -2, 0]
[-1, 1, 5, 13, 29, 1, -3, -3]
[-2, 0, -1, -19, -42, -3, 0, -2]
[0, -1, 0, 12, 18, 2, -3, 2]
[-3, -4, 0, -7, -19, 2, 1, -5]
[-2, 0, 0, 0, -7, -1, -2, -1]
[4, -2, -8, -14, -15, 1, -1, 1]
[3, -4, 11, 34, 39, 7, 2, -1]
[0, -5, 5, -3, -8, -2, -1, -1]
[4, 5, -2, -3, -3, -3, 0, -1]
[3, 8, 2, -13, 11, 6, 0, -2]
[-1, -3, -5, -11, -14, 0, 1, 0]
[-3, -4, -4, -3, 19, 0, -3, 1]
[-1, -8, -17, 13, 4, -2, -1, 3]
[0, 2, 16, -8, 5, -1, 0, -1]
[-2, -5, 0, 17, -28, -1, -1, -4]
[6, 7, -1, -23, 29, -2, 1, -1]
[3, -4, -2, -3, -24, -4, -2, -3]
[2, 6, -14, -7, -4, -5, 1, 3]
[-5, 3, 1, 5, 11, 0, -1, 0]
[-5, -2, -1, 11, -2, 3, 1, -1]
[-1, 2, -1, 0, 5, 2, -2, 1]
[0, -3, -4, 21, 33, 4, -2, 3]
[0, -5, -4, -26, -32, 2, 0, 3]
[-6, -8, -9, -1, -21, -4, -1, -3]
[-4, -9, 6, 12, 13, -4, -3, -5]
[5, 10, 15, -1, -8, -2, 1, -2]
[5, 5, -3, -5, 24, -1, 2, -2]
[-3, 6, 2, 9, -9, -2, 0, 0]
[-7, -4, -1, -3, -2, 2, -1, -1]
[-4, -10, -8, -6, -3, 2, -4, 2]
[-1, -6, -6, 7, 8, -5, -4, -1]
[-3, 7, 2, 2, 16, 2, 0, -3]
[8, 1, 2, -9, -30, -8, -1, 0]
[5, 5, 2, 3, 32, 3, -1, -1]
[3, 0, -1, -6, -24, -4, 2, 0]
[-2, -2, -3, 11, 12, 1, -3, 2]
[-2, 1, 1, -8, -9, 0, 3, 2]
[-2, -3, -1, -10, 3, 3, 0, -2]
[-5, -11, -1, 5, -29, -4, -2, -1]
[-4, -5, 2, 11, 25, 1, 0, -2]
[4, 5, -4, -3, 25, -2, -2, -4]
[-1, -5, -10, -24, -40, -9, 2, 0]
[-1, 3, 5, 16, 36, 1, -3, 1]
[-1, -3, 3, 5, -6, 0, -1, 1]
[2, 5, 4, 5, 9, 5, 3, -1]
[-6, -9, -7, 1, -15, 0, -1, -5]
[4, 10, -1, -2, 4, 2, 1, 1]
[-2, -1, -1, -18, -3, -4, -2, -1]
[1, -1, 4, 0, -31, -3, -2, 1]
[3, 0, 6, -7, -12, 2, 0, 4]
[2, -3, -2, 7, 38, 5, 2, 1]
[2, -5, -3, -6, -42, 0, 3, -2]
[-11, 0, -4, -6, 25, -3, -3, -3]
[-6, 4, -5, 14, 5, -5, -1, -2]
[-1, 1, -2, -24, -39, -4, -3, 2]
[1, 1, 3, 12, 5, 3, -1, 1]
[-2, -1, 2, 8, 16, 3, -1, 0]
[4, 0, -1, -14, -10, -5, -2, -1]
[-5, -8, -4, -1, -5, -4, -5, -4]
[-11, -12, 1, 5, 2, 0, -3, 0]
[7, 13, 2, 4, -17, -1, -4, 0]
[6, 8, 1, 7, 19, 5, -1, 0]
[0, 1, -1, 1, 2, 0, 0, -1]
[4, 1, -5, -5, -5, -4, 1, -1]
[-7, -6, 2, -4, 2, 1, 2, 0]
[-2, -7, 3, 7, 27, 5, 2, -1]
[0, -4, -2, -6, -5, -3, -1, -3]
[4, 7, 5, 9, 48, 4, -2, -1]
[1, -3, -1, 24, 9, -1, -2, 0]
[-2, -2, -6, -25, -50, -11, -4, -3]
[-2, -3, -5, 6, -4, 0, 1, 0]
[1, 0, -4, -12, 16, -2, 1, 0]
[3, -2, -1, 5, 13, 2, 6, -1]
[-4, 2, 5, 12, 14, 3, 1, -1]
[0, -3, 0, -7, -1, 1, 0, 0]
[1, 4, 1, -9, -10, -4, -2, 0]
[1, 6, 2, -2, 7, 2, 3, 0]
[-9, -8, -2, 1, -19, -3, 1, -4]
[2, 2, -1, -2, -4, -8, -2, -2]
[2, 1, -4, -5, -28, -5, -1, 1]
[-7, -14, 1, 9, 23, -1, -2, -1]
[10, 9, -2, -1, 3, 4, -1, 4]
[-2, 9, 3, -5, 10, -1, 0, -2]
[1, -5, 1, 13, -8, 3, -2, 0]
[0, 14, 0, -6, -16, 2, -4, 0]
[-2, -4, -1, 7, 22, 0, 2, -2]
[0, -4, -3, -1, -7, -1, -4, -1]
[-1, -3, -4, -7, -11, -4, -5, -2]
[0, -9, -4, -11, 24, 3, 2, -2]
[0, -1, 0, 12, -19, -1, 0, 0]
[-1, 3, 1, 10, 1, -2, 2, 0]
[-3, 0, 1, 4, 0, -3, 3, -1]
[1, -4, -2, -7, -3, -1, 1, 3]
[1, 3, 1, -22, -23, -4, 0, -2]
[-2, 3, 7, 6, 7, 7, 5, -1]
[-2, -2, 0, -8, 10, -2, 2, -5]
[-1, -3, -10, -25, -68, -6, -1, -2]
[-5, -10, -2, 40, 80, 3, -2, 0]
[-5, -10, -6, -16, -38, -3, -4, -2]
[3, 4, 0, 11, -1, 1, -1, 0]
[0, 3, 2, -1, 6, 1, -2, 1]
[-2, -1, -2, -3, -21, 0, 0, 1]
[0, 3, 1, -3, 6, 2, 2, 2]
[-3, 3, -4, -11, -4, -1, -2, 0]
[-2, -2, -4, 17, 9, 0, -3, -1]
[2, -6, -1, -3, 16, -2, -1, 0]
[3, 17, 12, 12, 15, 4, -2, -3]
[8, 6, 6, -2, -14, 0, -1, 1]
[0, -2, 2, -5, 7, -1, -2, 1]
[-3, -5, -4, -2, 7, -1, -2, 1]
[-2, -10, -7, -10, -2, -5, -2, -3]
[-4, -4, -1, 1, -1, -2, 0, 0]
[1, 0, 0, 3, -5, 1, -1, 0]
[-4, -2, 2, -7, -15, 2, 1, -1]
[-3, -5, -1, -8, -12, -1, 2, 0]
[-2, 1, -3, 11, 6, 1, 0, -1]
[3, 1, -4, 10, 43, 3, 2, 0]
[2, 3, 3, 4, -1, 1, 0, -4]
[-4, -3, -13, -19, -34, -13, -3, -6]
[-3, -5, -4, -15, -10, -3, -6, -4]
[-1, 1, -1, -9, -20, -1, 4, 1]
[-4, 3, 0, -4, 6, 0, 3, -1]
[-4, 0, 5, 10, 11, 1, -2, 0]
[1, -8, -3, 9, 1, -2, -1, -1]
[5, 6, 4, -5, 4, 2, 3, -1]
[0, -3, 1, -4, -9, -1, -4, -1]
[-2, -2, -2, 1, 9, -3, -2, -1]
[-8, -12, -6, -2, 2, 0, -12, -1]
[9, 19, 5, 8, -3, 2, 12, 0]
[2, 4, -1, -5, -6, -6, -4, -2]
[1, 0, -1, -5, -6, -2, -3, 0]
[-2, -2, -1, 0, 4, 1, -2, 0]
[-6, -12, -5, -3, 0, 2, -1, -2]
[-2, -1, -1, -4, -13, 1, 0, 0]
[0, -7, 1, -1, -4, -2, 1, 0]
[2, -1, 1, 3, -8, -5, 2, 2]
[-3, -4, -1, -2, 9, 5, -2, -1]
[1, 4, 6, 6, 7, 0, 2, 1]
[1, -3, -1, -6, 5, -3, -3, 1]
[-1, 4, 0, 10, 13, -3, 5, -2]
[0, 2, 4, 1, -3, -1, -2, 1]
[-1, 0, -1, -5, 3, 3, -4, -1]
[0, -2, -2, 6, 9, 10, 0, -1]
[1, 0, -2, 2, 12, 1, 1, 0]
[-3, 1, -3, -13, -29, -1, -4, 2]
[-5, -4, -6, -3, -28, -13, 0, -16]
[4, 13, 5, 3, -8, -4, -6, 15]
[-6, -3, -2, -4, 1, 7, 23, 4]
[8, -4, 0, 5, 32, -1, 2, 10]
[-11, -7, -4, -3, 3, 4, -29, -17]
[-1, 0, -3, -1, -18, -4, 2, -14]
[0, -2, -1, 0, -3, -4, -17, 4]
[-1, 3, 3, 13, 2, 1, 9, 3]
[2, -3, -4, -14, -6, -5, 7, 7]
[-2, -2, -2, 4, 19, -4, -4, -2]
[-2, 2, -2, -5, -1, 4, 11, 2]
[-17, -9, -5, 2, -6, -7, -20, -3]
[32, 9, 8, 1, 7, -2, 7, -2]
[2, -6, -4, -1, -5, 5, 8, -1]
[0, 1, 3, 2, -7, -1, -20, 5]
[-10, -3, -2, -5, -7, -1, 16, 7]
[-13, -7, -9, -2, 7, 0, 12, 6]
[5, 1, 4, 10, 3, 3, -9, -13]
[15, 31, 3, -2, 30, -6, -17, -8]
[3, -1, -2, -7, -14, -3, -1, 9]
[-3, -10, 1, 4, -4, 6, -8, 0]
[2, 2, 2, -6, -16, -4, 8, 0]
[-11, -22, -5, -6, -11, 5, 16, -5]
[3, -4, -2, 1, -5, -2, -19, -6]
[-3, 7, 1, 4, -5, 6, 9, 6]
[-3, -4, 2, 7, -1, 0, -9, -2]
[1, 3, 0, -4, -18, -3, -2, -6]
[1, 3, -1, -4, -5, -1, 1, -1]
[-4, -9, -3, -3, -9, -5, -3, 3]
[-11, -10, -3, -1, -7, -12, -34, -40]
[10, -2, 7, -2, -11, -1, 32, 54]
[8, 3, 2, -5, 5, 8, -1, -14]
[-23, -25, -8, 0, 13, -9, -20, -5]
[14, 20, 0, -9, 16, 10, 15, 11]
[-3, 8, 6, 14, 21, -7, -5, -35]
[-7, -6, -8, -9, -50, -3, 0, 18]
[4, 9, -2, 0, -19, 6, -6, 12]
[-14, -15, -5, -6, -2, 3, 11, -6]
[-1, -12, -4, 2, -1, -1, 12, 5]
[-2, -7, 0, -8, 21, 7, 19, -13]
[-2, 0, 2, -2, 10, 4, -4, -15]
[17, 14, 4, 1, -9, -15, 0, 28]
[0, 4, -4, -12, -12, -5, -5, -4]
[-1, -1, 6, 9, 13, -11, 6, 1]
[-5, 0, -4, 3, -1, -3, -2, -1]
[-10, -2, -6, 6, -6, -17, -5, -18]
[-17, -19, -3, -2, -22, 16, 34, 14]
[18, 9, 0, 2, 0, 2, -7, 7]
[21, -3, 11, 4, 3, 1, -2, 4]
[-16, 3, -4, -9, -1, -3, -31, 2]
[11, 2, -6, -4, 1, -6, -17, -16]
[-12, -3, -10, 5, 13, 13, 13, 4]
[8, 15, 11, 11, 12, 4, 8, 2]
[5, 1, -3, 9, 8, -6, -13, -4]
[-7, -3, -1, -1, 4, -6, 11, 6]
[-3, 5, 7, -2, 18, -4, -38, -28]
[3, 8, 0, -4, 10, 3, 7, 4]
[-7, -13, -10, -9, -5, 4, 3, -20]
[-4, -10, -7, -2, -5, 2, 39, 33]
[10, 7, 7, 15, 5, 4, 30, 36]
[0, -1, -5, -7, 13, -2, -24, 4]
[-21, -3, 1, 3, -10, 6, -5, -10]
[13, -5, -2, -5, -4, -4, 27, -3]
[5, -6, 2, 0, 11, 7, -54, -35]
[-5, -6, -1, 5, 24, 14, -7, 47]
[16, -3, 6, 2, 21, 14, 12, -31]
[-13, 6, 2, 15, 34, 5, -49, -63]
[7, 11, -10, -33, -49, -2, 44, 40]
[-4, -5, -5, -17, -52, 3, 6, -2]
[0, 5, -1, -11, -8, 1, -3, -13]
[-16, -38, -4, 14, 13, -4, 24, 35]
[28, 52, 15, 9, 14, 4, -61, -20]
[-13, 1, -5, 1, 9, -4, 18, -10]
[-4, -12, -18, -16, -28, -12, 20, 54]
[20, 8, 3, 2, -2, -13, -31, 12]
[-21, -25, 6, 13, 18, 17, -23, -30]
[-1, -3, -7, -4, -13, -6, 10, -22]
[5, -11, 3, 10, 27, 8, 14, 12]
[-18, 23, 12, -3, -28, 2, -1, -37]
[-9, -28, -8, 2, 7, -5, 26, -22]
[6, 35, 20, 8, 5, -5, 1, -30]
[18, -6, 4, 5, 2, -11, 62, 72]
[-9, -6, -12, -7, 43, -3, -59, -7]
[2, -3, 9, -6, -49, -3, 1, 11]
[-5, 2, -8, 8, -19, -1, 39, -26]
[-20, -8, -4, -8, -4, -7, -46, -30]
[6, 4, 8, -3, -31, -19, -67, -62]
[-11, -7, -13, 0, 46, 6, 36, 83]
