[-11, -60, -8, -2, 7, -3, 11, -11]
[27, 41, -1, -10, -19, 1, 47, 49]
[21, 4, -2, 3, 6, 19, -71, -31]
[-29, -20, -2, -5, 9, 3, -20, -65]
[-10, -45, -4, 2, -6, 6, 24, 16]
[36, 37, 7, 5, 9, 13, 61, 92]
[14, 32, 1, -14, -20, 9, 118, -4]
[19, -4, 5, 3, 10, -10, -22, 63]
[-2, -5, -9, -10, 14, 6, 42, 31]
[-20, -22, -15, 5, 20, -12, -35, -4]
[-2, 26, 15, -16, -34, -4, 29, 36]
[-24, -25, -11, -1, -16, -28, -20, -38]
[-5, -7, 1, 5, 30, -3, -56, -4]
[-15, -10, -7, -6, -18, -11, -30, -89]
[31, 23, -5, 1, -39, -5, 39, 28]
[-4, -22, -2, 2, 4, -4, -34, 3]
[-38, -37, -14, -12, -44, -7, -72, -66]
[32, 17, -9, -6, 2, -24, 59, 17]
[-8, -27, -4, 1, 25, 44, -4, 13]
[-9, 9, 9, 10, 6, 19, 33, -21]
[-62, -13, 6, 12, 26, -3, -73, -116]
[61, 57, 32, 5, -57, -1, 37, 92]
[-18, -27, -19, -5, -2, -30, 13, 46]
[-54, 9, -40, -6, 6, 2, -40, -91]
[95, 51, 47, -2, -7, 13, 14, 40]
[-9, 9, 13, 19, 30, -7, -78, 10]
[-34, -6, -1, -3, -22, -48, -30, 22]
[-37, -34, -17, 9, 18, 26, 34, -33]
[90, 75, -2, -12, 2, -18, 63, 127]
[-22, 19, 18, -9, -28, 15, 35, -100]
[-2, -10, -3, 12, 21, 0, -41, -76]
[-29, -8, 6, 5, 17, -1, -6, 64]
[-39, -83, -53, -17, -1, -3, -67, 3]
[-15, -18, 8, -6, 44, 19, 62, 54]
[-43, -52, -33, -27, -53, -10, -28, 43]
[39, 35, 9, -14, -61, -1, 36, 46]
[-25, 10, 3, 11, 29, 46, 55, -111]
[-44, -39, -21, -11, -12, -25, 4, -54]
[-26, 17, -6, -8, 3, -14, -77, -71]
[-69, -5, 25, 7, -8, -12, -37, -31]
[87, 109, 19, -2, -13, -7, 64, 80]
[-20, -68, -55, -12, 13, 10, -23, -78]
[-47, -40, 36, 17, 18, -4, 20, -39]
[79, 58, 26, 16, 23, -3, 19, 20]
[-89, -67, -20, 6, 10, -12, 19, 38]
[50, 55, 12, 4, -17, -15, -102, -20]
[35, 28, -2, 18, 43, 22, 19, -5]
[-16, -16, -7, -19, -34, -7, 32, 40]
[10, 21, 6, -1, -4, 0, -2, 7]
[-16, -43, -2, -15, -14, -5, -20, -26]
[40, 34, -6, -3, 1, 11, -9, 30]
[-3, -19, -3, 9, 57, 16, 72, -64]
[91, 61, 42, 9, -54, 3, -11, 73]
[-31, -42, -6, -3, -7, -9, -13, -2]
[21, 14, 4, 5, 6, 9, -33, -29]
[14, -59, -16, -13, 3, 18, 65, 3]
[-26, -16, -4, -5, 1, -4, -24, -32]
[-24, 0, 1, 3, 7, -8, -3, -26]
[-18, -20, 8, 0, -1, -15, 22, -8]
[21, 18, -21, -8, 17, 1, -13, 31]
[-16, 27, 3, 7, 17, -14, 12, -16]
[-13, 23, 11, 12, 15, 19, 0, 54]
[-44, -1, -9, -4, 20, 3, 71, 14]
[123, 66, 20, 0, -51, -8, -36, 34]
[-38, -39, -25, -7, 14, 3, -37, -24]
[-13, -13, 18, 11, 6, 2, 55, -42]
[11, -3, -2, -5, 11, 13, -47, 17]
[4, 48, 16, 11, 11, -10, -38, -56]
[-34, -45, -11, -1, -11, 2, 0, 46]
[32, -20, -20, -9, -16, 1, 7, -13]
[8, -12, -4, -1, -54, -21, 9, -12]
[2, 28, 30, 4, -6, -3, 0, 5]
[-2, 5, 1, -6, 10, -8, -16, -21]
[-38, -25, -2, 0, 24, 6, -18, 6]
[30, 16, -3, 0, -12, -8, 23, 51]
[-16, -37, -23, -4, 1, -6, -14, -64]
[-28, -6, 0, 6, 8, 6, 7, -2]
[16, 20, 12, 4, 8, 5, 7, 8]
[-56, -36, -12, -9, 12, 13, 24, 33]
[-5, -17, -3, -7, -28, 8, 11, 70]
[20, 24, 13, 7, -9, -4, -15, 3]
[13, 16, 3, 4, -4, -5, -9, 51]
[6, -10, 4, -1, 6, 5, -7, -6]
[2, 4, -24, 8, 35, 9, 24, 25]
[-8, 3, 20, 9, 28, -1, 6, -13]
[7, -24, -15, -18, -55, -19, -30, 26]
[0, 11, 9, 5, -5, -3, 8, 7]
[4, -36, -4, -9, 22, -1, 14, 39]
[4, 25, 6, 3, -20, 0, -19, -41]
[9, -3, -18, 0, -12, -11, 46, 74]
[16, 7, 6, 3, 34, 19, -4, 31]
[35, 17, 10, 11, 19, 2, -9, -14]
[-10, -1, -2, -12, -39, -3, 2, -1]
[1, -8, 6, 0, -18, -1, -7, -1]
[15, -6, -16, -19, -24, -8, -11, -12]
[-37, -8, 4, 2, -1, 2, -13, 5]
[-20, 7, 1, 9, 55, 17, 26, 22]
[44, 45, 10, 13, 18, -4, -42, -42]
[-7, 5, 3, -10, -10, -7, 9, -8]
[-4, -1, 0, -5, 7, 3, -14, -25]
[1, -28, -9, -8, -10, -6, 11, -3]
[-28, -12, -16, -2, 0, 5, -24, -42]
[13, 47, 31, 9, 11, -10, 6, 11]
[-2, -15, -3, 0, -7, -8, 19, 37]
[2, -8, -19, -6, -30, -2, -25, -26]
[11, 12, 18, 8, 29, 4, 24, 29]
[-9, -12, -24, -4, -9, -8, -6, -8]
[-14, 2, -10, -15, -52, -13, -14, -29]
[11, -1, -20, -8, -23, -6, 16, 21]
[-20, 5, 5, -2, 11, -13, -19, -32]
[-4, 1, 10, 9, 3, 7, -3, -13]
[12, 2, 3, 6, 26, 12, 11, 10]
[14, -22, 6, 9, 8, 6, -1, 0]
[-13, -5, -5, -5, -11, 1, -3, 0]
[10, -8, -11, -7, -2, -4, 2, -9]
[-6, 15, 4, 0, 9, 2, -14, -3]
[14, 8, 0, 0, 11, 0, 14, 4]
[8, -3, -9, -2, -7, -11, -10, -9]
[6, -6, -5, -5, -12, -9, 3, 9]
[-4, -5, 20, 11, 18, 4, 4, -4]
[2, 17, 8, 5, 2, -11, 3, -1]
[-17, -4, 10, 0, -15, -24, -5, 1]
[11, -10, -12, -11, -10, -6, -8, -6]
[-4, 1, -2, -7, -7, 1, 3, 0]
[-5, 8, -9, -3, -3, 3, 3, -5]
[-12, -5, -5, 3, -19, -9, -9, -3]
[-4, -26, 1, 13, 5, 3, 2, 2]
[-15, -19, -4, 0, 10, 21, -5, -9]
[10, -30, 0, 1, 17, 5, 4, 5]
[-1, -67, -5, -8, -8, -16, -10, -7]
[19, 18, 12, 19, 46, -8, -5, -1]
[-6, 27, -3, -1, 9, 20, 2, -1]
[16, 43, -1, -15, -60, 3, -3, -2]
[-4, 83, 3, 1, 6, 8, 1, -4]
[-1, 38, 7, -4, -26, 8, 2, -4]
[0, 57, -6, 1, 20, 11, 0, 0]
[-1, 28, -1, 4, 31, 9, 1, 2]
[-12, -23, -3, -5, -16, -23, -2, -3]
[15, -23, 0, 12, 18, -16, 0, 9]
[0, -19, -3, 1, 2, 1, 0, 2]
[-13, -36, -4, -10, -11, 4, -5, -1]
[7, -34, 2, -8, 1, 6, 1, 3]
[-6, -52, -1, -7, 2, -2, 4, -1]
[2, -34, 1, 9, 3, 7, 2, 4]
[-2, -21, 4, 0, 21, 13, 1, -2]
[-6, 48, 0, 6, 12, 4, -3, -2]
[1, 53, 0, -2, -5, 0, 2, -2]
[4, -21, -1, -4, -26, 0, -4, -6]
[0, -6, 3, 11, 39, 10, 0, 0]
[-5, 17, 0, -2, -26, 0, 1, 1]
[-7, 42, 2, -10, -24, -3, -3, 0]
[7, 8, -8, -7, -21, 0, -2, -2]
[0, 0, -7, -3, 18, 11, 1, 0]
[-1, 11, -3, -8, 13, -1, 3, 1]
[6, -1, 14, 7, -13, -6, 4, 4]
[-3, -9, 0, 4, -8, -9, -5, -1]
[-2, -36, 3, 18, 13, -4, -2, 0]
[-3, -20, -5, -13, -12, -2, 0, -1]
[2, 17, -11, -3, 32, -11, 1, 0]
[3, 12, -3, -12, -75, -10, 0, -2]
[-9, -24, -1, -3, -37, 9, -2, -3]
[10, 7, 6, 10, -2, 7, 1, 1]
[-4, -42, -4, -13, -32, -5, -6, -3]
[1, -27, 1, -1, 48, 22, -1, -1]
[-2, 7, -1, -5, 1, 6, -2, -1]
[-7, -11, -3, 2, -7, 8, -4, -3]
[-3, 6, 0, 11, 3, 15, -1, 1]
[3, 4, -11, -10, -18, 1, 2, 1]
[-1, 14, -7, -9, 7, -27, -2, -3]
[-7, -12, 12, 7, 38, 2, 3, -2]
[6, 7, 0, 14, 13, -12, -1, 0]
[0, 2, 8, 1, -6, -12, 5, 4]
[2, 6, -17, -46, 3, -13, -4, -1]
[-9, -3, -1, 22, -25, 10, -4, -2]
[-12, -16, -5, 26, 70, 27, 1, -3]
[13, 12, 5, 8, 15, -2, -1, 1]
[3, 9, 5, -7, 48, 1, 1, -1]
[2, 1, -3, -25, -83, -11, -3, -1]
[-8, -17, -14, -25, -18, 37, -1, -2]
[-5, 1, -17, -20, 19, -10, -1, -4]
[0, 14, 31, 34, 39, 18, 2, 3]
[-2, -5, 0, -2, 66, 23, -2, -1]
[-5, -8, 2, -4, -25, 9, 0, 0]
[-5, -10, -6, 20, 42, -19, -1, -1]
[0, 0, -6, -4, -49, -31, -1, -3]
[4, -1, -5, -36, -10, 1, 1, 0]
[7, 3, -5, -2, -21, -23, -7, -2]
[-6, -2, 3, -33, -18, -30, -1, -2]
[7, 15, 5, 33, 14, -22, 1, 2]
[-3, -4, -5, 22, 113, -6, 2, 3]
[-8, -7, -4, -18, -8, -14, 2, 2]
[4, -2, 5, -9, -36, -16, -5, 1]
[9, 19, 1, -18, -33, -3, -1, 1]
[-4, -8, 3, 81, 94, 19, 2, -5]
[1, 5, -5, -33, -43, -14, -6, -3]
[-5, -8, 5, 29, 15, 8, 0, -5]
[3, -2, -14, -26, -16, -1, 0, -1]
[12, 5, -6, -28, -66, -6, -5, 1]
[0, 2, 7, 18, 90, 6, 4, 0]
[-3, -2, 3, -1, 9, -4, 1, 3]
[-3, -4, -5, 1, -2, -8, 1, -4]
[-8, -4, -5, -17, -18, 1, 0, -2]
[-3, -1, 4, 3, -23, 12, 1, 0]
[-1, 6, 6, 0, -10, -8, 0, 1]
[-5, -9, -5, 9, 38, 0, -1, 2]
[-5, -6, -1, 10, -70, -2, -3, -2]
[-3, 6, 16, -7, 10, 1, -3, 1]
[5, 2, -3, 16, -86, -5, -1, 1]
[-11, -11, -7, -5, -26, -13, -8, -4]
[0, 4, 6, 3, -15, 2, 2, 0]
[-1, -6, -7, -8, -22, -1, -1, -2]
[-1, 10, 3, 1, 20, 6, 2, 0]
[-5, -6, -3, 11, -13, -3, 1, -1]
[2, -15, -17, -31, -23, -5, -8, -4]
[16, 18, 1, -4, -19, 5, 1, 2]
[0, 3, 7, 10, 43, 5, -1, -3]
[-1, 3, 1, 2, -33, 4, 4, 0]
[-3, 0, 1, 14, 71, 1, -1, -1]
[1, -4, 1, 10, 7, 6, 1, 2]
[-2, -5, -1, -1, 74, 6, 1, 3]
[-3, -2, 2, -16, -30, -10, -7, -1]
[-1, -1, -5, -31, -18, -2, -3, 1]
[-8, -11, -2, 49, 0, 5, 0, -2]
[0, -2, 4, -1, 5, -7, -1, -1]
[0, 0, 0, -4, -41, 1, 1, 0]
[-2, 6, 10, 30, 29, 3, 3, 0]
[2, 1, -8, -22, -48, -2, -2, -2]
[-4, -5, -12, 2, 18, 4, -1, 1]
[-4, -11, -5, 5, -9, -6, -1, -3]
[3, 3, 0, 0, -15, 3, 2, -3]
[8, 10, 4, -10, 18, 2, 0, 0]
[1, 3, 3, 31, -13, -2, 1, -1]
[2, 4, 2, -10, 10, 5, 0, 2]
[-2, 1, -2, 0, -29, 0, -1, -2]
[-11, -9, -3, -8, 35, 3, -3, -1]
[12, 4, -3, -32, -60, -9, -2, -1]
[-2, 1, 1, 12, 2, 1, -1, 0]
[-2, 0, 4, 12, 14, 8, 2, -2]
[-5, -3, -4, 4, 7, -1, -2, -1]
[-3, -8, -6, -28, -41, 0, 0, -1]
[-2, -4, 3, 20, 68, 3, -1, -2]
[1, 0, -3, -7, -27, -9, -2, 2]
[7, 2, -3, -20, -50, -8, -4, 0]
[-4, 1, -2, 1, 3, 0, -1, -1]
[2, 1, 1, 6, 11, 1, 1, 0]
[-1, -1, -3, -25, -2, 4, 3, 3]
[-4, -2, 3, 10, -5, 1, 3, -2]
[-7, -2, -6, 8, 15, 0, 0, -2]
[-7, -11, -5, -30, -38, -5, 0, -4]
[12, 16, 12, 40, 82, 8, -1, 1]
[7, 10, 0, 5, -17, -2, 1, 3]
[-2, 3, -2, -4, -18, -2, 1, -2]
[-4, 2, 0, -10, -10, 1, -1, 0]
[-7, -8, -1, -8, -12, -5, -1, -2]
[10, -8, 1, 17, 73, 6, 2, 2]
[4, 12, 2, -18, -44, -1, -1, 0]
[-1, 0, -4, 9, -9, -1, -4, -1]
[1, -1, -3, -22, -24, -4, -3, 1]
[-6, -6, 5, 21, -5, 0, -1, -1]
[-6, -12, -9, -6, 12, -6, -2, -3]
[1, 1, -2, 0, 6, -2, 0, -2]
[1, 2, 2, 4, -27, -1, -1, -2]
[-4, -1, 0, -18, 17, 2, 1, 3]
[-2, -6, 1, 10, 47, 1, 1, 0]
[-5, 1, -2, 6, -18, -3, 1, 0]
[-7, -4, -3, -5, -7, -4, -3, -3]
[9, 2, 4, 3, 21, 4, 1, -2]
[8, 8, 0, 8, -5, -4, -2, 2]
[-5, 0, -5, 4, 31, 1, -5, -2]
[0, 1, -1, -24, -31, -4, 0, 0]
[-6, -2, 4, 17, 28, 2, 0, 0]
[-4, -4, -1, -24, -50, -3, -1, -2]
[3, 0, 3, -7, -9, 0, -2, -1]
[-2, 1, 2, 38, 43, 1, -1, 0]
[-2, 2, -3, -8, -22, -3, -1, -2]
[-1, -4, -2, 3, 26, 4, 0, -1]
[2, 3, -4, -8, -6, -1, 0, -1]
[0, -3, -4, -2, -4, 2, -2, 0]
[2, -1, -1, -5, -19, 0, -1, 0]
[0, -6, -2, 5, 34, 1, 0, 0]
[-1, -1, 4, -12, -42, -8, 1, -2]
[-2, 1, 3, 2, 19, -2, 4, -2]
[-2, -6, -3, 3, -14, 1, -2, -1]
[3, 7, -3, -21, -9, 0, -3, 3]
[1, 1, 2, 21, 27, 1, -2, -1]
[-5, -3, -5, 1, 8, -5, -1, -1]
[-4, 1, -3, -3, 2, 6, 3, 1]
[-3, -4, -3, 1, 10, 0, -2, -1]
[12, 12, 7, -2, 5, -3, -1, 3]
[1, -6, 0, -3, -9, -3, 0, 2]
[2, 4, 0, -20, -26, -6, 1, -3]
[-6, -8, 1, 10, 5, 1, -1, -5]
[-5, -5, -7, 13, 38, 2, 0, -5]
[3, 7, 1, -21, -29, -2, -4, -1]
[0, -2, 1, 20, -1, 0, -1, 3]
[3, 2, 6, 15, 20, 6, 0, 3]
[-4, -8, -6, -24, -33, -6, -2, -2]
[0, -4, -3, -5, 10, 4, 3, -1]
[0, -3, -4, -5, 6, -2, -5, -2]
[1, 3, 1, 13, -20, 0, 0, 1]
[-4, -2, -3, -5, 21, -5, -1, -1]
[-3, -1, -4, -9, -23, -3, -1, -4]
[1, 9, 2, 7, 17, 9, 3, 2]
[-2, -5, -3, -12, -22, -4, -1, 0]
[-1, 5, 1, 0, -18, 1, -1, 0]
[-4, 1, 2, 22, 25, 1, -4, 1]
[-5, -16, 0, -12, -5, 2, -3, 0]
[13, 19, 4, -5, 7, 1, -1, 1]
[-3, -5, 3, 8, 11, -2, 0, 0]
[5, 0, -5, 2, -9, -1, -1, 1]
[-4, 1, 2, -22, -26, -3, 3, 0]
[-7, -9, -5, 24, 21, -2, 2, -3]
[-3, -1, -3, -1, 11, 1, 2, -4]
[-1, 0, 2, -19, -23, 1, 0, 0]
[-1, -3, -5, 3, -5, -1, -1, -1]
[-5, -5, 1, -4, 11, -3, 0, -3]
[3, 6, 2, 7, -31, -2, 1, 2]
[0, -2, -12, -20, -13, -2, 0, -1]
[1, 4, 4, 1, 0, -2, 1, 0]
[2, 1, 0, 6, 21, 4, 1, 2]
[-2, -5, -3, 4, -22, -1, -3, 0]
[6, 0, 5, 6, 29, -1, -1, 0]
[3, -1, 0, -12, -45, -1, -3, 2]
[-10, -4, -3, -13, -2, -3, -2, -2]
[-2, 2, 3, -5, 13, 3, -1, -1]
[-8, 0, -5, -26, -25, 0, 0, 0]
[8, 8, -1, 18, 33, 0, 2, -1]
[-6, -10, 3, 25, 1, 7, 5, -2]
[1, -3, -7, -5, -14, -6, 1, -4]
[3, 4, -2, 9, 6, -2, 0, -4]
[2, 0, 0, 0, 21, 3, 2, 3]
[3, 7, 6, -3, 9, 0, -2, 1]
[-6, -4, 4, -4, -14, -2, -2, 0]
[-4, -9, 0, 6, 4, 0, -5, -1]
[-1, -1, -3, 1, 11, 4, -4, -1]
[-1, 0, -6, 4, 2, 1, -1, 0]
[0, 1, -2, 13, 39, 3, -2, -1]
[1, -2, 3, -2, 0, -1, -2, -3]
[3, 1, -6, -15, -42, -6, -1, 1]
[-1, 2, 1, -3, 3, -2, -1, 3]
[-3, -3, -4, -1, 1, -6, -2, -2]
[-3, -3, 1, -1, 0, -2, 1, -1]
[1, 9, 1, 15, 10, 2, 2, -1]
[-3, -5, 5, -13, -11, 0, -1, -6]
[-13, -13, -4, -7, -7, -7, -1, -3]
[10, 17, 9, 3, -7, 2, 0, 3]
[-5, -7, 1, 6, 15, 1, -1, 0]
[12, 7, 1, 0, -4, 2, -1, 3]
[0, -3, -3, -9, -17, -2, -2, 3]
[-6, -8, -8, 19, 11, -4, 0, -2]
[-7, -3, -2, -17, 4, 0, 0, -1]
[-1, -5, -2, 18, 17, 2, 1, 0]
[-1, 0, -1, -9, -5, 0, -4, -3]
[1, -1, -5, 4, -19, -3, -1, -1]
[4, -2, -1, -1, 11, 0, 0, -2]
[-6, -3, -3, -2, -10, -5, -1, -3]
[1, 3, 0, -3, 0, -2, 2, -2]
[-1, 0, 1, -5, 1, 3, -1, -3]
[-1, -1, 0, 9, 13, 2, -2, -1]
[-2, -5, -5, -11, -25, -7, 1, 3]
[4, 3, 1, 3, -4, -4, 0, 2]
[2, 9, 6, -4, 5, -1, 1, 3]
[4, -1, 2, -3, -3, 1, -2, 2]
[-7, 3, 1, 1, 2, 3, -3, -2]
[-1, -6, -5, -2, -8, -3, -1, -2]
[-7, -11, -5, 3, 3, -3, 2, -4]
[4, 1, -4, 0, 4, 3, 1, 1]
[0, -2, -1, 8, 6, 1, -2, -1]
[-3, -4, 4, 5, 12, 3, 0, -1]
[2, 0, 1, -4, 13, 0, -1, -1]
[0, -3, 0, -6, -20, -4, -2, -4]
[0, 3, -4, -10, -7, -2, 2, 0]
[5, 3, -4, -5, -2, 0, -2, 0]
[-8, 3, 1, -2, 3, -1, 0, 2]
[-5, 2, 0, 1, 9, 6, 3, 3]
[2, 2, 4, 1, -3, -3, -1, 1]
[0, -8, 0, 3, -5, -3, -2, -2]
[6, 10, -2, -5, -5, 1, 0, 0]
[0, -10, -3, 5, 3, -1, 0, -1]
[11, 12, 1, -6, -1, 3, 1, -3]
[-10, -3, -5, -2, -2, -4, 3, 3]
[-3, 4, 1, -5, -10, 0, -1, 1]
[6, 12, 4, 2, -1, 0, 0, 1]
[-1, -3, 0, 3, 1, 0, -7, 3]
[4, -3, -1, -3, -3, 1, 7, -8]
[0, -10, 0, 0, -7, -4, -2, 5]
[-3, -2, -1, 5, 9, -3, 0, 0]
[-2, -6, -4, -5, 7, 2, -3, -3]
[3, 3, -2, -3, -16, -6, -2, -3]
[-6, -12, -5, -1, 0, -4, -1, -7]
[-3, 2, 0, 2, -6, 1, 14, 8]
[-3, 2, -1, 6, 4, -1, -17, -6]
[2, 4, 1, -3, -1, -1, -4, 0]
[6, -4, -1, -4, -9, -4, 0, -1]
[-5, 5, 2, 4, 21, 8, -5, -11]
[2, 2, 5, -6, -17, 2, 13, 18]
[-4, -4, -3, -2, -8, -5, 7, -1]
[3, 14, 2, 7, -10, 4, -23, 6]
[-1, -4, -6, -8, -16, -9, 14, -9]
[3, -4, -8, -4, -1, 0, -11, -1]
[0, 4, 5, 4, 1, -1, -2, 6]
[-4, -13, -9, -4, 2, 11, 39, 2]
[-2, 0, 2, 8, 3, 5, -28, -5]
[-1, 1, 2, 0, -1, -4, -1, -14]
[2, 1, 5, 0, 0, -6, 8, 20]
[-4, 0, 4, -2, 4, -12, 6, 0]
[5, 6, -2, 2, -5, 1, 0, 8]
[-2, -10, -6, -6, 0, 7, 4, -5]
[2, 1, 0, 8, 7, 6, -13, -15]
[5, 3, 2, 1, -10, -3, -10, 3]
[-3, -12, -3, -3, -6, 3, 25, -11]
[-2, -4, -5, -5, -3, -5, -4, 5]
[-6, -5, -4, -13, -10, -11, 2, -1]
[2, 7, 5, 0, 5, -3, 2, 2]
[2, -7, -6, -7, 1, -4, 14, 17]
[-6, -12, -2, 0, 10, 9, 11, -21]
[4, 4, -4, 0, -9, -5, -40, -1]
[-5, -2, -2, -1, 3, -4, -8, -2]
[1, -4, 2, -9, -27, -1, -7, 2]
[0, -1, -1, -1, 7, 6, -10, 0]
[4, 17, 2, 1, 0, -2, 17, 4]
[-4, -9, -4, -4, 8, -4, -11, -21]
[8, 2, 1, 1, 15, 7, -12, 26]
[-2, -7, 0, 7, 9, 0, 15, 4]
[-3, -3, -3, 4, 11, 1, 4, -20]
[0, -21, -10, -7, -8, -17, -18, 6]
[6, 22, 5, -3, -14, -5, -33, -8]
[1, 1, 1, 6, -10, -1, 9, 8]
[-7, -15, -2, -9, -4, -4, 7, 23]
[-6, 15, 6, 6, 4, 1, -12, -35]
[-5, -11, -3, -4, 12, 2, 14, -1]
[-4, -7, -3, -6, 3, -10, -27, -4]
[7, 7, -1, -4, 7, -1, -11, 19]
[-5, -6, 5, 2, 7, 7, 22, -13]
[3, 0, 0, 1, -8, 9, 5, -3]
[-2, 1, 0, -1, 12, 15, -1, -7]
[-7, -10, -2, 0, 6, -2, -3, -9]
[7, -5, -4, -4, -42, -4, 4, 21]
[-4, 6, 4, 2, -5, 2, 0, -8]
[-4, 5, 3, 0, 0, 5, -23, -16]
[-7, -10, -8, 1, -8, -9, -6, 9]
[14, 18, -4, 2, 4, 0, 3, 23]
[-10, -7, 1, 8, 20, 9, 17, -3]
[-12, -5, 1, 0, -2, -13, 4, -52]
[19, 10, -1, -4, 0, 3, 41, 65]
[-17, -6, 2, -3, 9, -5, -13, -26]
[-2, 0, 1, 2, 17, 6, 21, -15]
[-1, 2, -3, -4, -1, 5, 8, 11]
[2, -1, 4, 6, 4, 5, 3, -1]
[-11, -13, -9, -8, -9, 13, 14, -53]
[7, 1, 3, -3, 3, 9, -3, 16]
[-11, -24, -4, 4, 3, 15, 22, -2]
[8, 24, 10, 5, -2, 8, -28, 56]
[-10, -10, -2, -3, -8, 2, -14, 0]
[-11, -9, 5, 8, -1, 0, -12, -26]
[21, 44, 1, 3, 2, -5, -38, -70]
[-3, -17, -2, -2, -2, -8, -41, -12]
[7, 1, -11, -1, 0, -15, 15, 59]
[-9, 15, 3, 4, 9, 10, -61, -76]
[-2, -2, -5, 2, 33, -4, -4, 73]
[-21, -29, -1, 0, -37, -7, 59, -7]
[-12, -9, 5, -8, -15, -2, -44, -86]
[13, 10, -7, -11, -16, -17, -33, 28]
[2, 17, 1, 3, -12, 6, 15, -1]
[-23, -6, 3, 6, 15, -11, -5, -59]
[15, -10, -3, 15, 21, -16, -11, 15]
[6, 2, -4, -1, -2, 22, 28, 81]
[-9, -18, 4, 3, 8, 7, -19, -62]
[2, -7, -11, -11, 20, -5, -32, -37]
[18, 36, -1, 3, 26, 8, 21, 45]
[16, 0, -4, -14, -66, -18, -15, 62]
[-5, 13, 9, -12, -14, 0, 51, 57]
[-86, -75, -14, 4, -6, -3, 58, -18]
[91, 55, 19, 6, 22, 17, -64, 31]
[-77, -40, -2, -1, 24, 7, -17, -56]
[98, 64, 3, -9, -16, -1, -12, 75]
