[-60, -16, 0, 5, 19, -5, 29, -24]
[35, 17, -6, -5, -38, -1, 5, 102]
[-20, 4, 13, 9, 9, -14, -6, -57]
[-39, -47, -6, 1, -13, -1, -3, 27]
[56, 49, 7, 2, 7, -2, -23, -4]
[-16, 8, -12, -11, -11, -6, -33, -7]
[12, 26, 6, 21, 39, -5, -41, -3]
[-23, -62, 2, 10, 1, -10, -5, 11]
[17, 5, -7, -14, -47, -20, -128, 122]
[-51, -47, -11, -14, -31, -4, 119, -121]
[49, 43, 1, -7, 15, 4, 21, -45]
[-19, -5, 3, 20, 61, 19, 32, 49]
[71, 46, 14, 9, -9, -13, -19, -59]
[-25, -57, -11, 3, -38, -15, -29, 116]
[-10, -38, -13, 0, 13, 0, 127, 107]
[-9, -9, -5, 1, 4, -2, -67, -63]
[26, 20, 8, 2, 25, 11, -14, -67]
[-66, -43, -16, -8, 16, -9, -28, 20]
[61, 34, 17, 8, 16, -2, -22, -51]
[-21, 2, 4, -7, -9, 7, 28, -69]
[-41, -24, -14, -15, -27, 1, 50, 91]
[49, 24, 11, 5, 9, 3, -1, -113]
[-30, -27, -5, 4, -6, -10, -74, 67]
[38, 52, 8, -9, -14, -1, 80, 9]
[-14, 6, -9, 2, 3, 17, -33, -68]
[-11, 16, 5, 6, -14, -15, -62, -43]
[-16, -14, -3, -8, 3, 14, 25, 22]
[-25, -7, -9, -10, -27, 0, -5, 15]
[-6, 5, -8, -5, -14, -10, -9, -49]
[31, 23, 1, -1, 26, 6, 77, 26]
[19, -24, 3, 14, 21, 17, 48, -25]
[-23, -41, 13, 4, 15, 1, 22, 24]
[28, 7, -11, -3, -15, -7, 33, 31]
[-30, 17, 10, 5, 7, -8, -19, 20]
[-7, 38, -3, -2, -25, -11, -5, 12]
[-5, -14, -25, 1, 2, -5, -11, 29]
[42, 0, 21, 11, -6, -4, 7, 26]
[-17, 18, -3, -6, 1, 9, 35, 1]
[-3, -19, -4, -9, -8, -6, 24, -75]
[21, 15, -2, 2, 8, 1, -16, 97]
[-37, -20, -7, 3, 4, -4, 10, -14]
[15, 9, -3, 1, 13, 3, -53, -42]
[-35, -22, -25, -13, -28, 15, 45, 45]
[61, 7, 4, -8, -5, -8, 3, -80]
[-17, -32, 8, -4, -4, 8, -23, 27]
[-38, -34, -22, -2, 3, 9, -40, -78]
[48, -7, 20, 4, 51, 0, 87, 127]
[21, 61, 16, -10, -68, -16, -48, -93]
[-26, 17, 6, 9, -4, -4, -27, -54]
[39, 18, 17, -1, -29, -6, 18, -10]
[-14, -35, -40, -4, -11, -16, 64, 1]
[-48, -25, 9, 7, 21, 7, -13, 37]
[28, 23, 3, -5, 29, 19, 31, -67]
[-32, -29, -10, 0, 2, -6, -3, 39]
[15, 23, -5, 5, -7, 6, -28, 9]
[12, 35, 15, 11, 34, -1, 26, -20]
[15, 24, 1, 0, 1, 0, 56, 59]
[-63, -11, 3, 0, -5, -8, -71, -76]
[36, -21, 3, -1, -21, -17, -40, 60]
[-8, -12, -17, -4, 29, -5, 14, 52]
[-15, -78, -21, -27, -71, -18, -23, -90]
[14, 14, -10, -12, 18, 20, 65, 59]
[-18, 24, 12, 1, -7, -10, -52, -41]
[-63, -38, -10, 1, 5, 3, -19, 14]
[60, 7, -7, 7, 52, 8, 75, 54]
[-7, 19, -6, -7, -14, -13, -31, -16]
[3, 4, 31, -3, -11, 4, 23, -75]
[12, -18, -2, -8, -8, 1, 32, 33]
[-32, 14, 8, 2, 0, -4, 6, 28]
[-13, -33, -16, -2, -2, -9, -10, -68]
[-2, 14, -11, 5, 62, 20, -9, 53]
[-4, 15, -12, -25, -84, -26, -55, 15]
[-40, -43, 3, 9, -18, 3, 35, 1]
[17, 8, 6, -1, 8, -19, 69, 94]
[-11, -1, 1, -2, -1, 0, -51, -97]
[-8, -30, -8, 9, 12, 3, -2, 5]
[12, 26, 2, 8, 3, -3, -16, -10]
[21, -34, 3, 4, 7, -3, -14, 49]
[-11, 2, 10, 7, 1, 5, -5, -40]
[-35, -33, -46, -6, -5, -3, 17, -65]
[82, 39, 44, -10, 1, 11, 55, 98]
[-1, 18, 19, 16, 24, 19, 102, -15]
[-16, 2, -6, -5, -26, 4, 5, 0]
[13, 2, 12, 10, 39, 11, -8, -1]
[-32, -19, -35, -13, -12, -13, -49, 8]
[42, 30, 37, 11, -13, 11, 1, 9]
[-13, -27, -23, -5, 17, -8, 26, 10]
[3, 42, 6, 4, -36, 4, 21, -21]
[-22, -15, -2, 13, 76, 1, -34, -13]
[17, 40, 22, -14, -30, 1, 17, 1]
[-14, 9, -3, -6, -71, -11, -48, 6]
[18, 39, 16, 8, 14, 5, 80, -41]
[20, 23, -17, 12, 76, 3, -35, -4]
[-9, -20, -20, -2, -43, -4, -44, 3]
[-3, -1, 12, 4, 45, 9, -1, -12]
[-9, -15, -14, -14, -22, -12, 36, 52]
[11, 3, 28, -2, -34, -3, -33, -44]
[8, -15, -8, 13, 1, -2, -3, 11]
[-5, 1, -4, 1, 23, 7, 11, 1]
[21, -12, 2, -2, -5, -1, -13, 20]
[4, 23, -1, -4, -9, 6, 14, 3]
[0, -30, -11, -9, 5, 0, -18, 0]
[8, -6, 2, -1, -12, 5, 11, -50]
[2, -11, 7, 15, 28, -3, -40, 12]
[-16, 15, -6, -9, -19, -2, 14, -24]
[-10, -18, -10, -1, 8, 5, 4, -2]
[14, 4, -8, 5, -11, -11, -22, 1]
[-21, -3, 1, 0, -1, 6, -14, -12]
[-10, 5, 11, -5, -14, -3, 4, -12]
[5, -1, 13, 9, 57, 0, 12, 25]
[6, 21, 5, 10, 27, -3, -32, -37]
[-4, -7, -4, -10, -91, -18, 1, 1]
[4, -17, -28, -1, -13, -4, -20, -9]
[-6, 12, 17, -1, 16, -4, 13, -15]
[-2, 11, 0, -7, -4, 3, 3, 19]
[12, 8, 17, 7, 39, 8, -5, -13]
[-9, -9, -7, 11, -1, 6, 0, -6]
[-13, -11, -21, -10, -16, 0, -4, 2]
[9, -2, -8, -10, -5, -8, 3, 14]
[10, 11, 4, 0, 1, -1, -3, -3]
[-9, -7, -15, -9, -13, 0, 9, -3]
[-7, -4, 5, 2, 8, 8, -2, 7]
[12, 4, 21, 6, 6, 2, 5, 2]
[-3, -7, -8, -9, -31, -11, -6, -14]
[-7, -11, 14, 7, 10, -11, 8, 5]
[3, -8, -9, 1, -8, -3, -4, -3]
[-11, -25, -11, -8, -11, -4, -8, -4]
[0, -9, -5, -3, 37, 1, 2, 1]
[0, 27, -9, -14, -23, -10, 6, 7]
[8, 29, 19, 3, -28, -17, -9, 1]
[9, 9, 0, 12, 24, 3, -2, -3]
[-2, 23, -12, -22, -71, -6, -9, -3]
[1, 11, -4, -5, 24, -4, -1, -4]
[0, 8, 1, 9, -1, 0, -7, -7]
[-4, 7, 7, 8, 12, 16, 0, 3]
[1, -16, -1, 6, 3, 1, -6, -7]
[0, 28, 5, -14, -15, -17, -3, -5]
[0, 1, -6, 2, 29, 7, -2, -2]
[-4, 5, -5, -2, -2, 15, -4, -4]
[4, -8, -2, 6, 1, 13, -5, -2]
[-3, -35, 1, -9, -71, 3, -1, 5]
[-4, -46, 1, -7, 7, 5, -6, 9]
[-2, -32, 1, 5, 1, 11, -1, 3]
[1, -16, 4, -11, -4, 1, -7, -4]
[-4, -5, 2, 5, 9, -1, 1, 1]
[-3, 8, -17, 7, 43, 10, 1, 1]
[0, 7, 4, -6, -33, 5, -3, -2]
[6, 16, 5, 4, 54, 11, 2, 1]
[-2, -1, 5, 37, 77, 5, 8, 5]
[-3, 3, -7, -13, -63, -5, -1, -3]
[1, 9, -5, -15, -66, -5, -4, -1]
[6, 8, -5, -23, -2, 6, -1, -2]
[-4, -6, 1, -23, -7, -6, -3, -1]
[-1, -6, -1, 26, 36, 9, 3, 1]
[-4, -8, -1, 37, 56, -1, 3, -1]
[-7, -2, -2, -34, -68, -1, -3, -1]
[-4, -4, 14, 6, 9, 7, 2, 2]
[3, 13, -3, 24, 53, -5, 3, 3]
[-8, -8, 0, -28, -49, 4, 0, -5]
[3, 7, 0, 24, 56, -3, 0, -1]
[-7, -12, -9, -30, -24, 22, -1, -5]
[1, 1, -3, 3, -35, 5, -1, 0]
[-4, 5, -6, -17, 15, -10, 0, -1]
[-9, -2, 3, 2, 26, -3, -2, 1]
[9, 9, 11, 13, 1, 6, 2, 6]
[2, 1, -3, -31, -13, -2, -3, 3]
[2, -8, -7, 10, -55, -11, -7, -2]
[-3, -8, 1, -7, -6, -7, -2, -5]
[-11, -9, -11, 4, -4, 30, 2, -2]
[8, 9, 10, -8, 14, 17, 2, 6]
[1, 0, -1, 28, 88, 11, 4, 1]
[1, 1, 4, -2, 6, -8, 0, -2]
[-3, -4, -8, 3, -44, -22, 2, 1]
[-2, 3, 3, -11, -33, -25, -4, -2]
[-1, -4, -1, -9, 7, -17, 2, 1]
[1, -4, 1, 15, 11, -16, 2, -2]
[4, -2, 1, 31, 51, 0, 0, 1]
[-3, -1, 5, -4, -4, -7, 1, 0]
[-2, -5, -5, -11, -20, -20, -1, 1]
[3, 3, -8, -1, -8, -12, -1, -1]
[-4, 5, 2, -22, -5, -7, 1, -2]
[-4, -2, -1, 23, 5, 13, 2, -2]
[1, 5, 9, 13, 74, 4, -1, 1]
[-1, -1, 3, -15, -94, -12, -1, -1]
[-4, -6, -8, -19, 0, -12, -3, 1]
[3, 1, -7, 9, 97, 5, -2, -2]
[-2, 0, 1, -1, 44, 0, 0, -2]
[4, 0, 4, 12, 45, -2, 0, 0]
[1, 6, -3, 9, -20, 0, -3, -1]
[1, -6, -7, 1, 0, 7, 0, -2]
[-5, -3, -3, -15, -18, -6, 0, -1]
[2, 2, -4, 24, 24, 4, 0, 0]
[-3, 0, -10, -44, -82, -12, -1, -1]
[3, 3, 15, -11, 5, -2, 2, 1]
[0, 2, -2, -12, -42, -8, -1, -2]
[-8, -5, -2, -18, -13, -2, -1, -1]
[1, -1, 6, 62, 56, 12, 1, -1]
[-3, -8, -1, -14, -24, 4, 0, 3]
[1, -3, -4, -13, -22, -8, -1, -2]
[-1, 2, 2, 1, -16, -5, -3, 1]
[0, 2, 0, -1, 39, 5, -3, -2]
[-3, -7, 0, -2, -35, 4, 2, -2]
[1, 3, -4, 3, -39, -2, -3, -2]
[-1, 3, -9, -15, -27, 4, 0, -1]
[0, 4, 0, 19, 28, 5, 0, -2]
[-5, 5, -3, -12, -2, -2, 0, 2]
[0, -1, 0, 13, 33, -3, 3, 2]
[-3, 2, -2, -15, -39, -7, -4, 2]
[0, 0, 6, -7, 4, 2, 0, 2]
[1, -1, 1, 10, -4, 7, 0, -2]
[0, -2, -3, -33, -3, -3, -2, -3]
[-2, -6, 0, 13, 47, -2, 0, -3]
[0, -3, 0, -8, -13, 4, 0, 1]
[3, 1, -11, -26, -33, -2, -2, 2]
[2, 10, 6, 21, -48, -3, -1, 2]
[-10, -9, 0, 23, 52, 3, -2, -6]
[7, -5, -5, -15, -14, -2, -1, -4]
[0, 0, -1, 2, -12, 3, 0, 1]
[-2, -3, -4, -4, 18, -1, -1, -1]
[-5, -4, -6, -16, -21, -8, 0, -1]
[1, -2, 6, 6, 2, 1, -3, -1]
[0, 1, 8, 12, 8, 3, 1, 2]
[2, -1, -1, -2, -14, -3, 0, 3]
[1, -1, -2, -3, 5, 2, -1, -1]
[-3, -2, -3, 2, -9, 0, -1, -5]
[3, 2, 3, 11, 75, 10, 1, -1]
[1, 5, 0, 13, -36, 0, -5, 2]
[0, 4, -5, 3, 4, -7, -1, 0]
[-3, 0, -7, -18, 10, -1, -3, 2]
[-2, -8, -3, 4, -6, -3, 1, 0]
[1, -4, 1, 15, 48, 3, 3, -1]
[3, -1, 3, -4, -31, -4, -3, -3]
[-1, 3, 3, 1, -13, -1, -2, -1]
[-2, 2, 2, 2, 11, 4, 2, -1]
[-5, -5, -2, -23, -39, -7, 1, -3]
[-2, 0, -6, -4, 11, -1, 0, 0]
[-3, -1, -5, -14, -25, -3, -1, 1]
[-5, -2, -12, -14, -54, -7, -5, 0]
[0, -1, 7, 17, 15, 7, 0, 1]
[0, -5, 2, 10, 16, 1, -2, -1]
[5, -4, 4, 2, 13, -1, -2, 3]
[0, 0, 0, 7, 21, 8, -1, 0]
[4, 6, -4, -17, 7, -1, 0, -6]
[5, 5, 6, -3, -18, -1, 0, -5]
[-3, 2, 5, 0, 12, -1, 1, -1]
[3, 1, 2, 15, 6, 3, 2, 5]
[-14, -10, -9, -33, -51, -8, -4, 1]
[1, 1, -1, 17, 32, 1, -4, 0]
[3, 0, 1, 24, 6, 6, -1, -3]
[1, -2, 3, -6, 16, 1, 1, -1]
[-1, -2, -3, -3, -26, -6, -2, -1]
[-2, -1, -1, -11, 14, 2, 5, 3]
[0, -4, -2, -14, -18, -6, 1, 1]
[1, -2, -2, 8, -14, -5, 0, -2]
[3, -5, -4, -3, 5, 0, -1, -2]
[2, 3, 2, 8, 14, 5, -2, -1]
[-4, 4, -4, -5, -2, -6, -4, -2]
[-1, -6, -2, -20, -23, -7, -3, -1]
[1, 3, -2, 21, 19, 1, 1, 1]
[1, 4, 3, -6, -12, -6, -3, -1]
[-3, -3, -2, 8, 14, 2, 2, -3]
[2, 4, 1, -6, 14, -2, 1, -2]
[1, -4, 3, 18, 29, 3, 3, -1]
[0, -5, -11, -20, -19, -4, 1, -2]
[1, 1, 5, -3, 5, 2, -3, 3]
[-2, -1, 0, 2, -21, 1, -2, 2]
[1, -1, -4, -1, 9, 1, -4, 2]
[-5, -1, -1, 6, -3, -4, -3, 0]
[-2, 0, -9, -14, -22, -6, 0, -3]
[-3, -1, -1, 5, 6, 2, 4, -1]
[-1, -3, 5, 4, 15, 1, -1, 2]
[-2, -1, 4, 14, 39, 3, 0, -3]
[-4, -3, -5, -22, -61, -4, -2, -2]
[1, 2, -6, -9, -4, -1, 1, -1]
[2, 8, 3, -4, 7, -1, 1, -3]
[-2, -2, 0, -8, -22, -6, -2, -1]
[1, -1, 0, 7, 30, 5, 0, 0]
[1, -2, 2, 3, -5, 4, -1, 2]
[3, -2, 3, -2, 15, 2, -1, 2]
[-7, -7, -9, -20, -43, -13, -4, -3]
[0, -2, 0, 23, -11, -6, -5, -1]
[5, 12, 0, 5, 18, 2, -1, 2]
[-2, 0, -6, -17, -40, -9, -2, -3]
[0, 0, -4, 6, 19, 4, 0, -2]
[4, -2, -1, -9, 1, -2, 2, 0]
[0, -1, 0, 6, 0, 2, 0, -1]
[-1, 1, 0, -7, 10, 2, 1, -1]
[-9, -3, 2, 13, 1, 2, -2, -3]
[3, 3, -1, -6, 8, 4, 4, 1]
[0, -1, 2, -6, 9, -5, -2, 1]
[-2, 0, 3, 7, 15, 1, 5, -1]
[-1, -2, -1, -5, -26, -4, -2, 2]
[-6, -6, -1, 3, 0, 6, -1, -2]
[2, -5, 0, 1, 2, 4, 1, -1]
[5, 0, 3, 11, 13, 3, -4, 0]
[0, 4, -2, -1, 26, 3, -2, -3]
[-1, -1, -2, -14, -30, -5, -1, 0]
[-1, 2, 0, -8, -17, -1, 1, 3]
[-3, -3, -9, 5, -13, -6, -3, -1]
[1, 5, 0, 12, 9, 1, 3, -2]
[0, 3, 1, 8, 11, -1, -2, 0]
[2, 0, 3, 9, 8, -1, -2, -1]
[1, -4, 2, -11, 2, 4, 2, -1]
[3, -3, -6, 4, -1, 2, -2, 0]
[-4, 0, -4, -6, 44, 2, -1, -2]
[-3, 4, 2, 10, -28, -5, -1, -1]
[0, 0, -2, -7, -5, 2, -1, 0]
[0, -6, -3, -12, -20, -3, -1, -1]
[-2, 4, -1, 0, -8, -5, -1, 2]
[-1, -2, -1, 4, 24, 5, 0, -1]
[-2, -5, -4, 3, 12, 2, 0, -2]
[-2, -3, -2, 2, -48, -5, 0, -3]
[0, 0, 3, -5, 25, 2, 1, 1]
[-5, -4, -8, -11, -41, -9, -4, -2]
[-2, 0, -4, -2, 0, 2, -3, 2]
[2, 1, 2, -6, 3, -3, -4, 0]
[2, -6, 3, 7, 4, -2, 0, -3]
[2, 3, 5, -3, 5, 6, 3, 0]
[1, -3, 1, 10, 2, -1, -1, -2]
[-1, 2, -3, 4, 4, -7, -3, 0]
[-2, 3, -5, 7, -1, 1, -1, -2]
[0, -7, -2, -13, 6, -1, -1, 1]
[-3, 3, 0, -3, -3, 3, -2, 0]
[-2, 0, 4, 8, 27, 4, -1, -1]
[-1, 4, 3, 4, -14, -1, -1, -1]
[3, -1, 1, 14, 20, 5, 1, 1]
[1, -3, -6, 2, 11, -2, -1, -2]
[-1, -4, -6, -11, -32, -2, -1, -1]
[-2, 1, 6, 21, 37, 6, 4, -1]
[-6, 0, 3, -15, -55, -7, 0, -2]
[-3, 0, 1, 3, 12, -2, -1, -4]
[-4, -2, 5, -8, 3, -1, 1, -1]
[2, -6, -4, -6, -8, -4, -2, 1]
[1, -4, -3, 8, 20, 6, -2, 0]
[2, 4, -4, -8, -12, -5, 2, -1]
[0, 3, -6, -1, -3, -4, 4, 0]
[1, 1, -1, 1, 9, -1, 3, 0]
[3, -4, 4, 2, 17, -1, 1, 1]
[-3, 0, 2, -3, -12, 2, -2, 2]
[0, -1, 3, 1, 19, 0, -3, -1]
[-1, -1, -2, -10, -29, -12, -9, 0]
[-3, 3, -5, -7, 6, 1, 0, -1]
[-6, -7, 4, 4, -5, 3, 1, 1]
[1, -4, 5, 12, 7, 3, -3, -1]
[2, -2, -4, -2, 4, 5, -3, 0]
[4, -1, -2, -6, -20, -2, -3, -2]
[6, 2, -3, 6, 24, -4, -2, 0]
[-4, 4, 1, -1, -3, -3, 3, 1]
[-5, -1, -1, -6, -9, -7, -1, -3]
[-1, -4, -2, 7, 21, 5, 4, 0]
[1, 4, -1, 9, 36, 9, 2, -2]
[-5, -5, -5, -5, -14, -3, -1, -1]
[1, 8, 0, -5, -14, -1, -3, -1]
[-4, 3, 6, 0, -8, -3, -2, 0]
[7, -5, 1, -4, -13, -6, -2, -2]
[4, 1, -3, 6, 20, 4, 2, 1]
[-6, -6, -5, -4, 0, -7, 1, -5]
[-1, -1, 1, 1, 7, 5, 3, -2]
[-5, 0, 2, -2, -9, 3, 0, 4]
[0, -3, -3, 1, 6, -5, -7, 0]
[-1, -4, -2, -9, -14, -3, -5, 1]
[2, 2, -1, 6, 7, -5, -4, -1]
[3, -3, -2, -6, -12, -6, -2, -1]
[-4, -3, -2, -5, -22, -1, 9, 8]
[5, 0, -1, -4, -3, -4, -25, -10]
[9, 0, -2, 4, 12, 0, 4, 1]
[1, 3, -1, -7, -22, 0, -7, 3]
[2, 2, -2, -5, 0, 0, 22, -9]
[-4, -5, 0, 8, 14, 7, 9, 8]
[-4, -1, -2, 4, 0, 4, 0, -9]
[6, 3, 3, -1, -1, 1, -2, 10]
[-4, -1, 1, -9, -12, -4, -13, -2]
[-4, 3, 4, 2, -3, -5, 1, 0]
[6, 0, -5, -11, -1, -4, 4, 7]
[-4, -5, -3, -3, -1, -4, 4, -4]
[-3, 1, -2, 5, 12, -3, -7, -3]
[-2, 1, -1, -2, 0, 3, 5, -4]
[-7, 1, 4, 8, 7, 7, 0, -1]
[1, 6, 0, -9, -17, 1, 16, -1]
[-4, -3, -1, 7, 6, -4, -11, -4]
[-1, -2, -4, -8, -18, -2, 6, -2]
[1, -1, 2, -2, -4, 0, -14, 0]
[1, -3, -1, 2, 15, 2, 3, 4]
[-2, -7, -3, -11, -18, -3, -12, -4]
[2, -2, 4, 8, -9, -6, 22, 3]
[2, -2, -4, 3, 21, 4, 2, 6]
[-2, 5, 6, 7, -18, 0, 1, -1]
[-2, 2, -5, -5, -9, -2, -1, 1]
[1, -3, -5, 1, -4, 4, -2, -5]
[-2, -2, 3, 9, 11, -2, -6, -1]
[-6, -5, -4, -3, 1, 3, -3, -5]
[3, -2, 0, 1, 0, -8, 6, 2]
[-2, -1, 0, -2, -5, 0, -3, 1]
[6, 1, -3, 2, 8, -2, 0, -6]
[-11, 7, 0, 1, -7, -3, -1, 3]
[-6, -8, 0, -7, -5, -6, -31, -4]
[0, -2, -1, -2, 0, -5, 20, -4]
[7, 10, 9, 5, -1, 8, -19, -19]
[9, 0, -1, -10, 4, -4, -8, -3]
[0, 0, -4, -2, -20, -2, 8, 4]
[-5, -9, -3, -2, 2, -6, -6, 0]
[-3, 3, -3, -5, -7, -1, 8, 18]
[-5, -1, 1, 6, 1, -1, -1, -13]
[5, 2, 3, 0, 11, 8, 4, 3]
[-1, 3, 2, 1, 2, -3, -17, 13]
[0, -9, -1, -4, 7, 6, 27, 7]
[2, 2, 3, 3, 20, 9, 6, 5]
[4, 1, -1, -1, 1, -3, -10, 15]
[-8, -4, -2, 7, -1, -13, 1, -46]
[4, 3, -2, -4, 0, -4, -31, -3]
[-2, -3, -3, -4, 2, -5, -5, -2]
[-9, 12, 6, -1, -19, -4, 2, -14]
[7, 5, 3, -4, -7, 10, 21, 11]
[0, -2, 5, -6, -9, -3, 4, 17]
[1, -2, -2, -3, -6, -13, -4, 28]
[7, 2, 0, -1, -4, 3, 18, -24]
[-4, -5, -4, -4, 0, -3, 12, 20]
[-14, -7, -7, -5, -3, 1, -28, -28]
[0, -3, -7, 16, 19, 6, -10, -8]
[9, 3, 6, -3, 10, 1, 6, 9]
[-6, -2, 7, 3, 5, -3, -12, -12]
[2, 1, 6, -1, 12, 1, 42, 64]
[-6, -4, 2, 3, 9, -7, -53, -54]
[-1, -10, -6, 1, -1, -8, 23, 30]
[8, 1, -4, -2, 8, 9, 65, 56]
[0, 7, -5, -4, -7, -2, -42, -49]
[0, -4, -2, -8, -46, 0, 11, 56]
[-16, -27, -13, -2, -1, 1, -16, -89]
[-1, -6, 7, 0, 18, 13, 18, 52]
[0, 10, 2, -12, -45, 1, 20, -13]
[22, 16, 1, -1, 12, 6, 23, 56]
[-1, 13, -1, 4, 3, -1, -29, -82]
[-5, 2, 0, 9, 6, -9, -31, 2]
[-10, -10, -2, 7, 6, -4, 4, 0]
[-6, -13, -6, -6, 14, 0, -16, -26]
[-4, -4, 5, 4, 2, 8, 44, 29]
[15, 8, -1, -3, -2, 5, -39, -31]
[-9, -3, -2, 1, 2, -1, 2, -54]
[10, -6, 2, 1, 0, 4, 11, 8]
[12, 5, -1, -11, 10, -3, -1, 8]
[-7, 11, 5, -3, -16, -9, 5, -8]
[0, -12, -2, -1, 8, 8, -24, 0]
[-16, 2, 11, 7, 11, 5, -13, -45]
[16, -20, -4, 2, -5, -8, 20, 122]
[1, 14, 3, 0, -9, 4, 28, -45]
[-12, -42, -12, 5, 18, 11, 33, 39]
[21, 38, 4, 10, 25, -2, -12, 4]
[-24, 10, 7, 15, 44, 3, -48, -9]
[28, 16, 1, -6, -57, -17, 23, -42]
[-19, -5, -6, -18, -12, 1, -37, -37]
[10, 19, 5, -4, -5, 7, -15, 1]
[-9, -12, -7, 0, -5, -16, 22, 77]
[1, 14, 7, -5, 18, 0, -10, -19]
[17, -12, -3, 8, 4, 5, 1, -28]
[-7, 10, -6, 1, 3, -8, 11, 2]
[-13, -24, -19, -9, -2, 2, 27, 30]
