[-9, -2, 2, 8, 1, 7, -48, -24]
[-25, -19, -3, -1, -2, -3, -1, 34]
[9, 7, 4, -2, 10, -6, 101, 56]
[11, -12, -6, -7, -13, -8, -58, -28]
[-1, 1, -5, -10, 4, -8, -25, -49]
[-10, 1, 5, 11, 4, -3, 16, 17]
[-10, -24, -13, -9, -3, 5, 65, -33]
[1, 27, 15, -14, -90, -11, -40, 28]
[-43, -61, -27, -17, 17, 1, 13, -41]
[61, 58, 16, 8, 2, -1, 33, 63]
[-38, -43, -9, -4, -5, 5, -10, -84]
[44, 52, 12, -1, 17, 8, 18, -7]
[-5, -38, -12, -3, -1, -3, -24, 28]
[-28, -30, -1, 6, 32, 25, 24, 106]
[35, 50, 7, 6, 0, 2, -55, -75]
[-46, -28, -7, -9, -14, -19, -106, -128]
[64, 49, 3, 0, -1, -12, -2, 118]
[2, -8, -3, -4, -11, -15, 14, -118]
[11, -11, 6, 5, -4, 15, -31, 39]
[-35, -25, -9, -8, -2, -21, -18, -101]
[-29, -29, -4, 11, -11, 5, 11, 14]
[30, 51, 20, 6, 13, 7, 3, 115]
[1, -12, -16, -12, -46, -12, 16, -49]
[10, -1, 1, 4, 25, 0, 39, 68]
[-19, 35, -9, -1, 0, 3, -32, -89]
[-6, 34, 7, 4, 18, 0, 48, -31]
[16, -7, 4, -1, 15, 4, -47, 36]
[-51, -51, -14, 12, -11, 13, 38, -48]
[59, 34, -9, -7, -18, -20, 26, 41]
[23, 18, 14, -6, -19, 3, 8, -18]
[-18, -9, -4, 0, 28, -3, -13, 121]
[1, 40, 16, 4, 7, -2, -49, -52]
[21, 19, 11, 9, 17, 20, 40, 105]
[-37, -20, -13, 4, -7, -6, -14, -20]
[39, -35, -5, -18, -14, -9, -14, 55]
[20, -10, 1, 7, 43, 19, -32, -2]
[-20, -58, -12, -6, -20, 9, 33, 10]
[-5, 3, -7, -10, -5, -5, 42, 51]
[-30, 38, 16, 11, -2, 13, -55, -56]
[43, 18, -34, 10, 3, 0, -2, 28]
[35, 27, 47, -6, 21, 17, 55, 38]
[-2, 67, 19, 15, 15, -2, -28, -61]
[-61, -16, -18, -18, -32, -20, -95, -83]
[44, 38, 19, 14, 15, 7, 53, 16]
[-26, -19, -12, 13, 7, -8, -50, -21]
[22, -15, -8, -2, -10, 9, 54, 77]
[-44, 31, 21, 6, -1, -11, -25, -96]
[-1, -7, -15, -20, -15, -6, -42, 32]
[-13, -16, 7, 17, 20, 11, 16, 44]
[-33, -17, -8, -11, -11, -24, -80, -90]
[-49, -9, -6, 5, -22, -7, 73, 57]
[61, 0, 8, -5, -7, 10, 29, 57]
[-39, -39, -11, -12, -8, -7, 31, 77]
[13, -21, 1, 4, 41, -15, -84, -128]
[14, -7, -19, -25, -63, -5, 124, 113]
[-21, -16, -1, 2, -9, -2, 66, 26]
[-8, 0, 17, 8, -1, 6, -36, -128]
[-45, -31, -15, 3, 3, 10, 3, 74]
[54, -8, 3, -1, 6, -14, -81, -113]
[-8, 3, 27, 8, 6, 7, 22, 55]
[30, 14, -21, -17, -2, -6, -6, 25]
[-1, -16, 0, 0, -20, 4, -11, -5]
[7, 14, -5, 6, 17, 4, -12, 19]
[-48, -39, -10, -11, -21, -13, 6, -29]
[-18, -10, 3, 1, 16, 4, 5, 39]
[44, 27, 2, -5, -8, 3, 52, 119]
[33, 53, 14, 4, 17, 18, 21, -41]
[-37, 6, -15, -11, -22, -5, 11, -96]
[-27, 5, -4, -5, 8, -1, -96, -78]
[7, -62, -19, 4, -16, 10, 61, 51]
[24, 46, 8, 17, 65, 3, 103, 110]
[41, 40, 23, -15, -70, -25, 10, 57]
[-40, -15, -30, -1, 19, 5, 1, -38]
[61, 48, 37, 1, -17, 1, 12, -62]
[-26, -32, -9, 7, 42, 9, 25, 5]
[20, 10, 0, 4, 42, 14, -31, 91]
[13, 9, -3, 2, -42, 15, 119, 108]
[-43, -17, -10, -6, -20, -13, -14, 6]
[-17, -49, -8, -2, -21, 11, 0, -17]
[-21, -37, 0, -7, 17, 8, 15, 5]
[55, 56, 26, 18, 24, 5, -11, -6]
[8, -22, -15, -12, 37, 2, 9, 50]
[-10, -19, -11, 4, -8, -7, -6, 28]
[-34, -19, -16, -1, 39, 3, -4, -24]
[10, 19, 7, -8, -69, -12, 18, -24]
[-7, 22, 3, 0, -2, -13, -31, 16]
[13, 30, 20, -12, -20, -10, -17, -54]
[17, -30, -27, 11, 13, 4, -16, -12]
[-33, 23, 41, 13, 35, 15, 60, 63]
[0, 1, -16, 1, -6, 8, 10, -48]
[33, -32, 10, 4, -17, -13, -27, 29]
[8, 20, 12, 17, 47, 25, 91, 37]
[-6, -1, -9, -12, -27, -11, -40, -86]
[-21, -30, -15, -6, 0, -15, -5, -57]
[-29, -31, -11, 5, 5, 4, -12, 38]
[38, 15, 5, -7, -20, 5, 10, -7]
[-5, -32, -15, 2, 30, 5, -46, -29]
[4, 13, 10, 1, 12, -4, -42, -25]
[-3, 0, -11, -8, -19, 1, 24, 41]
[-6, -24, -12, 3, -9, -17, -60, -66]
[10, 17, 19, -3, -7, -4, -37, -26]
[-47, -25, -6, -15, -23, -5, -6, -49]
[52, 10, -11, -6, -3, -15, -44, 23]
[-7, 7, 15, -7, -4, -1, -5, -47]
[-6, -10, -5, 6, 38, 4, -5, -8]
[11, 25, 0, 10, -6, -4, -16, -5]
[-20, 0, 8, 3, -12, -4, -13, -4]
[6, 24, -4, -3, 2, -13, 8, 33]
[-8, -27, -14, -4, 5, 3, 1, -12]
[32, 24, 16, 15, 11, 10, -2, 35]
[-1, 4, -5, -2, 16, 0, 13, 1]
[-18, 3, 1, -5, -51, -12, -22, -72]
[8, -8, 10, 8, 9, -10, 21, 87]
[-4, -15, -10, 3, 28, 17, 49, 6]
[-14, -17, -17, -12, -8, -9, 5, -28]
[7, 42, 17, -4, 7, 3, -8, -6]
[6, 8, 11, -16, -55, -6, -13, 1]
[4, -4, -9, 6, -24, 0, -12, -9]
[-11, -5, 4, 11, 5, 6, 12, -7]
[5, 24, 8, -5, 12, 5, 14, 44]
[-1, -2, -1, 8, 10, 1, -11, -26]
[3, 1, -3, -13, -5, -7, 5, 4]
[-1, -2, 11, 0, -3, -8, -5, -67]
[-10, -19, -30, 3, -5, 5, 19, 19]
[-3, 8, 4, 7, 26, 3, -6, -24]
[-4, 0, 4, -4, -9, -11, -14, -13]
[-13, -9, -9, -1, -12, -2, 20, 15]
[-9, -6, 3, -7, -9, -3, -1, -1]
[13, -5, -14, -4, -3, -1, -1, -12]
[0, 0, -1, -2, 2, -8, 1, 20]
[4, -1, 12, -3, -5, -20, -3, 0]
[-1, -19, 1, 2, 2, -8, 1, 12]
[-6, -43, -52, -7, 12, -8, -14, -4]
[6, 11, 56, 6, 5, 5, -7, 3]
[-12, -9, -15, -1, 3, 3, -1, 2]
[-13, -11, 24, 10, 9, 4, 5, -4]
[9, 39, -1, 6, 8, 1, 0, 1]
[8, -22, -14, -5, 2, -2, -6, -8]
[19, 83, 0, -3, -11, 9, -3, -3]
[10, 63, -6, 0, -9, -6, -5, 10]
[-1, -17, -2, -7, -24, 3, -6, -8]
[-18, -54, -13, 1, -5, 19, -6, 4]
[2, -32, 16, 1, 21, -5, -2, 4]
[-5, 28, -5, 3, 31, 5, -3, 3]
[-5, 65, 0, -15, -79, 7, -5, -3]
[-8, 33, -4, -7, 7, 12, -3, -4]
[-9, -26, -11, 15, 0, -7, -1, 3]
[-4, -42, -3, 2, 26, -12, -2, 1]
[2, -37, 5, 5, 10, 2, -3, -3]
[1, -49, -1, -5, -26, -3, -2, 3]
[-6, -50, -5, 0, -8, -9, -5, -2]
[0, -80, -1, 1, 2, -7, -1, 5]
[-1, -20, 8, 4, 37, 7, 4, 2]
[1, 41, -14, -9, -15, 2, -2, -2]
[-5, 68, 6, -6, 10, -9, 4, -1]
[-5, 41, 0, -7, -30, -9, -2, -4]
[3, 6, -2, -7, 23, 8, -1, 2]
[1, 30, -19, 13, 17, 10, -1, -2]
[4, 10, 13, -5, 15, 4, 1, -2]
[-1, 2, -6, -5, 12, 2, 0, 3]
[0, -17, 2, -7, -69, -5, -1, 2]
[-3, -6, 3, 0, 23, 2, -1, 1]
[-6, -24, -10, -33, -58, -7, -2, -5]
[1, -8, 3, 18, 31, 7, 3, 0]
[2, 10, 20, 36, 86, 20, 2, 1]
[-3, -6, -18, -5, 1, 16, -6, -3]
[-4, -15, -3, -11, -28, 8, -3, -2]
[-4, 3, 1, -10, -94, -6, 1, 2]
[-1, -8, -6, -9, 34, 1, 6, 1]
[4, -2, 11, 5, -13, -5, 3, 2]
[-9, -9, -10, -29, -27, 0, -4, -3]
[-1, 10, -2, 9, 32, 15, -3, -1]
[-1, -3, 4, 27, 54, 15, 2, 0]
[-7, 4, -9, -53, -74, 14, -1, -1]
[-1, 4, 5, 45, -9, 8, 0, -1]
[1, -10, 4, 16, 15, -14, 0, -4]
[-6, -17, -20, -28, -24, -35, -6, -4]
[3, 7, 1, -3, -21, -26, -4, -2]
[-2, 1, 10, -13, 1, 0, 7, 1]
[-8, -12, -9, -45, -117, 22, -13, -3]
[-1, 4, -1, 43, 116, 21, 0, 2]
[-1, -3, 4, 3, 9, -8, -2, -3]
[-2, -1, 3, 27, 29, 7, -6, -5]
[3, 0, -2, 10, 19, 0, 3, -1]
[4, -1, -5, -25, -23, -15, -2, 0]
[-6, -11, -4, -8, -5, -24, -7, -5]
[-3, -8, -9, -27, 3, -17, -3, 2]
[3, 11, 10, 45, 23, -8, 2, 1]
[-6, 4, 2, 10, 33, -6, 0, -1]
[4, 13, 9, 20, 14, -8, 8, 3]
[-6, -9, -3, 6, -33, -20, -2, -2]
[0, -11, -6, -28, 29, -14, 0, 3]
[0, -3, -4, -26, -108, -14, -6, -6]
[4, 3, 7, 17, 78, 3, 4, 2]
[1, -6, -7, -8, 57, -5, 1, 1]
[0, -3, -1, 16, 46, 10, 1, 0]
[10, 13, 3, -32, -2, 4, -2, 1]
[-5, -6, 0, 21, 61, 5, -1, -2]
[3, 6, -8, 10, -1, 10, -2, -2]
[-2, 1, 3, -10, -18, -9, 1, 1]
[-3, -2, 4, 12, 50, -6, 5, 1]
[6, 5, 4, -6, 26, -3, 2, -1]
[-2, -1, 1, -23, -45, -8, 0, 2]
[1, 0, -3, 29, 29, 8, 0, 0]
[0, 3, 3, -38, -81, -3, -3, -1]
[-2, 1, 7, 21, -23, -4, 0, -1]
[-6, -3, -2, 11, -35, 5, -1, -3]
[-4, 4, -4, -28, -43, 16, 2, 2]
[1, -1, -5, 2, -19, -2, 1, 0]
[-1, -8, -5, 15, -22, -3, -5, -4]
[-3, -1, 0, -23, -9, -3, -5, -2]
[8, 3, -6, -9, -17, -8, -4, -5]
[1, -16, 1, 17, -34, 4, 2, 2]
[1, 10, 1, -7, -9, 0, 7, 4]
[1, 0, 2, 1, 25, 2, 1, 0]
[-6, 0, 1, 0, 33, 0, -2, 0]
[1, 0, -2, -3, -18, 9, 3, -2]
[8, 2, 0, -18, -26, 0, 0, -2]
[-6, -5, -16, 9, 56, 8, 2, -1]
[4, 5, 21, 6, 9, -2, 1, -2]
[-1, -8, -3, 5, -2, -4, -3, 0]
[-5, -4, -4, 0, -10, -5, -5, 0]
[5, 4, 4, -5, 24, 4, 0, 3]
[-5, -6, -10, -21, -6, -6, -2, 1]
[-2, 1, -2, 19, -11, 1, 4, 0]
[-2, -6, -3, -15, -30, -5, -2, -2]
[-3, -2, -2, 4, 10, 0, -2, -4]
[-3, -1, 1, 10, 12, 6, 1, 1]
[-1, 0, 4, 11, 8, -3, -1, 0]
[-1, 0, 3, -17, 8, -4, -4, 2]
[2, 0, 2, 15, -12, 0, -4, -1]
[0, 4, 3, -14, -57, -4, -3, -1]
[-3, -7, -2, 6, 47, 4, 1, -2]
[-1, -6, -3, 6, 12, 0, -1, -1]
[10, 8, 0, -18, -15, -2, -2, 0]
[0, 4, -1, 4, -20, 3, -1, -2]
[4, 4, 0, -5, 15, 3, 0, 0]
[-13, -11, -3, 13, 36, -1, 1, -4]
[-4, -5, -2, 4, -21, 0, 1, 2]
[-1, 3, -3, -3, 11, 2, -3, -1]
[-1, 1, 7, 16, 1, -3, -2, 3]
[8, 13, -8, -38, -79, -9, -2, 3]
[-7, -6, -2, 18, -8, -6, -1, -2]
[-2, -1, -1, 4, 22, -1, -1, -1]
[1, 3, 1, -29, -1, 0, 0, -1]
[-1, -7, 4, 20, 24, -1, -3, -2]
[-3, -5, -3, 14, 3, -6, -3, -6]
[-2, -4, 0, -2, -4, 0, 1, 1]
[-2, 2, 3, 21, -2, 1, 1, -1]
[3, 2, -3, -10, 10, 2, 1, 3]
[-1, 2, 3, -9, 4, 0, 2, -2]
[-2, -7, -5, 4, -16, 2, -1, -1]
[0, -1, -1, -1, -20, -1, -2, -1]
[-1, 0, -2, 6, -7, 3, -1, -1]
[-1, 2, 2, 6, 4, 1, -3, 1]
[7, 9, 7, -5, 15, 2, 4, -1]
[0, -1, -8, -12, -14, -7, -2, -2]
[-4, 1, 1, -5, 21, 11, 0, -4]
[-1, 1, -1, -1, -3, -3, -3, -5]
[-5, -9, -10, -11, -6, -5, -4, -1]
[4, 5, 3, 4, 21, 6, 1, 2]
[-7, -8, 8, 15, 25, 2, 2, -1]
[5, 4, 0, -20, -20, -2, -1, 1]
[-4, -5, -10, -10, -36, -4, -1, -4]
[3, 1, 1, -10, -10, 3, 1, -1]
[-1, -1, 1, 22, 30, 6, 1, 1]
[-2, -2, 2, 6, 11, 0, -2, 1]
[-1, 0, 0, 6, 23, 0, 0, 2]
[-3, -4, -1, -13, -19, -3, 0, -2]
[3, -3, -7, 5, 3, 0, 4, 1]
[0, 2, 2, -5, -22, -6, 1, -2]
[-5, -3, -2, 10, 26, -3, -3, -1]
[5, 3, -2, -13, -23, -3, -3, -2]
[6, 7, 4, 3, 1, 0, -3, 0]
[-3, -5, -3, 2, -12, 3, 0, -2]
[-1, -4, -5, -11, 21, -2, -3, 1]
[-6, 0, 5, 21, 38, 7, 3, 4]
[-2, -12, -2, -23, -32, -4, 2, 3]
[-2, -2, 0, 17, 21, -3, 0, 2]
[1, 1, -2, -4, -7, 1, -2, -3]
[2, -5, -3, 3, -1, 2, -5, -2]
[2, 7, 0, 9, 18, 9, -3, -1]
[-2, 2, 6, -16, -14, 4, 2, 2]
[-2, 0, 1, -13, -10, -14, -2, -3]
[0, 0, 0, 8, 11, 2, 1, 0]
[1, 0, -3, 6, -13, -1, 0, 0]
[-5, -10, -5, -8, 0, -3, 0, -3]
[7, 11, 2, 1, 22, 4, 0, 1]
[1, 1, -1, -5, -27, 0, 1, 0]
[-5, 0, -5, -5, -40, -5, -1, -2]
[3, 1, -5, 4, 10, 1, 2, -2]
[-2, -7, -2, -11, -5, 1, -2, -1]
[-3, -1, 2, 13, 48, 7, 2, 6]
[4, 6, 11, 7, 24, -1, 0, 2]
[-2, -1, -2, -3, -17, -5, 0, 1]
[7, 3, -1, 10, -6, 1, -1, -1]
[-6, -3, -2, -20, -28, -3, -2, -2]
[5, -4, -2, 13, 38, 4, -1, -3]
[-6, 1, -5, -11, -2, -1, -5, -4]
[-4, -3, 1, 16, -25, -3, 0, 2]
[-4, -1, -6, -15, -25, -6, -2, 0]
[3, 2, -3, -19, -25, -2, 2, -2]
[2, -1, 2, 15, 31, 5, 3, -2]
[-1, -6, 4, -7, -12, 3, 0, -1]
[1, 3, 10, 34, 32, 1, 0, -2]
[-3, -1, -4, -19, -18, -5, -1, 0]
[0, -6, -7, -10, -11, -1, -5, 2]
[6, 10, -1, 0, -6, 2, 0, 3]
[3, -6, -2, 2, 6, 1, 3, 1]
[1, 3, 0, 7, 23, 0, -1, -2]
[5, 3, 2, 4, -1, -6, 2, -2]
[-4, 0, 1, -33, -66, -13, -3, -2]
[1, 3, 3, 21, 25, 5, 0, 0]
[-6, -3, -6, -2, -15, -1, 0, 1]
[-2, -7, -3, 2, 17, -1, -1, 0]
[-3, -4, -1, 19, 29, 1, 1, -2]
[1, 3, 2, -10, 1, 0, -2, -1]
[-5, -2, 6, 14, 0, 7, -2, -1]
[-1, 2, 1, -1, -8, -2, -7, -2]
[-1, -9, -6, -10, -12, -3, 2, -1]
[6, 9, 4, -9, 8, 1, 1, 2]
[0, 2, 5, 26, 19, 2, 3, 0]
[-5, 4, 0, -16, -21, -6, 0, -1]
[-2, -4, -1, 3, -13, -3, 0, -2]
[1, 1, -9, 3, 7, 2, 1, 0]
[-9, -10, -7, -5, -3, 3, 0, 1]
[4, 19, 10, 2, 9, 0, -2, 0]
[2, -5, 0, 6, 13, 1, -6, -2]
[0, -2, 1, -5, -15, -1, 0, 0]
[0, -2, -3, -7, 10, -1, 1, 1]
[-3, -16, -7, 3, -13, -2, 1, 2]
[-3, 6, -1, 15, 34, 3, 2, 3]
[1, 0, -4, -18, -13, 1, 0, 2]
[-1, -2, -1, 4, 5, -2, 0, -5]
[1, 0, 1, 4, -10, 1, 2, -3]
[2, 3, 4, -3, -20, 2, 2, -2]
[-3, -4, -6, 0, 21, -2, -3, -2]
[0, -3, -1, 2, 12, -1, -3, -1]
[2, 0, 0, -5, -30, -4, -3, 0]
[-3, -9, -6, -2, 15, -1, 1, -1]
[-6, -1, -1, -8, -13, -3, 1, -1]
[1, 3, 2, 0, -7, -1, -2, 2]
[-4, 2, 2, 3, -7, -5, -3, 0]
[1, 6, 2, 1, 19, 4, -1, -1]
[-1, -8, 1, 2, -1, -4, -4, -1]
[5, -3, -6, -32, -27, -3, -4, -4]
[-1, -5, 3, 14, 24, 4, 1, -1]
[3, 14, 4, -1, -11, -5, 0, 2]
[-1, 1, -5, 3, -3, -1, 3, 2]
[-4, -5, -8, 10, 7, 1, 0, 0]
[-12, -8, -11, -15, -15, -5, -2, 1]
[1, 3, -1, 7, 3, 2, 1, 5]
[8, 8, 10, 1, 5, 2, 0, 1]
[0, 2, 0, -7, -16, -4, -3, -3]
[-1, -3, 5, 4, 8, 3, 0, -2]
[-3, -7, -4, -4, -8, 1, -5, -1]
[-5, -1, -1, 4, 1, 4, -1, -1]
[-1, -1, 2, -3, -5, 1, -8, 4]
[-3, 1, -3, -12, -27, -3, 0, -2]
[-4, -2, 1, 6, 24, -5, -1, -2]
[-3, -5, -4, 1, 19, -2, -3, -4]
[2, -1, 1, -3, -14, 1, 5, 0]
[2, -1, -4, -7, -25, -11, 0, -2]
[-4, -5, -1, -2, -16, 0, 2, -1]
[-2, -5, -2, 1, -3, 0, -2, -3]
[1, 1, -2, -8, 0, -4, -12, -3]
[5, 5, 0, 1, 17, 4, -14, -2]
[4, -4, -6, -5, -5, 2, 7, 9]
[-2, -1, -1, -5, -4, -2, 1, 2]
[0, 5, 3, -1, 0, 0, -2, -3]
[1, 1, -5, 3, 4, -2, 5, -6]
[-1, -4, -1, 3, 3, -1, -10, -2]
[-4, -8, -1, 4, 0, 0, -1, -1]
[-5, -2, -3, -7, -9, -1, 7, 4]
[0, 1, 0, 1, 9, -3, -2, 0]
[3, 10, 8, 0, 4, 2, 0, 5]
[2, 1, 2, -3, -5, -4, -23, -9]
[1, -1, -2, 2, -5, -1, 2, 0]
[-6, -6, -7, -1, 6, 1, 2, -2]
[0, -1, -2, 2, 4, -1, -5, 0]
[-4, 0, -2, -4, -6, -1, 8, 0]
[-1, 2, 2, 0, 2, -1, 7, -1]
[3, 3, 3, -1, 5, 3, -6, 3]
[-6, -1, 1, -1, -1, -2, -2, -6]
[-2, 0, -2, 2, 3, 2, 5, -1]
[0, 0, 4, 0, 0, 1, 8, -3]
[5, -2, -2, 0, 1, -3, -1, 5]
[1, -3, 0, 2, -3, -1, 3, -5]
[-1, 0, -4, 0, 3, 0, 8, -5]
[2, 0, -1, -2, -6, -4, -7, 9]
[0, -1, 2, 3, 4, 3, 11, 0]
[-4, -2, 2, 9, 26, -1, -3, 4]
[-2, -1, 5, -4, -4, -2, -31, -15]
[-4, -2, 0, -3, -26, -7, -13, -5]
[-1, -3, -3, 0, 6, 9, 28, 12]
[1, -7, -3, -8, -9, -5, -22, -3]
[3, 5, 4, 1, 5, 4, 31, -10]
[0, 5, -1, 11, 13, 0, -2, 12]
[0, -6, -3, -4, -8, -2, -15, -9]
[-1, 4, -1, -2, 10, 1, -2, 5]
[-5, -6, -4, -5, -8, 6, 1, 10]
[1, 0, -4, 1, -2, -1, 1, 8]
[0, 2, 3, 9, 8, 5, 34, 10]
[4, 6, -1, -2, -7, -2, -11, -6]
[-2, -9, -1, -5, -6, -6, -13, -17]
[-2, -5, -5, -11, -10, -8, 3, -5]
[-8, 0, -2, 2, 7, -5, 5, 5]
[10, -1, 1, -1, -6, -3, 9, 13]
[4, 5, -2, -2, -4, 2, -9, -8]
[-1, -8, -2, -6, 4, 5, 19, -2]
[0, -2, 1, -3, -7, -5, -32, -8]
[2, 4, 3, -2, -8, 8, 19, 10]
[1, 2, -3, 8, 1, 2, 0, -5]
[-11, -1, -1, 7, -4, -5, -22, 4]
[-1, -1, -3, -5, -10, -2, -10, -5]
[-3, -3, 4, -4, 1, -5, -17, -17]
[-1, 5, -1, 0, 15, 8, 33, 9]
[-3, -10, 0, -8, -12, -3, 3, 15]
[0, -3, -2, 2, -7, -3, -17, -21]
[4, 3, -1, 3, 5, 7, -5, -7]
[3, 6, 3, -2, -4, -2, 14, 17]
[4, 11, 6, 12, 9, 2, 9, -19]
[-8, -8, -5, -4, -10, -9, 24, 27]
[-3, -5, -1, 1, -14, 0, -10, -14]
[5, 2, -5, 3, 1, -7, -37, 23]
[-12, -6, 0, -4, -3, 3, 21, -25]
[7, 1, 6, 0, 8, 9, 0, 10]
[3, 12, -3, -7, -3, -8, -11, -30]
[-4, -9, -2, 0, 3, 10, 21, 58]
[5, 7, -2, 1, 10, -1, -31, -34]
[0, 6, -1, -5, 11, 0, 32, 15]
[-12, -14, -1, -2, 3, 6, -8, -18]
[-7, -7, 1, 0, 14, 4, -19, -17]
[-5, -25, -4, -7, 4, -8, 18, 3]
[9, 47, 10, 3, 8, -8, -17, 48]
[3, 7, 4, 1, 0, -6, 10, -26]
[3, 4, -4, -4, -4, -4, 2, -17]
[-1, 0, 1, -1, -6, 3, -12, 22]
[-6, -18, -10, 2, -4, 7, -18, -50]
[1, -6, -8, 0, -1, 0, 26, 40]
[-3, -3, 6, 4, 10, 6, -24, -26]
[11, 2, 2, 5, 0, 11, 108, 83]
[3, 0, 7, 1, -5, -16, -36, 2]
[-5, 2, 5, 10, 8, 8, -9, -44]
[-8, -9, -9, -15, -15, -10, 1, -15]
[4, 7, 1, -3, 5, -5, -37, 36]
[3, -3, -3, -9, -8, -4, 2, 3]
[-3, -12, -8, -9, -2, -3, 11, 50]
[-6, -17, -10, 11, 4, 9, 10, -54]
[-5, -11, 3, 1, 27, 1, -10, -9]
[-15, -7, 10, -4, -43, -10, -58, -36]
[-3, 10, -8, -4, -4, 4, 17, 5]
[-1, 3, 7, -2, 2, 1, -8, 36]
[3, 1, -8, 1, -1, -10, -51, -34]
[35, 36, 14, 12, 28, 12, 32, -12]
[11, 14, 0, 0, 13, 6, 27, 60]
[8, 16, -5, -5, -8, -5, -30, 25]
[-33, -52, -10, -8, -20, 2, 11, -103]
[15, 45, 18, 4, 23, -7, 5, 17]
[-12, -7, -8, 5, 0, 7, -9, 25]
[10, 9, 1, -14, -49, -8, 20, -2]
[13, 35, 17, 6, 6, 5, 14, 43]
[-4, 2, -5, 1, 21, 3, -6, 3]
[-4, -14, 8, 5, -1, -1, -32, -29]
[-32, -25, -10, -2, -5, 7, 44, -53]
[26, 12, -2, -3, -16, -11, -36, 20]
[-13, -16, -22, -13, -6, -6, 21, -21]
[-18, -1, -1, -4, -5, -4, -63, 1]
[21, 3, 7, 2, 7, 10, 97, 37]
[-29, 11, 3, 2, -1, -7, -88, -109]
[14, -19, 1, 10, 13, -17, 30, 53]
[6, -2, -2, -10, -8, -4, -32, -17]
[-12, -8, -20, 8, -1, 6, 39, 75]
[9, 16, 26, -4, -24, -10, -17, 44]
[-41, -58, -21, -6, -21, 6, 1, -64]
[0, 3, 2, -1, 3, 10, 67, 59]
