[25, 50, 14, 3, 4, -7, -44, -50]
[30, 6, -17, -6, 34, 2, 62, 93]
[-61, -53, -3, 2, -1, -12, -24, 74]
[59, 38, 10, 11, 14, 16, -33, -85]
[43, 26, 19, 9, 24, 5, -12, 14]
[-18, -29, -4, 0, -34, -13, 75, 56]
[5, 21, 9, -16, -11, 22, -18, -42]
[-60, -33, -1, 15, 16, 4, 107, 42]
[18, 14, -22, -20, -17, -30, -86, -53]
[-25, -39, -46, -22, -6, -17, -54, 8]
[8, 24, 13, -1, -13, 0, 71, 38]
[-12, -11, -13, -5, -6, -23, -14, -69]
[12, -2, 24, 19, 18, 23, 12, -24]
[21, 11, -3, 8, 2, 2, -43, -22]
[1, -14, -37, -13, 10, -9, -70, -69]
[-18, -12, 19, 9, 42, 10, -73, -28]
[8, 21, 17, -8, -24, -10, 22, 36]
[-20, 29, -4, -4, -57, -24, 51, 20]
[-13, -20, -4, -8, -38, -7, -42, 37]
[11, -29, -12, -8, -6, 8, 12, -27]
[-31, -39, -13, 8, 17, -5, 3, 56]
[11, -3, -6, 6, 28, 14, 48, 4]
[34, 21, 1, 3, -12, -6, -3, -54]
[8, -27, -4, -9, -14, -14, -11, -20]
[-53, -24, -6, -3, 24, 3, -56, -3]
[38, 17, -7, 0, 13, 27, 22, -23]
[-18, -44, 7, 12, 3, 6, 13, -4]
[-13, 31, -18, -12, 4, 0, 17, -79]
[-7, -78, -29, -24, -55, -1, 58, 67]
[-53, 37, 37, 5, -2, 9, 28, 9]
[39, 24, 5, 7, 35, -3, 33, 42]
[-2, -22, 19, 14, 6, 21, -11, 61]
[12, 38, 17, 14, 45, -16, -70, -104]
[-29, -65, -28, -15, -66, -23, -27, 46]
[-27, -5, 9, 10, 12, 7, -38, -83]
[9, 38, -3, 7, 16, -13, 84, 55]
[-30, -1, 2, 16, 9, 7, 13, 43]
[61, 27, 1, 8, 32, 5, -39, -25]
[7, 23, -7, -12, -14, -5, -14, 72]
[14, 38, -7, -9, -21, -6, -19, -4]
[-2, -6, 22, 6, 17, 11, -1, -38]
[-8, 7, -7, -4, 3, -5, -53, -37]
[-5, -20, -16, -7, 0, 5, 3, 94]
[-10, -27, 4, 3, 38, 8, 22, -17]
[21, 29, 48, 2, -65, -13, -43, 9]
[-27, -49, -2, -5, -22, -7, -34, -23]
[37, 35, 0, -10, -6, -8, -51, 97]
[-31, -37, -38, -7, -13, 19, -20, -11]
[-3, 18, 13, 19, 29, 1, -2, 26]
[-3, 44, 11, 1, 16, -2, 21, -6]
[7, 11, 7, 17, 4, -1, -28, -120]
[18, 17, 13, 18, 8, -2, -8, 62]
[-19, -4, -29, -12, 1, 7, 29, 7]
[-41, -48, -12, -6, 13, 14, 29, 29]
[-27, -31, -13, -8, 11, -11, 84, -99]
[67, 97, 24, -7, -59, -16, -10, 10]
[-13, -41, -21, -5, 5, 2, 14, -21]
[25, 8, -1, 6, 14, -6, -38, 18]
[-9, -13, 21, -7, 12, 7, -1, 55]
[-14, -8, -10, -7, -39, -5, 10, -34]
[10, 5, 16, -4, -10, -1, -7, 50]
[11, 38, 33, 14, 26, 5, 2, -74]
[-60, -70, -40, 0, -17, 4, 3, 27]
[-2, 3, 34, 0, 24, 16, 0, 7]
[-6, 13, -19, -5, 1, -9, 39, -22]
[54, -8, -5, 0, -6, -9, -8, -66]
[30, 27, 12, 5, -20, 2, -6, 63]
[-8, -32, -25, -5, 21, 5, -15, 7]
[-41, -41, -58, -17, -7, 0, -8, -53]
[9, 31, 55, 0, 26, 17, 110, 89]
[16, 50, 1, -12, -27, -11, 51, -54]
[-7, -24, -8, -2, 30, -3, -63, -7]
[24, 44, -6, -4, -22, -10, 0, 5]
[-9, -30, -16, 1, 12, 14, -27, 81]
[-2, 5, 10, -11, -74, -26, 48, 16]
[-12, -2, -15, -13, -14, -6, 6, 5]
[20, -6, -18, 1, -6, 3, 9, 12]
[-30, 12, 20, 13, 9, -2, -27, 38]
[41, -1, 30, 15, 43, 12, -37, 2]
[21, 10, 16, 4, 2, 1, 20, 17]
[-42, -16, -10, 3, 16, 8, 22, -5]
[0, -23, -24, -2, -4, 1, 51, 23]
[51, 34, 28, 1, 19, 0, -63, -13]
[-14, -3, -4, 5, -4, -3, 26, 24]
[34, 4, 10, -4, -9, -3, -25, 16]
[-26, -1, -7, -8, -25, -9, -43, -19]
[-23, -10, -10, 12, 27, 2, 12, -89]
[-9, -9, -10, -6, 8, 0, 2, 50]
[8, 14, 12, 4, -43, 0, 3, 11]
[-5, -4, -22, -21, -10, -6, 22, 3]
[-10, -4, -10, 4, -12, -1, -35, -27]
[3, 7, 1, 0, -4, 8, 12, -21]
[14, 19, 20, 7, 19, 5, 17, 12]
[-18, -7, -10, -8, -1, -12, -38, -61]
[-6, -6, 2, -1, 33, 11, 27, 37]
[-2, -5, -17, -2, -14, -7, 12, -11]
[-6, -13, 20, 0, 13, 5, -11, 12]
[10, 11, -5, 4, -36, -6, -14, -11]
[-21, 9, -8, -11, 11, 10, 33, 18]
[8, -37, -1, 2, 0, -6, -19, 31]
[13, 5, -1, 4, 37, -2, -17, -23]
[-12, -3, -5, -3, -31, -7, -23, -22]
[-21, -33, -27, -8, -9, 0, 5, 25]
[10, 8, 16, 8, 2, -9, -21, -31]
[-6, -1, -5, -3, 25, 9, -13, -15]
[8, 18, 26, -6, -22, -2, 0, -19]
[-15, 0, 6, 1, -15, -4, -5, 10]
[4, 0, -3, -2, 0, 3, 4, 8]
[11, -7, -2, 10, 20, 3, 7, 22]
[-7, -29, -25, -5, 35, -3, -13, -33]
[-13, -13, -6, -1, -2, 7, 1, -1]
[14, -10, -8, -15, -40, -3, 1, 44]
[-3, -5, -13, 3, 1, -3, 7, -42]
[-3, -1, 12, 1, -7, -8, 20, 3]
[10, -4, -7, 14, 19, -3, -2, -5]
[7, 15, 19, 9, 13, 12, 14, 10]
[-9, -8, -1, -9, -17, -6, 2, 14]
[-1, -4, -7, 1, 3, -8, -5, -14]
[10, -5, -8, -7, -11, -11, 3, 2]
[-6, 31, 12, -6, -4, 2, 5, -3]
[-2, -6, 10, -5, -10, 1, 3, 10]
[6, 5, 1, -1, 2, -14, 0, -4]
[-8, -5, -4, 0, -2, -13, 1, -1]
[-8, -22, -4, 4, 4, -10, 9, 3]
[4, 22, -14, -1, -5, -7, -2, -2]
[9, 24, 16, 9, 14, -1, 4, 2]
[11, -10, -24, -6, 23, -1, -5, 1]
[11, 30, 9, 5, -53, 4, -5, -1]
[2, -2, 8, -15, -17, 11, -2, 6]
[1, 11, -10, -4, -26, -12, -8, -5]
[-6, 29, 13, 10, -2, -4, -3, -4]
[-7, -8, -19, 9, 38, 23, -3, -4]
[2, 13, 12, -2, 21, 13, -3, 2]
[-3, -5, -5, 1, -11, -4, 4, -1]
[-3, -11, 13, 2, 19, -2, -1, 0]
[-4, -19, -4, -1, 3, 5, -5, -3]
[0, -35, 4, -14, -42, 15, -5, 4]
[0, -16, 0, 6, 31, -3, 1, -4]
[3, 23, -6, 1, -3, -5, 3, 5]
[1, 12, 4, -4, 35, 17, 1, -1]
[-1, 1, 6, 1, -32, 7, 1, 5]
[0, 0, -2, -4, -34, -15, -3, -1]
[10, -14, 8, 20, -6, -12, 1, 3]
[-4, -28, -2, -3, 17, 4, 5, 5]
[-5, -31, -3, 12, 39, 4, -3, 1]
[0, -21, -4, -4, -23, 1, 0, -4]
[-3, 0, -7, -16, -7, 1, -3, -1]
[-5, 5, 2, 11, 34, 17, 2, -1]
[-3, 5, -14, -9, -9, -8, -4, -2]
[-10, 6, 1, 8, 36, -5, 0, 0]
[10, 8, -21, -5, -25, -5, 0, 1]
[2, 6, 38, -3, -1, -2, 0, -2]
[5, 16, -11, 26, 48, 5, 7, 5]
[-3, -6, -23, -41, -42, -5, -6, -4]
[-4, -5, 16, -6, 22, 8, 2, -2]
[-1, -7, 6, 9, -3, 6, 3, 4]
[-1, 9, 0, 6, -65, 8, -2, -3]
[0, -4, -12, -2, 75, 9, -1, -5]
[-6, -4, 9, 13, -20, 9, 1, 0]
[-5, -1, 0, -13, -9, 14, 0, -3]
[-6, -6, 0, 0, 17, 8, -2, -1]
[4, -9, -15, -38, -43, -9, -3, -3]
[-5, -2, 1, 16, -21, -2, 0, 0]
[-1, 1, -1, 34, 81, -13, 3, 2]
[-7, -5, -9, -18, 5, -16, -2, 1]
[-2, 2, 19, 15, -13, 9, 1, -1]
[5, 0, -9, -13, -37, -10, -4, -1]
[-9, -3, 4, 23, 9, -6, 1, 0]
[3, -4, -1, -9, 35, -2, -2, -4]
[-2, -1, -12, -19, -81, 1, -2, -2]
[-6, 4, 15, -7, -5, 26, 1, -2]
[6, 2, -11, 21, 3, 8, -3, 1]
[-6, -13, -16, -16, 67, -2, 2, -2]
[2, 7, 2, 27, 39, 9, 0, 0]
[0, 10, 40, -9, -7, -11, -2, 2]
[-4, -13, -16, -5, 62, -15, -4, 0]
[5, 6, -3, -9, -22, -23, 1, 2]
[2, 4, 30, 61, 44, 6, 5, 0]
[0, -6, -9, -34, -45, 1, 2, -3]
[-3, -2, -3, -2, -11, -26, -2, 0]
[-1, -4, -2, 18, 10, -17, -2, -2]
[1, -6, -18, -42, -71, -13, 0, 1]
[-6, -1, -3, 31, 54, 4, 2, -2]
[-4, 7, 1, -9, -20, -5, 3, 1]
[8, 0, -2, -19, -56, -11, 0, 2]
[1, 6, 4, 1, 37, 3, 2, 1]
[-3, -2, -7, -25, -29, 5, -2, -3]
[2, 5, 3, 19, 76, 8, 3, 1]
[-6, -3, 0, -1, -14, -14, -3, -1]
[-5, -9, -7, -6, 79, 16, -1, 0]
[1, -2, -13, 6, 20, 0, -1, 3]
[4, 3, 7, -21, -47, -13, 1, 0]
[-1, 8, 15, 4, 24, 0, 0, 0]
[2, 2, 4, 19, 3, 0, -1, 2]
[-6, -5, -10, 8, -34, -2, 0, 0]
[-1, -7, -12, -28, -69, -14, -4, -2]
[0, 5, 1, 4, 1, -1, 1, -2]
[-1, -2, 1, 12, 11, 0, -3, -2]
[7, 6, -7, -26, 10, 4, -1, 0]
[0, 3, 6, 23, -10, 6, 3, -4]
[-2, -2, 3, -10, -44, -4, 4, -2]
[-2, -3, -6, -25, -23, -4, 1, 1]
[-6, -17, -5, 9, 0, -4, -4, -4]
[9, 4, -1, -13, -46, -8, -3, 0]
[-14, -6, 1, 4, 19, 7, -3, -1]
[7, 21, 9, 20, 3, 14, 1, 2]
[6, 3, 0, -5, -2, 1, -1, 2]
[1, 5, -2, -11, 15, 0, -1, 0]
[0, -3, 5, 14, 25, 0, 2, -1]
[-2, -5, -9, -8, -24, -3, -2, -2]
[-4, 3, 7, 3, 46, 6, -2, -3]
[-1, -1, -1, -10, 7, 3, -1, -3]
[4, 1, -4, -23, -56, -12, -5, -2]
[-2, -4, -4, -4, 0, 0, 1, 0]
[-1, 1, -4, -7, 2, -4, 1, 2]
[-1, -1, 4, 15, -6, 2, 1, 2]
[0, 3, 8, 48, 52, 4, -1, 2]
[3, -4, -3, -30, -49, -8, -4, -3]
[0, -5, 1, 20, 22, 6, -2, -4]
[0, -2, -7, -10, -1, 0, -2, 1]
[-2, -1, -7, -13, 24, 2, 1, 0]
[-2, 3, 13, 13, -22, -2, 1, -2]
[-2, 2, -3, 14, 15, -5, -2, -4]
[3, 8, -1, -35, -46, -4, 0, -3]
[-2, -1, -4, 11, 17, -2, -1, -1]
[-5, -6, -7, -6, 17, 2, -3, -1]
[3, 3, 9, 10, 5, 5, 2, 2]
[-1, -4, -1, -5, -21, 1, 0, -1]
[4, -3, 2, 13, 63, 5, 0, 2]
[-1, -3, 1, -9, -34, -6, 1, 0]
[-3, -2, 0, 2, -17, -1, 2, -2]
[-3, -3, 1, 17, 39, 1, 0, -1]
[-2, 5, 2, -39, -62, -10, -4, 2]
[-8, -6, 0, 24, 34, 1, -3, -2]
[7, 4, -2, -5, 5, 1, -2, 1]
[0, -5, -3, -6, -38, 1, 2, 1]
[2, 3, -2, -2, -6, 0, 3, 0]
[0, -1, -2, 2, 6, 2, -2, 0]
[-2, 1, -2, 0, 0, 2, 0, -1]
[0, 0, 2, 0, 22, 4, -2, -2]
[1, -1, -5, -8, -15, -1, 0, -2]
[-3, -2, 3, 6, 32, -3, -1, -2]
[-5, -2, -9, -29, -31, -10, -2, -2]
[-2, -5, -7, -16, -13, -6, 0, 0]
[-1, 9, 7, 19, 13, 5, 0, -1]
[-3, -3, -1, 0, -2, -1, 1, -2]
[3, -2, 0, 18, 52, 3, -3, 1]
[4, -1, 0, 12, -4, -1, 0, 0]
[8, 6, -1, -28, -36, -9, -4, -3]
[-1, -4, -5, -12, 1, -2, 0, -1]
[-1, -6, 3, 4, 7, 3, 1, -2]
[-4, -1, -1, 1, -15, -4, 0, 0]
[1, -1, 6, 26, 48, 11, 4, 2]
[-3, 1, 1, -22, -11, -7, -3, -2]
[-5, -2, -1, -5, 0, -1, -1, 0]
[-1, -1, -2, 1, 0, -2, -2, 2]
[-3, -2, -5, -2, -2, -3, 0, -1]
[3, 0, 0, -1, -40, -2, 1, 0]
[0, -4, 1, 0, 1, 3, 1, -3]
[-1, 3, 6, 7, 7, 2, -1, -4]
[-1, -2, -4, -23, -43, -4, -4, -4]
[2, -2, -5, 35, 42, -3, -3, 0]
[-2, 5, 1, -15, -26, -1, 0, 0]
[6, -1, 0, 4, 2, -2, 2, -1]
[-1, -2, -6, 0, 3, 1, 1, 1]
[1, 3, 5, 5, 20, 5, -1, 0]
[0, 3, 3, 14, -18, -1, -2, 2]
[-3, -2, 3, 2, 23, -3, -6, 0]
[-2, -6, 0, -5, -7, 1, 1, 0]
[2, -3, 2, 1, 24, 5, 0, -1]
[-1, -6, -4, -13, -35, -4, -1, 0]
[-1, 7, 4, 7, -1, 6, 1, 1]
[1, 2, 2, 8, 11, 2, 2, -1]
[-1, 4, -2, 1, -4, 0, -4, -1]
[-1, 1, -2, -2, 18, 2, 0, 1]
[-1, -3, -5, -14, 0, 0, 0, 0]
[-5, -6, -1, -2, -3, -3, -3, -3]
[-2, -3, -2, -3, -5, -1, 1, -2]
[2, 4, 8, 16, -6, 4, 1, 1]
[4, 2, 1, 13, 21, 4, -1, 0]
[-2, -1, 0, -7, -27, -2, -2, -2]
[1, -1, -3, -21, -18, -2, -2, 0]
[0, 1, -8, -11, 16, -1, 2, -1]
[2, -1, 0, 35, 45, 7, 5, 2]
[0, -1, 5, -7, 6, -6, 0, 0]
[0, -2, -5, -13, -28, -5, -4, -3]
[0, 2, -4, -6, 10, 0, -1, -2]
[3, 1, 4, -6, 1, -4, 1, -3]
[2, 4, 5, 19, -4, -4, -2, -1]
[1, -1, 1, -17, -8, 5, 3, 4]
[0, -1, -6, -15, -5, -3, -2, 0]
[-3, -4, -4, 15, 18, 3, -1, -2]
[-6, -5, -4, 0, -26, -5, -4, -2]
[-4, -3, 0, 15, 27, 2, -1, -1]
[1, 2, -2, -26, -55, -3, 1, -1]
[3, 5, -4, -11, -41, -10, -2, 1]
[-1, 3, 1, 10, -14, 3, 3, 2]
[0, 2, 0, -7, -4, -3, 0, 0]
[-4, -4, -1, 17, 41, 5, -1, 0]
[-1, -2, -3, -8, 12, 0, 0, 1]
[-2, -1, -4, -8, -33, -7, 0, 1]
[1, 2, 1, -13, -7, -5, -1, -1]
[2, -1, 6, 13, 29, 4, -1, -2]
[-3, -2, -4, -6, -38, -5, -3, -1]
[3, 0, -1, 12, 21, 7, 1, 0]
[0, 4, 2, -8, -7, 3, 0, 0]
[1, -6, -6, 5, 10, -1, 2, 1]
[-4, -5, -1, -1, 14, 2, 0, -1]
[-3, -5, -2, -13, -4, -6, -4, -4]
[-1, 2, -2, 3, -23, -5, 1, -1]
[2, 6, 5, 3, 17, 7, 4, 1]
[-7, -7, -7, -25, -40, -6, -4, -5]
[0, 1, -2, 4, 16, 0, -5, 0]
[0, -3, 0, 10, 14, 0, -4, -3]
[1, -1, 2, -7, -6, -1, 0, 1]
[-2, 1, 3, 5, 23, 4, 1, 4]
[-4, 1, 0, 2, -1, 0, -3, 0]
[1, -3, -4, -10, -5, -1, -3, -2]
[0, -7, 0, 14, 13, -5, -4, -3]
[5, 7, -1, -25, -40, -8, -2, -2]
[-2, -4, 0, 16, 42, 2, 0, -2]
[-2, -1, 0, 10, -39, -1, 1, 0]
[-7, 0, 0, 7, -1, 4, 1, 2]
[-3, -5, -6, -20, -2, 3, 1, 2]
[4, 8, 4, 25, 25, 0, -2, -2]
[6, 4, -2, 1, -3, -3, 2, -4]
[2, -2, 0, 13, -15, -3, -1, -2]
[-2, 7, -2, -18, 7, 1, 1, -1]
[-4, -2, 3, -10, 20, 3, 3, -1]
[-5, -3, -3, 8, -35, -5, -1, 1]
[1, -1, -3, -25, -15, -2, -3, -1]
[1, -2, 5, 20, 5, 3, 0, 1]
[1, -2, 0, 2, 21, 2, 1, -1]
[0, 1, -1, -29, -10, -2, -2, 3]
[1, 1, 0, 13, 7, 0, -1, 1]
[-1, -1, -1, 6, -16, -7, -1, -1]
[-1, 1, -4, -8, -7, -5, 0, -4]
[-3, -2, -1, -2, 2, 1, -2, -3]
[1, 0, 4, 14, 31, 0, 1, -2]
[1, -4, -2, 3, 37, 3, 0, 1]
[6, -2, -2, -8, -62, -5, -4, 1]
[0, -1, -6, -6, 20, 0, -2, 1]
[-3, -5, -5, 1, -23, 0, -4, 0]
[0, 4, 5, 6, 37, 1, 1, -1]
[-7, -4, -2, -11, -18, -1, 2, -2]
[7, 9, 3, 1, 0, -4, -1, 1]
[0, 3, 5, 7, 17, 7, 4, 2]
[4, 6, 0, 5, 8, 4, 0, -2]
[-4, 0, -1, -2, -9, -4, -4, -1]
[0, -9, 2, 16, 35, 2, -2, 0]
[6, 7, 1, -12, 5, 0, 0, 1]
[-6, -8, 0, 19, 13, 0, 1, -1]
[-3, -4, -7, -17, -18, -6, -1, -2]
[-7, -3, -3, 9, 0, 1, -2, -1]
[1, 1, 1, 1, 11, 4, 1, -1]
[1, -2, -8, -15, -27, -10, -3, -3]
[1, 0, -2, -12, -22, -4, -2, -1]
[-4, -7, 0, 4, 24, -2, 5, 0]
[-1, -1, -3, -13, -47, -1, -1, 0]
[2, -1, -2, -3, -6, 0, -3, -2]
[-8, -3, -5, 1, 20, 0, -2, -2]
[10, 2, 4, 0, -22, -2, 3, 0]
[-3, 5, 5, 12, 17, 1, 0, -2]
[0, -1, -3, -2, -3, -1, -1, 4]
[-1, -7, -6, -10, -10, -5, -1, -2]
[3, -2, 0, 1, 26, 1, -1, -2]
[4, -1, -3, -16, -23, -5, -1, -1]
[-4, 1, -1, -1, -9, 2, 1, 1]
[2, -3, 1, 4, 7, -2, -3, 0]
[-7, 3, 2, 7, 6, 1, -1, 0]
[-3, -12, -10, -1, -1, 0, -1, -2]
[8, 12, 3, -4, -11, 1, -3, 2]
[-2, 0, 0, 6, 3, -5, -6, -2]
[-1, 5, -2, 2, -2, -1, 8, 1]
[-3, -1, 1, 0, 8, 2, -12, -5]
[-5, -9, 2, 0, -7, 2, -2, -3]
[-1, 0, -2, -2, 1, -1, -1, -4]
[6, 0, 2, -6, -7, -3, -2, -6]
[0, 1, -3, -3, 12, 0, 7, 8]
[-5, -5, 1, 0, -1, -2, -19, -4]
[1, 1, 0, 5, 0, 4, 18, 4]
[-9, -6, -8, -3, -4, 0, -4, 2]
[1, 2, 0, -4, -9, 0, 5, 0]
[1, -3, 1, 7, 4, 0, -2, -2]
[3, 1, 2, -4, 6, -4, -8, -13]
[-6, -8, -4, -5, -9, 0, -1, 1]
[-3, 8, 6, -7, 16, 0, 11, 20]
[13, -1, -4, -5, -25, -1, -21, -3]
[4, 1, -1, 3, 7, 1, 3, 10]
[10, -5, -8, 5, 7, 3, 24, 19]
[-8, 10, 3, 0, 5, 1, -11, -16]
[-9, -7, -3, 0, 6, 1, 11, -8]
[7, -3, -6, -6, -17, -5, 2, 7]
[-6, 3, 5, 3, 0, -4, -5, -4]
[5, 1, -2, 0, -14, -3, 2, 4]
[-8, 2, -1, 1, 4, 1, 9, -1]
[-6, -2, 0, 13, 7, 1, -7, -6]
[-9, -6, -7, -5, -17, -1, -3, -4]
[9, 1, 5, 3, 16, 4, 2, 2]
[-1, -4, -5, -6, -14, -3, 0, -6]
[-7, 11, 7, -6, 2, -6, -8, -5]
[-1, -4, 2, 4, 20, 3, -6, -2]
[3, -3, -2, 1, 0, 1, -1, -6]
[-4, 2, 1, -2, 2, -1, -3, -7]
[-13, -16, -6, 3, -8, -1, 12, 25]
[21, 13, 6, -2, -14, -6, -44, -15]
[2, -4, -2, 5, 0, 1, 4, 5]
[13, 6, 1, 6, -3, -4, 8, 0]
[-11, 4, -1, -6, -8, -4, 11, -8]
[-6, -3, 0, 2, 6, 4, 0, -14]
[1, -9, 0, 3, 5, 5, 2, 7]
[-17, -4, -2, -4, -1, 1, 6, 4]
[16, 6, -2, -11, -4, 0, 3, -10]
[-4, 5, -2, -4, -1, -1, 19, 13]
[7, 0, -1, -5, -5, -6, -35, -23]
[-6, 4, -2, -4, -2, 2, 9, 4]
[12, -13, -1, 0, -6, -1, -7, 11]
[3, 15, 3, -7, 0, 6, 10, 11]
[-7, -6, -2, 0, -2, 5, -3, -6]
[2, 0, 2, -1, -5, -10, -17, 1]
[-1, 1, 0, 4, 11, 2, 7, -13]
[-37, -9, 1, 16, 28, -4, -21, -10]
[22, 6, 3, 2, 16, 0, 12, 4]
[4, -2, -5, -15, -65, -5, 10, 10]
[-5, -8, -10, -2, -6, -4, -7, -10]
[-2, -4, 0, 2, -12, 2, 11, -1]
[-32, 1, 4, 8, 35, 4, 7, 1]
[33, 4, 8, 2, 6, 7, 11, 14]
[0, 3, -4, -6, 1, 0, -4, 6]
[4, -1, -4, -5, -3, -3, -4, -5]
[-17, -5, -4, -11, -33, -3, -3, -9]
[-3, -12, -5, -5, 9, -4, 0, -9]
[12, 2, -2, -4, -14, -13, -33, 2]
[25, 6, -1, 0, 16, 10, 44, 11]
[5, 4, -2, 0, -9, 0, 15, 17]
[-20, 2, 2, 7, 12, 2, -21, -13]
[-18, 2, 0, 6, 6, 6, 38, -8]
[-3, -15, -5, -7, -19, -8, -8, 12]
[11, -1, -7, -5, -16, 0, 22, -6]
[-13, -9, -2, -5, 13, 5, -2, 1]
[1, 0, 2, -3, -5, -4, -6, -5]
[-5, 4, -1, 1, 2, -2, -7, -2]
[-4, -6, -1, -3, -4, 0, -1, 5]
[6, 15, 6, 7, 8, -6, 6, -9]
[10, 4, -2, -6, -5, -2, -27, 1]
[-24, 3, 3, 0, -6, -3, -21, 10]
[13, -19, -13, -4, 6, -2, -21, -8]
[8, 5, 1, 1, 1, 0, 1, 8]
[-8, 3, 6, 2, -12, -4, -5, -4]
[-4, -7, -4, 6, 12, -1, -6, 1]
[4, -2, 5, 8, 18, 13, 11, -14]
[3, 18, 3, 3, -3, -1, -4, 11]
[-21, -5, -2, -6, -8, -1, 7, -14]
[25, 4, 6, -6, -8, 7, 54, 57]
[-5, -11, -8, -4, 6, -2, -59, -46]
[-6, -8, 0, 7, 15, 12, 3, -18]
[-1, 18, 6, 4, 1, -16, -45, 14]
[4, -11, -4, -5, -40, -4, 6, -18]
[-14, -17, 1, 2, 10, -7, -15, -8]
[9, 20, 0, 3, 14, 2, 30, 79]
[-12, -1, -8, -13, -3, -7, -49, -87]
[0, 6, 9, 10, 21, -1, -46, 8]
[7, 8, -7, -16, -20, 0, 18, -8]
[-10, -18, -3, 3, 9, 13, 15, 7]
[13, -14, 1, 9, 36, 4, -6, -16]
[21, 9, -4, -12, -11, -13, 31, 22]
[-23, 1, 0, 1, -33, 3, -12, -52]
[4, -12, 1, 0, 14, 0, 0, 21]
[-3, -5, -4, -4, -16, -6, 21, 19]
[-14, -13, -7, 6, 18, 1, 1, 11]
[-5, 4, -4, 10, 10, 4, -1, -56]
[-33, -24, 1, 0, 2, 5, 3, 13]
[13, 15, 8, 4, -11, 5, 71, 26]
[-16, -12, -14, -8, -25, -10, 43, -11]
[9, 32, 11, 5, 21, 6, -30, 35]
[0, -13, -3, -2, -14, -21, -35, -51]
[-9, 18, 2, 5, -4, 2, 6, -14]
[-12, 6, 12, 0, 14, 1, -10, -97]
[25, -19, -13, -13, -32, -21, 5, 86]
[20, 31, 5, -2, 0, 17, 12, -20]
[-23, -48, -10, 6, 26, -14, 33, 47]
[-6, 1, 2, -3, -37, -5, 1, 92]
[33, 46, 17, 18, 28, 10, -5, -13]
[-37, -27, -7, 5, 17, -7, -28, -57]
[16, -25, -11, 5, -9, -3, -13, -20]
[7, 9, 3, -2, 6, 0, 53, 71]
[-9, 9, 2, -7, -26, 5, 7, 41]
[-7, 14, 9, 9, -2, 3, 21, 15]
[-7, -31, -13, -8, 2, -5, -52, -26]
[13, 13, 7, -2, 18, -11, -72, -46]
[10, -14, 8, 10, 7, 15, 41, 48]
[-36, -72, -8, 0, 7, 5, -59, -88]
[6, 34, -1, -1, -11, 5, 75, 74]
[22, 22, 5, 3, -6, -3, -7, -32]
[0, 15, 6, -2, 7, 6, -8, 34]
[24, 9, -2, 5, 24, 22, 85, 41]
[5, 10, 4, -10, -30, -32, 54, 33]
[-17, -37, -23, -19, -19, 4, 15, -33]
[-13, -18, 0, -3, -8, 3, 11, -66]
[10, 12, 5, 5, 4, 10, 45, 10]
