[4, -19, 27, 22, 49, 26, -52, 79]
[-17, -24, -7, 3, -40, -22, 25, -97]
[1, -6, -10, 1, -8, -17, 23, -89]
[-1, 24, -28, 11, 30, 9, -36, 3]
[17, 3, 17, 5, 19, -3, -49, -77]
[-52, 77, 29, -4, -6, 10, -5, -58]
[28, -4, -5, 2, -39, 6, 92, 70]
[-29, -16, 6, -15, -26, -4, -38, -110]
[26, 31, -15, 7, 7, 1, 122, 111]
[19, -32, -20, -6, 14, 3, -78, -48]
[-29, -49, -4, -3, -3, 6, -62, -121]
[32, -11, 9, -2, 44, 33, 47, 79]
[-40, -24, -6, 17, -5, -8, 28, -46]
[-3, -49, -10, 0, 18, 11, -24, 67]
[0, 77, 47, -9, 14, 3, 46, -63]
[-39, -31, -34, -3, -54, -16, -54, 15]
[-2, 58, -8, -10, -73, -9, 7, 12]
[20, 47, 14, 7, -11, -17, 24, -54]
[6, 25, -10, 2, 15, 26, 4, 38]
[-18, 16, 26, 11, 41, -17, 1, -3]
[20, 10, 2, 7, 16, -13, -12, 77]
[-6, -15, -22, -8, -6, -13, 55, -37]
[-5, -8, 5, -8, -22, 7, -17, 55]
[1, 24, 6, 12, 38, -6, -25, -15]
[27, -8, 2, -12, -28, 7, 27, 13]
[8, 7, -22, -4, 13, 11, 4, 43]
[-16, 7, 33, 13, 19, -1, 1, -38]
[13, 17, -4, 1, 1, 3, 29, 35]
[-9, -29, -30, -10, -30, -12, -33, -44]
[-22, 8, 12, -7, -18, 1, 43, 41]
[15, 27, 21, 10, 0, -6, -18, -1]
[-7, -5, -29, 2, 0, -5, -12, 36]
[-24, -10, 31, 2, 11, -9, -11, -44]
[6, -18, -13, 2, -17, -4, -5, 39]
[-13, -5, -4, -9, -16, 2, 20, 29]
[-8, -4, 2, -6, 11, 0, 2, -6]
[-1, -5, -16, -1, 24, -4, -1, -31]
[7, -19, -8, -2, 17, 9, 14, 41]
[5, 22, 15, 4, 14, 3, 11, 7]
[2, 0, -8, -2, -19, -2, -5, -11]
[-1, 4, 11, -3, 0, -13, 5, -11]
[12, -12, -6, -13, -34, -19, -24, 8]
[-8, -20, -20, -2, 5, -14, -3, -5]
[-15, -34, 18, 0, -13, -20, -11, -25]
[-31, 41, -5, 0, -14, -19, 3, -2]
[-8, 31, 0, 2, 11, -11, -3, 2]
[11, 72, -25, 0, 16, 25, 5, -6]
[18, 85, 5, 9, 13, 17, 7, 11]
[27, 94, 16, 7, -4, -14, -3, -5]
[29, 127, 6, 5, -2, -12, -6, 7]
[35, 48, -6, -16, -18, 16, 0, 2]
[-2, 120, -8, 9, -3, 36, -7, -1]
[18, -65, 3, 9, -28, -3, -11, -4]
[-10, -95, 3, -20, -78, -20, -13, -7]
[7, -95, 11, 17, -2, 11, 4, 7]
[5, -128, -7, -18, -17, 4, -13, -6]
[-4, -88, -3, 0, 13, 0, -2, -5]
[-6, 76, -4, -11, -21, -15, -1, 7]
[-9, 10, -1, -14, 17, 20, -3, -2]
[-8, -62, -11, 5, 48, 18, -6, -1]
[0, -68, 3, -7, 0, 0, 2, 0]
[0, -52, 0, 1, 40, 4, -1, 3]
[-13, 40, -25, -34, 10, 16, -1, 0]
[-11, -53, 8, 27, -25, 8, -3, -9]
[-6, -30, 18, 23, -31, 1, 0, -4]
[-5, -48, -28, -12, 3, 2, -3, -2]
[-3, 26, 6, 27, 53, 8, 1, -3]
[12, 26, 34, 35, 26, 13, 10, 11]
[2, 9, 2, 1, 66, 2, -3, 0]
[-4, -92, 16, 0, -43, -2, -2, 0]
[-11, -55, -22, -41, -11, -1, -4, -4]
[-8, -19, -21, -63, -62, -17, 2, -6]
[-16, 23, -7, 30, -15, -10, 0, -4]
[6, 52, -3, -10, 57, 6, 5, 1]
[-3, -21, 27, 72, 72, 13, 4, 3]
[-2, -16, -1, -15, -9, -23, -5, 0]
[1, 11, -5, -20, 78, 83, 3, 3]
[0, -38, 3, -5, -56, 11, -5, 0]
[11, -62, 9, 4, -2, 0, 3, -1]
[-1, -25, -5, -4, -27, 24, -6, -2]
[-1, 4, -5, -38, -22, -23, -4, -1]
[-4, -27, 0, 24, 2, 15, 2, 3]
[0, -14, 13, 18, 34, -35, 1, -2]
[-1, -1, -23, -24, -35, -43, -10, -7]
[2, -1, -9, -36, 19, 14, 1, -1]
[2, 10, 4, 6, -86, 14, -1, 4]
[-1, 3, 10, 31, -46, -21, 2, 1]
[2, 13, 5, 11, 127, -26, 3, -3]
[-7, -3, -4, 23, -70, -27, -10, -9]
[1, 9, -10, -53, 127, 13, 2, 0]
[-5, 2, -10, -19, -108, -10, -3, 1]
[0, -5, 9, 31, 83, -12, 0, 0]
[6, 2, -3, -16, -50, -37, 0, -3]
[0, -3, -5, 21, 11, -9, 1, -3]
[12, 23, -2, 4, -40, -23, 2, 0]
[4, 11, 2, -18, -37, -7, 3, 0]
[-20, 19, 0, -13, -51, 1, 0, -1]
[26, 28, 13, 13, -4, 13, -1, 5]
[-7, -12, -5, -7, 73, 5, -1, -3]
[2, 2, 2, 6, 10, 9, 4, 2]
[-4, 7, -22, -39, -36, -18, -9, -2]
[-9, -3, -2, -10, 14, 3, 3, 1]
[-3, -1, 8, -38, 45, -13, 2, 3]
[-1, 8, 3, 51, 62, -11, -1, 0]
[0, -12, 8, 18, 2, 14, 3, 1]
[-2, -4, 0, 5, 23, 5, -1, -2]
[-1, 0, -4, 8, -49, -10, -7, -2]
[-6, -3, -4, -8, -60, 6, 1, -4]
[5, 8, 1, -21, -8, 5, -4, -2]
[-3, 3, -4, 30, -34, 1, 1, -3]
[-4, -3, -7, -28, -70, -13, -2, -3]
[-1, 1, 1, -4, -19, -2, -2, -2]
[-10, -14, -1, 10, 13, 4, 2, 4]
[19, 27, 5, 5, 5, 8, 1, 0]
[9, 5, -2, -1, -3, 0, 0, 3]
[-9, 0, -4, -5, -18, -7, 0, -2]
[9, 9, -4, -5, -16, 3, 1, 1]
[-12, -8, 4, 15, 44, 7, -1, -3]
[-4, -7, -6, -24, -46, -5, 1, -1]
[-4, 5, 2, 1, -21, -6, -5, -2]
[-4, 6, 0, 12, 57, 10, -1, -1]
[-5, -5, 2, 19, 2, 2, -2, 1]
[2, 4, 7, 22, 5, 1, 2, 0]
[0, -6, -9, -18, 16, 2, 3, 1]
[1, 2, -6, 12, 12, -1, -2, -3]
[-3, -2, -4, -17, -32, -12, -7, -2]
[0, 0, 4, 8, 24, -3, -7, -3]
[0, -2, 1, -4, -30, -4, -2, 0]
[8, 10, 6, -6, -7, 7, 4, 1]
[-3, -1, -3, 9, 14, 2, 0, -2]
[-9, -4, -2, -16, -11, -4, -4, -4]
[1, -1, 1, 14, 30, 12, 9, 2]
[10, 11, -3, 1, 7, 1, 1, -1]
[-2, 10, 4, 0, 10, 3, 2, -1]
[-8, -5, -11, -37, -26, 3, -1, 0]
[5, -1, -9, 17, 9, -1, -2, 0]
[12, 12, 6, 7, -14, -4, 1, 1]
[-3, 1, 3, 8, 3, -1, 1, 1]
[0, -12, 2, -4, -20, 0, -1, -1]
[-2, 10, -4, -39, -27, -7, -3, 0]
[-8, -6, 0, -7, 23, 7, -4, 1]
[0, -4, 2, 15, 8, 3, 2, 3]
[-1, -1, 3, 31, 47, 0, 0, -4]
[0, 2, 8, 11, 38, -3, 2, 1]
[-7, -7, 4, -7, -59, -2, -2, -1]
[0, -5, -9, -9, -17, -1, -4, -1]
[2, 0, -6, -1, -3, 1, -4, -2]
[2, -5, -5, -3, -14, -2, -3, -2]
[2, 5, -4, 8, 37, 8, -1, -2]
[0, 2, 0, -12, -15, -7, -2, 0]
[1, 1, 3, 29, 41, 4, 3, -3]
[0, 8, -2, -21, -27, -11, -4, -5]
[5, 6, 3, -8, -6, 1, 1, 0]
[-2, 2, -6, -17, -27, 3, -1, 1]
[0, -11, -5, 24, 46, 4, 5, 5]
[2, 9, -5, -25, -36, -7, -1, -2]
[-8, -8, -1, 30, 68, 4, 0, -4]
[3, 6, 7, -17, 20, 2, -3, 0]
[0, -6, 5, -8, 25, 5, -2, -1]
[-2, -15, -12, -24, -94, -13, -7, -3]
[-4, -1, 1, 27, -32, -2, 0, 3]
[4, -2, 3, 4, 10, 3, 5, 0]
[6, 5, 2, 3, 5, 1, 1, -1]
[-2, 1, 0, -3, -1, 0, -3, -5]
[-2, 6, -5, -19, -5, -11, -2, -3]
[-8, 1, -6, -2, -6, -3, -4, -1]
[-1, 5, 1, -3, -16, -1, 1, 4]
[-3, -11, 0, 11, -5, -3, -2, -1]
[-1, -6, -1, -8, 9, 6, 0, 2]
[-10, -12, -2, 2, -6, 4, 1, 2]
[11, 12, -6, -5, 0, -4, -1, 2]
[2, 8, 9, 16, 41, 3, 0, -2]
[0, -1, -1, -4, -21, -2, 2, 1]
[3, -7, 0, -3, 2, -7, 3, -1]
[-3, -1, 1, 2, -2, -1, -2, -1]
[-4, 1, 5, 17, 17, 0, -1, -4]
[2, 5, -1, -15, 4, -1, -1, -1]
[-6, -1, -5, 12, -10, -3, -2, -4]
[1, -1, 4, 0, -14, 0, 1, -1]
[-3, 0, 0, 5, 3, 2, 2, 3]
[-1, -6, -4, -10, -40, -3, -2, -2]
[3, -2, 3, -6, -3, 9, 2, -1]
[-3, 0, -5, 6, 27, 4, 2, 1]
[-9, -6, -4, -18, -25, -4, -5, -2]
[9, 3, 7, 8, 36, 7, -1, 3]
[9, -1, -4, -14, -20, -6, -3, 0]
[3, 11, 3, 7, 1, -1, -1, -2]
[-1, 2, 0, 6, 22, 1, 0, 3]
[-12, -14, -10, -20, -20, -4, -4, -5]
[10, 11, 5, 20, 12, 4, -2, 0]
[-2, -1, -3, -22, -17, 0, 4, 0]
[1, 0, -2, 0, -9, -3, 1, 1]
[-1, -4, 1, 22, 25, 0, 0, 2]
[-3, -6, -3, -23, 23, 5, 2, -1]
[-4, -6, 0, -16, -40, -4, 1, 0]
[-4, -8, -2, 17, 28, 2, 1, -4]
[1, 2, -4, 4, -17, -9, -2, -2]
[-4, -2, -2, 1, -28, -1, -5, -1]
[0, 3, 0, 0, 23, 5, -3, -1]
[-2, -2, -1, -7, -35, 0, 0, 0]
[-3, -5, -3, -23, -16, -9, -5, -1]
[-6, 7, -1, 15, -4, -3, 1, 2]
[3, 3, 0, 4, 9, -2, 1, 2]
[-1, -3, 0, -4, 4, -1, -2, -7]
[1, -11, -3, 9, 25, 4, 0, 0]
[0, 12, 6, 9, 18, 5, 2, 1]
[-4, -9, -6, -12, -20, -2, -3, -1]
[-4, -1, 0, -4, 4, -5, -1, -2]
[6, 8, -1, 0, 2, 3, 1, -1]
[2, -3, -2, 3, 4, 2, -1, -1]
[-2, 0, 6, 1, 4, 7, 2, 1]
[5, -1, 0, 2, 10, -4, -2, 1]
[-3, -3, 0, 8, 38, 2, 1, 1]
[-5, -9, -11, -12, -15, -12, -5, -3]
[-5, 1, 1, -2, -23, -4, -3, -4]
[-3, -2, -2, 4, 18, -3, 0, 1]
[2, 6, 1, -16, -42, -8, -1, 2]
[5, 3, 10, -8, 9, 5, 2, 2]
[-2, -5, -3, 19, 10, 3, 3, -2]
[-3, -9, -6, -6, -24, -4, -2, -1]
[-3, -1, 2, 14, 20, 7, 1, -2]
[1, -1, -3, 4, 16, 6, 2, 1]
[5, 6, -6, -16, -15, -8, -4, -1]
[1, 1, 0, -3, -9, 2, 1, 1]
[0, -2, -9, -1, -1, -2, 0, 0]
[-18, -7, -5, 15, 16, 0, -9, 0]
[10, 10, 5, 13, 54, 7, 2, 4]
[4, 3, -8, -26, -44, -12, -4, -3]
[-1, 1, 6, -12, -20, 0, 0, -1]
[1, -1, 2, -6, -48, 3, 4, 1]
[-3, -7, 2, 30, 80, 3, -1, -2]
[-8, 1, 3, -20, -14, 0, -3, -2]
[-1, -3, 5, 39, 7, -2, -1, -2]
[3, -1, 3, 4, 24, 3, 6, -2]
[-6, -5, -6, 0, -14, -2, -3, 1]
[2, -2, -1, -14, -27, -5, 4, 1]
[-2, 2, -2, -12, -8, -1, 2, 1]
[8, 3, -2, 3, 18, 4, 1, 0]
[2, -1, -6, 5, 26, 1, -1, -1]
[-3, -3, 2, -17, -72, -6, -5, -1]
[-8, -2, 0, -3, 0, -3, -2, -2]
[-2, 2, 1, 10, 14, -1, 0, 1]
[1, -7, -1, -21, -41, -5, -2, -4]
[3, 2, -6, 22, 56, 2, -2, -1]
[-3, -4, -3, -4, 1, -1, -4, -4]
[6, 5, 1, -12, -19, -2, -2, 3]
[-5, 4, 1, 2, 0, 2, -1, -1]
[-3, 2, 2, 8, 17, 4, 4, 2]
[0, 3, -2, 2, -6, -1, 2, 0]
[0, -4, -1, -7, -3, -7, -2, 0]
[1, 3, 2, -15, -1, -1, 2, 0]
[-3, -4, 1, 0, 5, -6, -5, -3]
[3, -1, -2, -5, -3, -3, -1, -2]
[-2, -6, 0, 3, 20, 5, 0, 0]
[-4, 1, -1, -5, -31, 3, -1, 2]
[-2, -4, 1, 2, -31, 2, -3, -1]
[1, -2, -3, -6, -13, -4, -4, -3]
[6, 4, 1, 5, 19, -5, 1, -1]
[-9, -11, -1, -8, -20, -3, 5, -2]
[-1, 15, -2, 2, 19, -3, 4, 2]
[-3, 2, -6, 18, 32, 2, 1, 0]
[-3, 2, -4, -5, 1, 5, -1, -1]
[-1, -6, 1, -11, -43, -6, -6, -1]
[-1, -8, -2, -10, 20, 3, -2, -3]
[5, 7, 8, 6, -15, 0, -2, 3]
[4, 1, -1, 3, 14, 8, 1, 0]
[-5, -6, -4, -9, -7, -4, 2, 0]
[2, 3, -4, 4, -3, -4, 1, 0]
[2, -3, 0, 7, 13, 0, 2, -1]
[2, -1, 5, -2, 11, 3, -1, 3]
[3, 3, -6, -11, -22, -1, -4, 0]
[0, -4, 1, 0, 15, -1, 0, -1]
[-1, 2, 4, 14, 1, -2, -3, -3]
[-10, -12, -7, -21, -3, -1, 0, -4]
[6, 4, 1, -2, 9, 1, 2, 0]
[1, 4, -1, 22, 33, -1, -1, 0]
[0, -5, -5, -26, -61, -9, 0, -4]
[3, 2, 7, -3, -2, 2, -2, 0]
[-5, -6, -3, 17, 14, 1, 0, 2]
[-8, 2, -8, -8, 4, -6, -2, -3]
[-2, -1, -6, -2, 41, 4, 1, -1]
[0, -3, -1, 2, -35, 0, -1, 0]
[5, 6, 2, 5, 7, 3, -2, 0]
[5, 1, 7, 23, 17, -2, -3, -1]
[-3, 2, -4, -22, -2, 0, -3, 1]
[1, 1, -3, 6, 4, 1, 2, -3]
[-4, -2, 2, 12, 2, 0, -1, -4]
[-1, -8, -3, -25, -22, -1, 3, -1]
[0, -4, 0, -23, -22, -4, -5, -1]
[1, 5, 6, 19, 47, 7, -2, 4]
[-6, -2, -9, -10, -59, -2, -4, 0]
[-5, -7, 1, 8, 18, 4, -1, -1]
[4, 3, 0, -7, -2, -5, 1, -1]
[0, 0, -2, 0, -4, -2, 0, -2]
[0, 0, -2, 3, 46, -1, 1, -5]
[-4, -4, -3, -14, -85, -11, -3, -2]
[-5, -7, -5, 8, 0, 3, 0, 0]
[4, -8, -5, -6, -26, -2, 2, 1]
[9, 4, 2, 8, 22, 2, 1, 1]
[3, 9, 5, 21, 23, 0, 2, 1]
[2, 7, 10, 7, 10, 3, 1, 1]
[-6, 4, 2, -3, -20, -7, -3, -2]
[2, -3, 4, -9, 1, 4, 4, -1]
[-3, 3, -7, -5, 6, 4, 2, -4]
[-4, -3, -4, 4, 17, 0, -3, -3]
[3, -2, 0, -1, 9, 3, -1, 1]
[1, 1, -1, -3, -12, 0, -1, 1]
[1, -5, 2, 3, 24, -3, -2, 1]
[-6, -5, 3, 9, 13, 2, 0, 4]
[3, -2, -4, -14, -29, 0, -1, -1]
[-2, -2, 5, 11, 18, -4, 2, 2]
[5, 5, -1, -5, 19, 0, 3, -3]
[-1, -1, 1, 4, -25, 2, 2, -4]
[-4, -5, 2, 7, 35, 5, -10, -1]
[-9, 0, -7, -8, -39, -4, -6, -2]
[5, 12, 0, 12, -10, -3, 0, -1]
[-2, -5, -2, -8, 9, -2, 4, -3]
[2, 5, 1, -2, 9, 1, 5, 2]
[4, -5, 1, -5, -16, 0, 1, 3]
[-4, -13, -1, -27, -6, 0, -2, 1]
[-3, 5, 2, 21, -2, -3, -4, -3]
[10, 11, -8, -18, -2, -1, 1, 2]
[-6, 4, -2, 7, 16, 4, 0, 0]
[-6, -2, -3, -1, -14, -5, -3, -1]
[-1, -2, -2, 4, 5, -2, 2, -3]
[-3, 2, 3, 6, -15, -2, 2, -2]
[0, 7, 0, 7, 8, -1, 2, -1]
[-3, -8, -6, -14, -10, -4, -5, -6]
[-1, -15, -5, -11, -2, -3, -5, -1]
[6, 6, 1, 7, -3, 1, 3, -1]
[12, 9, -2, -4, -1, 4, -5, -1]
[-3, -7, -1, 9, 17, 4, -3, -2]
[2, 4, 1, -9, -14, 1, 0, 0]
[-8, -20, -3, 5, 0, 4, 3, 1]
[-1, 3, 4, 4, 2, -2, 3, -3]
[-1, -10, -2, -6, -5, -7, -4, 3]
[7, 9, -1, -8, 4, 0, 8, -3]
[-3, 4, 3, 6, 2, 3, 2, 10]
[-1, -2, -9, -8, 3, -2, -18, -10]
[-5, -1, 0, 3, -1, 2, -4, 2]
[-5, -6, -5, -3, 6, -4, -3, 2]
[0, -1, 3, 5, -2, -1, 0, 1]
[1, 5, 2, -5, 12, -3, 0, 1]
[0, 5, 5, 2, -3, -4, 4, -2]
[-6, -7, 0, -9, -24, -4, -5, 0]
[6, 2, 6, 16, 10, 2, -1, -5]
[2, -2, -7, -6, -26, -6, -7, -7]
[3, 8, -5, -2, -1, -3, 14, 16]
[-4, 0, 4, 2, 5, 5, -1, -11]
[-4, -7, -4, 1, -6, 1, 11, 6]
[5, -1, 3, -5, 5, 11, 5, 7]
[10, 12, -3, 1, -4, 5, 41, 4]
[-14, -15, -6, -2, 4, -3, -43, -1]
[13, 12, 2, -4, 4, 1, 44, -1]
[3, 5, 10, 9, 6, -3, -19, -6]
[-11, -4, -3, -2, -8, -2, -6, 3]
[-8, -7, -4, -4, -3, 0, 17, -14]
[7, 2, 4, 1, -8, 1, -24, -7]
[-5, -11, -2, 1, 1, -1, -5, -13]
[1, 0, 0, -1, 0, -4, 2, 5]
[-4, -3, -9, 2, 0, -8, -12, -6]
[-3, -3, -10, 7, 14, 2, -20, -1]
[-16, 5, -2, -4, 9, -13, 20, -2]
[-20, -48, -7, -11, -40, -4, -38, -6]
[11, 11, 3, -1, -3, 0, 1, 4]
[-31, -33, -11, -10, -5, 6, 5, -8]
[30, 33, 11, 10, 8, 5, 13, 19]
[29, 46, 4, -1, 0, -6, -8, -3]
[14, -83, -14, -9, -6, 1, 10, 5]
[68, 98, 48, 11, 3, -4, -18, 14]
[-74, -44, -18, 5, 17, 10, -2, -7]
[70, 61, 41, 17, -4, 0, -3, 17]
[4, 33, -6, -1, -8, -6, 5, -9]
[18, 16, -2, 0, 12, 1, -3, 19]
[-17, -45, -8, -2, -19, -6, 25, 5]
[-39, -38, -8, 5, 15, 8, 2, 2]
[-12, 0, 11, 13, -5, -6, 2, -15]
[-7, -43, -7, -3, -38, -7, -23, -45]
[10, 43, -2, -18, -55, 0, 46, 42]
[-52, -43, -11, 0, -49, -13, 31, 11]
[6, 8, 1, -11, -89, -3, -3, -24]
[-31, -47, -20, -7, -12, -4, 7, -4]
[9, 9, 11, 12, 28, -6, -10, 24]
[39, 8, -19, -8, 34, -33, -47, -45]
[7, 72, 8, 4, 19, 6, 52, 82]
[2, 63, 9, -3, 22, 12, -72, -72]
[26, -26, -10, -3, 54, 19, -47, 71]
[-38, -11, 0, -8, 32, 29, 83, -13]
[-21, -36, 0, 18, 51, 3, -14, -89]
[34, 34, -5, -16, 8, 8, -5, 34]
[-25, -95, -28, -19, 4, 11, 78, 91]
[24, 37, 13, 8, 9, -21, -104, -36]
[-46, -77, -20, -8, 43, 5, 46, 106]
[10, 7, 4, 0, -6, 2, 6, -45]
[-92, -79, -11, -10, -14, -1, -60, -73]
[101, 81, 10, 1, 5, -6, -56, -19]
[29, 110, 15, -2, -25, -8, -44, 21]
[-17, -33, -9, 10, 39, 18, 8, 1]
[12, -14, -3, -6, -10, -11, -16, 64]
[-38, -21, -9, -4, -3, 24, 44, -60]
[0, -57, -19, -8, -4, -17, -12, -6]
[-2, 19, 6, 0, 11, 1, 29, 38]
[28, 17, 3, 6, 12, -12, -63, -96]
[37, 70, 10, 0, -6, -26, -7, 46]
[45, 38, 26, 20, 13, 11, 51, 24]
[-57, -30, -25, -18, -23, -9, -47, -77]
[-16, 27, -10, -3, -3, -1, 13, -47]
[-98, -37, -3, -1, 2, 4, -76, -3]
[-4, -68, -2, -7, -2, -20, -45, -24]
[64, 38, 14, 8, -4, -14, -30, 5]
[22, 12, 11, -7, -36, -16, 5, -123]
[-6, -36, -23, -8, -8, -29, -73, -2]
[-29, -8, -6, -11, -15, -23, 17, -35]
[-26, -46, -4, 3, 4, -6, -47, -3]
[52, -9, 13, 17, 89, 4, 21, 113]
[-32, -25, -1, -3, -17, 13, 73, -89]
[9, 7, 13, 14, 40, 11, 40, 87]
[-2, -67, -37, -36, -51, 1, 71, 14]
[38, 63, 7, 6, -3, 22, -6, -128]
[48, 18, 8, -4, -8, 20, 127, 124]
[1, 35, -1, 0, -25, 17, -22, -71]
[-44, -28, 21, 26, 35, 24, -2, 24]
[-64, -19, -22, -14, -67, -38, 72, -47]
[73, 36, 22, 14, 20, 19, 86, 89]
[-68, -28, -24, -17, -17, 16, -68, -123]
[100, 48, 31, 27, 35, 6, 73, 124]
[-46, -66, 7, 21, 19, 11, 28, -39]
[-42, -15, -11, -5, -22, 4, -7, -67]
[39, 79, 22, -16, -83, -13, -12, 90]
[-93, -68, -43, -4, -4, -20, 16, -109]
[50, 127, 4, -11, 20, -11, -11, 80]
[55, 5, -2, 19, -2, 7, 18, -16]
[-50, -77, -21, 9, 75, 41, -72, 26]
[3, 94, 42, -22, -60, -11, 22, -115]
[22, 34, 11, 2, -74, 19, 58, 127]
[-90, -52, -12, -5, 17, -16, -48, -102]
[22, 5, 22, -4, -27, -7, 66, 40]
[7, -74, -6, -2, 6, -10, 28, -32]
[-112, -101, -27, -4, 2, -8, -36, -57]
[48, 54, 5, 11, -3, 4, -7, 125]
[3, -21, -28, 29, 64, -6, -45, -62]
[-33, 9, 8, -16, -33, -10, -80, 5]
[40, -68, -32, 7, 9, 8, 1, 113]
[-15, -103, -2, -13, 22, 28, 71, 59]
[8, 12, -14, -27, -29, -27, 10, -41]
[25, -42, 37, 11, 35, 16, 46, 127]
[-12, 72, 62, 18, -35, 5, -64, -108]
[-10, -39, -33, 2, 38, 35, 27, 105]
[19, 30, -23, 11, 2, -10, 1, -72]
[12, 7, -30, -23, -33, 28, 80, 6]
[-22, -25, 33, 13, 31, -20, -8, 79]
[9, 31, 7, -3, 20, -7, -46, -64]
