[19, 1, -4, 8, 30, 20, 39, 116]
[-3, 1, 4, 5, -10, -4, -9, 59]
[-40, -26, -19, -11, 15, 13, 51, -35]
[69, 24, 3, -9, -28, -7, -12, 35]
[29, 43, 9, -3, 9, -5, -92, -55]
[-47, -8, 1, 0, 6, -8, -74, -57]
[16, -5, 0, -5, 0, 5, 20, 76]
[-42, -34, -11, -10, -13, -3, -31, -77]
[-19, -42, -2, -9, -17, -10, -42, -35]
[31, 56, 16, 20, 14, 0, 6, -45]
[-23, 16, 6, 0, 9, -3, -26, -15]
[45, 19, -9, -3, 17, -4, 42, 127]
[-16, -8, -9, -11, -13, -5, -8, -32]
[-13, -34, -2, 1, -2, -5, -68, -113]
[-39, -46, -16, 5, -7, 6, 37, 2]
[51, 25, 12, 14, 17, -9, 8, 64]
[-21, -14, 6, -10, -37, 5, 63, -39]
[-5, 0, -12, -14, -41, -18, -51, -13]
[60, 60, 14, 3, 18, 10, 21, -58]
[-22, -13, -16, -19, -7, 6, 48, 19]
[3, 42, 19, 18, 35, 14, -42, -54]
[-7, -55, -17, -1, 20, 0, 109, 127]
[-1, 25, -11, 9, -6, -23, -87, -109]
[-10, 0, -19, -20, -26, -15, -29, -10]
[31, -20, 35, 11, -5, -2, -15, -6]
[16, 9, 1, 4, 34, 17, 99, 18]
[-30, -13, -1, -3, 9, -2, 34, 13]
[-12, 14, -6, 0, -70, -18, -52, -121]
[-31, -15, -15, -13, -2, -9, 102, 104]
[7, -6, 11, 10, -11, 27, 5, 66]
[-36, -38, -2, -8, 13, -7, 3, -1]
[-19, 7, -9, -9, 25, 19, -26, -39]
[31, 5, -5, -1, -26, 7, 27, 23]
[-26, -25, -10, 0, 47, 10, -14, -72]
[26, -2, -10, -5, -8, -14, -65, 22]
[39, 27, 12, -2, -93, 3, -46, 13]
[-20, -31, -37, -11, 46, 21, 31, 60]
[33, 47, 49, -2, -34, -28, -86, -87]
[7, -13, -4, -9, 0, 11, -23, 57]
[-61, -11, 24, 8, 41, 5, 75, 13]
[97, 77, 18, 8, -40, 3, 8, 47]
[-18, -20, -17, 12, 38, -9, 55, -90]
[27, 20, 15, 6, 16, 1, 56, 73]
[-33, -19, 1, 1, 1, -11, -68, -55]
[-42, 4, -6, 4, 46, -6, 2, -28]
[14, 16, -1, 2, -17, 5, 53, 60]
[47, 32, 3, -18, -36, -26, -82, -76]
[-26, -1, -6, 5, -3, 14, 28, 12]
[-18, -23, -7, -6, 4, 4, -100, -16]
[10, -24, -16, -6, 6, -12, 72, 92]
[-51, -53, 4, 10, 11, 21, 18, -4]
[63, 40, 6, -6, 20, 21, 71, 36]
[-4, -10, -18, -18, -54, -15, -1, 26]
[-12, -29, -39, -25, -12, 15, -41, 47]
[47, 44, 32, 7, 6, 6, 26, 40]
[-25, -25, 33, 13, 14, -5, -5, -17]
[26, 31, -2, 6, 28, -5, -37, -111]
[19, 6, 4, -10, -33, -3, -8, 6]
[-47, -28, -25, 10, 15, -2, 45, -26]
[10, 11, 11, 5, -13, -4, -34, -11]
[-13, 11, 22, 23, 39, 3, 39, 56]
[-6, 12, -13, -18, -26, -8, -9, -65]
[14, 27, 13, 6, 6, 3, 11, 53]
[1, -13, -13, -3, 10, -2, 48, 40]
[-2, -18, -13, -16, -51, 3, 77, 71]
[-12, 8, 5, 11, 31, 0, -81, -31]
[0, -42, -11, -6, -17, 14, -13, 8]
[-22, -31, -13, 8, 24, -2, -8, 24]
[-21, 24, 18, 5, -6, -12, -31, -110]
[-46, -33, -16, 1, 12, -11, -14, 46]
[67, 37, 23, -5, -4, 2, 21, 41]
[-4, 1, -35, -2, 13, 8, 33, -15]
[22, -19, 19, 9, 15, 0, -6, -61]
[-7, 12, 17, 5, -31, -8, -6, -32]
[-19, -8, -12, 2, 3, -2, -35, -19]
[4, -28, -3, -1, 22, 0, 19, 26]
[-28, 6, 7, 3, -21, -10, -38, -15]
[-25, -11, -12, -1, -37, 1, 28, -13]
[-9, -24, -6, 5, 21, 2, 52, 49]
[7, 13, -10, -11, 1, -7, -95, -75]
[11, -16, -20, 0, 0, 3, -40, 55]
[7, 26, 9, -6, 24, -2, 0, -36]
[-10, 0, 6, 14, 3, -3, -1, -8]
[-1, 4, 5, 0, 4, -8, 22, 12]
[28, 15, -4, -4, 11, -5, -19, 43]
[28, 26, 39, -1, -19, 0, 0, -8]
[-12, -15, -26, -4, -6, 4, 26, -15]
[9, 2, 9, 4, -4, -15, -18, 5]
[-39, -25, -14, -8, 5, 2, 1, -95]
[20, 1, -13, -9, -13, -10, -33, 10]
[-14, 2, 1, -3, -5, -2, 9, -8]
[-39, -17, -3, 4, -3, 8, 19, 8]
[-20, -16, -7, -17, -19, -15, 9, 15]
[33, 3, 2, 15, 40, 1, 9, 58]
[-35, -11, -20, -9, 6, 6, 10, -37]
[3, 4, 11, -18, -78, -19, -42, -9]
[-14, -8, -10, 4, -3, 7, 18, 14]
[-10, -3, -5, -13, 8, -1, -2, -13]
[-1, -18, -9, 12, 43, 4, -10, 21]
[3, 14, 22, 8, 51, 5, 13, 27]
[64, 60, 32, 16, -9, -3, 4, -8]
[-11, 0, 10, -1, 11, 19, 2, -59]
[-25, -8, 5, -9, -28, -29, -45, -21]
[11, 11, -16, 10, -5, 8, 28, 12]
[20, -24, -2, -5, -6, -7, -5, 44]
[-11, -4, -13, 4, 0, 10, -3, 43]
[-5, -4, 8, -2, 3, 3, -4, -12]
[9, 11, -6, -13, -11, -12, -1, 7]
[-44, -17, -1, -3, 4, -1, -54, -52]
[29, -5, -10, -13, 13, -8, -8, 11]
[2, -3, 7, -1, -30, -3, 11, 45]
[-14, -10, -6, -9, -21, -10, -24, -24]
[-16, -6, -16, -9, -25, 0, -3, -43]
[-13, -14, 0, 8, 11, -1, 21, 23]
[-2, 4, -13, 2, 12, 15, 6, -27]
[23, -7, 13, 12, 29, 0, -8, 4]
[-9, 6, 8, 1, 1, 6, 0, 5]
[-2, 3, 6, 5, -12, -12, -3, -4]
[19, 24, -18, -2, 10, -2, 40, 96]
[-18, -19, 0, 1, 0, 0, -9, -61]
[0, 5, 13, -4, 16, 29, 9, -10]
[13, 24, -6, 8, 10, -16, 23, 41]
[0, 24, 12, -21, -33, -4, -21, -35]
[18, 15, 4, 2, -19, 0, -8, 10]
[-11, -12, -7, 14, 25, -11, 4, -3]
[3, 6, 1, -4, 8, 8, -6, -2]
[-14, -5, 5, -2, -48, 2, 7, -17]
[12, 2, -6, -8, 10, -5, 8, 21]
[1, -10, -7, 3, -2, -9, -10, 6]
[-12, -13, -11, 4, 6, 5, -5, -5]
[7, 13, 33, 9, 22, 1, -9, -15]
[8, 22, -10, -4, 3, 3, 3, 19]
[-6, 10, 24, 5, 0, -3, 6, 13]
[-10, -4, -7, -6, -30, -1, -10, -17]
[12, -1, -4, -9, 7, 1, 2, -6]
[-26, -27, -17, 0, -9, 0, -5, -2]
[22, 30, 1, 3, 14, 1, 5, 7]
[0, 6, 19, 9, 4, 5, -2, -11]
[6, -6, -4, -5, -20, -8, -5, -4]
[5, -11, -22, -6, 4, -8, 4, 5]
[-12, -18, -20, -6, 3, -7, -1, 1]
[-2, 18, 36, 11, 16, -3, -1, 2]
[12, 15, 14, 4, -11, -8, 6, 2]
[3, 11, 6, 7, 28, -11, 0, -1]
[-16, -22, -13, -9, 19, -2, 3, -1]
[1, -14, -16, -21, -84, -20, -11, -5]
[2, 0, 2, 3, 13, 6, -3, -3]
[1, 5, -2, -1, 17, 16, -3, -1]
[-8, 11, -12, 1, -27, -7, -2, -1]
[3, -10, 9, 7, 20, 7, -3, -3]
[3, -6, -8, 14, 17, -8, -10, -3]
[3, -13, 16, 8, 2, -1, -8, 0]
[-1, 10, -4, -20, -8, 1, -3, 2]
[4, 25, -3, 3, 9, 15, -4, -2]
[1, 25, -11, 1, 32, 8, -5, -1]
[4, -8, 17, 3, 1, 3, 1, 3]
[-4, -11, 0, 7, -5, -8, -2, 0]
[-3, 3, -26, -13, -17, -2, -3, 0]
[0, -2, 11, 15, -15, 15, -2, -1]
[1, -2, -7, -2, 7, 4, -3, -1]
[-3, 13, -1, -2, -23, -13, -4, 0]
[-8, -2, 13, 6, 38, 9, 1, -1]
[-4, -15, -11, -8, 24, 5, -4, -3]
[0, -12, -8, -44, -44, 6, 2, 0]
[-5, -35, 8, 27, -20, -4, 0, 1]
[-5, -25, -6, 26, 39, 9, 2, -2]
[0, -13, 8, -11, 21, 7, -1, -1]
[8, 12, 0, -8, -34, -7, -1, -1]
[-4, -1, -21, 0, 39, 0, 1, -1]
[-3, -1, -13, -29, -63, -6, -3, -5]
[2, 8, 10, 11, 26, 4, -2, 0]
[-9, 18, 7, 3, -33, -14, -6, -3]
[1, 5, 8, -9, -33, 4, 0, 5]
[1, -2, -8, -7, 25, 3, -1, 1]
[-3, -5, -5, -14, -74, -9, -1, -1]
[-6, 12, 2, 10, 24, 2, -2, -2]
[-6, -9, -8, -2, 37, 4, 2, -1]
[2, -8, 10, 9, 28, 13, 4, 2]
[1, -8, -4, -33, -78, -1, -1, -2]
[-3, 4, -1, 6, -2, -11, 0, 1]
[-4, -4, -6, 2, 27, -5, -1, -1]
[0, -8, 7, 22, 38, 4, 4, 3]
[5, 12, -3, 28, 50, -2, 0, 0]
[-9, -8, 19, 27, 44, 8, 4, -2]
[11, 10, -12, -69, -86, -9, -6, -5]
[-2, -14, 0, 18, 37, 29, 3, 2]
[0, 9, -10, 8, 24, 28, 0, 2]
[3, 16, 22, 23, 71, 29, -2, -1]
[-8, -11, 9, -8, -12, 16, 2, -2]
[-3, -3, -4, -10, -50, -18, 0, -1]
[-3, -10, -14, -28, -40, -40, 1, -1]
[-2, -5, -13, 7, 15, -28, -2, 0]
[3, 2, 11, -2, 45, -19, -2, 1]
[0, 3, -6, -5, 30, -19, -4, -1]
[-3, -7, -1, 1, 45, -16, 1, 0]
[-1, -7, -12, -5, 5, -20, -3, -1]
[0, -3, 15, 35, 29, 10, -1, 1]
[4, 9, 3, 21, 17, 6, 2, 3]
[-6, -6, -1, -1, 13, -7, -3, -5]
[-1, 2, 0, 3, -3, -4, 3, 1]
[-1, 2, -8, 3, -27, 3, 2, -2]
[-3, 4, -5, 4, -33, -3, -3, -1]
[3, 3, -6, -45, -67, -3, 0, -3]
[3, 6, -1, 16, -6, -5, -3, 1]
[-5, 1, 7, 22, -1, 19, 6, 4]
[10, 6, -4, -27, -52, -6, 1, 0]
[-8, -12, 0, 1, 28, -1, 2, -4]
[20, 18, 0, 9, -7, -6, -1, 2]
[-5, -1, 7, -12, 9, 12, 2, 0]
[-5, -6, -10, 14, 27, 7, -3, 3]
[-7, -6, 6, 9, 7, -15, -1, -3]
[-4, -5, -4, -3, -38, -1, 1, -3]
[2, -2, -4, -9, -31, -4, -2, -3]
[-3, -4, -1, -18, -21, 1, -1, -1]
[1, 2, -3, 20, 46, 5, 0, 2]
[-8, -5, -9, -44, -74, -11, -5, -2]
[-1, 3, 10, 29, 25, 4, 2, 2]
[-9, -7, -7, -32, -50, -3, 0, -2]
[5, -1, 1, 33, 21, 5, 3, 4]
[-3, -2, -5, -51, -16, -7, -1, -3]
[1, -6, -8, 26, 26, 4, -4, -2]
[-1, -3, 2, -18, -61, -10, -4, -2]
[-7, -4, 4, 26, 50, 2, -2, -2]
[0, 4, -3, 4, -28, -1, 1, 1]
[1, -1, -2, -17, -4, -2, -2, -2]
[1, 3, 6, 1, 29, 9, 4, -1]
[2, 8, 6, 4, -47, -2, 1, -2]
[0, -3, -5, 10, 41, -6, -3, -3]
[1, 3, -4, -39, -20, 0, -3, 1]
[6, 7, 4, 32, 37, 10, 1, 4]
[-2, -3, 2, -17, -36, -1, -2, 1]
[2, 1, -1, -2, 7, 6, -2, 0]
[3, 0, -1, -2, 15, 4, 1, -1]
[-1, -1, -1, 14, -27, -3, -2, -3]
[1, 1, -3, -22, 4, 0, 0, 0]
[-5, -7, 0, 21, 12, 4, 2, -1]
[0, -2, -3, -18, 2, -1, -1, 0]
[-3, 0, -1, 5, -3, -7, 0, -1]
[12, 12, 13, 9, 26, 3, 1, 4]
[-1, -1, 0, -16, -43, -7, -2, -2]
[-5, 3, 4, 27, -3, 5, 4, -1]
[-3, -1, 0, -14, 15, 1, 2, -1]
[-3, -9, -12, -20, -33, -7, -2, -1]
[-5, -9, -3, 30, 82, 3, -1, -2]
[6, 12, 9, 1, -12, -2, 1, 2]
[2, 7, 0, -4, -11, 3, 1, 1]
[-1, 3, 4, 2, 26, 3, 0, 1]
[-6, -7, -8, -7, -6, 2, -2, -4]
[-2, -6, -2, -1, 21, 3, -1, 1]
[3, 0, 2, -6, -22, -5, -1, -1]
[1, -1, 0, 1, -5, 0, -1, -1]
[-5, -3, -1, 7, 24, 0, -1, 0]
[-4, -2, 0, -2, -58, -10, -4, -3]
[6, 5, 4, -13, 44, 6, 0, 0]
[-1, -5, -6, -11, -15, -1, 1, -1]
[-4, -5, -6, -6, -39, -10, -4, -7]
[-2, -1, -3, 15, 18, -1, 1, -3]
[-3, -1, 0, 7, 16, 5, -1, 0]
[-2, 1, -2, 17, 13, -2, -2, 0]
[-1, 0, -4, 2, 23, 4, 3, -2]
[2, 2, -3, -28, -53, -8, -4, -1]
[2, 4, 7, -3, 29, 8, 2, 2]
[-1, 2, 3, 18, 13, 3, -2, 0]
[-4, -3, 0, -14, -51, -7, -3, 1]
[-5, -16, -14, -7, 17, 1, -2, -1]
[13, 13, 7, 26, 27, 2, 0, 2]
[11, 15, 5, -3, -9, 0, 4, 1]
[3, 2, 1, -12, -21, -1, 0, -1]
[-2, -4, 3, 6, 29, 3, 1, 0]
[-11, -14, -3, 21, 51, 4, -2, 0]
[-7, -7, -5, -15, -59, -9, -1, 0]
[1, 1, -3, -6, -1, -2, 1, -1]
[2, 1, 0, -1, -9, -7, -3, 0]
[3, -6, -9, -1, 19, 3, -1, -1]
[0, -5, -10, -9, -4, -5, -3, -1]
[-1, 1, 13, -4, -11, -1, 0, 0]
[-1, 6, 13, 14, 11, 6, 1, -3]
[2, 2, -5, -12, -19, 0, 1, -1]
[-7, -4, -2, -3, -22, -6, -4, -2]
[-5, -7, -3, 15, 6, 1, -4, 0]
[-2, 1, 0, 10, 24, 1, 0, -2]
[2, -4, -4, -21, -50, -5, 0, -1]
[-1, -2, -6, -2, 40, -2, -2, -2]
[2, 3, -4, -17, -50, -6, -1, -1]
[-3, -3, -6, 0, -1, -1, 2, 0]
[-2, 0, -4, -11, -4, 4, 3, -1]
[-4, -7, 5, 14, 30, 10, 0, -2]
[5, 4, -4, -25, -66, -16, -5, -3]
[-2, -2, -6, -16, -22, -1, -3, -1]
[2, 4, 2, 22, 33, 3, 0, 1]
[-1, 2, -2, 5, -13, -2, -2, 1]
[-3, -2, 1, 7, 41, 5, 3, 2]
[0, 1, 0, 14, -1, 1, 2, -1]
[-7, -2, 1, -44, -26, -7, 1, -1]
[3, -5, 6, 31, -4, -1, 1, -1]
[3, 11, -2, 0, 6, -3, -1, 0]
[1, 0, -5, 3, 13, -1, -3, -1]
[-1, -1, 3, 24, 30, 7, 0, 3]
[-2, 0, 1, -8, 5, 2, 1, 0]
[-2, -10, -6, -13, -27, -2, -1, -1]
[10, 8, -2, -14, 10, -1, -1, 2]
[0, 2, -2, 8, -4, 1, 0, -3]
[-3, -1, -4, -19, -18, 1, 0, -1]
[-2, 0, 6, 28, 34, 6, -1, -3]
[-7, -5, 2, -10, 11, -4, -4, 0]
[0, -3, 1, 10, -15, -2, -1, -2]
[3, 4, 2, 13, 23, 0, 0, 1]
[0, -2, 1, 22, 92, 12, 2, -1]
[-4, -1, -4, -14, -72, -13, -1, -3]
[-1, -5, -3, -12, 1, -3, 0, 2]
[5, 2, -4, -22, 29, -4, 0, 2]
[0, 1, 2, 2, 7, 1, -3, 0]
[-13, -8, -8, 7, 15, 2, 1, -2]
[11, 9, 5, 7, 1, 1, 4, 2]
[-2, 2, 4, -2, -8, 1, 2, -1]
[-2, -1, 4, 4, -15, 0, 1, 1]
[-2, -1, 2, -6, -14, -4, -1, 1]
[-5, -6, 3, -9, -17, 2, -1, 0]
[-4, -9, -10, -2, -4, 0, -4, -2]
[6, 0, -2, 15, 20, 2, -1, -1]
[0, 1, -6, -18, 13, -4, -3, -5]
[-3, 1, 1, -11, -15, 2, -1, 1]
[1, 3, 2, -5, 13, 3, -1, 1]
[-4, -6, -4, 3, 14, -5, -2, -3]
[2, -4, -6, -17, -44, -4, -3, -2]
[3, 5, 4, 26, 26, 3, 2, 0]
[-3, -2, -2, 5, -18, -4, 1, -2]
[-3, 1, -3, -15, -11, -4, -3, -1]
[4, 4, 4, 22, 37, 7, 1, 1]
[-3, -8, -5, -21, -12, -1, -2, -1]
[1, 6, 0, -8, -18, 2, 1, -1]
[2, 7, -1, 1, -13, 0, -2, -1]
[-3, -5, -4, 5, 8, -5, -3, -2]
[-1, -2, -1, 2, 17, 4, 2, -1]
[-4, -8, 0, 1, 14, 1, 2, 0]
[6, 6, 2, -30, -50, -5, -2, 1]
[4, 3, 6, 12, 25, 3, 0, 1]
[2, 1, -3, -5, -17, 0, 1, 1]
[-1, -6, -4, -2, -7, -2, -3, -1]
[-5, -8, -6, -11, 0, 0, 0, -3]
[3, -5, 4, 12, -8, -6, -2, -2]
[-1, 6, -3, -7, -9, -3, -3, 1]
[6, 8, 1, -4, -33, -2, 1, -2]
[-5, -4, 2, 12, 13, 2, -1, -2]
[1, -6, -5, -3, 11, 1, 2, -1]
[-1, -6, -4, 4, 3, -2, -1, 0]
[3, -3, 2, -3, -5, 1, -1, -1]
[0, 4, -1, -2, 18, -2, -2, 0]
[-5, 1, 1, 4, -11, -2, -2, -2]
[0, 3, -3, 0, 8, -1, 1, 1]
[-3, -3, -5, -3, -1, 1, -3, 3]
[-6, -6, -1, -12, -34, -5, -2, -5]
[1, 4, 0, -1, 16, 2, -4, 0]
[1, -1, 2, 9, 21, 0, 0, -1]
[-1, 2, 0, -5, -8, -2, 0, 0]
[5, -4, -4, -1, 23, 1, 0, -1]
[-19, -5, -6, -13, -25, -2, 1, -1]
[24, 3, 1, 2, 17, 4, -1, 3]
[-7, 9, 8, 12, 5, 3, 2, -6]
[1, -4, -2, -8, -22, -6, -3, -1]
[11, -3, 1, 5, 9, 1, 12, 10]
[-7, -5, -3, 3, 8, 5, 6, 13]
[-3, 0, -5, 3, 0, -3, 0, -4]
[-5, -2, 1, 2, 5, -4, -7, -9]
[1, 1, -1, 1, -6, -4, 2, -6]
[-2, -8, -2, -5, -7, -2, -4, -4]
[15, -6, -3, -1, 15, -1, -6, 1]
[-2, 7, 2, 2, -4, -2, -6, 2]
[0, 0, -1, -4, -16, -1, -10, -8]
[-14, 4, 8, 8, 14, 10, 15, 1]
[5, -5, -3, -3, 7, 0, -25, -3]
[3, -6, -2, -6, -4, -3, 10, 0]
[-3, 5, 1, -2, -1, -2, -9, 11]
[-20, -3, -1, 2, -10, -3, -27, -17]
[9, 7, 0, 2, 1, -2, 4, 7]
[-3, 3, 1, 3, 1, 0, -5, -6]
[3, 1, 0, 3, 4, 4, 4, 6]
[3, -6, -4, 4, 4, -2, 4, -3]
[-2, -11, -3, 17, 25, 4, -7, -9]
[7, 3, -2, -15, -33, -11, -3, 28]
[-10, -3, 1, -3, -1, 5, 6, -10]
[-4, -3, -3, 5, 9, -2, -1, 4]
[-5, -6, 0, -5, -21, 1, 6, -8]
[1, 7, 2, -5, 11, -5, -1, -5]
[-5, -5, 0, 2, 8, -5, -3, -6]
[5, 0, -1, -10, -8, -1, 12, 4]
[-1, -2, -2, -4, 0, 0, 9, 5]
[-12, -20, -13, -2, -6, 2, 3, -13]
[2, 16, 4, 6, -6, 2, 6, 17]
[13, 12, 0, 0, -11, -2, -26, -17]
[8, 7, 4, 4, 5, 4, -1, 12]
[-3, -2, -1, 7, 6, 4, 5, 0]
[-3, -6, 0, -9, -1, -1, -12, -22]
[0, 1, 2, 3, -3, -1, 13, 15]
[-5, -1, 1, 4, 0, 11, 25, -5]
[-9, -2, -3, -10, -2, -4, -9, -10]
[9, -1, 0, 2, 1, -5, 10, 8]
[1, 5, 1, -4, 0, 0, 7, -7]
[2, -7, -2, 0, 11, -4, -18, 5]
[2, -7, -6, -7, -15, 1, -5, 13]
[-9, -3, -2, -2, 3, -4, 3, -11]
[1, -12, -6, -6, -12, -2, 29, 16]
[-3, 5, -4, -2, -9, -1, -2, -14]
[-4, 0, 5, 10, 8, 0, 7, -7]
[10, -5, -2, -5, -14, -14, -33, 14]
[2, 3, 2, 0, 8, 20, 40, -23]
[4, 11, 2, -9, -6, -5, -20, -3]
[-2, -8, -3, 0, 8, 4, 8, 1]
[-5, -4, -3, 6, -1, -1, -1, -8]
[-4, 2, 9, 9, 28, 3, -19, 11]
[-12, -5, 0, -12, -39, 2, 11, -12]
[-2, -7, -6, 0, -1, -10, 8, 9]
[4, -3, 2, 4, 13, 9, -4, -2]
[4, 10, 1, -2, 10, -1, -14, 1]
[1, 0, -1, 3, 10, -1, 16, 13]
[-6, -4, -5, -4, -1, -6, -47, -27]
[-15, -10, -4, -5, -13, -8, 12, 6]
[11, -6, -5, -6, -13, -3, -1, -21]
[21, 9, 4, 8, 14, -6, 4, 13]
[-5, -4, -1, 0, -6, -10, 13, 7]
[6, 9, 1, -4, -6, 2, 20, 5]
[-17, -16, -4, -6, -12, -7, -23, 20]
[-6, -1, 2, 6, 15, 9, -23, -29]
[2, 2, 3, 0, 1, -7, -15, 11]
[-7, 9, -6, -8, -24, -1, -3, -28]
[-6, 1, -5, -1, 2, 2, 23, -2]
[5, -2, -4, 0, 18, 10, 19, 66]
[-16, 2, 5, 3, 17, -5, -42, -80]
[8, -21, -5, -13, -14, 7, 5, 29]
[3, 25, 4, 3, -16, 1, -6, -35]
[15, 1, -3, 2, 14, -4, -17, 13]
[2, -6, 5, 5, 13, -5, 29, 25]
[8, 15, 9, 15, 21, -7, -31, 44]
[-3, -26, -6, -6, 4, 3, -23, -61]
[-16, 15, -3, -1, 4, 1, 12, 18]
[26, 1, -1, -3, -4, 0, 9, 48]
[1, -10, 0, 9, 7, 3, -31, -92]
[11, 30, 10, -2, 0, -1, 4, 96]
[-13, 3, 0, -4, -6, -1, -1, -66]
[-8, -9, -4, -6, -9, -2, 14, -8]
[-6, -9, -3, 2, -1, -1, 30, 25]
[6, 8, 4, 4, 10, 2, 4, 24]
[-17, -19, -13, -11, -5, 8, -27, -15]
[9, 1, -2, 3, -2, 2, 16, 5]
[-2, 16, 5, 4, 0, -9, -55, -17]
[-13, -12, 1, 11, 14, 4, 29, 19]
[11, 24, 11, 5, 19, -6, -18, -2]
[-36, -29, -19, -6, -27, -10, -25, -15]
[30, -3, -4, -24, -40, -12, 44, 5]
[-17, -9, -7, -4, 20, -7, 32, -77]
[-21, -36, 7, 5, 33, 1, -52, -11]
[48, 10, 0, 0, -3, -2, 54, 50]
[-46, -3, 3, -2, -17, -2, -13, -58]
[45, 25, 0, -2, -26, -6, -85, 33]
[-18, -8, -6, 7, -6, -1, 54, 19]
[-11, 75, 15, 13, 44, -2, -50, -56]
[14, -12, -3, -4, 15, 7, 16, 2]
[20, 5, -3, -11, -69, -12, -1, -7]
[-6, 6, -2, -10, -34, -2, 2, 43]
[-39, -36, -1, 12, -5, 4, -18, -71]
[45, 79, 10, 5, 18, -7, -3, 82]
[-22, 6, 0, 6, 34, 22, 65, -41]
[69, -2, -10, -5, -5, -9, -5, 92]
[-66, -78, -14, -11, -21, -5, -5, -61]
[20, -4, 5, 9, 16, 2, 21, 109]
[22, 1, 6, -3, -5, -2, 43, 77]
[-47, -55, -5, 2, 6, 8, -49, -109]
[66, 73, 15, 4, 10, -3, -9, 42]
[-30, -32, 9, -6, -9, -4, 29, 32]
[9, -6, -10, 0, -20, -13, -112, -14]
[-21, -14, 3, -16, -64, -1, 121, 80]
[8, -18, -10, 4, 31, 10, 26, 36]
[-12, -28, -1, 14, 34, 12, 33, 49]
[-60, -54, -15, -22, -15, -11, -39, -99]
[56, 87, 12, 2, -1, -9, 19, -37]
[10, -18, -9, -12, -31, 20, 44, -14]
[17, -9, -16, -12, 4, -40, -85, 79]
[-11, -16, -3, -6, 21, 31, 109, -44]
