[-28, -14, 19, 0, -9, 29, 127, -48]
[-30, -31, -41, -6, 9, -64, -83, -36]
[79, 3, 11, -7, -38, -7, 30, 19]
[-53, -83, -38, -4, -17, 7, 53, -60]
[-2, -89, -22, -8, 29, 3, -41, 127]
[-39, 12, 73, 35, 57, 31, 20, -18]
[48, 21, 4, 5, -6, 4, -69, -72]
[-7, 103, 50, -11, -45, -13, 18, 42]
[36, -4, -7, -3, 20, -5, -33, 53]
[-26, -20, -77, -14, 6, 12, 41, -29]
[-36, 16, 12, 0, 32, -2, -42, -108]
[-28, -27, -61, -9, -1, -23, 34, 25]
[-20, 56, 80, 16, 27, 0, 17, 26]
[34, 68, 36, 16, -28, -6, 7, 14]
[13, 26, -36, -10, -15, 13, -3, -79]
[-22, -7, -10, -6, -30, -24, 43, -88]
[13, 37, -2, 5, 13, 11, -77, 36]
[-24, -29, -30, -8, 17, -7, -6, 54]
[25, 44, 17, 11, -18, 5, 21, 19]
[-1, -1, 8, -19, -82, -55, -113, 34]
[4, -56, -13, 2, 47, 46, 80, -49]
[2, 1, 8, -8, -61, -31, -1, 84]
[40, 21, 5, 14, 40, 28, 71, 73]
[-2, -40, 17, 6, 9, -5, 21, 27]
[13, -19, 0, -2, -2, -21, 33, 73]
[-4, -1, -27, 2, 53, 34, -43, -107]
[-13, 6, 17, -5, -23, -19, -8, -20]
[5, -28, -8, -13, -41, 4, -66, -77]
[33, 41, -6, 1, -13, 10, 105, 79]
[2, 15, 11, 1, -20, -9, -67, -97]
[-24, -6, -13, -12, 12, -8, 49, 102]
[-1, -17, -6, 8, 50, 13, -24, -60]
[-8, 5, 7, -12, -17, -21, -65, -73]
[6, 36, -3, 8, 43, 32, 15, 103]
[16, -18, 3, 4, -18, 10, 8, -25]
[-25, 20, 8, -9, -34, -5, 2, -38]
[-9, -25, -11, -13, -13, 5, 31, 20]
[8, 56, 17, -2, -29, -31, -24, -66]
[-13, -25, -37, -7, -20, 0, -31, 42]
[5, 11, 25, -8, 4, -16, 47, 127]
[-18, -8, -5, 8, 17, -1, -100, -128]
[10, 22, -2, -9, -60, -8, 38, 45]
[-4, 10, -14, 11, 62, 0, 5, 13]
[-2, 2, -3, 5, 21, -10, -42, 1]
[-7, 40, 3, 9, -13, 5, 27, 14]
[13, -12, 4, 7, 44, 16, 7, 24]
[20, 18, -1, -18, -33, -1, -44, -65]
[-11, 15, 19, 12, 31, 20, 45, 53]
[-4, 10, -5, -7, -13, -4, -24, -13]
[-2, -5, -14, -2, -13, 4, 21, 12]
[-11, 7, 4, -6, -22, -7, -16, 14]
[-7, -6, -12, -1, 10, 5, 1, -37]
[49, 45, 16, 0, 29, -5, 76, -92]
[-2, -4, -10, 0, -2, -12, 8, -13]
[13, 25, 20, -12, -41, -8, 31, 75]
[7, -11, -6, 10, 22, 8, 40, 34]
[-7, -23, -3, 6, -8, -7, -28, 19]
[11, 8, 6, 10, 58, 11, 3, 33]
[-11, 27, -7, -11, -23, -4, 18, -43]
[3, 36, -14, -5, 4, 11, -14, -29]
[-42, 41, -7, -8, -14, -31, -45, 59]
[33, 34, 10, 6, 10, 6, -45, -43]
[-27, -23, -14, -2, 40, -4, -12, -5]
[-7, -17, -5, -8, -19, -8, -45, -33]
[23, -15, -4, -23, -65, -10, 3, 1]
[-14, 22, 9, -1, -16, 3, 7, 15]
[7, 26, 0, 10, 29, -4, 20, 15]
[5, -13, 19, 9, 7, -7, -20, -44]
[-5, -38, -6, -1, 21, 4, -12, -9]
[-4, -74, -24, -5, -11, 2, 15, 26]
[-14, -57, -9, -1, 13, 7, 5, -23]
[7, -40, 7, 15, 15, -3, -10, 58]
[17, -15, 8, 10, -6, -1, -19, -11]
[-1, -75, 18, 0, -11, -6, 6, 9]
[-4, -22, -20, 3, 21, 2, 8, 3]
[17, 45, 9, -8, -20, -10, -15, -12]
[3, 32, 12, 0, -16, -5, 1, 10]
[-12, 31, -14, -3, -7, -2, 2, -13]
[5, 35, 7, -8, -14, -14, -14, -5]
[2, -14, -15, -5, 15, -10, 18, -17]
[-50, 15, 10, 9, 30, 17, -6, -34]
[-4, 15, -3, -17, -45, -4, -16, 37]
[-3, 24, 1, -9, -3, 6, -8, -4]
[-3, 46, 3, 1, -2, 1, -9, -11]
[-1, -14, -13, -11, -41, -7, -17, -15]
[5, 0, -16, 8, 10, 0, 3, -4]
[-2, -36, -14, 5, -13, -10, 4, -3]
[0, -32, 34, 5, 1, -3, -15, -15]
[33, 11, 3, 18, 58, 14, 14, 25]
[21, 51, 24, -4, -21, 15, -2, 3]
[28, -24, 7, 3, 11, 7, -5, -2]
[11, 23, -36, -18, -12, -3, -6, 0]
[17, -33, -24, 0, -4, 1, -10, 7]
[19, 52, 25, 13, 45, 28, 13, 3]
[-14, 86, -3, 0, -20, 2, -5, -11]
[-3, -62, -1, 10, 7, -7, -5, -6]
[5, -32, -4, -6, -3, -5, 2, 3]
[-10, -114, -11, 2, -50, 5, 5, -8]
[-5, -70, 11, 1, 33, 2, 6, 5]
[-5, -29, -6, -10, 0, -6, -8, -1]
[-7, -33, -1, -18, -9, 3, -3, -3]
[-12, -34, -3, 12, 22, 4, 2, 2]
[-20, -72, 2, -1, 18, -7, -6, -6]
[0, 12, -12, -19, -38, -14, -6, -5]
[-5, 10, -1, 4, -34, 1, 1, 5]
[-6, 7, 5, 16, 28, -11, -2, -2]
[6, -50, 20, 6, 71, 7, 5, -2]
[3, 2, -11, 1, -56, -5, -7, -6]
[1, 77, 7, -29, -18, -7, 1, 3]
[3, 22, -5, -13, 9, 10, 3, 4]
[-9, 2, -9, 6, -30, -11, -4, -3]
[12, 55, 17, 35, 87, 3, 2, 7]
[-31, -41, -11, 16, 5, 2, -1, 3]
[5, -13, -16, -39, -85, -19, 0, 0]
[2, -40, 1, -11, -7, -4, 3, -1]
[-9, -68, 1, -18, -33, 5, 1, -3]
[-3, -29, 5, 16, 51, 1, 1, 1]
[-7, -58, -6, 6, 42, 4, -2, -4]
[2, -12, -5, 1, 33, 0, 1, -1]
[1, -14, -4, -15, -38, 14, -4, 1]
[10, 3, 3, 0, -4, 18, 1, 4]
[-4, -19, -6, -8, -4, 8, 1, 0]
[3, 16, -5, -11, -32, 2, -3, 0]
[-3, 16, -5, -1, 9, 12, -2, -4]
[-13, 6, 4, 14, 6, 4, 2, 1]
[-5, 38, -2, 8, 37, -19, 1, -1]
[7, 34, 10, -1, -11, -16, -2, -3]
[-5, -12, -8, -15, -15, -7, 3, 3]
[20, 26, 22, 24, 20, -3, 1, 5]
[-7, 2, 8, 3, 32, -12, -3, -1]
[-10, 6, -14, -25, -82, -15, -4, -6]
[-1, -2, 6, 10, 46, 10, 1, -3]
[-2, -11, -13, 9, 21, -6, 1, -4]
[-3, -5, -9, -5, 53, 0, 5, 0]
[-3, -1, -4, -24, -91, -18, -2, -2]
[3, 9, 4, -39, 5, 1, 0, 5]
[2, 3, -5, 43, 10, -8, -3, 0]
[2, 6, 15, 14, 12, -9, 1, -3]
[-4, 1, 3, -2, 13, 1, 0, 0]
[1, 3, 10, 42, 1, 6, 2, -3]
[6, 1, 14, -15, 19, 2, 3, 1]
[-6, -10, -3, -13, -27, -9, -2, -3]
[-9, -2, -11, -31, -51, -1, -3, -3]
[0, -29, -1, 25, 50, 2, -3, 1]
[-8, -1, -9, -28, 31, 1, -2, -1]
[10, 15, 1, 12, 35, 2, 1, -1]
[-2, 33, 1, 13, 58, 6, 1, 2]
[-3, 19, -7, -49, -50, 0, -5, -4]
[-5, 18, 0, 25, 66, 12, 2, 2]
[-2, 5, -9, -76, -124, -16, -4, 2]
[2, 9, 2, 47, 22, -3, -2, -1]
[2, 12, 9, 26, 21, -4, -1, -1]
[-4, -2, 4, 15, -9, -3, 0, -1]
[-6, 4, -4, 11, 23, -4, 1, 0]
[1, -4, -4, -4, 54, 1, -1, -2]
[7, 16, 7, -11, -1, 2, 1, 1]
[4, 10, 2, -12, -34, -4, 2, -1]
[5, 4, 11, 42, 43, 16, 5, -1]
[4, -5, -9, -4, -23, -12, -5, -6]
[-8, -7, -19, -63, -59, -12, -7, -7]
[4, 2, -4, -20, -8, 14, 2, 2]
[-4, -7, -1, 8, -16, -8, -5, -2]
[-6, -17, 8, 7, -1, 5, 2, 3]
[-3, 21, 4, 30, 35, 7, 1, -4]
[9, 5, 5, -22, -49, 0, 2, 0]
[-6, -14, -6, 2, 6, 0, -6, -2]
[9, 16, 1, -1, -19, -2, -1, 3]
[4, 14, -1, 13, 35, 8, 3, 2]
[-3, -5, 1, -13, -71, -8, -4, -2]
[-3, -7, 1, -1, 34, 2, -1, 0]
[-9, -12, -3, -25, 4, -1, -4, -3]
[-2, -6, -3, 21, 35, 5, 1, 0]
[1, 4, 3, -14, 21, -2, 0, 0]
[-3, -5, -5, 14, -3, -3, -1, -1]
[-3, 1, 7, 7, -16, -3, 0, -1]
[3, 2, 1, 7, 3, 4, 5, 5]
[-5, -5, -1, 10, 34, 2, 3, -1]
[-9, -6, -9, -32, -67, -21, -5, -2]
[-4, -9, -16, -32, -36, -6, -5, -5]
[3, -3, 1, 45, 29, 7, 1, 0]
[1, -4, 2, 9, -2, 4, -1, -2]
[14, 19, 6, 12, 27, 2, 1, 0]
[1, -2, 0, -18, 13, 7, 2, 1]
[-13, -12, -1, 1, -11, -4, -4, -1]
[9, 7, -3, -5, 15, 2, -1, 5]
[-3, -4, 5, 24, 6, 8, 4, -2]
[2, -1, -3, -7, 10, 1, -1, -3]
[2, -1, -8, -16, -9, -4, 0, -2]
[-2, 0, -2, -7, -6, -4, -3, 0]
[-13, -5, -7, 8, -8, -4, -4, -1]
[-9, -2, 10, 31, 23, 8, 0, 0]
[17, 9, -4, -27, -26, -10, -8, -5]
[2, 7, 0, 24, 54, 9, 1, -2]
[1, -1, -7, -21, -42, -1, 1, 1]
[-2, 3, 4, 10, 6, -6, -1, -2]
[-11, -9, -2, -7, -13, -4, -3, -1]
[0, -4, -2, -6, -5, -4, 1, 1]
[7, 1, 7, 13, 24, 5, 3, 0]
[1, -8, -5, 2, 5, -2, -2, -3]
[-4, -6, -2, -3, -9, -5, -3, 1]
[-3, -7, 1, -8, -4, 1, -3, 2]
[-4, -4, 0, -3, 3, -1, 3, 2]
[9, 7, -3, 15, 22, -1, 1, 2]
[-1, 5, 2, -4, -14, 1, -1, -3]
[-2, 1, 1, 9, 14, 5, -1, -2]
[-4, -2, -5, -5, -2, 2, -1, -3]
[-4, -8, -6, 2, -3, -2, -4, 0]
[8, 17, 5, -10, 6, -3, 0, 1]
[-2, 1, -2, -10, -20, -4, 1, 0]
[0, 3, 2, 0, -8, 0, 0, -1]
[6, 7, 3, 21, 77, 7, 0, 1]
[-16, -11, -12, -11, -58, -10, -4, -2]
[2, 3, 2, -8, -23, -3, 1, 1]
[6, 2, -5, -12, 1, 0, 2, 2]
[1, 4, 12, 8, 14, 3, 1, 0]
[-2, -10, 2, -4, -31, -1, -1, -1]
[6, -3, -4, -8, -8, -1, -1, 0]
[-3, -6, -1, 19, 30, 0, 2, -1]
[-4, -6, -7, -25, -6, -5, 2, -5]
[1, 4, 4, 2, 27, 0, 2, 1]
[-5, -5, -5, 11, -35, -5, -4, -3]
[2, 2, 9, 11, 15, 6, -1, 2]
[6, 7, -6, -17, -25, -6, -4, -2]
[2, 12, -1, -2, -10, 2, 0, 2]
[2, 3, -6, -8, -14, -1, 2, 1]
[2, -3, -2, -7, 11, -2, -4, 0]
[-9, 1, -2, -1, -5, 0, 1, -2]
[-1, 1, -1, 10, 24, -1, 1, -2]
[-5, -9, 7, 1, 14, 1, -2, -1]
[2, 6, -2, -8, -17, 0, 0, -1]
[-4, -5, -2, 5, -10, -8, -2, 0]
[2, -9, -4, 6, 19, -1, -1, 1]
[0, -1, -2, -4, -1, 3, -2, 3]
[7, -1, 0, -25, -17, -1, 3, 1]
[4, 2, 7, 28, 33, 4, 1, -3]
[-1, -4, 2, -5, 38, 3, 0, -4]
[3, 1, -7, 1, -53, -5, -3, 0]
[-11, -9, -5, -10, -28, -3, 0, -2]
[-4, 2, -9, -23, -50, -8, -2, 0]
[-5, -2, 6, 14, 24, -1, 0, 2]
[-3, -3, 6, 14, 28, 2, 0, 2]
[10, 4, 0, -13, 11, 3, 0, 4]
[-3, -11, -6, -18, -46, 0, 0, 0]
[0, 1, 0, 31, 65, 5, -1, -1]
[-4, 3, -7, -27, -42, -10, -3, -6]
[-4, 0, -2, 4, -24, -1, -3, -3]
[-2, 1, 1, -2, -2, -1, 0, -1]
[7, -1, 1, -18, -29, -2, -1, 0]
[3, -4, 2, -1, 35, 6, 0, 2]
[-3, 2, 9, 34, 23, 2, -1, -1]
[-6, -4, -4, -9, -6, -6, -4, -2]
[-5, -4, -2, 2, -9, 3, 0, 0]
[0, -2, -2, 1, 13, 3, -1, -1]
[-1, -1, -3, -14, 0, -4, -3, -1]
[7, 5, 0, 10, 28, 0, -2, -1]
[0, 4, 1, 9, -1, -1, -1, 0]
[-9, -4, -7, -18, -32, -3, -1, -2]
[-5, -20, -3, -11, -7, -1, 0, 0]
[10, 24, 11, 32, 30, -1, 0, 4]
[1, 8, 6, 3, -4, 0, 0, 0]
[7, 2, -2, -11, -13, 0, 2, 0]
[-5, -3, -5, -13, -6, -1, -1, -2]
[-6, -13, -1, 22, 11, 3, 0, -1]
[4, 6, -1, -6, -6, 2, 2, 0]
[-1, -2, -3, 6, 12, -1, -2, 1]
[1, 5, 5, 14, 21, -1, 3, 2]
[1, -1, -4, -6, 19, -2, -2, 0]
[0, -6, -4, -14, -47, -4, -3, -3]
[2, -1, 5, 10, 13, 3, -1, 0]
[4, -1, 0, -6, -5, 3, -2, -1]
[-5, -5, -1, 2, 0, -3, -1, -1]
[-9, -12, -6, 2, 1, -2, 2, 1]
[1, 7, -3, 10, 26, 5, 0, -1]
[2, 7, -5, -5, -10, -3, -1, -2]
[1, -1, 0, -7, -17, -6, -2, 0]
[-1, -5, -2, -4, 31, 2, -1, -2]
[3, 5, 6, 0, -25, 0, 5, 3]
[-3, 0, 3, 12, 7, -3, 0, 1]
[-3, -3, -1, -14, -2, 4, 2, -1]
[-12, -8, -5, -8, -9, -6, -3, -2]
[19, 7, 4, 15, 25, 3, 0, 3]
[3, 13, 3, 17, 26, 4, 0, 0]
[-3, -11, -5, -7, -25, -3, -1, -5]
[0, 1, 1, -9, 10, -3, -3, -4]
[-2, -4, -2, 1, 2, -4, 0, 2]
[2, -3, -4, 1, 2, 1, 3, -1]
[0, -1, -3, 3, 1, 1, -1, -2]
[2, -3, -7, -8, -4, -1, -1, -1]
[-6, -6, 1, -4, -7, 1, -1, -2]
[-2, 2, 1, -13, -2, 0, -3, 0]
[-1, 2, 3, 7, 20, -4, 0, 2]
[-1, 3, 6, -11, -55, -6, -2, 1]
[-11, -16, -7, -9, -4, 0, 0, -1]
[11, 9, -5, 10, 14, 2, 2, 0]
[-4, 1, -1, -6, -9, -2, -1, -5]
[-3, 2, -6, -8, -19, -4, -2, -1]
[5, 5, 3, 18, -8, 4, 2, 1]
[-2, -7, -3, 5, 15, -1, -2, -2]
[0, 0, -2, -16, -15, -4, -2, 1]
[1, 6, 7, 0, -2, 1, -1, -1]
[-4, -3, 6, 21, 48, 9, 1, -2]
[-10, -10, -5, -5, -40, -5, -2, -3]
[6, 12, 2, -11, -13, -4, 0, 0]
[1, -2, 0, 12, 36, -1, 2, 0]
[-3, 2, -3, -6, 18, 3, 1, -3]
[-2, -5, -2, -20, -81, -11, -3, -1]
[-5, -2, 1, 11, 1, -1, 1, 1]
[1, -4, -2, -3, 4, 3, 0, 1]
[5, -4, 3, -4, 7, -2, -2, -3]
[-1, 0, 0, -16, 3, 5, 2, 0]
[-7, -5, -6, -6, -13, -2, 0, 0]
[4, -2, -3, 23, 22, 0, -2, 0]
[7, 3, -2, 2, -5, -4, -4, -1]
[-4, -7, -4, -14, -1, 1, -2, 0]
[5, 14, -2, -6, 4, -5, -6, -3]
[-1, -8, -5, 8, 24, -1, -2, -2]
[-1, 2, 0, -6, -8, 1, -2, 0]
[-2, -11, 5, 10, 6, -1, 0, -1]
[-3, 9, 5, 1, 22, 5, 4, 0]
[-1, 1, -1, -15, -67, -4, 1, 1]
[-3, -2, -2, -4, -17, -6, 2, -1]
[0, -1, 0, 1, 19, 2, 0, -1]
[-3, -13, -5, -1, -3, -2, -3, -2]
[3, 2, -1, 5, 23, 7, 1, -1]
[-1, 0, 0, -4, -6, -1, 3, 2]
[2, 9, 4, 3, 7, 1, 0, 2]
[-3, -11, -2, -3, -13, -4, -2, 4]
[-2, -2, 1, 4, 6, -1, -2, 1]
[3, 1, -6, -2, 22, 3, 0, 2]
[-3, -7, -3, 2, -11, -4, -4, -4]
[5, -4, -1, -5, -10, -1, 3, -4]
[-7, 6, 1, 1, -11, -3, 0, -3]
[-2, -4, 1, -4, -2, 1, -1, 3]
[-1, 5, -1, 14, 36, -2, -3, -1]
[0, 7, -6, -18, -47, -3, -3, -1]
[-3, -9, -2, 2, -12, -5, 0, -1]
[0, 2, 2, 0, 9, 6, 4, 1]
[0, -2, 1, 4, -4, -1, -1, -3]
[1, -7, -5, -2, 21, 0, -3, -2]
[4, 6, 5, -11, 4, 0, 1, -1]
[-1, 4, -4, 17, 1, -2, -1, -3]
[-2, -2, 5, 8, 15, 6, 6, 3]
[-6, -14, -6, -6, -12, -8, -1, -4]
[-1, -4, -2, -6, -2, -1, -1, 4]
[-2, 4, -3, -12, -12, -4, -4, 1]
[-1, -2, 2, 0, -3, -1, -5, 0]
[-1, -2, 4, 5, 14, 0, -2, -2]
[-20, -4, 0, 7, 27, 2, -2, -4]
[30, 11, 1, -7, -56, -5, -1, -4]
[-12, 4, -4, -4, 3, 1, 2, 1]
[12, 15, 6, 6, -8, 0, 2, 5]
[0, -1, -1, -2, 3, -2, 4, 4]
[-14, -13, -4, 3, 19, 0, 7, -5]
[-3, -4, -7, 0, 3, 0, 0, -14]
[-10, -2, 2, 0, 19, 1, 3, 19]
[2, 1, 3, 1, -12, 0, 6, -2]
[-6, -1, 3, -1, 20, 2, -2, 4]
[5, 3, 0, -4, -12, -2, 2, 2]
[-7, -5, -2, 7, 8, 0, -4, -8]
[7, 1, -1, 1, -10, -3, -12, -3]
[-2, -2, -1, 3, 27, 7, 2, 0]
[-2, -5, 0, -10, -25, -7, -7, -2]
[-3, 5, -1, -6, -21, -1, 3, -3]
[3, -14, -4, -8, -14, -2, -5, 0]
[-5, 8, 2, -6, -12, -3, 4, -3]
[5, 15, 5, 4, 12, 0, 6, 5]
[-6, -5, -2, 0, 6, -7, -5, -11]
[-3, -2, -4, -1, 4, -1, 2, -1]
[6, 19, -3, 0, 7, 4, -2, -1]
[2, -4, -3, 2, 8, 2, -10, 7]
[-5, -4, 4, -3, -10, 2, 15, 10]
[-1, -6, 0, 5, 10, -4, -30, -23]
[-1, -12, 1, 0, -2, -1, 13, -4]
[-4, 1, -6, 2, 6, -1, -22, 9]
[1, -2, -1, -4, -12, 0, 14, -6]
[-1, -2, -6, 1, 7, 4, -9, 6]
[2, -2, -2, -9, -5, -2, 0, -1]
[0, 3, -1, -4, -5, 0, 3, -1]
[-2, -8, -2, 4, 13, -1, -1, 1]
[4, 6, -2, 0, 12, -7, 6, -6]
[-5, -2, -2, -5, -3, -1, -14, -7]
[9, 1, 0, 12, 29, -1, 2, 10]
[-12, -1, 0, -6, -17, 0, -20, 16]
[7, 8, 4, -6, -30, -2, 5, -5]
[-13, 12, 1, -5, 4, -1, -5, -5]
[6, 9, 0, -6, 9, 7, 0, -25]
[-1, 20, 2, 22, 29, 10, 13, 24]
[-6, 3, -2, 1, -15, -2, -6, -1]
[-4, -17, -10, -5, -10, -6, -8, 7]
[6, -11, 1, -5, -11, -4, 4, 0]
[-1, -2, -1, 9, 9, 0, 2, -22]
[0, -5, 1, -2, 3, -8, 7, 9]
[-6, -13, 1, 1, -2, 0, 2, 12]
[8, 6, 4, -2, -4, 4, 21, -2]
[0, -13, -3, -5, -15, -4, -46, -17]
[9, 0, 0, 5, 2, 5, 7, -8]
[5, -10, 3, 4, 4, -6, 11, 43]
[-5, -6, -1, -3, -15, -4, -2, -48]
[5, 5, -5, -5, -17, -5, 4, 19]
[-7, -5, -3, -3, 3, 12, 3, -33]
[-4, 4, 3, 1, 14, -3, 11, 2]
[-7, 1, -1, -4, 2, -4, 2, 10]
[3, -17, -6, -5, -4, -10, -4, 5]
[7, 10, 2, -1, 8, 0, 7, 4]
[2, 1, 2, 5, 5, -5, -8, -52]
[5, -3, 0, 1, -13, -1, 8, 40]
[-10, -34, -4, 0, -1, -7, 2, -1]
[10, 31, 5, 2, 9, 4, 36, -23]
[-32, -20, 0, 11, 52, 13, -14, 16]
[32, 7, -1, -12, -53, -5, 45, 15]
[-5, -50, -4, -11, -26, -4, -38, 73]
[-11, 14, 9, -11, -14, 5, 17, -72]
[8, 16, -4, 5, 0, -9, -68, 1]
[-10, -8, -5, 6, 31, 6, 24, 18]
[-2, 0, 0, 1, -9, -5, 18, 7]
[14, 13, 1, -1, -7, -2, 52, 49]
[0, -11, -14, -7, 9, 6, -20, -7]
[-31, -38, -12, 0, 23, -7, -30, -20]
[20, 42, 9, 1, -10, -6, 38, 5]
[-6, -17, 0, 0, -12, -9, 4, -47]
[5, 11, 8, -4, -21, 9, 7, -33]
[0, -41, -12, -4, -9, -10, 35, 74]
[10, 20, 2, 4, 25, 9, 23, 1]
[-1, -12, -3, 5, 41, -3, -13, 23]
[-21, -42, -4, -10, -43, -6, 21, 95]
[12, 51, 6, 7, 6, 1, -8, -109]
[-16, -2, -11, -2, -1, -3, 75, -19]
[64, 35, 11, 8, 1, -13, -60, 44]
[-30, -23, 1, 4, 27, 6, -54, -120]
[-7, -49, -9, 0, 24, 8, 22, 46]
[9, 9, -5, -16, -37, -5, -23, 9]
[-29, -58, -16, -8, -11, -7, 14, 97]
[6, 61, 6, 12, 0, -3, -37, -106]
[-18, -7, 10, 2, 12, -3, 39, 13]
[18, -18, 13, 28, 52, 18, -30, 53]
[-37, -10, 0, -12, -11, 4, -50, -31]
[17, -6, 1, -1, -8, 13, 104, 100]
[7, 8, 8, 5, -4, 5, -16, -89]
[-18, -36, 0, -14, -11, -31, -77, 83]
[-14, 21, 5, 2, 12, 13, 25, -48]
[22, 0, 1, 2, 12, 14, 67, 78]
[37, 92, -25, 9, 13, -8, -43, 42]
[5, 1, 21, 10, 12, 28, 75, -120]
[26, 9, 1, 0, 49, 25, -17, 23]
[-17, -35, 14, -4, -67, 1, -93, -3]
[-28, -58, -11, -10, -12, -15, -47, -96]
[-16, 65, -3, 11, 30, -9, 4, 24]
[7, 52, -15, -4, 17, -4, 21, 100]
[64, 86, 11, 3, 35, 10, 33, -24]
[29, 70, 10, 4, -18, -16, -12, 44]
[-18, -38, -20, -10, -13, 22, 71, 80]
[-70, -91, -45, -1, -28, -3, -14, -96]
[89, 90, 71, 19, 16, 14, 73, 127]
[23, -19, 22, 14, -1, 23, -50, -26]
[26, 31, -3, -8, 7, -12, -38, -86]
[-2, -8, 11, 3, -47, -15, -32, 47]
[-13, -39, -29, -9, -33, -7, 78, 75]
[-74, -91, -15, -15, 16, 9, 16, 25]
[-27, -2, 18, 12, 39, 2, -50, -128]
[63, 62, 3, 3, -59, -19, -1, 102]
[-39, 21, -12, 5, 0, -10, -36, -91]
[20, 47, 27, -3, 2, -11, -51, 83]
[-17, -38, -27, -18, -2, 10, -33, 33]
[-16, -42, -9, 7, 5, 11, 82, -85]
[-77, -76, -29, -17, -16, -13, -16, 3]
[82, 60, 26, 17, 9, 12, -24, 94]
[-16, -20, -8, 3, 20, -23, -105, -62]
[42, 38, 25, -6, -42, -5, 55, 110]
[-52, -82, -28, -10, 22, -1, 8, -65]
[-97, 9, 17, -9, -87, -5, -16, -67]
[47, 30, 20, -10, -24, 8, 42, -34]
[14, -2, -16, -11, -28, 3, -39, 21]
[5, 27, -23, -2, 20, -13, -36, -105]
[14, -62, -30, -11, 5, -23, -57, 59]
[17, -16, -28, -5, -44, -12, 94, 47]
[-86, -54, 19, -16, 51, 0, -66, -15]
