[65, -24, -4, -5, -29, 7, 52, 88]
[41, -49, -17, -13, 3, 9, 127, 52]
[-35, 8, 3, -2, -45, 1, 19, -34]
[6, 5, 4, 21, 87, 2, -63, 28]
[11, -6, 21, 1, -5, -9, 5, 26]
[-1, 0, -43, 9, 19, -9, -20, -24]
[-59, -78, -4, 1, 17, 0, -85, -73]
[-22, -17, 44, 18, 4, 17, 121, -98]
[-36, 7, -10, 4, -10, -2, -44, 19]
[-13, 10, 13, 0, 29, 17, 27, 24]
[70, 55, -2, -2, -46, -37, 21, 82]
[-48, -60, -40, -13, 34, 8, 8, -122]
[3, 36, 42, 5, 5, 36, 27, 48]
[-4, 10, -1, -7, -26, -41, -7, -99]
[-12, -18, -2, -10, 1, -4, 2, -10]
[-3, 14, 17, 12, 9, -16, -24, 78]
[19, -4, -19, 4, 15, 11, -64, -53]
[-38, 45, 9, -9, 2, 14, -1, -18]
[-13, -47, -69, -15, 23, -2, 7, 64]
[49, 68, 84, 8, -26, 13, -17, 103]
[-17, 35, -6, -3, 8, -14, -36, -128]
[10, 42, 3, 8, -3, 23, -44, 1]
[-25, -8, -17, -21, -43, -11, -13, -13]
[22, -6, -22, 0, 25, 22, 5, -5]
[3, -5, -31, -19, -51, -20, 47, 65]
[-29, -31, 41, 10, -23, -13, 44, 62]
[18, -7, 9, 21, 56, 14, -22, -13]
[-4, -10, -30, -2, 18, 1, 10, -26]
[23, 8, 7, -9, -18, -18, 74, 104]
[19, 25, -15, -3, 5, 3, -12, -128]
[-12, -33, -8, 0, -5, -9, -10, 56]
[17, 8, 6, 11, 9, -20, -69, 50]
[-20, 21, 6, 6, 31, 22, 38, 7]
[-27, -107, -93, -9, 15, 10, 30, 23]
[33, 82, 71, 10, 20, -13, 93, 58]
[24, 73, 84, 12, -25, -7, -20, 32]
[-44, -24, -28, -3, -26, -6, -23, -9]
[13, 63, 33, -5, -37, -3, -47, -79]
[7, 10, -17, 10, 10, -5, 24, 49]
[-28, -55, -25, -15, -37, 16, 47, -43]
[-6, 30, 22, 12, 35, -4, 27, 9]
[17, -8, -1, -6, 3, -24, -9, 44]
[2, 4, 4, -1, 6, -6, -25, 41]
[-19, -17, -38, 0, -8, -4, 44, 48]
[34, -20, -2, 12, 30, 15, 74, -2]
[12, 8, -3, -3, 33, -6, 98, 33]
[-9, 8, 19, -8, -29, 6, -19, -68]
[0, -40, -21, -5, 12, 23, 37, 115]
[19, 36, 0, -9, -17, 4, -66, -115]
[-28, -30, -30, -14, -15, -13, 28, 74]
[-13, -43, -22, -3, -11, 5, -17, -49]
[31, 75, 88, 14, -4, -10, -2, 35]
[-7, -7, -18, 16, 11, -12, -13, -41]
[-26, -2, -3, -19, -7, -14, -104, -83]
[24, 6, -43, 0, 2, -11, -39, -69]
[-9, -11, -22, -2, -7, -1, -30, 6]
[-12, 7, 14, -8, 0, -21, 4, -31]
[30, 16, -3, 6, 5, -11, 52, 86]
[1, 19, 12, 10, 4, 11, -9, 18]
[-9, -30, -39, -14, -9, -4, -18, -40]
[-14, -6, 2, -29, -76, -23, 32, 57]
[8, -8, 8, 15, 9, 21, 12, -25]
[-8, 27, 16, 9, 27, 11, 2, -28]
[-4, 1, -11, 6, 35, 5, 16, -69]
[7, -7, -1, 13, 45, 23, -23, 26]
[-8, -7, -2, -10, -27, -14, -22, -13]
[9, 17, 17, -7, -4, 2, -8, 4]
[2, 13, -21, -11, -9, 7, 2, -49]
[2, -13, 30, 5, 2, 0, -38, 10]
[-12, 12, 7, 1, 7, -4, -10, -50]
[2, 17, 24, 7, -9, -2, 21, -5]
[7, -30, -51, 12, 22, 4, 2, -6]
[5, -2, -5, -22, -17, -5, -24, -18]
[-8, 8, 34, 0, -4, -3, -41, 29]
[2, 3, 9, -13, -28, 7, 78, 30]
[-16, 5, -12, -12, 10, -7, 39, -26]
[5, 4, -6, 42, 59, 7, -17, 12]
[-4, -45, -14, -20, -89, -11, 9, 44]
[-26, 21, -12, 6, 15, -1, -3, -53]
[3, 14, 1, -1, -26, -2, -24, -6]
[5, 26, -3, -20, -7, 4, -7, 1]
[1, 16, 5, 17, 43, -1, 15, 14]
[2, -30, 6, 14, -11, -3, -11, 37]
[13, -91, -13, -15, 4, 7, -3, -19]
[-15, -117, 12, 0, 4, -2, -14, 8]
[-15, -94, -18, -8, 8, -1, -3, -18]
[-33, 105, 20, -13, -6, -9, -19, 1]
[-8, 127, -10, 8, 9, 3, -14, -19]
[-4, 127, 11, 0, -1, 14, 13, 8]
[28, 127, 10, 0, -16, 4, 1, 3]
[48, -89, -3, 3, 3, -6, -8, -1]
[18, -91, 1, 10, 7, -8, 8, 3]
[20, -78, -17, -11, -51, -18, 10, 14]
[7, 14, -11, -23, -30, -35, 11, -15]
[2, 12, -14, 11, 20, -15, -7, 0]
[14, -71, 40, 13, -20, 0, -4, -7]
[11, -68, 0, -2, 11, 4, -5, 3]
[-14, 16, 13, 2, -8, -7, -8, -6]
[-30, 13, -13, -14, -16, -2, -6, 1]
[-22, 118, -12, 2, -7, -3, -7, -5]
[2, 123, 2, 8, 25, 20, -7, -5]
[0, -93, -2, -6, -39, -1, 1, 1]
[9, 14, -11, -7, -8, 16, -10, 8]
[7, -47, -12, -14, 16, 24, -6, -10]
[0, 21, 12, 8, 7, 15, -2, -4]
[3, 113, 15, 50, 36, -11, 10, -2]
[1, 32, -3, -17, -67, -59, -10, -2]
[3, 87, -4, 24, 35, 21, -5, 6]
[1, 104, 4, -36, -6, 16, 0, 5]
[-15, -70, -11, -19, 8, -2, -6, -5]
[1, -62, 20, 48, 67, 10, 3, 2]
[-7, -115, -17, -11, -36, 18, 0, -2]
[-7, -128, -27, -9, 4, 28, -3, -1]
[-1, -58, 9, 1, 2, 1, -2, -2]
[-5, -13, 17, -8, 14, -4, 2, 3]
[1, 9, 20, 5, -32, 9, -3, 1]
[-6, -81, -19, -25, -89, -25, -10, -2]
[-7, -65, -7, -19, 34, -17, -1, -3]
[1, -60, -4, 16, 36, 9, 0, -5]
[4, 20, 11, 11, 56, 55, 4, 0]
[-6, -36, -11, 45, 110, 26, 4, -2]
[-2, -6, 8, -20, -49, 36, -1, 4]
[-6, 7, -1, 1, 30, 26, 0, 1]
[6, 17, -4, -12, 13, 1, -1, -3]
[6, -2, 6, 24, -24, 39, 2, 0]
[1, 15, -6, -11, 54, -12, 0, -1]
[1, 10, 6, 16, -12, 17, -1, 3]
[-2, -4, 8, -19, -63, -36, -8, -7]
[1, -2, -2, 16, 9, -32, 1, -2]
[-8, 10, -5, 16, 19, 0, 3, -4]
[6, 11, 0, -28, -37, -6, 4, -1]
[1, -15, -9, 8, -11, -15, 2, 2]
[-6, -1, 0, -44, 0, -35, -8, 1]
[-2, 12, 9, 46, 30, 5, 0, 1]
[1, -11, 8, 26, 56, -1, 3, 2]
[-3, -5, -3, -16, 8, -25, 6, 4]
[3, 11, 7, 38, -21, -29, 3, -1]
[-6, 4, -2, -31, -15, -12, -3, -2]
[10, 0, -11, -7, -3, 9, 0, 5]
[3, 5, 1, -11, -7, -13, -1, -2]
[-3, 12, 7, 13, 34, -3, 4, 0]
[-6, 2, -3, -9, -51, -3, -1, -7]
[-5, -6, -8, 17, 125, 1, -4, -4]
[-2, 14, -1, -6, -20, -3, 0, 3]
[1, 6, -4, -14, -84, -13, -2, 0]
[-3, 3, -2, 13, 1, 4, -1, -3]
[-10, 0, -1, -13, -15, 2, -2, -2]
[5, -5, -1, -15, -17, -12, -6, -2]
[5, 5, 1, -10, 41, 2, 1, 0]
[-5, -1, -4, -17, -28, -1, -6, -2]
[8, 1, -8, 1, -16, 12, -1, 2]
[-10, -7, -4, 18, 37, 35, 3, -3]
[3, 10, 3, 6, 49, 12, -1, 0]
[2, 2, 3, -13, 81, -2, -1, -3]
[-9, 4, 1, -14, -89, -40, -8, -5]
[0, 1, 6, -16, 4, -32, 2, -1]
[2, 1, -6, 34, 3, -14, 5, 1]
[1, 3, -4, -17, 5, 2, 1, 0]
[7, -2, -3, 7, -15, 0, 3, -1]
[4, -2, -4, -2, -25, -7, 0, -1]
[-3, -1, -4, 1, 18, 1, -3, 1]
[2, 10, 10, 49, 5, 13, 1, 0]
[-2, 0, 13, -14, -45, 6, 3, -1]
[1, -4, -3, -6, 3, -1, 1, -3]
[-2, -5, -2, -34, -20, -5, 1, -3]
[-12, 0, -7, -3, -13, 4, -4, 3]
[-1, -3, -2, 18, -10, 10, -7, -3]
[6, 20, 3, 14, 41, 5, -1, 12]
[0, 6, 2, 2, -10, 1, 2, 3]
[-7, 1, -3, -7, -16, -3, -3, -4]
[2, -2, -3, 10, 20, 3, -1, -3]
[3, 2, -8, -42, -1, -3, 2, -2]
[-3, -6, -7, 11, 25, -2, -2, -4]
[1, -1, -5, -25, -17, 16, 4, 0]
[-3, 3, 10, 18, -12, 1, -2, 3]
[1, -7, 2, 10, 46, 3, 6, -3]
[2, 3, 8, 22, 60, -7, 0, 4]
[0, -1, -6, -29, -97, -19, -5, -4]
[0, 10, -1, -2, 27, 16, 1, -2]
[-6, -3, -7, -28, -100, -23, -6, -7]
[-2, -2, -2, 0, 48, -3, 1, -7]
[5, 0, 11, 7, -34, -1, 0, -2]
[-11, -2, -9, -18, 11, -4, -3, -1]
[1, 11, 13, 27, 33, 7, 2, 5]
[-9, -15, -15, -21, 14, 2, -1, -1]
[17, 25, 1, 24, 47, -1, -2, 0]
[4, 7, 2, -12, -19, 5, 1, 2]
[0, -9, -5, -17, -9, -5, -1, 0]
[-7, 2, 2, 14, -13, -2, 0, -4]
[-2, -6, -2, -27, -28, 2, 1, -3]
[-2, -4, -3, -11, -19, -4, -1, -3]
[-1, -3, 3, 28, 21, -1, 2, 3]
[1, 0, -2, -14, -19, 3, -3, 1]
[-7, -7, -4, 14, 47, 3, -3, 2]
[-12, -6, -9, -13, 1, -15, -8, -5]
[7, 8, 4, 9, 45, -7, 1, -2]
[4, 1, -3, -4, -29, -6, -1, -3]
[2, 0, -5, 4, 53, 5, 2, 2]
[2, 2, 0, -22, -78, -10, 1, 2]
[1, 0, 5, 29, 50, 6, 6, 0]
[-1, 0, 7, -20, -67, -6, -2, 0]
[-1, 3, 0, 10, -13, 9, -2, -1]
[-1, 2, -2, -9, 22, 11, -1, -2]
[-2, -4, 1, 16, -12, 2, -2, 1]
[-5, -10, 2, 1, -11, -8, 1, 1]
[5, -1, -1, 7, 4, 1, -1, 0]
[4, 6, -5, -15, 2, -4, 0, 0]
[3, 0, -8, -4, -55, -3, -5, -8]
[-1, 3, -2, 1, 5, 3, -2, -3]
[-10, -8, 0, 6, -4, -7, -3, -2]
[-4, -3, 4, -8, -1, 9, 2, 0]
[-1, 3, -3, 13, 27, 8, -1, 0]
[2, 0, -7, 0, 30, -3, 0, -1]
[-1, 0, -6, -24, -55, -6, -1, -3]
[4, 4, -4, -4, -2, -3, -1, -2]
[-6, -5, -5, -20, -9, -1, -4, -1]
[8, 0, 3, 4, -5, 4, -2, 0]
[4, -3, 4, 8, 15, 1, 4, 2]
[3, -1, -3, -7, -16, -2, 0, -3]
[-8, -6, 4, 18, 33, 5, 2, 2]
[-9, -4, -2, -14, -33, -7, -4, -2]
[5, 12, 3, 10, 6, -4, -3, 0]
[-7, -3, -1, -2, -3, 4, -3, -5]
[5, 4, 4, 32, 19, 5, 3, 3]
[-2, 6, -4, 2, -2, -3, -1, -1]
[-4, -3, -2, 3, 2, -6, -2, 1]
[2, -5, -5, -17, 0, -7, -1, 2]
[2, -4, 2, -15, -20, -2, -1, -1]
[-3, 1, 2, 13, 21, 3, -1, -1]
[1, 1, -3, -31, -39, 0, 0, -1]
[5, 14, 7, 33, 30, 10, 0, 1]
[-2, -6, -4, -31, -82, -6, -2, 2]
[4, -2, 3, -10, 2, -1, 1, 3]
[-8, -1, 3, 41, 95, 1, -1, -5]
[-10, -6, -7, -19, -38, -9, 1, -4]
[-2, 2, -1, -11, 8, 0, 1, -2]
[-2, 1, 5, 18, 11, 5, 0, 2]
[-1, -1, -4, -8, -21, 0, -1, 4]
[2, 1, 0, 15, 12, 1, 1, 2]
[-1, 0, -6, 1, 18, 2, -1, -2]
[0, 1, -4, -13, -10, 1, -1, -2]
[-4, -18, 2, 13, 14, 3, -2, -5]
[12, 7, 5, 11, 38, 3, -2, -1]
[10, 12, -5, -12, -29, -3, -1, 2]
[4, 5, 2, -12, -6, -6, 0, 0]
[-4, 0, 2, 18, 27, -1, -4, -1]
[-8, -12, 0, -16, -43, -4, -4, -1]
[-2, -4, 0, -1, 21, 1, -1, -3]
[4, 6, 3, 7, -3, 1, 2, 0]
[1, -8, -2, -7, -6, 2, 2, 1]
[-2, 1, -4, -7, -9, -5, 0, 0]
[5, 18, 6, -7, 20, 3, 1, 0]
[-4, -2, -3, 3, -17, -5, -1, -4]
[-2, -2, 3, -3, 11, 2, 0, 0]
[1, -2, -1, -9, -28, 1, -1, 2]
[-4, -11, -4, 28, 42, 2, 0, 0]
[-1, -5, -3, -5, -17, -6, 2, -2]
[-3, -2, -4, 0, -4, -3, 0, -2]
[-3, -6, -4, -17, 7, -2, -5, -5]
[3, 4, 7, 3, 6, 4, 5, 1]
[-2, 1, 2, 19, 34, 0, -3, 2]
[-3, 3, -3, -4, -2, 1, -4, 1]
[-6, -3, 5, 5, -6, 1, -2, -2]
[-1, -5, -5, 7, 3, -1, 0, -1]
[3, -1, -2, -5, -5, -2, 2, 1]
[-5, -7, 0, -9, -22, -5, 1, -3]
[6, 7, 2, 0, 15, -1, 1, 0]
[2, 2, 5, 10, 3, 1, -2, 0]
[-2, 3, -4, -16, -11, 2, -2, -1]
[-2, 4, 1, 14, 11, -4, -1, 2]
[-3, -2, 0, 6, 38, 4, 1, -1]
[-4, -6, 0, 7, 25, 0, 3, -1]
[3, 8, -2, -15, -40, 1, 0, 1]
[2, -4, -7, -25, -15, -7, -3, -1]
[3, -2, -1, 6, -16, 2, 0, 2]
[-6, -7, -1, 8, 12, -1, -3, -2]
[-6, -4, -5, -11, 28, 1, -2, -2]
[-2, -7, 0, 6, -5, 1, 2, -3]
[12, 31, 7, 14, 22, 0, 1, 2]
[-1, -4, -7, -35, -24, -4, -4, 1]
[2, 0, 2, 8, -7, -5, -1, -2]
[-1, 5, 2, 17, 1, 0, -2, -2]
[-4, -8, 1, 17, 24, 4, -1, -1]
[-3, 0, 1, -3, 7, 3, -2, -2]
[-14, -14, -4, -5, -29, -3, -2, -2]
[13, 12, -5, -13, 6, -2, 0, -2]
[-1, -8, -5, -6, -11, -1, 1, 3]
[2, -7, 3, 2, -40, -7, 0, -1]
[0, -8, -2, -10, -1, -1, 1, -5]
[-3, -7, 2, 13, 30, 0, -3, -4]
[-3, -8, -1, 4, -7, 0, -1, 1]
[2, 5, -2, -10, 16, 3, 1, 2]
[-5, 3, -4, 8, -30, -3, 1, 0]
[0, 8, 2, -10, -23, 1, 2, -2]
[-2, 2, 0, -4, -6, 2, 0, -3]
[-9, -10, -1, -4, 6, -4, -2, -2]
[6, 0, 5, -8, 15, -5, -1, 1]
[1, 1, 1, 8, -6, -1, -1, 0]
[-1, -4, -1, 6, 13, 5, -1, 0]
[1, 16, 3, -6, -17, -1, 0, -1]
[-3, 0, -5, -18, -8, -2, -1, -2]
[-2, -1, -4, 13, 12, 2, 0, 6]
[-4, -10, 0, 4, 17, 5, 1, 0]
[-3, -2, -6, 3, -58, -10, -3, -2]
[-3, 1, 4, 14, 24, 6, 2, 1]
[5, 5, 1, -17, -35, -5, 1, -2]
[0, 2, 1, -2, 18, -1, -1, 0]
[0, -3, 2, 15, 37, 5, 0, -1]
[-5, -11, -6, -3, -6, -4, -2, 1]
[6, -13, -7, -23, -10, -4, -2, -2]
[6, 12, 3, 3, -8, 3, 2, 1]
[-3, -6, 2, 2, 4, -3, -2, -2]
[4, 3, 2, 30, 21, 3, -5, -1]
[-4, 2, -7, -8, -15, 3, -3, 1]
[-3, 2, 0, -13, -7, -7, -4, 0]
[1, 1, 5, -3, 12, 5, 0, -1]
[0, -12, -2, -9, -39, -4, 2, 1]
[-3, -4, 0, -11, 21, -3, -1, 1]
[-4, -8, -9, -7, -29, -5, 1, 0]
[-2, -3, -1, -1, 5, 0, 0, 0]
[-1, 1, 4, 10, 5, 1, 0, -3]
[-3, 4, 6, 22, 27, 2, 6, -3]
[-2, -7, -9, -15, -20, -2, 0, 0]
[1, -4, -6, 9, 36, 1, -1, 2]
[4, 7, -1, -18, -26, -4, -2, -1]
[-1, 5, 6, -5, -11, -1, -2, -3]
[-7, -8, 3, 9, 24, 6, 4, 0]
[13, 8, -3, -4, -44, -8, 0, 0]
[1, 1, -6, -8, 13, -4, 1, 0]
[-2, -3, -6, 1, 0, -1, -1, 0]
[0, -2, 0, -1, 11, 1, -1, -2]
[6, 11, 6, -2, 2, 4, 2, 3]
[-3, 1, -1, 0, 19, 1, -1, 1]
[1, 0, 8, 11, 1, -2, -2, -2]
[-4, -4, -3, -17, -30, 0, -3, 0]
[-5, -10, 0, -18, -38, -2, -1, -2]
[2, 0, 3, 19, 22, -3, -3, -2]
[-2, -1, -7, -19, -3, -3, -1, 0]
[5, 2, 0, 17, 26, 1, 0, 1]
[-3, 0, -5, 7, -5, 0, 0, -1]
[-4, -3, -3, -7, -18, -3, -1, 1]
[-5, -5, 3, 8, -8, 2, -2, -1]
[3, -3, 4, -16, 16, 2, -1, -2]
[0, -10, 4, -11, -21, -2, -3, -2]
[-4, -3, -2, -4, 13, -2, -1, -2]
[-7, 4, 2, 2, -16, -3, -3, -1]
[10, 5, -8, 4, 7, -1, 1, 0]
[-7, -6, -7, 2, 5, 2, 2, 0]
[6, 1, -1, 1, 0, -3, 3, 0]
[-1, 1, 1, -3, 5, 0, -3, 1]
[0, -7, 5, 2, 3, 2, -7, -4]
[3, 11, -1, 1, 7, 2, 1, 0]
[2, -2, -3, -4, -6, -1, -3, 0]
[2, 3, -3, -6, -5, 0, -1, 2]
[-3, -1, -1, 5, 5, 2, 1, 2]
[-3, -4, -3, 6, 15, 0, -1, -2]
[-2, -5, 2, 2, -4, 1, 3, -1]
[5, 8, 3, -2, 18, -1, 0, -4]
[1, -3, -4, -13, -75, -6, -3, -3]
[-20, -19, -3, 6, 3, -7, -2, -5]
[8, 12, 4, -3, 12, 0, -6, -5]
[0, -2, -1, -2, -4, -2, 5, 0]
[5, 8, -1, 4, 3, 0, 3, 10]
[-7, -7, -3, 6, 32, 1, -10, -7]
[2, 14, -1, -4, -11, -5, 1, 5]
[-1, -3, -5, -1, 5, 2, 0, 1]
[-1, 4, 8, 8, 19, 6, -5, -8]
[0, -1, -5, -6, -19, -1, 5, 4]
[-2, -7, -4, -2, 3, 2, -2, -4]
[5, -1, 3, 2, -2, 1, 10, 4]
[2, -1, 3, 0, -15, -4, -17, 2]
[5, 4, 0, -1, -2, 1, 4, -1]
[-10, -22, -4, 0, -3, -10, -5, -8]
[0, 23, -1, -3, -4, -10, -4, -5]
[-2, 6, -2, -2, 13, 9, 22, 13]
[3, 3, 7, 7, 3, 6, -7, -6]
[-7, -13, -4, -3, -11, 1, 17, 5]
[15, 4, 4, 0, 4, 7, 17, 21]
[-2, -17, -2, 3, 14, -11, -11, -2]
[7, 18, -2, -3, 1, -6, -13, 4]
[-7, 11, 1, -5, -7, -5, -3, -34]
[-2, -15, -7, -9, -9, -2, 3, 22]
[5, 3, 3, 9, 28, 8, 11, 3]
[3, 0, 2, -11, -26, -4, -3, 1]
[-4, 3, -3, -3, 0, -5, -5, 6]
[-7, -2, 3, 3, -32, -1, 17, -7]
[-1, 4, -3, -4, 1, -1, -59, -26]
[-1, -6, -2, 10, 10, 1, 18, 11]
[-1, -9, -3, 3, -3, -3, 4, 4]
[-14, -18, -8, 2, 4, -4, -17, -11]
[0, 16, 1, 1, 5, 4, 27, -18]
[3, 4, 1, -1, 7, 8, -7, 7]
[-2, 8, -3, -9, -3, 0, 0, 21]
[5, 3, 1, 0, 4, -4, 1, 4]
[-7, -19, -6, -3, -12, -7, -8, -10]
[-3, -10, -5, -5, 4, 0, 3, -3]
[11, -11, 5, -8, -3, 1, -8, 22]
[-31, 4, 0, -3, 0, -5, -46, -29]
[2, 6, 6, 0, -2, 3, -32, -42]
[35, 19, 2, -4, -3, -7, 2, 60]
[-20, 1, 3, 11, 0, 6, -16, -30]
[33, 1, -4, -1, -13, 0, 35, 49]
[-36, -17, -9, 2, -4, 1, 26, -30]
[-6, -7, -4, 1, -14, -7, 13, -43]
[26, 5, 1, 10, 35, -1, -10, 81]
[-33, -11, 2, -7, -22, -4, -6, -96]
[33, -10, -2, 0, -8, 2, 19, 94]
[8, 12, -3, -14, -47, 1, 42, -42]
[-32, -10, 2, -1, -11, -11, -21, -8]
[7, 6, -7, -8, 23, 3, 10, -25]
[8, 3, -5, 0, 23, 5, -3, 8]
[-14, -4, 1, 6, 20, 8, 9, -5]
[-13, -30, -4, -1, 20, 15, 12, 9]
[22, 30, 11, 8, 9, 2, -23, -6]
[-13, -13, 0, 1, -36, 5, 24, -24]
[24, 29, 6, 4, 26, 0, 13, 8]
[8, -12, -10, -3, -24, -21, -17, -24]
[-43, 13, 8, 5, 0, 1, 28, 82]
[39, 3, 3, -3, -14, 5, 9, -57]
[-21, -9, 1, 4, 15, 10, -55, -46]
[-11, -28, -9, 3, -5, -15, 18, 35]
[20, -5, -1, -6, -2, -6, -52, 13]
[-19, 11, 8, 14, 40, 6, -6, -7]
[4, -14, 3, 5, 21, 1, -7, 63]
[-13, 22, -2, -5, 10, 5, 7, -115]
[16, -22, 1, 5, -2, -5, 6, 32]
[-33, -35, -10, -12, -39, 6, 80, 4]
[-13, -13, -8, -4, 6, -3, -7, -12]
[50, 29, 7, -8, -6, -9, -3, 58]
[4, -4, -4, -1, 16, -3, -5, -34]
[30, 40, 10, 2, 19, 5, -14, 20]
[-16, 6, 6, 10, 26, 4, -23, 8]
[-6, 31, 0, 1, 8, 4, 54, -16]
[-8, -37, -16, -6, -7, -13, -18, 53]
[-44, -72, -9, 0, -13, 2, -86, -2]
[46, 54, 6, -6, -15, 10, -12, -42]
[0, 42, 18, 11, 3, 8, 57, -46]
[2, 10, 0, 1, 29, 9, 58, 83]
[-3, -8, -20, -27, -33, -27, -50, -39]
[-8, -51, 3, 7, 12, 2, -2, -9]
[-1, -10, -9, -5, -49, -10, -4, 30]
[19, -28, -4, -4, -23, -7, 39, -48]
[-28, 10, 4, 17, 27, -14, -55, 84]
[23, 20, -7, -15, 7, 13, 75, 54]
[51, 55, 15, -2, -8, 3, -23, 30]
[-27, -28, -7, 11, 37, -3, -74, -53]
[32, 7, 23, 10, -10, 0, 108, 125]
[-66, -76, -26, -17, -35, -32, -44, -83]
[-82, -22, -1, 3, 11, 7, -10, -71]
[64, 71, 21, 12, 11, 14, 14, 19]
[-2, -21, -14, -11, 18, 8, -47, -8]
[-5, 8, 1, 7, 9, 17, 30, 127]
[12, -6, 3, -12, 16, -17, -39, -38]
[2, -25, 4, -5, 22, 47, 80, 51]
[-1, 16, -10, 0, -11, 0, -49, -25]
[-37, -25, -9, 8, 2, 1, -31, -92]
[16, -29, 18, 8, -13, 8, 9, 3]
[-23, 23, 12, 17, 13, 0, -19, -78]
[75, 71, 30, 13, -50, 7, 24, 126]
[-41, -3, -3, -3, -20, -19, -11, -121]
[-110, -85, -41, -4, 19, 1, -40, 34]
[23, 45, 20, -5, -21, 0, -2, -64]
[63, 57, 6, -1, 40, -12, 20, 24]
[35, 65, 12, 1, -44, -1, 30, 29]
