[7, -12, -6, -5, -5, -8, -9, 34]
[-17, -64, -45, -19, -38, -37, -1, 49]
[-25, 29, -12, -11, 16, 15, 48, -103]
[-10, 30, 20, 21, 37, 21, 51, 11]
[45, 63, 64, -1, 2, 2, 25, 16]
[61, 38, -44, -23, -40, -12, 54, 105]
[38, -58, 10, 6, 25, 11, -2, 8]
[-23, 35, 18, -4, -21, -9, -28, -75]
[-16, -25, -15, 8, -12, 2, 26, -84]
[-30, -25, 25, 11, -10, -14, -7, -17]
[-35, -43, -56, -15, 11, 7, 60, -3]
[57, 11, 8, 15, 47, -3, -34, 101]
[-59, -24, -37, -10, -87, -23, -56, -16]
[-65, 3, -12, -3, 33, -3, -92, -128]
[22, -34, -4, -3, -30, -14, -63, -15]
[23, -63, -49, -23, -70, -32, -47, 19]
[-8, -8, 63, 7, 32, 23, 7, 68]
[-17, -51, -1, -4, 7, 10, 14, 55]
[-27, 4, 15, 13, 69, 11, -49, -35]
[-21, -61, -16, -1, -47, -16, -7, -1]
[104, 35, -22, -3, -2, 0, 55, 60]
[-3, -18, 21, 6, 20, 16, -2, -102]
[-9, 60, 19, 10, -8, -17, -16, -46]
[61, 30, 0, -5, -7, 4, 91, 106]
[-54, -24, -29, -7, -5, -8, -86, -119]
[67, 60, 16, 7, 19, 2, 7, 116]
[-58, -50, -11, -7, 48, 1, 7, 14]
[4, 7, 5, -3, -29, 7, -59, -10]
[-11, -49, -39, -16, -39, -14, -9, -4]
[33, 11, 5, -7, -15, -7, -22, 127]
[-9, 46, 55, 19, 8, 2, 78, -45]
[-41, -14, 1, 3, 7, 5, -33, -51]
[83, -11, -25, -4, 42, -14, 25, 127]
[-27, 30, 7, 1, -8, 20, 61, -55]
[-8, -9, -18, -28, -56, -47, -50, 60]
[-64, -7, 14, 9, 82, 23, 39, 54]
[46, 49, 3, 3, -34, 2, 57, 26]
[-59, -40, -23, -3, 7, 9, -64, -128]
[-7, -4, -7, -7, -26, 5, 13, 30]
[-17, 9, -11, -5, -14, 12, 17, 65]
[10, 25, 6, -13, 0, -31, -75, -31]
[-19, 7, -19, -14, -3, -7, 0, -1]
[-9, 38, 27, 15, 7, 24, 18, -23]
[73, 37, -4, -6, 26, 22, 74, 97]
[-40, 2, -11, -1, 14, -5, -46, -112]
[-6, -9, 10, 11, -9, -14, 40, 69]
[30, -7, -7, -5, 0, 16, 0, 68]
[4, 27, 4, 4, 13, -5, 23, -56]
[-4, 24, 24, 13, -25, -13, -9, 12]
[-12, -25, -13, 5, 45, -3, 17, 43]
[6, 9, -16, -7, -7, -9, 43, -60]
[-19, -55, -12, -29, -78, -31, -20, -10]
[22, 37, 19, 8, 19, 8, 48, 109]
[-33, -5, -12, 0, -7, -4, -100, -128]
[-8, -4, -13, 10, 62, 26, 23, -19]
[-1, -12, 14, 3, 16, 16, 16, -13]
[-11, 35, 26, 6, 23, 9, 19, -17]
[31, 15, -3, 2, -19, -15, 20, 36]
[61, 56, 34, 3, -5, 4, 34, 14]
[-17, -41, -39, -4, -2, 15, 21, 18]
[-14, -15, -15, -7, 35, 16, 11, -73]
[23, 26, 45, 4, -11, -20, 50, 8]
[-25, -20, -31, -13, -84, -15, -20, -35]
[-12, 2, 4, -5, -36, -8, -28, -9]
[-4, -23, -5, 11, 18, 9, 26, -28]
[15, 4, -7, -5, -7, 1, -29, -22]
[-66, -30, -7, 7, 11, 4, -31, 5]
[48, 41, 20, 3, 24, 9, 18, -82]
[9, -17, -18, -7, 9, -8, -8, 20]
[-11, -18, -16, -2, -6, -8, -11, 39]
[-30, -22, 2, -10, -8, 5, 6, 5]
[32, 48, 12, 10, 39, 14, -50, 26]
[-16, -33, 5, 12, 7, -10, 11, -22]
[16, 19, 14, -4, -2, 17, 10, -56]
[5, 14, 0, 8, 5, 3, -12, -7]
[-61, -28, -14, -2, -24, -9, 15, 86]
[65, 27, 18, 8, 17, 10, -1, 42]
[-13, -10, -15, -15, -54, -29, -34, 56]
[41, 5, 1, 4, 22, 18, 82, 60]
[-41, 0, 7, 0, 9, 2, -50, -88]
[-11, -27, -13, -12, -12, -6, -8, 10]
[-5, -15, 6, 2, -12, 5, -16, -6]
[1, -16, -12, -4, 17, 1, -4, 28]
[4, -5, 0, -1, 12, -7, 8, 21]
[-18, -14, -4, 1, 4, 6, -22, -31]
[8, -3, -1, 7, 5, 0, -21, -44]
[-30, 4, -3, -4, 2, 14, -11, 8]
[98, 45, 13, 8, 5, -12, 14, 22]
[-41, -14, -7, -4, -15, -5, -17, 1]
[-8, -42, -37, -6, 26, -5, 18, 21]
[-4, 7, 16, 6, -16, 5, -13, -43]
[-19, -28, 17, 2, -14, -5, -27, -33]
[11, 21, 12, 3, -3, 1, 18, 30]
[-7, -13, -8, -16, -28, -14, 15, 46]
[-5, -16, -8, 4, 24, -1, -11, -71]
[-9, 0, -8, -6, 14, 7, -1, -13]
[-4, 6, -1, -2, -6, -8, 2, 9]
[-9, 4, -1, 8, 17, -1, 5, 5]
[19, -6, -7, 2, 5, -5, -15, 17]
[-3, 26, -7, -4, -2, 1, 3, 3]
[-7, 3, 15, -6, -15, -7, -1, -18]
[-3, 28, 2, -7, 1, -2, -8, -6]
[-8, 28, 2, -3, -5, -1, 4, 11]
[-11, -18, -16, 0, -7, 2, 0, -11]
[-12, 46, -7, -2, 1, -21, 1, 7]
[8, 24, 10, -3, -39, -17, 6, -9]
[21, 22, 1, 2, -17, -6, 1, 6]
[4, -28, 5, 8, 16, 12, 0, -3]
[2, 60, -11, -3, -15, -8, -7, -2]
[6, -47, 4, -2, -10, -18, -2, 2]
[0, 24, -18, -10, 15, 0, -12, -6]
[3, -21, -4, -15, 11, 22, -7, -4]
[12, 15, 17, 9, -24, -9, 1, 0]
[2, 51, -12, -2, 28, -9, 1, -5]
[5, 14, 24, 6, -22, 15, -7, 8]
[1, -30, 8, 1, 1, 9, -5, -7]
[-6, -98, -4, -26, -24, -18, -6, -6]
[-4, -22, 2, 37, 22, -12, 7, 4]
[7, -34, -14, 18, 21, 14, -5, 6]
[0, 28, 1, 1, 29, 19, -3, 2]
[-7, -66, -7, -5, 4, 14, 2, 1]
[-7, -46, -5, -29, -78, -14, -5, -1]
[4, -28, 1, 8, 48, 14, -2, 2]
[-7, 0, -5, -9, -22, 9, -3, -5]
[-6, 1, -8, 4, 30, 0, -1, 3]
[-2, -7, 4, -6, -27, -12, -3, -5]
[-3, -8, 9, -4, 3, 15, -3, 4]
[-5, -30, 13, 28, 40, 13, -5, 1]
[-3, -40, -16, -5, -11, -6, -2, -2]
[-5, -19, -13, -3, -7, -4, 2, 3]
[2, -13, 7, -16, -10, -6, -1, 1]
[4, 1, 9, 3, -17, -1, -3, -2]
[1, 15, 0, 14, 11, 3, 5, 1]
[-2, 15, 6, -19, 2, -1, 1, -5]
[1, -11, -11, 17, 40, 2, 1, -1]
[-6, -2, -8, -13, 15, -3, -1, -5]
[-3, 10, 4, -10, -22, 9, 2, 0]
[-3, 9, 3, 17, 45, 28, 1, 2]
[4, -13, -5, -2, 23, 21, -2, -1]
[2, 7, -1, -10, 0, -3, -2, -1]
[0, 13, 8, 13, 20, 11, -2, -2]
[0, -4, -12, -14, -20, -1, 0, 1]
[4, -6, 6, 6, -20, -25, 1, 0]
[-3, 10, 7, -5, -7, -20, 1, -3]
[2, -3, -3, 20, 64, 12, 3, 4]
[0, 13, 7, -18, -59, 8, 3, 0]
[-5, -1, -3, 4, 10, -11, -2, 2]
[4, 2, -7, -23, -25, -23, -1, 2]
[-5, 1, -1, -11, 13, -15, -2, 0]
[-2, 3, 7, 52, 25, 12, 2, -2]
[-6, -1, -5, -21, 15, -6, 1, -2]
[-2, 3, -1, -4, -28, -14, 0, 0]
[1, -1, -6, -4, -6, 10, -3, -1]
[-2, 2, -1, -5, 44, 19, 2, 4]
[-3, -2, -9, -51, -101, -22, -3, -5]
[2, 2, 15, 59, 77, 10, 4, -4]
[-3, 0, -6, 7, -2, 4, 1, -4]
[1, -2, -1, 5, -9, -6, -9, -6]
[-1, -4, 0, -17, -82, -9, -5, 2]
[-1, 6, -6, -8, 37, -14, -1, 2]
[-2, 5, 13, 0, -43, -19, -3, 2]
[5, -2, 1, 14, 73, 9, 2, 3]
[-4, 6, 2, 6, 4, -9, 1, 2]
[12, 8, -3, 18, 27, -10, 0, 0]
[-5, -7, -13, -37, -87, -14, -7, -7]
[-2, 1, 4, -11, 31, 5, 1, -1]
[3, 4, 4, 20, 59, -4, 4, -1]
[-3, -5, -1, 5, 3, -6, -2, -9]
[2, 5, -2, -22, -20, 7, 3, 9]
[1, 2, 0, 2, 26, 8, -7, -10]
[-3, -6, -11, -21, -57, -16, 11, 24]
[0, 0, -1, -1, -26, -8, 2, 2]
[4, 1, 6, 26, 44, 15, -1, -3]
[-13, -10, -10, -54, -87, -2, -2, -5]
[2, 18, 3, 26, 93, 12, 2, -5]
[6, 5, 4, 19, -5, -23, -6, -1]
[-8, -6, -7, -22, 38, 4, 1, -2]
[3, 11, 2, 16, 17, 9, 0, 5]
[5, 13, 3, -24, -11, -10, -5, -6]
[-5, -6, -13, -20, -10, 0, 0, 2]
[3, 1, 3, 13, -27, 3, -6, -3]
[-3, 0, 8, -14, 52, 10, 4, 6]
[-6, -15, -8, -17, -101, -18, -6, -6]
[-3, -4, -9, -15, 25, 0, -2, -2]
[-1, 3, 1, 35, 8, 4, 0, 0]
[2, -3, -2, -7, -5, 1, 1, -2]
[5, 1, 2, 23, 62, 7, 5, 0]
[-1, 3, 0, -6, -25, -3, -2, 2]
[-2, 2, 3, -16, -8, 4, -1, -4]
[5, 3, 1, 34, 33, 12, 4, -3]
[-4, -8, -2, 0, -13, -5, -5, 2]
[-4, 2, 1, -9, -23, -1, 7, 0]
[-3, -9, -5, -10, -1, 1, -1, -3]
[8, 12, 5, -7, -33, 0, -2, 1]
[-5, -18, -3, 18, 17, 1, -3, -6]
[5, 20, 5, 25, -2, -4, -4, 0]
[8, 5, 2, -11, -18, 6, 3, 2]
[-5, -3, 3, 2, 9, -2, 0, 1]
[1, -1, -3, 3, 18, 3, 1, -1]
[-4, -5, -3, -9, -33, -4, 4, 3]
[-4, 0, -6, -14, 26, -1, -2, -1]
[1, 0, -1, 26, 19, 2, 1, 4]
[0, 6, 10, 8, 14, 3, -1, 0]
[-7, -9, -5, -20, -40, -7, -8, -4]
[4, 5, -4, -24, 2, 2, -2, -1]
[2, -3, -2, 14, -4, 2, 1, 1]
[2, 4, 5, 11, 42, 0, 2, -2]
[-1, -7, -3, 3, -6, -3, 0, -1]
[1, -4, 1, 5, -9, -1, -2, -3]
[-1, -4, -6, -15, -5, 2, -2, -2]
[-7, -8, -5, -8, -18, -5, -4, -3]
[2, -5, 0, 9, 24, -1, -1, -2]
[2, 4, 0, -8, 11, 2, 0, 1]
[-1, 3, 2, 10, -17, 2, 1, 1]
[0, 9, -2, 14, 33, 9, 6, 0]
[-9, -4, -7, -41, -93, -15, -5, -4]
[-8, -7, -6, 10, -5, -1, -2, -5]
[-1, -5, -1, 2, 2, -5, -4, -2]
[7, 3, 0, 2, 7, 3, 1, 2]
[3, 9, 2, 1, 23, 2, 0, -2]
[4, 4, 0, 5, -7, -2, 0, 1]
[-3, -5, -4, -16, -13, -5, 0, -3]
[-1, -2, 3, 0, -7, -2, -1, -1]
[1, -6, -3, 2, 0, 1, -2, 1]
[4, -6, 4, 7, 5, -2, -3, -2]
[0, 10, 5, 0, 9, -1, -3, 2]
[3, -5, -2, -4, -24, -1, 1, 1]
[1, -1, -6, -4, 22, 0, 2, -1]
[-10, -3, -7, -12, -21, 0, 0, -1]
[2, -5, -3, 13, 2, -1, -1, -2]
[5, 1, 1, -12, -22, -1, -2, 1]
[-4, 1, 14, 34, 57, 13, 0, 1]
[-5, -2, -4, -20, -50, -9, -1, -3]
[-4, 3, 1, -5, 21, 1, 1, -1]
[-5, 2, -1, -10, -44, -5, -1, 0]
[-1, -6, -1, 17, 74, 8, -1, -7]
[-2, 1, 0, 5, -15, 3, 2, 5]
[5, -8, 4, -22, -38, -4, 4, -2]
[-5, -1, -1, -2, -5, -6, -3, -3]
[8, 6, 2, 10, 8, 1, 2, -2]
[0, -2, -1, -6, -18, -3, 3, 0]
[5, 10, 0, 13, 13, 3, 2, 4]
[-9, -2, -2, 4, 29, 4, 1, -2]
[-2, -10, -2, -14, -37, -6, -6, -4]
[7, 17, 4, 14, 30, 5, -3, 1]
[-4, -3, 1, -6, -3, 3, -3, 3]
[5, -1, -3, -3, -9, -3, -1, -3]
[-5, -4, -4, -6, -13, -5, -1, 3]
[2, -7, 0, 31, 58, 3, 0, 0]
[-1, -2, 0, -28, -52, -8, 2, 0]
[5, 0, 1, 4, 5, 4, 2, 0]
[3, 8, 0, 10, 29, -2, 4, 2]
[-6, -5, -9, -22, -52, -14, -6, 0]
[0, 5, 10, 43, 74, 19, 3, -1]
[-6, -5, -7, -31, -55, -16, -7, -5]
[-7, -6, -1, -3, -8, -5, 0, -2]
[2, -2, -4, 8, 11, 3, -1, -1]
[1, 2, -1, 11, 27, 8, 2, 4]
[5, 0, 0, 4, 6, 4, 0, 3]
[-4, -4, -7, -12, -27, -6, -3, -2]
[0, 2, 3, 9, 33, 4, 0, -2]
[2, 3, 0, -20, -46, -9, -9, 3]
[8, 14, 9, 10, 21, 3, 16, 2]
[-8, -8, -4, -10, -16, -8, -3, -6]
[-1, 0, 1, 6, 6, 1, 0, 0]
[2, 5, 3, -21, -10, -2, -1, -1]
[-7, -2, 2, 16, 18, 3, -4, -1]
[-1, 1, -3, -15, -27, -2, 0, 0]
[-3, -4, 2, 31, 74, 11, 3, -1]
[-2, -7, -3, -12, -2, -4, -4, 1]
[1, -2, -5, -21, -41, -5, -5, -3]
[0, -3, -2, 6, 7, -9, -1, 2]
[3, -6, 0, -13, -19, -4, -2, 0]
[1, -5, -2, 13, 20, 2, 3, 1]
[3, -1, 2, 11, 34, 9, 6, 2]
[-6, -6, -6, -32, -52, -6, -4, -1]
[-2, -2, 1, 27, 31, 3, 0, 0]
[-2, 12, 8, 12, 2, -1, -3, -1]
[-7, -8, 0, -1, 7, 3, -3, -3]
[11, 7, 3, 4, 16, 3, 5, 0]
[0, 1, -5, -20, -20, -5, -3, -4]
[1, -2, -4, -5, -2, 3, 4, 0]
[1, 2, -4, 3, 3, -4, -5, -1]
[-1, 0, 3, 9, 10, -2, 0, -1]
[-1, -2, -2, -26, -29, -4, -1, -3]
[-3, -10, -6, -18, 5, 6, 2, 0]
[1, 0, 3, 17, 17, -2, 0, 3]
[-3, 0, -2, -9, -1, -2, -2, -1]
[-7, 3, -2, -11, -56, -13, -4, -1]
[-3, -3, -3, 2, 5, 0, -2, 0]
[-1, -2, -1, -15, -3, 1, 0, 2]
[3, -1, -1, 21, 71, 6, 1, 0]
[-1, -3, -1, -17, -69, -11, -5, -5]
[-2, -8, -4, 5, 5, 7, 3, -2]
[0, -4, -1, -6, -24, -6, -6, -3]
[8, 17, 2, -1, 3, -3, -2, 0]
[-1, 8, 5, 3, 14, 3, 1, 2]
[2, 3, 4, 5, -3, -1, 0, -2]
[-3, 1, 5, 4, 9, 3, 3, 1]
[-16, -26, -8, -2, -20, -1, -2, -3]
[22, 31, 6, 10, 19, 4, 3, 5]
[-5, -8, -5, -9, -18, 0, 3, -4]
[5, 9, -2, 4, 11, 4, -1, 1]
[-4, 0, 5, 0, 12, -1, 4, 4]
[-5, -15, -5, -2, 3, 0, 0, 0]
[1, -2, -3, 2, -6, -2, -3, 2]
[-1, -4, -5, -6, -7, -2, -2, -2]
[0, 1, -2, 17, 51, 6, 2, -3]
[-9, -9, -5, -8, -53, -13, -3, -7]
[2, 4, 4, 20, 23, 2, -1, 2]
[-9, -4, 2, -14, -37, -3, 2, -4]
[1, -2, 0, -10, -23, -3, -3, -1]
[0, -1, 7, 11, 53, 6, 0, -1]
[4, -1, 1, 4, -6, 1, -2, 2]
[5, 0, 1, -7, 6, 1, 1, 3]
[-1, -1, -3, 0, -17, -7, -1, -1]
[-3, 6, -2, -10, 5, 3, 1, 2]
[0, 4, -2, 15, 6, 1, -1, -1]
[-1, -4, -3, 8, 24, 3, -1, -1]
[-3, 8, 0, -3, -24, -2, 0, -4]
[-10, -17, -7, -8, 7, 1, -1, -4]
[15, 19, 5, -8, -7, 1, -1, 4]
[1, -1, -3, 5, 21, -4, 2, -1]
[2, -4, -1, -3, -29, -2, -7, -2]
[0, 3, 2, 5, 13, 0, 0, 1]
[-2, -4, 1, -2, 6, 5, 2, -2]
[-2, -1, -2, 3, -4, -6, 1, 1]
[-4, -4, 0, 1, 17, 1, 0, 1]
[-4, -1, -2, 1, -17, -5, -4, -1]
[0, 0, 0, -4, -1, 3, -3, -2]
[-2, 5, 1, -1, -7, -1, -2, -2]
[-1, -13, -3, 9, -2, -3, 0, -1]
[9, 9, -2, -9, -18, -3, -3, -3]
[2, -8, 3, -5, -1, 0, -1, 1]
[-2, 1, 4, 1, -5, 4, -1, -3]
[-7, 8, -3, -11, -8, -2, -1, 2]
[-2, -9, -3, 18, 24, 5, 2, 0]
[-8, -2, -6, 5, 16, -2, -5, -1]
[1, 0, 3, 4, -20, 2, 17, -1]
[2, -3, -3, -10, -25, -5, -3, -1]
[1, -2, 3, -3, 13, -1, -5, 3]
[2, -3, 0, -4, -4, -2, 5, -3]
[4, -5, -5, -9, -11, 0, -4, 0]
[-6, 1, 1, 16, 32, 0, 2, -1]
[-3, -5, -6, -10, 0, -5, 3, -1]
[-2, -1, 1, 7, 9, 3, -2, 0]
[-4, -3, -2, -6, -3, -4, -5, -1]
[5, 2, 0, -14, -54, -1, -1, -2]
[1, 4, 3, 8, 12, 0, -4, 1]
[-1, -6, -2, -10, -8, -2, 3, 3]
[3, 1, -5, 2, 2, -1, -7, -4]
[-7, -7, -2, -12, 4, 1, -3, -11]
[9, 5, 2, -8, 0, 3, 3, 5]
[-7, 0, -2, 9, -10, -2, -1, 0]
[-2, 11, 4, 12, 22, 4, 4, 5]
[0, -1, 0, 0, 14, -5, -11, -10]
[-9, -6, 0, -2, -16, 0, 5, 4]
[11, 9, -6, -7, 16, -1, 9, 10]
[1, 1, 1, -10, -5, -4, -26, -10]
[-1, 0, -1, 0, -16, -4, 0, 4]
[0, -6, -5, -23, 0, 1, -4, -4]
[-4, -4, -3, 22, 23, 5, 3, -1]
[-4, -6, -3, -8, -21, -4, -6, 3]
[0, 1, 0, -6, 4, 0, 20, 0]
[-3, -2, 5, -5, -9, -3, -6, -1]
[3, 0, 0, -9, 3, 0, -6, -4]
[3, -2, -3, 9, 14, 1, 7, 2]
[0, 1, 6, -8, -17, -4, -8, 2]
[-2, 0, -5, 9, 1, 0, 4, -2]
[-2, 2, 3, 3, -5, 2, -2, -3]
[-1, -1, 3, 6, 13, 2, 6, -14]
[-2, 1, -9, -9, -20, -1, 0, 25]
[1, -3, -2, 10, 16, 3, 13, 3]
[3, 5, 6, -4, -12, -1, -8, -3]
[-12, -14, -4, -8, -2, -5, 4, 0]
[9, 8, -1, 6, 3, -5, -2, -3]
[-2, 7, -7, 4, -1, -3, -5, -3]
[4, -5, 11, -11, -11, -2, 2, -3]
[-3, 0, -5, -3, 7, 6, -9, -7]
[-4, -2, 5, 0, 2, -4, -10, -15]
[-11, -15, -14, 1, 0, 6, 4, 2]
[7, -1, -8, -3, -4, 7, 28, 23]
[0, 5, 19, 11, 5, -4, -25, 0]
[1, 4, 6, 0, -4, -2, -5, 1]
[2, 3, -1, -4, 1, -5, -9, -5]
[-8, -4, -8, 1, -1, -3, -3, 7]
[1, -6, -8, 2, -2, -2, 15, -9]
[-3, -8, -4, 3, -1, -4, -9, -10]
[-9, -7, 3, -6, 1, -15, -10, -20]
[-5, -4, 1, -9, -28, 10, 13, 9]
[4, -2, -4, -6, 2, 0, -6, 40]
[-1, 9, 0, 1, 12, -4, -13, -39]
[3, 9, 4, 4, -3, 2, 16, 30]
[6, 10, -2, 4, 0, -4, -47, -17]
[-5, 3, -4, 2, -4, 7, 27, -5]
[-3, -9, -5, -10, -9, -13, -14, 0]
[2, 6, 6, 4, 13, 7, 5, 0]
[-4, -2, 2, 4, 12, -5, -17, -13]
[2, 0, 0, 0, -7, -5, 15, 16]
[0, -4, -5, 0, 9, 10, 27, 0]
[-2, 1, 5, -3, -14, 4, 16, -12]
[2, -1, 5, 4, 2, -5, -13, -3]
[-4, -5, -4, -2, 7, 0, 13, -3]
[3, 6, 1, 3, -1, -2, 13, 42]
[-4, -9, 0, -10, -14, -5, -3, -35]
[5, 4, 1, 2, 6, 12, 15, -12]
[4, -9, -7, 1, 5, 1, -24, -14]
[3, 0, 2, -2, -14, 1, 6, 22]
[-1, -8, -2, 0, -4, 2, 24, 3]
[2, 1, 4, 2, 5, -5, 25, 25]
[-8, -10, -2, -2, -2, -1, -19, -42]
[-4, -6, 2, -3, -17, -6, 3, -3]
[1, 5, 1, 1, -12, -2, -32, -3]
[-5, -1, -7, -8, -14, 2, 11, -23]
[4, -1, -2, -7, 3, 2, 0, 34]
[-8, 6, -2, 0, 1, 1, -4, -10]
[12, 7, -2, 2, 4, -5, 37, 60]
[-13, -9, -8, -7, -1, -7, -29, -48]
[15, 13, 5, -2, 0, -6, -4, -3]
[-11, -11, -9, -7, -4, -11, -19, -13]
[-1, 3, 3, -1, -6, -4, 26, 29]
[-2, -1, 4, 5, -9, 4, -6, -9]
[3, 10, -2, 4, 11, 0, 2, 12]
[4, -4, -5, -1, 14, 1, 14, 23]
[-8, -4, 2, -4, -44, -6, -32, -65]
[3, -5, -1, -1, 4, 5, 0, 40]
[-6, 0, -12, -3, 6, 12, 10, -15]
[9, 3, 11, 3, 5, -9, 19, 40]
[7, 1, 3, 11, 23, 2, -5, 51]
[-3, 16, -5, 3, 12, 4, -3, -93]
[-10, 1, 22, 2, 6, 1, -51, -27]
[-2, -7, -11, 3, 8, 8, 58, -27]
[21, 21, 2, 0, -1, -18, -50, -8]
[-15, -31, -2, -2, 8, 1, 35, 41]
[22, 24, 2, 3, 20, 12, 10, -38]
[-9, 4, -4, -1, -11, -13, -31, -56]
[6, -4, -2, -6, -2, -3, 20, 3]
[-18, -49, -8, -4, 12, -1, -14, -4]
[13, 48, 4, -1, -4, -11, -18, -34]
[4, 12, 8, 15, 8, 5, -47, 70]
[-2, -14, -16, -6, -3, -4, -52, -112]
[23, 6, 26, -1, -2, -11, -38, 108]
[-8, -26, 4, 5, 30, 28, 49, 98]
[-16, 2, 1, 4, 2, -14, -108, -99]
[-16, 8, -15, -2, -29, -11, 63, -69]
[22, 31, -4, -1, 9, 8, 42, 108]
[-23, -34, -5, -5, -19, 1, -24, -35]
[4, -8, -15, -18, -67, -29, -49, -47]
[-40, -43, -27, 4, 24, 16, 87, 24]
[60, 1, -35, -2, -23, -18, 18, 20]
[2, 60, 70, 17, 16, 13, 50, 1]
[37, 36, 21, 10, 28, -1, -29, 61]
[-15, -1, 5, -2, 9, -4, -7, -75]
[-38, 26, 0, 1, 17, -2, -29, -49]
[7, -20, -32, -14, -24, -15, 16, -32]
[-36, -69, -24, -16, -25, -21, -13, 20]
[39, 65, 18, -10, -52, 2, 49, 127]
[10, -5, 30, 33, 85, 27, -38, -13]
[4, 16, -9, -12, -96, -53, -37, 81]
[-40, -25, 0, -11, 8, 23, 102, 23]
[-15, -3, 7, -4, -28, -36, -77, -111]
[49, -10, -43, -7, -8, 21, 82, 65]
[11, -43, 29, 4, 38, 0, 18, 23]
[-3, 48, -27, -12, 6, 14, 96, 106]
[3, 14, 14, 26, 60, 23, -85, -3]
[19, -24, 17, -19, -35, -20, 8, 0]
[23, 48, 15, 19, 2, 17, 42, -2]
[-6, -16, -50, -14, -35, -2, 7, 55]
[49, 48, 14, -17, 15, -2, -60, -3]
[-33, 92, 36, 4, -42, -6, 0, 71]
[-25, 1, 1, 7, 32, 22, 38, -31]
[-6, -61, 21, 16, 49, 9, -21, -13]
[52, -12, -50, -9, -56, -6, 103, 127]
[-52, -77, 12, -8, 18, 12, -18, -103]
[34, 59, 13, -8, -35, -8, -72, -13]
[24, 33, 3, 14, -11, 15, 43, -58]
[-62, -106, -34, -16, 34, 5, -3, -15]
[-32, -61, 6, 10, 15, 11, 8, -121]
[-18, -76, -68, -9, 4, 13, 38, 22]
[61, 39, 91, -2, 2, -14, -76, 111]
[-43, -41, -29, 1, 21, 6, -57, -70]
[-31, 39, 33, -14, -73, -23, -37, 34]
[4, -3, 19, 13, 12, -3, 69, 76]
[-1, -58, -37, 1, 12, 8, 25, -2]
