[19, -91, -57, 0, 10, 3, -29, 101]
[39, -23, 36, 16, 48, 25, 54, -113]
[-61, -15, 2, -2, 2, 13, 13, 78]
[32, -64, -37, -6, 4, 6, 52, -42]
[18, 23, 102, 5, 4, 1, 15, 14]
[12, -96, -128, -14, -12, 10, -17, 8]
[18, 24, 69, -18, -26, -12, 1, 102]
[-29, 76, 72, 19, 15, 16, -24, -95]
[1, 74, 1, -1, -23, -35, 21, -83]
[34, 26, -3, 5, -10, 13, 25, 47]
[-40, -60, -71, -4, -9, -19, -54, -116]
[-10, -18, -16, 7, -3, -14, 7, 23]
[4, 26, 16, 1, 18, 0, -44, 13]
[37, 65, 12, 7, 17, -3, -94, 109]
[-75, -20, -22, 13, 16, 20, -10, -31]
[-15, 35, -75, -14, 14, -4, 25, -43]
[-21, 22, 43, -6, -46, 21, 80, 22]
[17, 31, 50, 4, 5, -3, -26, -89]
[28, 69, -4, 13, 30, -3, -28, -12]
[-30, -31, -55, -21, -17, -12, 7, 47]
[10, 61, -6, 4, 25, 10, 94, 94]
[-34, 49, 89, 13, 11, -9, -49, 10]
[46, 39, -29, 3, -14, 7, 68, 25]
[-12, -6, 40, -7, -36, -14, -61, -99]
[-3, -18, -57, -11, -7, -23, -62, 28]
[-16, -23, -8, -2, 10, 2, 112, 88]
[38, 8, -3, -3, -1, -15, -49, -83]
[11, 22, 6, 14, 19, 9, 27, 82]
[-23, -61, -1, -1, 17, 7, -29, -52]
[-49, 43, -5, -15, -34, -26, 44, -28]
[35, 2, 6, 9, 15, 31, 6, 0]
[-27, -17, -15, -11, 4, -16, 55, 25]
[3, -31, 14, 12, 46, 8, -78, -37]
[-14, -42, -95, -22, -46, -13, 14, 25]
[-33, -40, -36, -35, -41, -3, 30, -63]
[30, 66, 114, 11, -15, -2, -21, 58]
[-5, 17, 8, 11, 47, 13, 28, 27]
[-10, 16, 9, 9, 24, 12, -14, 8]
[24, -15, -10, 0, -4, -5, -21, 61]
[10, 20, 7, 15, -2, -5, -72, -53]
[-72, -64, -17, -13, -19, -17, -14, 67]
[32, -22, -36, -7, 6, -7, 14, -9]
[-25, -22, 4, -1, -8, -1, -35, 6]
[-26, -22, -9, -8, 0, 5, 46, -54]
[10, -5, -1, 3, 1, -1, 18, 30]
[-14, 17, 19, 5, -8, 6, -16, 9]
[17, 22, 13, 13, 64, 4, -25, -86]
[-9, -15, -9, -10, -38, -16, -51, 27]
[20, 12, -13, 0, -43, 25, 72, -31]
[-4, -6, 7, -2, 11, -11, -19, -8]
[3, -24, -29, -1, -7, -4, -32, -2]
[6, -18, -1, -3, 10, 4, -3, 21]
[-11, 59, 62, 6, -38, -26, -28, -61]
[53, 29, 7, 8, 21, 10, 29, -17]
[-41, -28, 8, 6, 39, 29, 32, 6]
[12, -12, -25, -11, -8, -20, -71, -35]
[11, 4, -14, -11, -36, -25, -15, -1]
[-13, 9, -6, 8, 29, 3, 14, -18]
[-14, -17, 3, -8, -25, -10, 20, -8]
[6, -5, -15, 2, -2, 2, 16, -10]
[14, 9, 21, 5, 23, 12, -7, -2]
[19, -18, -7, -7, -46, 14, -1, 7]
[-17, -30, -13, -1, 0, -15, -17, 40]
[4, 7, 4, 5, -7, 16, 16, -44]
[5, -16, -9, 1, 6, 3, 33, 65]
[-27, -10, 29, 7, -6, -11, 3, -76]
[12, 20, -8, -2, -9, -3, -38, 15]
[26, 35, 33, 5, -13, -16, 16, 2]
[-20, -66, -69, -1, 26, 1, 18, 21]
[9, 12, 34, 6, 7, 3, -2, 34]
[4, 28, 17, 5, -21, -13, 9, 0]
[6, 28, 1, -2, 14, 0, -15, 28]
[-5, 7, 1, 1, -1, -9, -71, -87]
[-6, -13, -15, -10, -3, 17, 50, 68]
[6, -2, 4, -12, 9, -4, 3, -6]
[-13, -32, -15, -6, -16, -9, 7, -12]
[11, 3, 5, 5, 7, -4, -3, -6]
[-22, -4, -7, -8, 7, -6, -53, -19]
[22, -4, 7, 11, 5, 5, -3, 14]
[-19, -21, -15, 0, 6, 7, 36, 0]
[30, 20, 15, 5, 8, -1, 15, 16]
[-2, 32, -3, -2, -9, 5, -31, -22]
[11, 18, 3, -7, -44, -7, 17, 19]
[-8, -6, -8, -11, -6, -10, -7, -24]
[-24, -14, -1, -9, -8, -7, -10, 1]
[23, 0, -10, 5, 22, 15, -15, -7]
[-6, -15, -12, 2, 16, 8, 3, -3]
[-1, 40, 37, 6, -15, -7, 6, 7]
[0, 64, 12, 4, -2, -4, -39, -9]
[-6, 25, -6, -2, 1, 8, 1, 2]
[-7, 11, -10, -2, -1, 0, 3, 2]
[2, -4, 3, 8, 17, 5, 6, 6]
[9, 7, 9, -3, 2, 2, 15, 15]
[-4, -29, -4, -5, -16, -3, -9, -7]
[4, -29, 6, -16, -12, -6, -11, -7]
[-10, -42, -20, -3, 14, -21, 4, -1]
[1, -21, -2, 5, 9, -14, 2, -1]
[0, -14, -21, -6, -7, 12, -2, 1]
[5, 9, 13, -9, -50, -5, 0, 4]
[5, 18, -8, -6, 20, 5, 2, 3]
[-4, 26, 9, -2, 0, 0, 1, -1]
[-10, 4, -10, -2, -74, -17, -4, -6]
[0, -13, -9, 10, 34, -8, 3, 0]
[4, -34, -2, 5, 20, -2, -3, -3]
[13, -9, -3, -3, 4, 8, 2, 6]
[3, -11, 14, 7, 24, 12, 2, 3]
[-10, 28, 1, -8, 10, -3, -3, -5]
[-1, -22, -6, 14, 2, -10, -1, 3]
[-2, -38, -1, 3, 14, -2, 5, 6]
[8, -61, -17, -11, 23, 8, 1, 4]
[-8, -22, 11, -7, -11, -8, -2, 1]
[8, 14, -12, -15, -49, -20, -5, 1]
[-3, 38, 29, 32, 52, 13, 7, 2]
[3, 21, -3, -2, -22, 8, -5, 0]
[0, 10, 0, -1, 8, 15, 1, -2]
[-13, -22, -18, 5, 45, 6, -1, -2]
[3, 4, 15, -16, -5, 4, 0, 3]
[-8, -2, 12, 31, 27, 14, 0, -1]
[2, -20, -5, -8, 0, 11, 0, 2]
[-1, 12, -7, -19, -85, -4, -1, 1]
[2, 2, -13, 1, 18, 8, 0, 2]
[-3, 6, 4, -10, -8, 2, 0, -1]
[-2, 5, -8, -9, -15, -3, -3, -1]
[1, 12, 11, 11, 32, 1, 1, 0]
[1, 3, -24, 9, 12, -12, 2, 3]
[-1, -2, 16, -17, -22, -19, -4, -5]
[0, -19, -6, 19, -25, -22, -2, -5]
[2, 9, -3, -2, 13, 7, 1, 0]
[3, -11, -3, 10, 27, 14, 3, 1]
[-13, -3, -7, -2, 55, 19, 1, 0]
[15, -6, 8, 21, 40, 19, -2, -2]
[2, 6, 10, -13, -2, 39, 0, 2]
[-6, 1, -2, -25, -73, 9, -3, 1]
[5, 14, -3, 12, 54, 3, 2, 6]
[-22, -4, -6, -25, -73, -27, -6, -6]
[3, 9, -12, 16, -9, 25, 2, -3]
[0, -8, 1, -11, -19, 5, 2, -1]
[-6, 1, 2, -9, -14, -15, 1, -4]
[-4, 5, 2, -8, -50, -16, -1, 2]
[-4, 7, 9, 44, 44, -5, -3, -3]
[1, -4, -4, -10, 24, -1, 3, 1]
[-7, -2, 6, 16, -32, -24, 4, 0]
[12, 15, 5, 7, 53, -16, -1, -2]
[-15, -35, -10, -38, -66, -15, -3, -5]
[14, 29, 4, -3, -9, -6, 2, 3]
[8, 9, 0, 16, 81, -11, 6, 3]
[-32, -27, -10, -23, 5, -18, -2, -6]
[40, 16, 16, -3, 15, 9, 3, 8]
[-4, -2, 9, 27, 43, 5, -1, -1]
[-3, -13, -12, -9, 33, -7, -5, -2]
[0, 13, 11, 30, 30, 3, 0, 1]
[-18, -10, -5, 5, 62, 9, 5, -1]
[-1, -4, -2, -11, -15, 17, 4, 4]
[5, 7, 5, -2, -55, -14, -4, -5]
[1, -8, 1, -18, -38, -4, -1, 0]
[-2, 6, 0, -9, -13, -6, -3, -1]
[5, -5, -5, 1, -8, 4, -4, -2]
[-9, -7, -11, 16, 7, -16, -1, -3]
[6, 11, 8, 6, 17, -5, 0, 0]
[-3, 4, -3, -8, 5, -5, -1, 0]
[-6, 3, 2, 17, -14, 4, 1, -1]
[2, -8, -7, 6, 41, 1, 2, 1]
[2, 3, -1, 9, 1, -2, 5, -1]
[8, 1, -9, -2, 69, -1, -2, -3]
[-10, -12, -4, -65, -88, -17, -4, -2]
[2, -10, -1, 24, 67, 0, -1, -1]
[-5, 7, -2, -27, -44, -7, -2, -3]
[6, 19, 7, 28, 67, 16, 1, 2]
[0, -1, -7, 6, 11, 10, -2, 3]
[-6, 1, 7, -15, -33, -7, -2, 0]
[4, -5, -22, 7, 22, 4, 2, 0]
[-10, 0, 27, 0, -40, -1, 2, -3]
[1, -1, -4, 14, 22, 1, 0, 0]
[3, 3, -7, -14, -32, -7, 3, 5]
[1, -3, 2, 10, 28, 6, -1, -2]
[-7, -6, -6, -15, -55, -1, -5, -1]
[9, 1, 4, 2, 8, 6, 2, 2]
[-3, -6, -6, -34, -74, -10, -4, -3]
[-8, -8, -1, 9, 22, 4, -1, -2]
[-6, -18, -10, -1, -56, -2, -3, -3]
[2, 9, 9, 36, 104, 9, 1, 1]
[1, 3, 0, -16, -104, -8, -2, 0]
[11, 28, 3, -14, 41, 0, 4, 3]
[6, 5, -7, -6, -26, -5, -3, -3]
[-1, -11, -6, 10, 5, 1, -2, -6]
[8, 12, 10, -2, 34, 8, 3, 1]
[1, -5, 0, -4, 22, 2, -2, -2]
[-6, -5, -1, -8, 4, 2, 2, 3]
[-1, -3, -8, -12, -23, 1, 3, 2]
[5, 6, 13, 11, 4, 1, 1, 1]
[-5, -4, -4, -24, -51, -9, -5, -1]
[-4, 1, -1, 31, 34, 9, 1, 0]
[2, -4, 0, 10, 22, -5, -5, -1]
[-4, -8, -5, -30, -50, -1, -1, 0]
[4, -5, 0, -31, -19, -6, -3, -3]
[0, 2, 2, 44, 43, 6, 0, -2]
[-3, -3, -3, -25, -34, -2, 0, -1]
[-6, 1, -1, 12, -7, -7, -1, 0]
[5, -3, -4, -5, -19, -6, -3, -5]
[2, -6, -1, -10, 10, -4, -3, 0]
[-1, 6, 2, -10, -43, -1, 0, -1]
[-1, 9, -7, 6, 48, 4, 1, 0]
[-5, -12, -2, 21, -4, 0, -1, -3]
[-4, -3, -5, -27, -10, -2, 0, -1]
[-1, -4, 2, 32, 43, 7, 0, 0]
[-1, 1, -5, -9, 3, -1, -1, -1]
[-1, 7, 8, 18, 3, 1, -1, 1]
[1, 4, 2, -25, -41, -8, -1, -3]
[-2, -3, 4, 24, 44, 3, 0, -1]
[-4, -6, -14, -40, -80, -11, -3, -3]
[1, -3, 2, 59, 45, 11, 2, 1]
[-7, 1, -6, -42, -53, -7, -1, -3]
[2, 3, 2, -13, -25, -2, -2, -2]
[-5, -9, 3, 19, 55, 5, 2, 0]
[3, 7, -2, -30, -10, -6, -6, 1]
[6, 7, 0, 5, 10, -2, -2, 2]
[-1, 2, -1, 2, 6, 6, -1, 0]
[1, 0, 2, -4, -25, 2, 2, -2]
[-14, -24, -4, 13, 53, -1, 0, -1]
[5, 9, -2, 5, 4, -2, 2, 2]
[11, 14, 6, -10, -11, -1, 1, 2]
[2, -4, 0, 12, 31, 4, 0, 0]
[-3, 1, 4, 3, 4, 3, -1, 3]
[-7, -4, -4, 4, -14, 0, 0, -1]
[-7, -18, -7, -24, -49, -7, -4, -3]
[3, 16, 6, 14, 19, 1, -1, -1]
[2, 7, 0, 2, 20, -1, -1, -1]
[0, 1, 0, -2, 7, 2, -2, -2]
[2, -1, 3, 1, -12, -1, -1, 0]
[2, -6, -2, -16, 2, -1, -2, -1]
[0, -2, 4, 15, 25, 0, -1, -4]
[-15, -21, -4, 28, 4, 6, -1, -4]
[16, 16, -5, -7, 5, -3, 0, 4]
[-6, -2, 2, 1, -14, -1, 1, 1]
[10, 10, -3, -18, -46, -6, 0, 2]
[-2, 0, 2, -22, -9, -4, -1, 0]
[-6, -6, 1, -1, 8, 5, 1, 0]
[3, 2, -2, 23, 30, 5, 0, 1]
[-8, -4, -6, -9, -3, 1, -4, -1]
[-6, -14, -5, -2, -36, -11, -7, -8]
[1, 6, -1, 6, 28, -2, -3, -4]
[0, -5, 0, -3, 12, 2, 2, 0]
[-8, -1, 0, -7, -30, -5, -1, 0]
[1, -1, -1, 5, 15, -2, -4, -1]
[-6, -8, -4, -7, -7, 4, 0, 1]
[2, 1, -1, -3, 1, -3, -1, 1]
[1, -4, -5, -18, -47, -6, 0, 0]
[1, 2, 6, 41, 93, 5, 0, 1]
[-5, -6, -1, -7, 5, 2, 2, -1]
[1, -3, -1, 0, -49, 3, -1, 0]
[3, 4, -7, -21, 2, -2, -2, -2]
[3, 8, 0, -3, -7, -1, 0, -1]
[2, -4, -2, 5, -8, -1, -1, -1]
[-6, -1, -3, -43, -5, -1, -1, -1]
[2, 3, 5, 41, 24, -3, 1, -2]
[-1, -7, -7, -25, -31, -7, -3, -1]
[-6, -8, 6, 42, 71, 9, 1, 1]
[-6, -4, -9, -10, 6, -6, -2, 1]
[12, 16, 1, -7, -3, -5, -2, 0]
[2, 6, 1, -16, -29, -6, -2, 0]
[-3, 1, 0, -6, 3, 1, 3, 0]
[2, -6, -1, 9, -29, -1, -2, -1]
[-8, -11, -4, -8, -11, -4, -3, 0]
[2, 3, 2, 7, 17, 4, 1, 1]
[1, -3, -3, -4, -10, 0, 0, 0]
[-5, -8, -6, 7, 14, 0, 2, -1]
[-1, -3, -2, 7, 21, -2, 0, -5]
[2, 3, -1, -6, -5, 1, 2, 0]
[1, 1, -3, -25, -25, 0, -2, 1]
[-1, 1, -1, 35, 31, 5, -1, 1]
[-2, -4, 0, -4, -39, -8, -4, -3]
[-5, -8, 4, 9, 15, 2, -2, -2]
[10, 22, 1, -16, 17, 4, 2, 0]
[0, -1, -6, -37, -84, -9, -1, -2]
[-7, -4, 1, 19, 14, 1, 1, 1]
[4, 9, -3, -4, -15, -4, -1, 1]
[0, -6, 0, 7, -5, -1, -1, 0]
[6, 6, 3, 3, 28, 0, -1, -1]
[-8, -11, 0, 1, -9, 1, -2, -5]
[-4, 1, -2, -17, -5, -3, -1, -2]
[2, 3, -1, 5, -3, 2, 3, 2]
[8, 5, 6, 27, 36, 4, 1, 1]
[-2, 2, 4, 2, -7, -1, 1, -1]
[1, 1, -1, -8, 29, 2, -1, -1]
[-1, -10, -7, -10, -37, 0, -2, -1]
[-2, -4, -4, -19, -28, -7, -3, 1]
[-6, -11, -6, 6, 20, 0, -2, -2]
[6, 11, -2, -8, -17, 0, -1, 1]
[-13, -6, 4, 7, 10, 2, 2, -1]
[14, 10, 0, 11, 26, 0, -1, 0]
[-4, -4, 4, -14, -5, -4, -1, -1]
[-5, -4, -3, 7, -12, -2, 0, -1]
[-2, -3, -4, -24, -55, -2, 0, 3]
[0, 3, 9, 47, 40, 9, 5, 2]
[-3, -4, -11, -21, -68, -10, -4, -3]
[-3, -3, 5, 20, 44, 1, 1, -1]
[4, -1, 2, 7, 16, 4, 1, -2]
[-3, -4, -2, -19, -10, 5, 1, 1]
[3, 0, -7, -23, -22, -9, -4, -1]
[-5, -10, 2, 18, 49, 5, 2, -3]
[1, 4, -2, -5, -72, -8, 0, -1]
[0, -1, -3, -3, 35, -4, 0, -4]
[-1, 5, 1, -8, -34, -3, -2, 0]
[-3, -17, -11, -18, -22, -4, -3, -1]
[8, 16, 5, 16, 27, 2, -1, 3]
[-5, 0, 2, 3, 3, -4, -1, -1]
[9, 0, 1, 12, 36, 0, -1, 2]
[-3, 3, 0, -23, -57, -9, 0, 0]
[3, 0, 1, 9, 25, 2, 0, -1]
[-2, -1, -5, -22, -22, -4, -2, -2]
[-1, 2, 7, 49, 45, 2, 0, -2]
[-1, -3, -5, -24, -24, 0, -3, -4]
[0, 3, 1, 0, 11, 6, 0, 3]
[-3, 3, 1, 3, 7, 4, 0, 0]
[0, 0, -5, 1, 21, 1, -2, 0]
[1, -4, -2, -5, -41, -7, -1, -3]
[-1, 1, 1, 12, 7, 1, 0, -3]
[-6, -19, -4, -13, -16, -3, 0, -5]
[5, 18, 3, -10, 12, 1, 0, 2]
[2, 5, 0, 7, 9, -1, -1, 3]
[-3, -7, 2, -8, -3, 0, -2, 2]
[1, 1, 0, 11, 4, 1, -2, 1]
[-14, -15, 0, -3, 13, -2, 0, -3]
[0, 10, 3, 3, 8, -3, -4, -3]
[-1, -2, -4, 0, 0, -3, -1, -2]
[1, -5, -1, 5, 2, 3, 1, 1]
[3, 5, -5, -2, -14, -5, -1, -1]
[0, -1, -2, 8, -3, 1, 1, 0]
[-4, -9, 1, -9, 8, -2, -1, -1]
[6, 11, 4, -2, -1, 1, 1, 2]
[-7, -7, 0, -8, -15, -3, -3, -1]
[1, -2, -3, 6, 10, 4, -1, 1]
[3, 0, 0, 4, 25, 2, -1, 0]
[-2, -8, -8, -7, -18, -5, -3, -2]
[0, 7, 3, 0, 9, 2, 0, -1]
[-8, -8, 1, -3, -9, -5, -4, -5]
[-12, -14, -6, -2, -13, 2, 1, 1]
[6, 10, 2, 5, -1, 0, 1, 2]
[5, 9, 3, -4, -2, 2, 2, 4]
[0, -6, -3, 6, 17, -1, -1, 2]
[-6, -4, -1, -4, -9, -1, 1, -2]
[9, 2, 5, 0, 8, -3, -4, 0]
[-4, -3, -7, -10, -2, 0, -4, -2]
[-1, 4, 0, -1, -4, 0, -2, -2]
[1, -1, -4, 0, 5, 4, 0, 2]
[-8, -1, -7, -2, 2, -2, -3, -1]
[-1, -2, 0, -3, -13, 0, -3, -3]
[-3, -1, -2, -3, 6, -2, -1, -1]
[6, -1, 5, 11, 17, -3, -1, 0]
[0, 1, 2, -7, -5, 3, 3, 1]
[-7, -7, -3, -5, -1, -4, -1, -3]
[-1, 3, 0, -2, -1, -2, 1, 2]
[2, 2, -1, 11, 15, 0, -1, -1]
[2, -3, -2, -10, 9, -2, 0, -1]
[-2, -6, -5, -4, -26, -3, 2, -1]
[-1, -4, -2, -3, -11, 1, -1, -3]
[-2, 4, -1, -4, -6, 1, -2, -1]
[-2, -8, 2, 11, 17, 1, 1, 0]
[4, 4, 4, -2, 8, 5, -2, -3]
[1, 5, -2, -1, -6, -2, -6, 1]
[3, -1, -4, 1, 3, 3, 7, 3]
[0, 3, -3, -3, -7, -2, -1, 0]
[1, 2, -1, -4, -2, 1, 13, 3]
[8, 6, 1, 4, 2, -5, -14, -2]
[1, -2, -3, 4, -2, 5, -3, -5]
[-5, 7, 1, -5, -6, -5, 20, 11]
[-6, -5, -1, 4, -3, -8, -26, -11]
[-2, -4, 0, -4, 9, 8, 8, 0]
[-1, -4, 11, 4, -6, -7, 1, 8]
[3, 1, 0, 3, 4, 10, 4, -4]
[-4, -5, -1, 1, 5, -3, 1, -16]
[-7, -5, -4, -1, -3, -4, 23, 16]
[8, 5, -5, -9, -11, -6, -27, -21]
[-2, 1, 2, 6, 2, -1, 5, 9]
[4, 0, 0, -1, -5, 0, 0, 9]
[-7, -5, 1, 1, 6, 4, -22, -15]
[-5, -4, -6, -13, -3, -3, 10, 5]
[1, 8, 5, 9, 5, -2, -14, 3]
[-10, -8, -5, -3, -12, -7, 0, -15]
[5, 4, 3, 7, 8, 1, -14, -3]
[1, 10, 3, 1, -14, 4, 14, 8]
[2, 6, 0, -3, 2, -5, -6, -12]
[4, -11, 1, -4, 7, 9, 23, 39]
[-7, 3, 4, -4, -7, -10, -16, -17]
[-1, 2, -1, -2, -5, -3, 3, 1]
[-10, -2, -2, 10, 30, 11, -21, -2]
[10, 20, 0, -5, -35, -14, -2, -6]
[0, -10, -7, -8, -17, 3, 27, 30]
[-5, -3, -4, 1, 0, -1, -44, -40]
[-2, -12, 4, 9, -7, 2, 3, 11]
[-9, -15, 0, 2, 13, 5, 43, 19]
[11, 6, -2, -4, -18, -12, -36, -28]
[-4, -6, -5, -7, -1, 6, 2, 6]
[-1, -10, 2, 6, 8, 3, -14, -12]
[-3, -5, 1, 1, 3, -6, -23, 42]
[-4, -1, -5, -2, -15, -7, 6, -48]
[6, 4, 4, 0, 5, 5, 17, 7]
[-35, -23, -10, -1, 4, -4, 8, -55]
[35, 3, 7, -10, -3, -3, 15, 54]
[-9, -9, -3, 2, -7, 3, 74, 40]
[17, 17, 0, 3, 14, 1, -53, -12]
[13, 26, 11, 2, 1, 9, 27, 17]
[-26, -14, -10, -1, -8, -2, -2, -27]
[9, 6, -6, -8, 2, -10, -11, 68]
[-6, -3, 4, 2, 21, 14, 29, -49]
[0, -16, -8, -1, -22, 6, 78, 38]
[-4, 23, 5, -7, 7, -11, -68, -8]
[6, 17, 5, 2, 8, -1, -49, -77]
[-10, -11, -13, -8, -1, 4, 3, 39]
[10, 12, 14, 10, 35, 7, 0, 24]
[-13, -26, -15, -15, -9, -9, 10, -28]
[-25, -30, -10, -10, -38, -7, 47, 18]
[-18, -21, 1, 1, -3, -12, -75, -11]
[-5, -2, -6, -6, -4, -4, -18, -14]
[-5, -12, -6, 0, 11, 3, 14, -6]
[-6, 19, 9, 2, 20, -8, -92, 20]
[35, -3, 1, 1, -4, -3, 52, 7]
[6, 21, 2, -1, 13, 13, -36, -3]
[-21, -1, -1, 5, -16, -7, -16, 34]
[-1, 35, 8, 11, 8, 3, 37, -21]
[51, 36, 4, 2, 7, -11, 6, 118]
[21, -26, -8, -17, -11, -5, -79, -47]
[-21, 1, 8, 2, -24, -20, 70, -11]
[-26, -49, -8, -5, 4, 13, -66, -42]
[3, 35, 6, 8, 24, 4, 51, 37]
[-43, -19, -11, -15, -9, -3, -32, 58]
[56, 59, 13, 13, 19, 0, -3, 21]
[-2, 28, -7, -5, 1, 24, 86, -61]
[-10, -31, -10, -9, -6, -6, 38, 41]
[-13, 9, 8, 9, 3, 37, 94, -22]
[29, 28, 9, 10, -1, -20, -24, -29]
[-21, -64, -11, 2, 5, -8, -41, 29]
[2, 28, 10, 17, 16, 9, -28, 11]
[14, -50, 5, 7, 38, 10, -7, 80]
[50, -3, 3, -20, -38, 7, 14, 25]
[-24, 6, 9, 15, 6, -9, -70, -21]
[-61, -80, -7, -9, -28, -10, 72, -45]
[22, 11, -11, 1, -23, -49, -89, 37]
[-23, -31, -7, -7, 12, 44, 36, -43]
[28, 15, 1, -2, -1, -2, 56, 69]
[35, 38, 4, 2, 9, 15, 41, 58]
[-6, -48, -16, -20, -11, -19, 14, -69]
[-61, -17, -12, 2, 13, 10, -93, -76]
[51, 53, -10, -14, -22, -16, 27, 72]
[17, 55, 17, 10, 7, 2, -84, -70]
[71, 119, 9, -3, -3, -1, 65, 14]
[-19, -91, -40, -24, -59, -4, 26, 40]
[80, 52, 25, 1, 13, 5, -19, -24]
[-28, -10, -13, -1, 3, -6, -14, -11]
[31, 74, 28, 22, 9, 14, 93, 85]
[-26, -25, -1, 8, 23, -9, 44, -13]
[-71, -65, -10, 3, 22, 18, 53, -69]
[66, 4, -20, -19, -12, -12, -7, 62]
[-25, -69, -17, -9, -29, 24, -5, 18]
[-38, 34, 1, 5, 40, 17, 7, 29]
[5, -12, 4, -4, -64, -32, 9, -20]
