[19, -1, 15, 8, 18, -4, 0, -106]
[12, 22, 8, 8, -20, -6, -49, -50]
[-14, 17, -1, 10, 30, -28, -37, 18]
[-1, -1, -9, -12, 41, 2, -46, -48]
[-54, -8, 2, -10, -79, 11, -2, 39]
[-12, -29, -16, -11, 0, -23, -26, 18]
[6, -11, -14, 20, 58, 13, 15, -29]
[-15, 2, 21, -1, 7, 4, -3, 37]
[19, -24, -5, 3, 20, -2, -22, 69]
[-57, -55, -46, -16, -3, 3, 38, -22]
[65, -29, 29, -1, -5, 9, -3, 84]
[-69, -47, -14, 3, 13, -5, -34, -37]
[38, 44, 5, -12, -31, -17, -46, -38]
[1, 17, 27, 18, 18, 0, -24, -6]
[3, 31, -6, -8, -9, -8, -31, -117]
[-59, -62, -31, 0, 13, -4, 13, 23]
[-21, -5, 17, 9, 15, 22, 15, 46]
[-45, -19, -13, 2, 16, 17, -28, -63]
[-21, -47, 12, -8, -67, -21, -12, -1]
[114, 53, 24, 17, 10, 25, 111, 35]
[-45, -58, -31, -5, 15, 6, -71, -128]
[24, -13, -42, -6, -17, -29, -39, -23]
[5, 16, 22, 5, 30, 2, -18, 58]
[-53, 29, 50, 1, -12, 23, 107, -28]
[41, 46, -4, 10, 12, -7, 54, 47]
[28, 32, 15, -4, -37, -6, 43, 41]
[0, 50, -6, 2, 31, 3, -56, -28]
[11, -52, -30, -3, 6, -15, -22, 18]
[5, -5, 9, -1, -13, -7, -62, 0]
[-24, -46, -4, -7, -1, 5, 111, 82]
[32, 12, -7, 2, 7, 7, -15, -27]
[18, 10, 8, 0, 28, 3, -44, -6]
[-44, -10, 8, 5, 23, 7, 8, 7]
[32, 19, 7, 9, 9, -1, -30, 27]
[5, -19, 10, -1, -8, -1, 49, 9]
[30, 31, -11, -12, -3, -7, -32, -2]
[-10, -29, -9, -15, -34, 15, 80, -7]
[-11, 38, 20, -1, 8, -1, -36, -12]
[17, 8, -15, -12, -28, -5, 22, 13]
[-13, -7, 5, 10, 7, 16, -27, 60]
[11, 27, 5, 6, -6, -3, 87, 32]
[9, 17, 19, 5, 4, -5, 7, -58]
[-20, 5, -6, -5, 5, 8, 13, -8]
[-5, -33, -11, -3, -35, -9, -21, 41]
[-13, -2, -5, 0, 16, -2, -2, -12]
[18, 7, 10, 0, 45, 10, 22, -9]
[32, 60, 17, 13, -59, -15, -44, -71]
[-27, -25, -45, -12, -7, -6, -35, -47]
[-15, -4, 26, 7, 19, 19, 10, -45]
[-32, -25, -8, -3, -66, -26, -33, 3]
[-22, -42, -9, -10, 32, -11, -8, -49]
[22, 29, 8, -4, -17, 8, 17, -14]
[-7, 3, 5, -3, 28, 8, -14, 34]
[-5, -25, -27, -11, -21, -6, 65, 72]
[-22, -22, -16, -3, 28, 8, 26, 48]
[61, 43, 13, 3, 10, 15, -18, 0]
[-6, -12, -3, -11, -26, -18, 8, 29]
[-23, -24, 1, -5, -16, -6, 12, 66]
[-27, 1, 9, 8, 6, 4, -38, -50]
[1, 10, 18, 10, 27, -12, 26, 15]
[-16, -16, -23, 0, -23, -5, -24, -23]
[-27, -69, -27, -18, -28, -17, -48, -59]
[31, 8, -1, -8, 6, -1, 66, 55]
[-13, -4, 8, 16, 32, 16, -8, -10]
[-5, 9, -6, -5, 4, 8, -12, -23]
[-34, -24, 5, 0, -40, -16, -30, -37]
[3, -11, -17, 0, -1, 0, 13, 37]
[-5, 5, -2, -8, -17, 5, 17, -22]
[-1, -6, 1, 3, 7, -2, -5, 5]
[55, 26, 11, 6, 19, -3, 23, 38]
[-18, 23, -7, 1, 5, -10, -26, -35]
[-50, -46, -1, -8, -14, -3, -6, 38]
[44, -3, 1, 0, 11, -5, -31, 32]
[3, 29, 6, 2, 20, 19, 11, -67]
[-6, -3, 14, 4, -5, 1, 23, 39]
[12, -30, -53, -11, -2, -5, 75, 111]
[-21, 6, 33, 13, -3, 9, -20, -95]
[-12, 40, 19, 6, -7, -30, -83, -92]
[-1, -1, -5, 3, 1, -7, -35, -29]
[15, 26, 13, 19, 46, 23, -1, -11]
[1, -3, -12, -10, -20, -2, 32, 18]
[6, 8, -5, -8, -2, -1, -7, 37]
[-20, 0, 4, 2, -11, -3, 21, -31]
[33, 38, 13, 6, -7, -9, 5, 65]
[18, 30, -4, -3, -2, -1, -17, 11]
[-12, 7, 2, 6, 13, 3, -11, -1]
[6, -3, -7, -6, -4, 0, 2, 25]
[9, -18, -2, -12, -13, 1, 15, -22]
[4, -11, -4, 1, -4, -11, -5, 52]
[-9, 3, -5, 0, 21, 7, 18, -79]
[7, 0, 5, 11, 11, 2, 3, 3]
[-8, 8, 9, -10, -11, -6, -18, -26]
[-32, -32, -15, -6, -15, -7, 3, -12]
[16, 17, -11, -3, 12, 0, -14, 4]
[0, -6, 11, 1, -5, 1, 0, 9]
[-2, -3, 2, 9, 3, -5, -24, -21]
[-17, 4, -8, -4, -10, 2, 7, -9]
[0, -8, 20, 7, 9, 5, 10, 11]
[8, -4, -13, -8, -23, -7, -4, 16]
[4, 7, 6, -2, 5, 4, -7, 0]
[-3, -16, -5, 5, 28, 6, 4, -6]
[1, 8, -3, -5, 4, -13, -2, 3]
[-5, -14, -1, -8, -75, -13, -2, 8]
[4, 13, -19, -2, -9, -4, -12, -13]
[0, 24, 17, -7, 0, 3, 3, -9]
[-12, 8, 16, 20, 29, -1, -8, 1]
[-8, -5, -10, -4, 12, 3, 4, 6]
[-7, 43, 16, 4, -28, -8, -1, -8]
[8, -24, -28, -13, -10, -2, -1, -3]
[11, -18, 16, 3, 18, 2, -2, 10]
[3, -3, -7, -11, 17, -12, -5, 3]
[10, -49, -3, 18, 3, 7, -2, -4]
[5, -10, 11, 6, -9, 2, -5, -6]
[-9, -16, -19, -13, -17, -3, -7, -8]
[11, 13, 3, 11, 13, 6, -3, 1]
[-4, 28, 0, -16, 29, 6, -7, -9]
[-8, 10, -25, -12, -7, 9, 1, -4]
[-1, 12, 20, 1, -21, -2, 1, 2]
[4, 21, -9, -14, 7, -5, 1, 9]
[1, -2, 19, 35, 46, 12, 1, 5]
[1, -21, 2, -11, -13, 5, -2, -3]
[-4, -18, -12, 1, -25, -4, -3, 0]
[-1, -4, 5, 28, 54, 2, 3, 4]
[-4, -30, -3, -22, -20, -5, -4, -2]
[-5, 6, -7, 1, -8, 10, 6, 1]
[2, 29, 4, -11, -30, -3, -5, -1]
[1, 0, 12, -2, -22, -12, -5, 2]
[-2, 3, -11, 5, 20, 4, 0, 1]
[1, -7, 6, 29, 93, 3, 0, -2]
[1, 3, -5, -5, 42, 3, 0, 1]
[1, -8, 4, -6, -60, -3, 2, 2]
[-2, -7, -7, 9, -37, -8, -2, -4]
[-2, 3, 3, -2, 25, -3, 1, -1]
[-5, -12, -15, -10, -17, -22, -4, 2]
[-1, 5, 5, 16, 19, 7, 2, 2]
[5, 12, 8, -2, -23, 13, 1, 2]
[-10, -4, 0, -7, 62, 15, -1, -2]
[-1, -9, -17, -21, -85, 8, -2, -3]
[-3, -6, -6, -25, -38, 8, 1, 2]
[-2, -2, 2, -3, 19, 6, -1, 2]
[-3, 3, 8, 15, -17, -13, 0, -1]
[1, 0, 4, 14, 55, 4, 4, 0]
[2, 4, -7, 18, 9, 4, 1, -1]
[-1, -5, 9, -18, -4, -15, -3, -2]
[-2, -6, -6, -5, 13, -3, 2, 3]
[-1, 11, 10, -14, -21, -9, -1, -1]
[-8, -7, -1, 16, 29, 8, 7, -1]
[8, 4, -10, -4, 30, -11, -4, -2]
[-10, -12, -8, -43, -128, -31, -7, -5]
[1, 6, 1, 31, 65, 12, 0, -4]
[-9, 0, 5, 12, 51, 14, 4, 2]
[0, 1, -2, -8, 11, -12, -3, 1]
[3, 3, 7, 2, 48, -4, 1, 0]
[3, -2, -8, -30, -40, -10, -3, -3]
[-8, -9, -7, -19, 21, -5, -6, -2]
[-7, -7, -5, 11, 3, 2, 2, -1]
[2, 4, 4, 22, 25, -12, -1, -3]
[-2, 0, 0, -5, 17, 6, 2, 0]
[4, 3, 10, -2, -7, 2, -5, -3]
[0, -2, 1, -27, -56, -3, 2, 3]
[6, 4, 5, 30, 11, 9, 1, 0]
[-7, -13, -12, -1, -39, -10, -4, -4]
[8, 8, 7, -4, -18, 8, 3, 1]
[-4, -5, -7, 6, -17, -7, 0, -4]
[2, 7, 2, -3, -10, -3, -3, -2]
[-12, -14, -10, -17, -71, -6, -4, -2]
[13, 17, 5, 3, -24, 2, -2, 4]
[-10, -4, 3, 26, 31, 7, 0, -4]
[6, 6, 0, -18, 11, 1, 1, 5]
[-2, -6, -2, 31, 34, 6, 2, -5]
[1, 8, -1, -26, -11, -9, -3, 0]
[0, -15, -6, -12, 5, 0, 4, 4]
[2, 22, 11, 7, -8, 2, -1, -2]
[-4, -5, 3, 5, 31, 7, 1, 1]
[-2, -8, 2, 34, 23, 2, -3, -1]
[2, 5, 4, 24, 60, 10, 2, 2]
[-9, -9, -17, -78, -116, -21, -5, -2]
[0, 2, -6, -10, 15, 1, -3, 0]
[-2, 2, 9, 0, 17, -1, -1, -2]
[0, 1, -3, 16, 2, 0, 0, -1]
[1, -3, 6, 29, 63, 16, 3, 0]
[2, 2, -6, -8, -51, -11, -1, -2]
[-3, -7, -10, -8, 6, 0, -2, -1]
[-1, -2, 1, -15, -45, -2, -2, 0]
[1, -3, 1, 17, 30, 2, -1, 1]
[-6, -4, 2, -9, -6, 0, -1, -1]
[-2, -5, -7, 0, 20, 2, 0, -1]
[8, 1, 1, 6, 7, 7, 1, 1]
[9, 23, 4, 34, -5, -1, 1, 0]
[-1, 0, -2, -19, 8, -2, -3, -1]
[-1, 8, 5, 15, 21, 4, 2, -2]
[-1, 1, -3, -25, -7, 1, 0, 0]
[3, -7, 1, 13, -6, -1, 3, 1]
[-4, -3, -4, -3, 7, 0, 1, -2]
[-4, -5, 0, -7, 4, 2, -1, 1]
[3, -1, -4, -29, -34, -8, -1, 0]
[-1, -11, -3, 13, 39, 0, -3, -1]
[5, 2, 5, 6, -25, 0, -1, -1]
[-2, -9, -10, -25, -76, 1, 1, 0]
[-1, 0, 5, 31, 35, -2, -2, 0]
[-4, -2, -6, -11, 3, 0, 0, -1]
[-1, 0, 2, -3, 31, -3, -2, -1]
[2, 1, -3, -5, -23, -11, -4, -2]
[-2, 0, -4, 5, 1, 5, 1, -2]
[-6, 1, 2, -18, -4, 5, 2, 0]
[1, -3, -3, 3, -4, -8, -4, -2]
[7, 4, -3, -12, -2, 1, 0, -2]
[-4, 0, 3, 31, 68, 7, -1, 1]
[-6, -15, -6, -18, -81, -13, -2, -2]
[-2, 6, 0, 7, 4, 1, -2, -2]
[-4, 0, 3, -18, -43, -9, -2, -1]
[6, 6, 3, 3, 7, 5, 3, -1]
[-3, -1, -2, -9, 26, 2, 0, -3]
[-1, -4, -2, 16, 15, -1, -1, 1]
[-1, -13, -8, -7, -6, -2, -1, -1]
[1, 7, 4, 6, 0, -1, 2, -1]
[-1, -8, -2, -8, 3, 2, 0, -3]
[-1, 2, 1, 17, -1, -3, -1, -1]
[-1, 2, 2, -15, 14, 3, 0, 1]
[-2, -7, -9, -10, -18, -3, -3, 1]
[0, 1, 1, 3, -5, 1, 0, -1]
[0, 5, 8, 18, 29, 1, -1, -2]
[3, 3, 8, 10, 38, 5, 2, 1]
[-5, -2, 1, -9, -40, -5, -1, -2]
[0, -1, -6, -6, -1, -1, -3, 1]
[1, 5, -2, 3, 23, 4, 2, 2]
[-6, -6, -4, -3, -56, -8, -2, -3]
[1, 1, -4, -4, 33, 1, 2, 1]
[5, 0, -1, 6, 3, 1, 1, 1]
[-2, -8, -2, -3, 4, 2, 0, 1]
[6, 10, 2, -17, 12, -1, 0, -2]
[0, 2, 1, 8, -16, 2, 0, -3]
[0, 7, 2, 19, 5, 1, -2, 0]
[3, -1, 3, 0, -5, -5, -2, 0]
[-2, -3, -2, -1, -7, -4, -1, -4]
[-1, -2, -3, -23, -14, 1, 0, 0]
[-1, -1, 1, 23, 33, 3, 1, 0]
[-3, 0, -1, -1, -15, -5, -3, -4]
[-2, -2, -3, 5, 32, 2, -1, -1]
[-1, -2, 1, 10, -10, 7, 1, 0]
[-1, -5, -4, -24, -60, -8, 0, -1]
[1, -3, -3, -1, 16, -3, -1, -2]
[-6, -5, -6, -6, -40, -10, -4, -1]
[3, 7, 2, -12, 17, 0, -1, 2]
[-1, 2, -3, 18, 17, 2, -1, -1]
[-1, 2, -6, -13, -17, 0, 1, -1]
[-5, -5, 2, 27, 32, 2, -1, -4]
[7, 4, -3, -13, -4, 1, 0, 0]
[-4, -9, 3, 6, 6, 0, -2, 0]
[1, 13, 0, -3, 6, 0, 1, 2]
[3, 2, 0, -11, -20, -5, -3, 1]
[1, -2, 5, 14, 24, 1, 1, -1]
[-1, -4, 2, -15, -42, -4, 1, -1]
[-2, -6, 0, -9, 10, 5, 0, -1]
[-7, -9, -7, 4, -18, -6, 0, 0]
[0, 1, -3, -5, -22, 0, 1, 2]
[2, -1, 1, -4, 10, 0, -3, -4]
[-2, -1, 1, -5, 3, -3, -1, -3]
[-4, -3, 2, 3, 2, -3, 1, -1]
[8, 2, 2, 12, 24, 2, 1, 1]
[-1, 2, -2, 5, 5, -1, 1, 2]
[-4, -3, -4, -9, -33, -4, -2, -1]
[-3, -6, -8, -5, 3, 2, -1, -2]
[-1, 3, 4, 20, 39, 7, 0, 1]
[-3, -2, -5, -14, -35, -4, -3, -2]
[1, 1, 4, 17, 34, 1, -1, -1]
[1, -3, 1, -23, -51, -9, -3, -2]
[-1, -1, -2, 3, -28, 1, 1, 0]
[2, 1, -1, -10, 2, -2, -2, 0]
[-3, -2, -1, -3, -6, -3, 0, -3]
[-3, 3, -4, 8, 33, 4, -1, 0]
[0, -1, -1, -10, -3, -4, -1, -1]
[2, -7, 1, 12, 41, 2, 0, 0]
[1, -3, -5, -11, -33, -5, -4, 0]
[0, 3, 0, -1, 4, -3, 1, 0]
[5, 7, -3, -4, 2, 2, -2, -1]
[-2, -2, -2, -10, -34, 1, 1, 1]
[-2, -4, 1, 18, 38, 1, -1, 0]
[1, 0, 4, -10, 26, 1, 0, -3]
[-4, -10, 1, 2, -15, 1, 0, -2]
[-3, -1, 1, 16, 9, 1, -1, -1]
[-2, -4, -6, -17, -26, -8, -3, -2]
[-7, -1, 2, 10, 5, 3, -1, 1]
[0, 14, 0, -11, 2, -1, 3, 2]
[8, 1, -2, -3, 15, 2, 1, 0]
[-1, -5, -6, -15, 0, -4, -2, -1]
[4, 6, 5, 21, 5, 1, -2, -1]
[-5, -9, -3, -11, -17, -8, -3, -2]
[3, 5, -2, 4, 3, 2, -1, 1]
[-5, -2, 0, -15, -55, -5, 1, -3]
[3, 3, 1, 10, 64, 8, 2, -2]
[-6, -6, -7, -16, -44, -8, -1, -1]
[1, 1, 2, 2, -1, 2, 2, 0]
[-2, -7, 0, -6, 10, 2, -3, -2]
[-2, -1, 0, 7, -1, 2, -1, 0]
[2, -4, -1, 2, -2, -2, -2, 0]
[0, -4, -1, 9, 21, 2, 0, 2]
[0, -1, 0, -3, -21, -1, 0, 0]
[-9, 0, -2, 1, 2, -6, -1, -3]
[-3, 2, 2, 3, 10, 3, 2, 0]
[8, 9, -3, -3, 3, 1, -1, -2]
[-1, 7, 4, 2, 10, 1, 0, -1]
[2, -5, -4, -7, -17, -2, -4, -1]
[1, -7, -3, -3, 1, 3, -1, 0]
[-11, -6, -3, -11, 12, -5, -2, -3]
[1, -3, -2, 0, -25, -2, 0, 1]
[0, -1, 1, 14, -6, -5, -2, -2]
[-2, 0, -3, -9, 3, 1, -1, 0]
[-1, 2, 3, -13, 4, 5, 0, 0]
[-2, -2, -2, 21, 28, 2, 0, -2]
[0, -5, -1, -21, -47, -6, -3, 0]
[-4, -6, -3, 18, -10, -1, 1, -1]
[3, 3, 1, 6, 13, 0, -1, 0]
[3, 8, 1, 0, 32, 4, -1, 0]
[1, -4, -2, -9, -21, -1, 0, 0]
[-10, -5, -1, 2, -7, -4, -3, -2]
[-7, 0, 2, -10, -6, -3, 0, -1]
[0, -4, -3, 12, 8, 1, -1, -1]
[8, 16, 0, -9, -5, -1, 0, 1]
[5, 3, 1, 6, 7, 0, -1, -2]
[-3, -5, -5, 2, 1, 0, -1, 0]
[-2, -2, 4, -4, 3, -3, 0, -1]
[-3, -12, -8, -3, 27, 5, 0, 1]
[4, 10, 6, -5, -13, -4, -1, -2]
[-3, -5, 0, -6, 10, 0, 2, 2]
[0, 4, -1, 1, -30, -5, 0, 2]
[-3, -2, -4, 7, 21, 1, -4, -3]
[1, 0, -1, -12, -5, 1, 1, 2]
[0, -1, 0, 13, 9, -3, 1, -1]
[-3, -6, 0, 0, -2, -1, -3, -2]
[-2, -5, -2, 0, -2, -2, 0, 0]
[3, 6, 5, 6, 23, 5, -9, 0]
[-1, 1, 3, -9, -25, -2, 8, -4]
[-6, -8, -7, -10, -3, -3, -4, -3]
[2, 0, -2, 3, 0, 4, 2, 1]
[8, 7, 3, 3, -5, 0, -1, 3]
[-1, 1, 4, 1, -5, -1, -3, 1]
[1, 0, 4, 6, 8, -2, 1, -1]
[-4, -5, 0, 2, -5, -2, 0, -1]
[-2, -6, -5, -2, 4, 1, 3, -1]
[0, -1, -4, -1, -3, 2, 0, 1]
[1, -2, -3, -8, 1, -3, -10, -5]
[-3, 4, 0, -7, -29, -3, 3, 4]
[-4, -6, -1, 1, 3, 2, -1, -10]
[5, 19, 4, 5, -6, -3, -3, 2]
[1, -4, 1, -5, -11, -1, 0, 3]
[2, 0, 1, 6, 18, -3, 13, 2]
[-6, -7, -2, 1, 2, 1, 1, 0]
[7, -7, -3, 2, -10, -1, -7, -4]
[3, 2, -1, -3, 1, 3, 14, -1]
[-2, 0, 1, -3, 3, 5, -9, 1]
[-3, -1, 0, 9, 35, -1, 1, -1]
[-4, -5, -2, -3, 0, 4, 12, 7]
[-2, 2, 4, 9, 14, -11, -19, -13]
[0, -3, 3, -4, -2, 4, -5, -6]
[2, -2, -3, 1, -6, 4, 5, 4]
[-4, -4, -3, -3, -4, -5, -5, 1]
[-2, 1, -1, -3, -8, -1, 4, 5]
[-3, 1, -2, -1, -2, -2, -1, 0]
[1, 1, 1, -3, 4, 1, -8, -3]
[-4, -5, -2, 3, 2, 4, 2, -2]
[0, 9, -1, -2, -12, 1, 1, -14]
[4, 1, 3, 7, 18, 2, -4, 28]
[2, -3, 0, -10, -16, -1, 14, -4]
[0, 6, 4, 2, 2, -5, -8, -5]
[3, -5, -4, -4, -2, 1, 8, -16]
[8, 16, 1, -2, 0, 0, 12, 22]
[-8, -6, -4, -4, -13, -10, -16, -18]
[7, 9, 2, -2, 9, 3, 22, 24]
[-10, -15, -6, -8, 0, -4, 2, 21]
[2, -4, 1, 2, 1, 4, -17, -25]
[-1, 7, 0, 4, -7, 0, 0, -6]
[-10, -19, -5, -1, -5, -6, -5, -9]
[1, 11, 2, 3, -1, 1, 2, 4]
[-3, -15, -8, -5, -8, -3, 13, 5]
[11, 6, 3, -6, -7, -4, -9, 4]
[-4, 1, 1, -6, -7, -1, -1, 0]
[4, 0, -2, 2, 15, -7, 0, 11]
[-5, 0, 3, -2, -12, -2, -14, -6]
[-8, -3, -2, 0, 6, 2, 4, -21]
[5, 6, 0, 1, -7, -3, -37, -2]
[-12, -9, -2, -3, -10, 0, 18, -7]
[4, -3, -4, -1, -18, 3, 11, 9]
[-6, 1, 2, 4, 14, 6, 3, -1]
[3, 6, -1, -2, -12, -7, 14, -11]
[2, 2, 1, -1, -3, -1, -22, 19]
[-1, 3, -2, 1, 3, 5, 6, -13]
[-8, -8, 2, -5, -7, -5, 14, 18]
[2, 10, -4, 2, 10, 1, -10, -2]
[2, 7, 9, 6, 2, 2, -4, 3]
[5, 3, 2, -4, 2, -3, -15, -7]
[-6, 8, 3, 4, 3, 4, 0, -24]
[-4, -10, -5, 2, 19, 6, 9, 0]
[-3, -5, -3, 0, -33, -8, 8, -1]
[-15, -13, -2, -6, -8, -1, -56, -26]
[1, -5, 0, 3, -4, 2, -31, -12]
[1, -18, -13, -5, 7, -4, -8, 49]
[2, 14, 1, -1, 1, 0, -24, -44]
[7, 6, 5, 5, 8, 2, 29, 59]
[14, -3, 0, 0, 6, 6, 4, 30]
[-12, -9, 4, 4, 16, -5, -35, -71]
[-4, 10, -1, -4, -38, 1, 11, 20]
[13, -12, -8, -3, 1, -8, -67, 1]
[-8, -5, -8, -6, -5, 3, 75, 28]
[-7, -19, -4, -4, 7, 1, 23, -12]
[12, 11, 1, -4, 17, -3, -29, 9]
[-14, 10, 8, 7, -13, 11, 32, -48]
[22, 16, 17, 15, 13, 15, 28, 45]
[-19, -17, 0, -12, -25, -21, -60, -53]
[-8, -11, -10, -6, 10, -12, 24, 71]
[2, -25, -18, -7, 0, 4, 42, 33]
[2, 2, -3, -5, 19, -2, -55, -11]
[-8, 18, 1, 0, -21, 9, 28, -38]
[1, 1, 8, 12, 17, -5, 34, 3]
[-26, -32, -11, -3, 8, 4, -11, -57]
[9, -15, 0, -4, -49, -20, 5, 15]
[10, 21, 8, 5, 5, 6, -55, 29]
[4, -9, -5, -11, -7, -10, -27, -25]
[23, 4, 8, 8, 12, 17, 74, 101]
[-7, -21, -15, -16, 4, -6, 52, 19]
[23, 33, -14, 6, 14, 16, 113, 74]
[-6, 24, 32, 10, 32, 15, -56, -19]
[-13, -14, -5, -7, -6, -12, 0, -70]
[-22, -38, -7, 3, -16, -13, -7, 48]
[-13, -50, -16, 0, 5, 23, 71, 78]
[40, 42, 3, -10, -10, -10, 2, 16]
[2, 23, 6, -10, 8, -6, 5, -31]
[-17, 3, -2, 10, 43, 13, -39, 42]
[4, -10, 5, -17, -57, -35, -92, -110]
[-26, -7, -1, 6, 3, 15, 92, 25]
[1, 18, -3, -7, 2, -17, -56, 0]
[41, 62, 6, -1, 21, 21, 67, 58]
[-8, 0, -9, -13, -14, -15, -41, -36]
[-9, -17, -3, 4, 15, -9, -45, -104]
[9, -11, 8, 6, -15, 22, 21, 95]
[-13, 22, 2, 0, -14, -10, -28, -68]
[17, 15, 10, 6, 21, 2, 14, -88]
[-16, -26, -15, 4, 10, -5, -109, 7]
[-7, -25, -7, 1, 1, -3, 73, 41]
[33, 59, -2, 18, 30, 18, -52, 47]
[-18, -24, 29, 0, -6, -11, 91, 121]
[18, 23, -17, -7, -23, -12, -43, -73]
[50, 54, 21, 7, 17, 5, 102, 96]
[-45, -42, -27, -16, -23, -5, -13, -8]
[-44, -15, -6, 12, 17, -5, -11, 104]
[41, -15, 1, -3, -9, -14, 23, -19]
[-19, -13, 15, 20, 27, 2, -24, -114]
[2, 2, 0, -6, -4, 7, -14, 47]
[8, 22, -5, 3, -19, -11, 52, -38]
[-31, -16, -15, -8, -9, -3, -57, -41]
[-1, 21, -15, -8, -10, -15, -67, -25]
[27, -16, -3, 0, 36, -1, 41, 62]
[-9, -8, -6, 5, 8, 16, -57, -61]
[-5, -44, -32, -22, -75, 19, 76, 123]
[2, -2, -3, 14, 50, 11, -68, -73]
[-42, 53, 51, 1, -51, -6, -21, -16]
