[6, -4, 10, -1, 24, 15, -18, 100]
[37, -15, -2, 9, 10, 19, 28, -2]
[-20, -26, -18, 2, -17, -6, -78, -46]
[11, 4, 42, 12, 26, 14, 36, 2]
[-20, -2, -5, -13, -51, -23, -56, -27]
[-15, -42, -4, 13, 36, 7, 47, 116]
[-7, 9, -23, -10, -45, -5, 7, -51]
[-5, -7, 1, 6, -13, -31, 22, -79]
[18, 26, 3, -2, 14, 2, 31, 15]
[-35, -57, -4, -1, 17, 12, 30, -11]
[85, 37, 15, -1, 21, 19, 5, 33]
[5, -53, -41, -17, -39, -2, 16, -25]
[14, 12, 15, -1, -13, -7, -10, 47]
[-41, 9, -5, -3, 24, 5, 9, -28]
[-36, -49, 8, 4, 2, 2, 33, -62]
[7, 28, 40, 5, 20, 15, -35, -89]
[23, -32, -6, 17, 10, 31, 18, 33]
[-19, -29, 19, 1, 38, -9, -18, -11]
[0, 16, -13, -23, -80, -2, -6, 52]
[-28, -23, -32, 4, 12, -7, -6, -7]
[20, -25, 5, 5, 27, 7, 27, -67]
[57, 99, 30, 14, 21, -4, 54, 103]
[-20, -21, -1, 3, 11, -26, -69, -70]
[28, -6, -18, -5, -7, 4, 85, 79]
[22, 4, 1, 0, -4, -11, -73, -42]
[-7, 8, 7, 2, -3, 6, -28, 33]
[10, -22, -27, -21, -12, 2, 28, 43]
[-17, -12, -32, -9, -20, -1, -62, -102]
[-22, 14, 7, 3, 25, 2, -2, 11]
[42, 95, 14, 5, -31, -12, -36, -62]
[-57, -21, 7, -13, -24, -18, -22, -19]
[46, 34, 51, 13, 51, 35, 30, 50]
[-31, -28, -30, -5, 14, -6, 21, 68]
[-31, -25, 27, 15, -32, -21, -73, -128]
[-15, 40, 8, 17, 40, 29, 89, 127]
[-24, -13, -19, -2, -13, -29, -114, -90]
[14, -5, -14, -4, 20, -1, -3, -91]
[-14, -39, -27, -25, -32, -11, 77, 53]
[-8, 0, 3, 6, 21, -1, 1, -26]
[4, -28, -11, 1, -1, 21, 96, 90]
[-5, 11, 9, 1, -2, -10, -3, -32]
[-10, 5, -4, -8, -11, 12, 51, -8]
[7, 24, 12, 13, 5, -1, -15, 5]
[12, 37, 0, -3, -1, -14, -66, -36]
[-11, -29, -18, -11, -36, 11, 61, 25]
[39, 13, -19, -10, 39, 5, 17, 76]
[-6, 8, -18, 17, 67, 20, -36, 23]
[-15, -49, 33, -11, -52, -23, 24, -38]
[26, 122, 66, 5, -37, 7, 25, 23]
[-28, -31, -10, -4, -8, -19, -84, -77]
[13, -10, -1, -7, -7, -14, 10, 2]
[-33, -15, -41, 13, 41, 29, 86, -34]
[19, 1, -14, -17, -23, -27, -18, 0]
[-40, -20, 7, 1, 12, 22, 31, -6]
[26, 24, 4, -6, -19, -16, 16, -42]
[0, -6, -1, -9, -31, -5, 21, -18]
[-34, -17, -8, 2, -5, -25, -46, -88]
[1, -7, -19, -2, -3, -3, -30, 37]
[0, -20, -4, -7, 17, 11, 37, 19]
[7, 10, 6, 2, 18, 12, -19, 36]
[-2, 6, -9, 1, 3, -1, 14, 71]
[-5, 20, 34, 6, -3, 4, -3, -16]
[7, -23, -2, 0, -9, 21, 62, -33]
[33, 35, 13, 1, 21, -29, -34, 46]
[-28, -32, -19, -12, -57, -5, 24, 34]
[9, -8, -8, -4, 23, 9, -14, -39]
[-2, 11, 19, 15, -14, -11, -25, 3]
[-3, -40, -44, -11, -2, 3, 31, 47]
[4, -11, -7, -9, -8, -16, 3, -37]
[15, 17, 14, -6, -39, -15, -9, 36]
[9, 15, -1, -6, 5, 9, -14, -40]
[1, 13, -2, 7, 18, 6, -40, 33]
[-8, -12, 16, 15, 49, 5, -33, -30]
[-9, -35, -24, -10, -9, -16, 34, 42]
[-1, -3, 1, -6, 6, 5, -14, 24]
[3, -6, -12, -5, -29, 7, -2, -97]
[-18, -6, -4, -7, -8, 2, -12, -5]
[-2, 18, 14, 11, 19, 5, 17, -8]
[33, 29, 19, 11, 50, 3, 21, 88]
[-33, -31, -12, -8, -64, -19, 18, -2]
[25, 11, 3, 3, -33, -11, -7, -21]
[-1, -6, -8, -9, 3, -8, 18, 11]
[-11, -20, 1, 4, 2, 3, -6, -9]
[-3, -9, 9, -1, 15, 9, -24, -23]
[-6, -5, -2, -4, 17, -2, 16, 27]
[28, 16, 2, 6, -6, -2, 16, 25]
[-10, -11, -5, -3, -12, -2, -13, -12]
[-5, -7, -4, 2, 29, 6, -13, 8]
[1, -10, -8, -2, 17, 0, 6, 24]
[-12, -14, -9, -13, -26, -16, -23, -26]
[7, 11, 3, 1, -10, -2, -1, -2]
[12, 12, 5, 3, -7, 2, -10, 8]
[-9, -2, 0, 4, 29, 2, 2, 1]
[5, 15, 2, 9, 29, 1, 3, -19]
[-17, -2, 24, -6, -54, -4, 1, 9]
[26, 23, 6, 1, -1, -1, -9, 11]
[0, -10, -13, -9, 2, -7, 3, 5]
[-6, 0, -16, 0, -18, -12, -32, -22]
[2, 2, -21, -7, -6, -6, -1, 6]
[-18, -14, 28, 5, 3, 9, -8, -4]
[10, -14, -7, 3, -1, 5, -3, 1]
[1, -4, 2, 4, -2, -3, 8, -1]
[-3, 9, 5, 5, 5, 8, 0, -5]
[0, 11, -11, -5, 6, 6, -16, -12]
[0, 11, 3, 1, 4, -22, -1, 6]
[-2, 7, 1, -3, 3, -13, 6, 1]
[3, -8, -3, -4, -31, -1, -13, -7]
[5, 11, 6, 6, 14, 22, 0, 4]
[-5, 13, -8, -13, -40, 1, -4, 0]
[-6, 33, -8, 2, 10, -8, 2, -1]
[-2, 9, 0, -1, 28, 18, -2, -2]
[11, 19, 8, 5, 12, 13, -4, 2]
[7, -18, 1, 6, 6, -19, -5, 0]
[0, -42, 0, -31, -44, -28, 0, -4]
[-8, -36, -5, 19, 64, 10, -2, -1]
[-1, -93, -4, -11, -26, 4, -3, -1]
[4, -16, -16, -1, -31, -8, -2, 2]
[4, 16, 25, 14, 23, -12, -14, 6]
[1, 15, 0, -3, 12, 6, 2, 1]
[-2, 18, -1, -4, -14, 8, -5, -4]
[-6, 9, -1, 7, 48, 1, -1, -2]
[-12, -44, -13, -11, -61, -7, 2, 1]
[20, 38, 9, 23, 83, 16, 5, 8]
[-5, 14, 0, 0, 33, 3, -8, -4]
[-5, -4, -13, -41, -97, -17, -6, -1]
[1, 22, 6, 8, 62, 5, 12, 4]
[-5, -21, 7, -5, -22, -4, -4, -2]
[-2, 3, -7, 6, 5, 8, 6, 4]
[-2, 17, 13, 27, 22, 4, 0, 2]
[1, 0, 1, -8, -15, 7, 9, -1]
[-7, -15, -15, -28, -47, 4, -2, -3]
[1, 0, 3, -5, -22, -8, -5, 3]
[-4, -10, 0, 23, 33, 0, 0, -3]
[-10, -21, -7, 25, 72, 11, 5, -6]
[10, 1, 11, -18, -73, -7, 3, 5]
[2, 11, 8, 23, 61, 3, 2, 1]
[0, -10, -10, -44, -69, -26, -8, -2]
[-1, -5, -4, -5, -26, -4, -2, -2]
[-3, 13, 6, 18, 72, 15, 2, -1]
[-3, 4, -8, -32, -7, -2, -2, -4]
[-3, 12, -4, 22, 0, 17, -1, -1]
[-15, -34, -8, -9, 9, 21, 5, 4]
[22, 58, 25, 5, -21, -16, -1, 5]
[-4, -2, -6, 7, 42, -10, 1, -2]
[-2, 8, 3, -1, -13, -3, 0, -1]
[5, 12, 0, -21, -89, 7, -1, -3]
[-9, -33, -13, -6, 43, 15, 1, 2]
[-9, -15, 9, 13, 20, -10, -5, -6]
[0, 4, -7, -77, -38, 1, -1, -1]
[-7, -1, -11, 7, -63, -3, -1, -2]
[-4, -8, -6, 4, -28, -18, 2, -1]
[4, 17, -1, 4, 15, -15, 4, 1]
[-3, -9, 4, 38, 45, 8, 0, 1]
[6, 14, 6, -26, 22, -7, -2, 1]
[-9, -13, -6, -6, -13, -22, -6, -1]
[-1, -6, -6, 2, -3, -16, 0, 3]
[-5, -13, 4, 22, 23, 1, 2, -3]
[7, 11, 5, 18, 35, 11, 4, 4]
[-1, -3, -8, -30, -101, -22, -3, -3]
[-6, -13, 2, 48, 49, -5, 2, -4]
[3, 8, -1, -52, -22, -2, -1, 0]
[6, 15, 3, 26, 23, 7, 0, 0]
[-1, -9, -6, 0, 69, 1, 7, 2]
[-8, -8, -5, -16, -56, -16, -2, -1]
[2, 18, 14, 5, 20, 15, 5, 3]
[6, 3, -1, -17, -13, 3, -1, 0]
[-7, -1, -15, 17, 7, -2, -1, -2]
[-1, 3, 8, 1, 6, -5, 0, -2]
[0, 1, 1, 18, -14, 7, 1, 0]
[-1, -2, -3, -22, -78, 1, 0, -3]
[-9, -16, -4, 7, 10, -1, 2, -4]
[0, 0, -17, -56, -55, -13, -2, 1]
[0, -3, 16, 37, 24, 6, -1, -3]
[7, 1, 5, 8, 13, 7, 0, 1]
[-3, 0, 5, 19, -26, -5, -2, -1]
[0, 0, -1, 0, 32, 3, 2, 0]
[0, -1, -6, -13, -20, -2, -4, 1]
[-5, -16, -11, -10, -5, 4, -1, -4]
[-5, 1, 5, 10, 12, 0, -2, 0]
[4, -7, 1, -4, -7, -1, -1, 2]
[9, 32, 7, 14, 30, 3, -1, 2]
[-5, 1, 8, 18, 66, 9, 2, -1]
[-7, 1, 4, 17, 38, 6, 1, 3]
[2, -4, -5, -55, -128, -26, -6, -4]
[-3, -12, -8, -7, 33, 2, 3, -2]
[0, 5, -9, 0, -37, -3, -1, -1]
[-1, -1, 7, 3, 14, 4, 2, 1]
[-3, 0, -2, -12, -13, 1, 1, 1]
[-1, -3, 3, 32, 79, 7, -1, -3]
[4, 8, 3, -15, 1, -2, -4, -2]
[-2, -12, -7, 3, 15, 5, 0, -3]
[0, 3, -1, 36, -11, -3, -3, -1]
[-4, -15, -8, -11, 30, 5, -1, -1]
[1, -4, -3, -17, -42, -5, -3, 1]
[2, -6, 2, -25, -26, -6, 1, 1]
[5, 16, -17, 4, 25, 5, 0, 0]
[-5, 7, 15, 7, -4, 0, -1, -2]
[2, -2, -2, 6, 32, 6, -2, -4]
[9, 11, -1, -5, 4, -1, -3, -3]
[1, 15, 3, -16, -36, -2, -4, 1]
[-7, -5, -8, -5, -11, -2, -2, -1]
[-6, -13, -6, -2, -28, -9, -4, -2]
[5, 1, 0, -1, 17, 0, 0, 2]
[-6, -10, 1, 14, 41, 4, 1, -1]
[-5, -3, -4, -36, -30, -2, -1, -1]
[4, 7, 4, 26, 29, 5, 1, -4]
[-4, -2, -8, -4, -23, -5, 0, -5]
[1, 0, 4, 9, -17, -3, 0, -2]
[-2, -8, -8, -26, -33, -5, -1, 0]
[-1, 3, 2, -6, 9, 1, 2, 3]
[-5, -11, -2, 1, -4, -3, -1, 2]
[5, -5, 0, -7, -26, -7, -2, -3]
[9, -3, -5, 13, 4, -1, -2, -1]
[-4, 7, 0, 4, 16, 6, 0, -1]
[3, 16, 6, 8, 19, 1, 0, -1]
[1, -10, 1, 0, 13, 1, -4, 0]
[3, -3, -1, 4, 5, 2, -1, -1]
[-7, -12, -5, 3, 3, 0, 0, -1]
[-2, 8, 4, -4, -17, 4, 1, 1]
[-2, 7, 4, -2, 23, 2, 6, -1]
[-1, -3, 0, 5, 16, -1, -2, -3]
[0, -4, -15, 2, -30, -3, -2, 0]
[-1, -2, 11, 1, -2, 1, 0, 2]
[1, 2, 1, -2, 15, 7, 1, 3]
[-1, -2, -3, 5, -16, -10, -5, -2]
[-3, 1, 4, -41, 1, 4, 0, -3]
[4, -8, -8, 37, 38, 0, 0, -1]
[3, 2, 1, 3, -20, 2, 2, 2]
[-3, 3, 3, 0, 17, 0, -1, -1]
[0, 3, -1, 8, -5, -2, -1, 0]
[0, -5, -7, -37, -23, 0, 1, -1]
[-13, -10, 0, 19, 9, -1, 0, -5]
[3, 10, 0, -1, -17, 1, 3, -1]
[4, 8, 8, 5, 5, -7, -2, 0]
[3, 3, -6, -14, 33, 4, 2, 1]
[-5, -3, -2, -5, -7, -7, -4, -2]
[-4, -9, -7, -3, -21, -2, -3, -1]
[-1, -1, -2, 4, 9, -3, -1, -2]
[3, -3, 0, 16, 18, 8, 1, 0]
[-4, -3, 4, 2, 2, -1, 1, -1]
[8, -3, 3, 4, 24, -2, -1, 3]
[-1, 4, 2, 11, -20, -3, -4, -2]
[-8, -10, -9, -39, -37, -5, -2, 0]
[5, 8, 0, 7, 13, 3, 1, 1]
[-6, -6, 0, 8, 20, 2, 0, -1]
[0, -5, 0, 2, 2, -2, -1, 0]
[1, -1, 0, 1, -13, -3, 1, -1]
[-3, -2, -3, -32, -14, -1, -1, 0]
[2, 0, 7, 41, 31, 2, -3, -4]
[7, 2, -4, -11, -13, -1, 0, 0]
[-4, 4, -4, -3, -2, -3, -2, -2]
[3, 9, 3, -8, -26, -5, 0, 0]
[0, 11, -1, -13, -24, -1, 2, -2]
[-1, -5, 1, 5, 19, 3, 0, -1]
[2, -3, 1, -3, -7, -2, -1, 1]
[-2, -5, -4, 11, 38, 5, 1, 4]
[-8, -15, -6, 1, -22, -1, -4, -3]
[5, 19, 4, 13, 33, 0, -2, 1]
[1, 4, 4, -5, -23, -1, 2, -1]
[1, 1, -1, -3, -9, -4, -1, -2]
[-1, -5, 2, -12, -19, -2, 1, -2]
[-4, -5, 2, 4, 25, 3, 2, 0]
[0, 0, 1, 4, -6, -2, -1, -1]
[3, 1, -3, 9, 31, 4, 0, 0]
[-5, -5, -2, 4, -3, 5, 3, 2]
[4, -3, -10, -5, 9, 0, -1, -1]
[-1, 0, 4, -5, -34, -8, -1, -5]
[0, -3, -2, 4, 7, -2, -5, -3]
[-2, 6, 0, -13, -21, -3, -1, -1]
[-3, -7, -2, -3, 8, 2, -1, 0]
[1, -4, -3, 12, 13, 4, -1, 2]
[0, 1, 0, -1, 13, 2, -1, -1]
[0, 2, 2, -9, -11, -5, -4, -2]
[-4, -1, 2, 3, -13, 1, -2, -2]
[-1, -7, -4, 29, 56, 3, 1, -1]
[4, 7, 3, -22, -27, -4, 0, -1]
[-1, -5, -2, 17, 22, 0, 0, -2]
[7, 10, 1, 2, -18, -4, 2, 0]
[-4, -3, -1, 3, -1, 4, 1, -1]
[7, -5, -1, 6, 20, 2, 0, 2]
[-3, 5, -7, -28, -34, -5, -2, -2]
[-3, -4, 5, 3, 20, 0, -1, 1]
[-4, 2, 2, 4, -15, -1, -2, -2]
[-3, -13, -4, 8, 16, 1, 2, -1]
[4, 9, 2, 0, 12, 3, 3, 5]
[-3, -2, 0, -11, -59, -5, 1, -2]
[-1, 0, -2, -7, -2, 2, 1, 1]
[2, -3, -3, 0, -3, -7, -5, -2]
[-5, 4, 7, 2, -3, -1, -1, -1]
[-2, -2, -4, 1, 22, 3, -3, 0]
[0, 1, 1, -3, 3, -1, 2, 1]
[0, -5, -5, 4, 9, 1, 0, -1]
[1, 0, 0, 17, 21, -5, 0, -2]
[-5, -7, -3, -4, -3, 2, 1, -1]
[3, 2, 2, -11, -9, -2, -2, 0]
[-4, -1, -4, -6, -18, -2, -1, -1]
[2, 1, 0, -15, -2, -1, -1, -2]
[-9, -8, 2, 17, 47, -1, 1, 1]
[19, 11, -1, 10, -27, -2, 0, 3]
[-4, 3, 2, -7, -26, -4, -1, 0]
[-2, -2, -3, -11, -27, -6, -3, -1]
[-1, 0, -1, 1, 14, 3, 1, 0]
[-5, -7, -1, -2, 25, 2, -3, 0]
[-9, -5, 3, 10, -4, 2, 2, -1]
[-1, 2, -3, -4, -5, -3, -1, -3]
[-3, -6, 1, 6, 36, 1, -2, -1]
[-4, 1, -4, -9, -23, -3, 0, -5]
[0, 8, 4, 11, 27, 1, 1, -2]
[-4, -6, -6, -9, -39, -4, -4, 0]
[4, 1, -2, -1, 8, 4, 0, 2]
[-1, -3, -6, 5, -8, -1, -1, 0]
[-6, -1, 0, -5, 25, 2, -1, -3]
[2, -2, -1, -17, -34, -9, -4, 0]
[-1, 1, -2, 5, -12, 2, 0, 1]
[2, -2, 2, 1, -9, -2, -1, 0]
[1, -2, -1, -3, -9, -3, -2, -1]
[-2, -3, 2, 11, 30, 9, 2, 1]
[2, 1, 2, -16, -35, -2, -1, -1]
[-3, -10, -4, -5, 8, 1, -1, 0]
[-3, 7, 4, 11, 13, 1, 0, -1]
[3, -1, 0, -7, -22, -5, -2, -1]
[1, -2, 2, 7, 13, -2, -1, -2]
[-1, 7, 2, 7, 0, 1, 3, 0]
[1, -2, -5, -21, -46, -9, 1, -2]
[-2, -3, -6, 4, 8, 2, 1, -2]
[-1, -4, -3, 6, -5, -2, 0, 0]
[-2, 4, 5, -7, 15, 4, -2, 0]
[0, -4, -5, -1, -12, -4, 0, -1]
[-3, -5, 0, 0, 7, 2, 1, -1]
[2, 1, 2, 0, 8, 3, 0, 1]
[-2, -4, -2, 7, 11, -2, -1, 0]
[-2, 2, 1, 3, 9, 2, -3, -2]
[-2, 0, -4, 0, 1, -2, 1, 2]
[4, 6, 6, -1, 20, 4, 3, 1]
[-3, -5, -1, -12, -24, -6, -1, 0]
[2, -1, -1, 0, -18, 1, 0, -2]
[3, -1, 1, 3, 18, -1, 0, -2]
[-1, -1, 1, 0, -8, 3, 0, -2]
[0, -10, -3, 7, 30, 0, -1, -1]
[0, 11, 0, -12, -31, -3, -2, 0]
[6, -9, -2, 3, 0, -1, 0, -1]
[6, 16, -4, 2, 14, 3, 1, 2]
[-4, -7, 0, -13, -34, 1, 0, 1]
[5, 6, 3, 21, 24, 1, -2, 1]
[-7, -3, 2, -5, 4, -1, -1, -2]
[4, -3, 1, -7, 5, -1, 4, 2]
[2, 0, -8, -14, -28, -5, -3, -2]
[-4, -4, 1, -4, 3, -3, -1, -2]
[-1, 2, 2, 6, -1, -1, -2, 0]
[-4, -4, 0, 5, 8, 0, 1, 0]
[-3, 2, 0, -4, 3, 4, 2, 1]
[0, -4, -5, 2, 12, -1, -1, 0]
[-2, 4, -3, 0, 10, -1, -2, 1]
[2, -2, -1, -1, -11, 1, -1, 2]
[3, 4, 4, 3, 8, -3, 0, -1]
[-4, -10, -4, -8, -20, -5, -1, -2]
[1, 0, 0, 4, 10, 1, -5, -3]
[-9, -4, -4, -5, -14, -2, 8, -6]
[2, 0, 5, 4, 14, 2, 1, 5]
[4, 8, 5, 2, 8, 0, 0, -5]
[9, -9, -3, -1, 0, 1, 16, 15]
[-4, -1, -2, -6, -12, 1, -8, -3]
[-3, 2, -1, 4, 1, -3, -4, -2]
[7, -2, -3, -2, -4, -7, 2, 0]
[-1, 3, 2, -3, -6, 0, -1, -6]
[7, -7, -3, -1, 24, -1, -1, 0]
[-3, 0, -3, 4, 11, 5, -2, -3]
[-4, 2, 0, -7, -13, 6, 9, 9]
[-5, 4, 2, 5, 8, -2, -29, -16]
[-4, -2, -4, -15, -29, 0, 0, 7]
[-2, 3, 3, 11, 19, 4, 5, -5]
[-7, -7, -5, 2, -13, -10, -12, -7]
[9, -5, -5, -9, 0, 1, 5, 3]
[2, 3, 3, 9, 3, -5, -12, 5]
[2, -1, -2, 3, 3, 7, 16, -2]
[-2, -1, 0, -14, -2, 0, 16, -3]
[-4, 4, 3, 17, 7, 3, 6, 7]
[-1, 0, -10, -7, -11, -4, -13, -8]
[-1, -1, 7, -3, -6, -6, 8, 5]
[-11, -2, -3, 5, 7, 6, -8, -18]
[-4, 3, 1, -4, 1, 0, 1, -3]
[22, 0, 3, 0, 3, 6, 11, 13]
[-8, -9, -3, -5, -10, -1, 13, 21]
[-1, -4, -3, -5, 6, -7, -31, -16]
[3, 6, -2, -3, -4, -5, -16, -5]
[-15, -8, -2, 7, -3, 7, 8, 1]
[-4, -4, -6, -21, -15, -6, -11, -18]
[7, 1, -1, -7, 2, 1, 22, 20]
[-11, 9, 4, 1, 5, 2, 18, -4]
[-11, -5, 0, -3, -5, -7, -20, -1]
[34, 6, 1, 7, 2, -3, -24, -3]
[-8, -7, -1, 0, -1, 1, -3, -4]
[-11, -1, 0, -3, -3, -4, 13, 7]
[0, -1, 2, 2, 2, 3, 10, 2]
[-11, 3, -1, 9, 8, 8, 4, 3]
[1, 0, 1, 1, -5, -3, -24, -18]
[10, -1, -3, -7, -7, -6, -21, 5]
[-7, 6, 4, -2, 8, 5, 9, -9]
[7, 2, -1, 5, 10, -6, -18, 0]
[4, 7, 0, 4, -24, 5, 23, 9]
[-2, -2, -1, 4, -4, -1, 0, 14]
[1, -3, -4, -3, -6, -1, 3, -10]
[-6, 2, 4, 2, -1, 4, -7, -17]
[-5, 0, 5, 6, 10, -14, -19, 2]
[-7, -5, -3, -7, -11, 0, 26, 4]
[20, 5, 2, 2, -3, -2, -19, 6]
[16, -6, -4, -5, -4, -3, 30, 24]
[-33, -7, -5, -2, -8, 1, -4, -21]
[16, -4, 1, 4, -1, -2, -6, 7]
[-9, -10, 1, 3, -1, -3, -19, -1]
[-19, -17, -8, -10, -5, 6, -10, -31]
[11, 7, 0, 3, 5, -5, 28, 51]
[-8, -4, 0, 0, -1, -11, -12, -42]
[-4, 8, -1, -6, 7, 5, 15, 4]
[-15, -5, 4, 7, 5, -2, -16, 22]
[18, 2, 3, -4, -9, -5, 1, 2]
[7, -6, -5, -4, -10, -9, -26, 12]
[-2, -9, -4, 4, 9, -7, -7, 30]
[-5, -1, -5, -4, 4, 2, 19, 26]
[-4, 5, -1, -3, 9, -8, -14, -8]
[-7, -4, -1, 1, 4, 4, 31, -6]
[-2, 4, 1, 2, 2, 5, -27, -47]
[17, 23, 1, 6, 6, -5, 9, 48]
[-13, -16, -5, -6, 0, -1, 52, -53]
[8, 6, -2, -6, -15, -4, -17, -17]
[-22, -22, -3, 3, 9, 4, 22, 1]
[23, 17, -1, 1, -1, 19, -9, -4]
[16, 5, 1, 1, 8, -1, -11, 27]
[-2, 29, 7, 1, 0, -3, -14, -52]
[10, -29, -11, -14, -8, -4, 8, 51]
[-9, 18, -1, -5, 5, -4, 23, -47]
[-13, -16, -1, -2, -6, -8, -81, -1]
[24, 43, 3, -9, 1, 1, 3, 70]
[-18, -17, -2, -1, -5, 4, 30, -33]
[9, 25, 6, 1, 18, 6, -65, -50]
[-7, -54, -10, -3, -14, -18, 12, 37]
[-45, -38, -2, 9, 5, -7, -22, -42]
[42, 18, -1, -14, -5, -2, 104, 115]
[-13, -37, -4, -6, -13, -1, -88, -96]
[10, 21, -3, 1, 18, 23, 29, 30]
[-40, -21, -1, 8, 8, -12, 32, -63]
[16, 59, 1, -5, 22, 7, -33, -40]
[-27, -50, -10, -10, -54, -13, 10, 47]
[28, 16, 10, -2, 0, -15, 33, 97]
[0, -18, -15, -8, -8, 9, -13, -70]
[-33, -28, -3, 9, 18, -2, -43, 46]
[12, 15, 2, 2, 11, -6, 42, 17]
[-18, 36, 8, 4, 11, 18, -19, -113]
[27, 9, -9, -13, -30, -8, 63, 87]
[15, -2, 12, 15, -7, -20, -3, -11]
[-18, -40, -22, -8, 12, -1, 7, 101]
[-21, -19, 5, 5, 0, 6, 47, -16]
[-41, -20, -7, -12, -5, 9, -35, -92]
[-1, 27, 11, 2, -41, 7, 50, -8]
[19, 12, 8, 0, 0, -2, 63, 84]
[33, 44, -19, -11, 0, -19, -45, -75]
[-10, -37, -8, -6, 19, -10, -38, 20]
[-20, -23, 7, 2, 10, 28, 45, 22]
[21, -31, -34, -3, -4, 5, 22, -3]
[24, -21, -5, -5, -9, -7, 48, 86]
[-44, -24, 2, -5, -19, -11, -102, -25]
[63, 63, 23, 17, 14, 0, -6, -77]
[6, 42, 17, 3, 8, 4, -1, 9]
[-8, 7, -4, -3, 7, 4, -48, -36]
