[-83, 2, -36, -23, -11, -47, -40, -108]
[-26, -35, 19, 1, 18, 43, 35, 35]
[-16, 10, 7, 37, 8, 5, 15, -128]
[-40, -50, -41, -81, -17, -40, -90, -20]
[-17, 36, 33, 24, 26, 9, 14, -69]
[47, 20, 8, -42, 2, -4, -40, 75]
[13, -23, -47, 66, -4, 32, 42, 19]
[64, 6, 71, -25, 20, 1, -1, 31]
[121, 42, -22, -15, 5, 25, 80, 127]
[-128, -40, 5, 50, 26, -2, -36, -128]
[23, 1, -36, -125, -48, 0, 39, -27]
[-114, 8, -32, 15, -2, -9, -54, -112]
[28, 28, 69, 95, 37, 39, 58, 35]
[-24, 27, -15, -60, -7, 12, 12, -48]
[47, -30, 40, 96, 19, -68, -54, 17]
[-73, 46, 22, 5, -2, 6, 18, -91]
[-75, -39, -72, -88, -6, -17, -81, -71]
[14, -13, -9, 2, 4, 21, 42, 62]
[112, 66, 43, 22, 1, -18, -5, 91]
[-43, 7, 10, -19, 1, 24, -1, -7]
[16, -12, -12, -5, -28, -51, -23, 33]
[-32, 8, -4, -26, -8, -13, 34, -36]
[12, -3, -24, -32, 5, 15, -53, -13]
[35, -8, 48, 77, 15, 23, 52, 4]
[-13, -10, -82, -76, -32, -2, -31, -25]
[-3, 51, 82, 77, 61, 13, -14, -39]
[57, 13, 1, -84, 10, 26, 80, 82]
[30, 7, 10, 63, 18, -16, 2, 20]
[-123, -47, -42, -81, -21, -23, -96, -128]
[-93, -102, -121, -99, -39, -55, -23, 86]
[10, 92, 113, 127, 56, 82, 88, 54]
[-55, -5, 0, -65, -14, -9, -50, -72]
[-118, -29, -4, 12, -7, 48, 35, -100]
[-69, 13, -36, -65, -28, -33, -86, -110]
[-13, -39, -57, -109, -6, 14, 40, -49]
[59, 20, 54, 100, 7, -22, -36, 43]
[62, 19, 31, 41, 23, -33, -1, 62]
[12, 5, -7, 8, 2, 17, 25, -23]
[52, -5, 4, -41, -11, -37, -37, 55]
[-111, 3, -31, -8, 0, 18, -17, -128]
[97, 8, -37, -22, -12, -24, 25, 95]
[69, 15, 69, 58, 18, 48, 54, 16]
[-107, -50, -26, -57, -26, -48, -23, -71]
[-35, 23, -1, -38, 2, -43, -85, -71]
[-48, -34, -14, 76, 8, 45, 53, -55]
[-60, -10, 4, -29, 0, 31, 34, 61]
[58, 37, 44, 127, 12, 10, 4, 57]
[18, -10, -30, -56, -14, -24, -13, 20]
[-71, -19, -14, -65, -4, -2, -30, -85]
[127, 49, 10, 1, -1, 5, 36, 73]
[-4, -8, 4, 43, 11, 19, -11, -22]
[60, -21, -16, -27, -12, 3, 30, 64]
[-62, -4, 16, 14, -2, -19, -35, -25]
[-46, 0, -22, -14, -13, -5, 13, -61]
[-77, -26, -37, -70, -11, -25, -50, -66]
[-26, -12, -11, 34, 2, -43, -8, -17]
[81, 38, 87, 40, 18, 27, -8, 66]
[8, -13, -28, -33, -12, 9, 24, -18]
[-55, 13, -7, -18, -3, 3, -18, -74]
[32, -32, -1, -21, -8, 13, 16, -11]
[-6, -10, -48, -96, -17, -30, -54, 25]
[111, 17, 34, 121, 12, 2, 33, 122]
[-23, 0, 10, 6, 2, -17, -17, -51]
[-47, -5, -28, -52, -13, 27, 27, -20]
[-30, -18, -46, -46, -15, -37, -40, -46]
[70, 11, 0, 23, 4, 7, 6, 51]
[-51, -18, -3, 18, 10, 8, -6, -10]
[32, 3, 7, 6, 0, 5, 5, 13]
[1, 0, -15, -20, -2, 15, 21, -17]
[-82, 0, -18, -56, -9, -22, -44, -125]
[47, -29, -1, 40, 2, -19, -33, 68]
[22, 17, -2, -10, -1, 27, 46, 56]
[-18, 9, 13, -7, 2, 15, 1, -34]
[-20, 1, -24, -55, -14, -14, -21, -42]
[-123, -8, 17, 90, 22, 6, -23, -107]
[124, -2, -4, -40, -7, 6, 26, 110]
[-27, -6, -7, 44, -4, -3, 8, -9]
[-34, -5, 9, 0, 1, -6, -21, -24]
[-15, 4, -4, -44, -8, 14, 26, -15]
[-109, -19, -24, 10, -6, -26, -62, -72]
[83, 46, 35, 80, 34, 30, 71, 64]
[101, 10, -3, -21, -12, 10, 25, 97]
[12, 1, 8, 15, -1, -6, 0, 3]
[-10, 12, -16, -32, -7, -8, -17, -45]
[-50, -6, 10, -19, -1, 7, 6, -22]
[-1, -13, -13, 10, -4, -18, -40, -45]
[12, -7, -3, -20, -1, 23, 40, 24]
[47, 12, 10, -1, -9, -26, -23, -7]
[-44, 0, -10, -18, -6, -13, -19, -2]
[-7, 5, 3, 27, 6, 7, 14, -23]
[-3, -7, -12, -34, -4, 21, 15, 32]
[-14, -5, 14, 28, 6, -20, -9, -1]
[-23, -12, -10, -12, -2, 7, -2, -66]
[-17, -10, -10, 19, -3, -26, -16, 53]
[30, 6, 9, -8, 3, 2, 3, 8]
[-1, 3, 6, 15, 6, 15, 19, 9]
[-4, -5, -18, -74, -16, -20, -41, -33]
[-17, 12, -5, 0, 9, 25, 38, 14]
[30, 0, 13, 25, -1, -9, 7, 12]
[21, 6, 5, 2, 2, 11, 15, 33]
[-3, -11, 2, -9, -7, -2, -2, -8]
[-44, -13, -14, -33, -4, -4, -26, -42]
[-1, -2, -8, 3, 0, -2, 2, 7]
[-9, 9, 11, 18, 9, 2, 5, -15]
[21, -14, -10, -37, -6, -7, -19, 34]
[-43, 8, 18, 41, 9, 7, 23, -47]
[26, -11, -7, -1, -2, 6, 10, 44]
[15, -1, 0, -2, -3, 5, 9, 6]
[-50, 12, -4, 11, 1, -5, -13, -33]
[45, -4, -1, -18, 1, 5, -7, 23]
[-13, 3, 8, 4, -7, -7, -8, -14]
[-8, -7, -5, -8, 2, 5, 4, -4]
[15, 4, 12, 30, 7, 3, 5, 23]
[-24, -13, -4, -28, -4, -5, -5, -12]
[-13, -1, -12, -4, -2, -3, -4, -29]
[18, 7, 1, 29, 4, 2, 11, 38]
[12, 3, 5, 1, -2, 1, 4, -2]
[0, -3, 4, 8, -1, -4, -10, -5]
[-6, -4, -7, -13, -5, -4, -4, -3]
[-6, -5, -4, -7, -4, -3, 4, -2]
[9, -1, 8, 13, 7, 1, 0, 9]
[-6, 0, -3, -15, -3, 4, -3, -7]
[-2, 6, -2, 4, 1, 2, 3, 2]
[-4, -6, -1, -1, -2, 3, 10, -3]
[9, -15, 2, 11, 0, 2, -15, 3]
[5, 11, 3, -7, -4, -2, 14, 8]
[-7, -6, 1, 6, -2, 1, 4, -3]
[2, 9, 5, -1, 17, 2, -8, -3]
[4, -1, -1, -2, -5, 3, 6, 2]
[4, -1, 0, -1, -1, -3, -7, -7]
[0, 2, 4, 10, -3, 2, -2, 2]
[-11, -10, -5, -16, -10, 0, 2, -13]
[7, 4, 8, 17, 13, 1, 2, 9]
[-12, -1, -4, -20, -14, -4, -8, -4]
[-4, 4, -2, -4, -14, -1, -1, 3]
[13, 4, 0, 0, -3, -3, -3, 13]
[0, 0, 2, 8, 32, 6, 5, -6]
[-5, -6, 3, 18, 3, 5, -6, -9]
[-3, -2, -9, -13, -43, -14, -11, 0]
[-2, 9, 1, 1, 5, -2, 13, -1]
[4, 4, 1, -10, -20, -2, 8, 7]
[1, -3, 0, 7, 35, 5, -5, 0]
[0, -1, 4, 7, 13, 5, -4, -8]
[-7, -5, -3, -5, -30, -3, -2, -3]
[5, -1, 2, -2, 6, 2, 4, 2]
[-4, -6, -2, 0, -13, -2, -9, -9]
[5, 8, 2, 2, 27, 0, 0, -2]
[-4, -5, -3, -10, -5, 0, 1, 1]
[0, -9, -1, 11, -4, 1, 3, 2]
[-2, 9, -4, -7, 7, -1, -7, -9]
[3, -8, 0, 6, -3, 6, 23, 13]
[6, 13, 0, -27, -12, -4, 11, 5]
[-1, 3, -1, 11, -20, -1, 0, -1]
[-3, -2, 0, -16, -11, -4, -5, 1]
[-1, 0, -1, 19, -7, -2, 1, -2]
[-13, -8, -2, 10, 41, -1, -5, -10]
[7, 5, -1, -14, -20, -2, 2, 5]
[-1, -1, 1, 12, 11, -1, 4, -1]
[-2, -3, -5, -19, 18, -1, -18, -16]
[-2, 0, -1, -1, -26, -3, 19, 24]
[3, 4, -8, -15, -3, -10, -7, -11]
[1, 0, 3, 8, -21, -8, 14, 17]
[0, -2, 4, 20, 45, -1, -32, -10]
[-5, -4, 0, 23, 43, 10, 5, -4]
[-2, -4, -5, -30, -71, -2, 10, 2]
[6, 6, -1, 1, 16, 3, -7, 9]
[-3, -5, -4, 0, 6, -4, -1, 7]
[5, 10, 1, 2, 22, 2, 4, -4]
[-5, -3, 0, 0, -24, -8, -35, -25]
[-21, -20, -7, -15, 9, 9, -4, -3]
[13, -6, 3, 11, 17, -1, 0, -14]
[6, 13, 4, 11, -16, -5, -14, 12]
[6, 4, 0, -9, 28, 6, 7, 8]
[-2, -12, -3, -21, -26, -2, 15, 1]
[-2, 4, -2, 5, -37, -10, -36, -7]
[-9, -14, -1, 27, 17, 1, -13, -4]
[4, -3, -5, -4, 30, 3, 39, 17]
[-2, -1, -2, -13, -13, -8, -23, -14]
[-3, -3, -1, -16, 1, 4, 25, 13]
[0, 0, 3, -2, -24, -5, -8, -4]
[-6, 0, -1, -14, -4, -2, 2, 4]
[-3, -15, -3, 44, 21, 4, 1, -2]
[1, -1, -4, -22, 2, -2, 38, 11]
[13, 11, 0, -9, 10, 4, 5, 11]
[-27, -17, -5, -19, -41, -8, -26, -29]
[15, -4, 0, 31, 11, 7, 6, -5]
[15, 37, 12, 4, -18, 3, -23, 1]
[-3, 5, -5, -1, 24, -1, 2, -1]
[6, 6, 11, 25, 62, 6, 12, 12]
[-3, 1, -4, -13, -36, -10, -5, -1]
[-7, -18, -13, -23, -23, -2, -2, -2]
[0, -3, -2, -5, -16, -8, 4, 4]
[-1, -13, 3, 18, 7, 3, -9, -16]
[6, 20, 7, 3, 13, 3, 0, 5]
[5, 13, 5, 3, 30, 0, -11, 0]
[-7, -10, -6, -26, -53, -13, -15, -7]
[-1, -6, -5, 4, -6, -3, 0, 1]
[-10, -1, -3, -13, -4, 6, 2, -2]
[7, -12, -4, -14, -2, 1, 13, 1]
[2, 8, -3, 3, -9, 1, -13, -6]
[-1, 10, 4, 32, 8, 2, 9, 7]
[1, -10, -1, -26, 11, 3, -6, -9]
[-9, 3, 1, 38, 2, -1, 10, 2]
[-9, -14, -8, -43, -14, -5, -7, -17]
[4, 1, -5, -18, 8, 2, 9, 9]
[-3, 3, 5, 18, 0, -5, 2, 5]
[-12, -15, 1, -5, -12, -6, -2, -5]
[4, 20, 12, 24, 46, 9, 7, -1]
[2, 3, -9, -17, 7, -3, -13, 6]
[13, 9, -1, -9, -25, -2, 5, 3]
[-5, -4, -2, -3, -4, -1, -3, -2]
[-4, -8, -1, 9, -11, -6, 1, -3]
[-3, -2, 2, -5, -13, 3, 2, 0]
[1, 2, 2, 21, 21, 4, -1, -2]
[2, 1, 1, -18, -6, 0, 6, 3]
[-7, -10, 3, 16, -6, -1, -3, -3]
[3, 3, 2, 1, 9, 4, -1, 1]
[0, -2, -4, 11, 5, -2, -3, 1]
[-1, 1, -1, -19, -6, -2, 1, 1]
[-7, -6, -5, 26, 11, -3, 0, -5]
[2, -5, -4, -4, 1, -3, -3, -1]
[3, 7, 1, 1, 13, -2, 0, 1]
[-1, 3, 2, -10, -16, -1, 2, 1]
[-1, -7, -7, -12, -11, -2, -5, -5]
[3, 1, 5, 7, 4, 0, 1, 2]
[-3, -5, -5, -20, -12, -1, 1, 0]
[-3, -4, -9, 10, 7, 1, -1, -2]
[0, -1, 12, -17, -17, -4, -2, -1]
[-1, 3, -2, 12, 5, 2, -2, -1]
[-1, 0, -2, -13, -6, 0, 1, 1]
[-3, -8, -24, -23, -10, -3, -3, -1]
[1, 5, 24, 50, 7, 1, -3, -2]
[-1, 0, -8, -1, -3, 7, 2, 2]
[1, 8, 13, 7, -1, 1, -1, 0]
[-3, -1, -12, -28, -17, 0, -1, -1]
[-1, -2, -5, -16, 1, -1, -1, -2]
[1, -1, 2, 37, 11, 3, -1, -1]
[2, 6, 13, -7, 13, 4, 1, 1]
[0, 0, 2, 7, -3, -6, -4, -2]
[-4, -3, -13, -26, -12, -5, 1, -2]
[-1, -2, 2, -11, -12, -1, -2, -1]
[0, -3, -18, -23, -7, 0, -1, 1]
[-1, 7, 19, 16, 8, 3, 1, 1]
[-1, 3, 2, 6, -10, -2, -2, -1]
[3, -5, -1, -5, -12, 0, 2, -1]
[-1, -7, -18, -27, -13, -2, -1, -3]
[-2, -1, -8, 20, 4, -4, 0, 1]
[2, 1, 4, 19, 7, -2, -1, 1]
[1, 6, 20, 16, 3, -3, 1, 1]
[-4, -6, -8, -20, 10, -4, 1, 0]
[-1, -4, 3, 17, 5, 1, 3, -1]
[1, -1, -9, -10, -2, -5, 0, 0]
[2, -3, -11, -4, 0, -1, 4, -1]
[-1, -1, 8, 14, 5, 0, 1, 0]
[-2, 0, 3, 0, 9, -1, 0, 2]
[-3, -8, -9, -20, -13, -4, -2, 0]
[0, -2, -6, 6, 6, 1, -4, 1]
[2, -1, 7, 23, -2, 6, 2, 2]
[1, 0, 14, -1, -2, -1, 3, 1]
[-5, -4, 7, 8, 13, -5, -4, -3]
[-6, -7, -11, -26, -3, 6, 0, -2]
[3, -5, -28, -18, 0, 12, 8, 2]
[6, 11, 24, 39, 15, 6, 1, 1]
[-1, 4, 30, 35, 8, -1, -5, -3]
[0, 2, 0, -20, -4, 2, 1, 1]
[-1, 0, 1, 23, 26, 7, 2, 3]
[-4, -10, -38, -43, -13, -1, -5, -3]
[8, 17, 36, 74, 24, 7, 3, 4]
[8, 15, 29, 37, 16, 15, 13, 6]
[-8, -7, 0, 12, 4, -4, -5, -6]
[-1, -2, -15, -49, 6, 4, 2, -1]
[-2, -8, -31, -68, -21, 14, 12, 1]
[-8, -6, -9, -8, 14, -19, -20, -8]
[-4, 5, 17, 36, 29, -2, -5, -5]
[-11, -6, -2, 0, -14, -21, -12, -7]
[-3, 1, 2, -8, -38, -17, -6, -2]
[-3, -5, -3, -16, -50, -13, -2, -2]
[-8, -11, -4, -7, -53, -25, -9, -1]
[-10, -8, 9, 17, -31, -30, -13, -6]
[-10, -21, -14, -18, -41, -40, -5, -12]
[-5, -1, -12, -31, -38, -49, -7, 2]
[-6, -26, -10, -13, -21, -54, 17, -3]
[5, -4, 0, -11, -11, -32, 7, -5]
[15, 15, -7, -27, 6, 88, 24, 22]
[-2, 3, -2, 3, 21, 11, -30, -16]
[16, 5, 1, -4, 23, -53, 21, 32]
[4, -4, 1, 7, 27, -115, -15, 12]
[7, 9, -15, -13, 9, -128, 19, 2]
[6, 3, 0, 17, 42, -2, 25, -4]
[3, 19, 5, -3, -30, 71, -15, -4]
[29, 1, 0, -1, 1, 83, 15, 3]
[12, -1, -2, 0, 13, 71, -12, 1]
[4, 3, 2, 5, 10, 69, 2, 5]
[-11, -15, -8, -22, -14, 56, 5, -7]
[11, 21, -3, 8, 9, 65, 4, 6]
[-18, -17, -9, -6, -9, 39, -16, -11]
[-27, -55, -60, -33, -17, 33, -4, -5]
[37, 29, 16, 21, -5, 32, -2, 9]
[-4, 43, 41, 16, 43, 31, 1, -4]
[13, 19, 25, 17, 25, 21, -2, 1]
[0, -15, 0, 24, 26, 8, 8, 5]
[-17, -17, -25, -10, 31, 9, -5, -8]
[-14, 10, -2, 0, 11, 15, -2, -3]
[3, 1, 15, 26, 4, 1, 10, -1]
[-8, 15, 26, 17, 28, 3, 8, 8]
[19, 15, 17, 18, 42, 3, 5, 7]
[-2, 2, 16, 7, 4, 8, 4, 2]
[-7, 18, -2, -42, 8, 2, -3, 1]
[10, -5, -8, 44, 13, 0, 1, 7]
[1, 18, 15, 22, 27, 76, -6, 2]
[0, -14, -20, -11, 16, 115, 2, 4]
[8, -16, -25, -26, -5, 35, -7, 1]
[4, 3, -19, -27, 5, -67, -2, 0]
[1, 0, -15, -42, 13, -128, 2, 0]
[-3, -10, -11, 19, 6, -128, 1, -1]
[-1, 4, -2, -41, -30, -122, -8, -4]
[23, 46, 33, 57, 0, -120, -3, 1]
[-2, 19, 11, 5, -37, -128, -8, -11]
[-7, -9, -15, -19, -81, -110, -9, -10]
[-16, -16, -25, -26, -77, -96, -14, -12]
[-8, -9, -7, -95, -99, -74, 2, -13]
[-23, -25, -5, -29, -107, -59, -9, -16]
[-17, -28, -5, -42, -82, -51, 5, -8]
[-9, -15, -1, 15, -39, -121, -10, -7]
[-2, -11, 2, -18, -22, -108, 4, 3]
[-3, -11, -7, 36, 24, -84, 3, 6]
[8, -1, -1, 0, 47, -63, 14, 18]
[4, 1, 22, 76, 112, -18, 0, 14]
[13, -1, 8, 16, 61, 11, 14, 13]
[11, 14, 28, 34, 83, -7, -3, 4]
[4, 3, -5, 11, 57, -11, -1, 3]
[-2, -2, -3, 2, 31, -12, 0, 0]
[3, 8, 6, 26, 19, -8, -7, -1]
[1, -1, -8, -8, -3, -15, 5, -2]
[1, 2, 9, 22, -2, -38, -5, -8]
[0, -2, -2, 9, 23, -29, -3, -9]
[-4, -1, 5, -10, -41, -29, -8, -9]
[-12, -2, -2, 0, -15, -33, -9, -11]
[-11, -2, 15, 22, 59, -17, -13, -11]
[-17, -15, 11, -1, -21, -13, -5, -4]
[-21, -16, 0, 13, 42, 12, -4, -8]
[1, 12, 25, -26, -85, -8, 1, -1]
[-5, -27, -35, -54, 8, 34, 20, 6]
[12, 31, 13, 61, -4, 10, 9, 3]
[16, 31, 33, 18, -11, 19, 5, 8]
[1, -13, -24, -98, -109, 17, 9, 8]
[3, 8, 9, 100, 63, 10, 5, 5]
[-8, -23, -45, -84, -111, -1, 2, 5]
[-10, -21, -37, -35, -54, 0, -10, -5]
[10, 4, -6, 27, 49, 5, -9, -6]
[10, -1, -23, -38, 18, 10, -13, -3]
[4, -13, -18, -17, 91, 32, -6, -8]
[4, 4, 7, 17, 58, 42, -12, -19]
[-8, -6, 3, 12, 58, 14, -14, -20]
[5, -7, 0, -25, -35, 33, 3, 20]
[-14, -3, 19, 52, 24, -10, -24, -19]
[-4, 2, 7, -15, -20, -11, -5, 3]
[0, -4, -14, -2, -1, 22, 5, 4]
[-8, 2, 9, 0, -47, -13, -5, 4]
[8, 6, 6, 5, -24, 24, 22, 23]
[14, 4, 2, 27, 18, 34, 20, 23]
[5, -1, -3, 17, -3, 36, 25, 19]
[16, 17, 6, -15, -74, 14, 15, 6]
[3, 12, 1, -6, 72, 58, 17, 3]
[-30, -12, -45, -56, -24, -8, -5, -16]
[-26, 3, 22, -1, -28, -16, -21, -18]
[-32, -22, 7, 76, 65, 0, -4, -18]
[-9, 20, 38, -41, -122, -58, -47, -27]
[4, 9, 50, 54, 38, 13, -2, -2]
[-25, -39, -67, -80, -75, -90, -51, -18]
[23, 8, 21, 47, 12, 8, 2, 5]
[7, -23, -34, -54, -32, -25, 7, 3]
[12, -4, 11, -1, -26, -20, 15, 10]
[-4, -35, -13, 19, 48, 38, 35, 8]
[19, 5, -4, -25, 18, 14, 11, -9]
[22, 7, -17, 0, 107, 36, 24, 8]
[15, 7, -16, -38, 80, 6, 2, 8]
[8, 13, -3, 25, 114, -3, 2, 8]
[-20, 1, -13, -24, -6, -34, -20, -12]
[-11, 7, 0, -9, -41, 3, -3, 2]
[-3, 15, -2, 3, -91, -15, -26, -22]
[-4, 9, 18, 23, -34, 22, -4, -8]
[-8, 7, 4, -6, -56, -6, -5, -9]
[-4, -7, -10, -34, -86, 9, -7, 1]
[-11, -12, 14, 37, 9, -2, -6, 10]
[4, -5, 15, 31, 25, 24, 18, 20]
[3, -12, 1, -28, -50, -1, 5, 16]
[6, -4, -7, -4, 16, 13, 27, 16]
[0, -4, -9, 39, 18, 26, 19, 9]
[14, 22, 19, 24, 10, 31, 11, 1]
[2, 12, -17, -35, -41, 23, 10, -3]
[1, 21, 41, 43, 33, 19, -4, -6]
[-9, 15, -16, -55, -27, 13, -10, -8]
[-6, 14, -10, -41, -79, -6, -17, -8]
[-14, 3, 18, 34, 7, 4, -19, -10]
[-21, -20, 15, 76, -107, -41, -14, -7]
[-16, -16, 3, 1, 15, -17, -13, -9]
[6, 1, 0, 0, 34, -4, 1, -4]
[6, 8, -9, -32, -11, -49, -17, -13]
[3, -12, -9, -19, 35, -11, -8, -10]
[9, -12, -8, -29, 11, -4, 7, -1]
[5, -13, 2, 7, 102, 23, 10, 3]
[3, -15, -10, -12, 60, 29, 11, 7]
[16, -7, -14, 8, 51, 27, 19, 9]
[10, -8, -9, 3, 81, 3, 12, 8]
[16, -4, -7, -15, 23, -6, 14, 9]
[1, -2, 1, 7, -13, -13, 5, 5]
[-13, -4, -20, -32, -31, -20, -3, 2]
[-8, -1, -20, -23, -91, -22, -17, -8]
[-11, 22, 36, 79, -37, -14, -21, -12]
[-5, 19, 30, 15, -41, 4, 6, -5]
[3, 10, -3, 19, 6, 6, 1, 7]
[-11, 9, 4, -8, -15, 3, -1, -6]
[-14, -9, -25, -10, -23, 12, -7, -2]
[-8, -9, -7, 5, 17, -9, -10, -8]
[-9, -4, -4, -18, -4, 17, -6, -12]
[8, 0, 2, -20, 4, -7, 13, 19]
[-4, -13, -4, 30, -28, -11, 3, -3]
[9, 2, 5, -2, 12, 7, -18, 3]
[1, -7, -11, -12, -23, -36, -3, -2]
[13, 7, 13, -6, -11, 8, 1, 0]
[9, 16, 7, -16, 18, -16, -32, -3]
[17, 9, 3, 46, 61, 74, 51, 19]
[-20, -19, -22, -34, -37, -23, -3, -8]
[0, 27, 25, 49, -2, 39, 20, 0]
[-3, 5, -9, -63, -17, 29, 14, -3]
[-5, 6, 9, 33, -35, -17, -47, -6]
[1, 11, 15, 34, 20, 18, 17, -3]
[-6, -25, -7, -12, -1, -19, 5, 16]
[13, 1, 4, -7, -9, 29, 99, 26]
[-24, -17, -23, -72, -40, 15, -6, -24]
[-4, -14, -2, 5, 24, -33, 7, -3]
[-4, -14, -9, -2, -10, -28, -27, -9]
[23, 1, 14, 14, 37, -23, -55, 3]
[13, -9, -15, -105, -5, -27, 1, 5]
[-11, 2, 18, 90, 36, 6, -11, -12]
[-16, -2, -15, -26, 16, 0, -17, -13]
[1, -3, 10, 34, 1, 3, 10, 6]
[-34, 10, 40, 38, 22, -37, -32, -51]
[25, -7, -26, -66, -36, 4, 32, 45]
[36, 5, -28, -36, 2, 1, 0, 16]
[-15, 2, 29, 21, -20, 11, 28, -14]
[20, -6, -31, -32, -11, -19, -6, 34]
[-5, 18, 45, 53, 30, -2, -37, -1]
[5, 6, 1, 16, -11, 7, 22, 1]
[-6, -2, -14, -22, -6, -8, -49, -21]
[-14, 0, -4, 18, 4, 2, -3, -25]
[-8, 8, 4, -2, 10, 19, 11, -12]
[1, 0, 2, 17, -17, 5, -7, -1]
[-16, -2, -8, 3, 14, 6, -5, -17]
[-3, -9, -11, 5, -13, -1, 18, 10]
[2, -4, -14, -18, -18, 11, 5, 5]
[-4, 1, 13, 27, 12, 5, -8, -6]
[-3, -1, -5, -11, -6, -8, -4, 4]
[2, -8, -6, 13, -14, 2, 19, 12]
[7, 2, 4, -3, 11, 1, -17, -3]
[-8, 1, 11, 15, 29, -5, -4, -10]
[1, -4, -9, -5, 7, -4, 3, 7]
[10, -3, -3, 0, 5, -1, 2, 8]
[-2, 0, -3, -11, -20, -4, -4, -11]
[-22, -28, -6, -2, -6, -11, -5, -5]
[14, 0, -2, -9, 6, -5, 0, 3]
[-6, 14, 7, 14, 19, 1, 5, 7]
[5, -2, -7, -7, 2, -1, 2, 1]
[-2, 25, 1, -9, -11, -9, 4, -4]
[6, -28, -8, 14, 1, -3, -13, -1]
[11, 32, 6, -12, -66, -12, -3, 1]
[-23, -19, -10, -5, 43, 6, -7, -7]
[-2, -12, -5, 1, -4, 7, 4, 0]
[-12, -7, 3, 0, -58, -1, -13, -12]
[15, 4, 7, 18, 55, 16, 17, 15]
[-13, -16, -12, -11, 50, -5, -4, 7]
[6, 25, 2, -15, -61, -15, 1, 8]
[-8, -12, -6, -13, -11, 4, 34, 7]
[9, 1, 2, -8, 8, -12, -7, -9]
[-25, -2, 2, 17, -16, 9, -5, -3]
[10, -24, -3, -9, -24, -5, 6, -11]
[0, 36, 7, -21, -9, 4, -13, -12]
[6, 5, -1, 47, 16, 3, 3, 15]
[29, 31, 5, -8, 70, 13, 8, 2]
[-35, -29, -26, -64, -96, -37, -23, -18]
[33, 22, 16, 39, 54, 15, 6, 12]
[-33, -36, -20, -4, -88, -25, -3, -15]
[22, 33, 3, -37, 45, 0, -24, -1]
[7, 7, 12, 37, 11, 25, 14, 1]
[-13, -13, -12, -31, 0, -12, 0, 6]
[-4, -4, 10, 36, 27, 10, -2, -3]
[-8, -22, -3, 40, 38, 7, -2, 4]
[13, 8, 7, 18, 44, 9, -7, 0]
[-17, -13, -8, -5, -3, 0, -14, -8]
[-1, -14, -6, -3, 59, 7, 22, 10]
[9, 25, 2, -46, -93, -17, -2, 1]
[-15, -11, 0, 16, 35, 3, 2, -6]
[8, 3, -2, 3, -1, -1, 4, 26]
[5, 12, 12, -21, 8, 2, -9, -7]
[3, -14, -10, -26, -41, -3, 3, -6]
[3, 13, 5, 23, 36, 0, 5, -1]
[-7, -14, -5, -7, -9, -7, -2, 2]
[-24, -13, -9, -4, -5, 4, -4, -5]
[18, -11, -17, 18, 15, 8, 0, -2]
[13, 11, 39, 16, -15, -10, -14, 10]
[-6, 19, 45, 70, 47, 15, 17, -9]
[-7, -3, -13, -47, -13, -5, 8, -6]
[-11, -5, 14, 20, -28, -15, -4, -9]
[-20, -15, -39, -56, 17, 15, 11, -3]
[37, 3, -23, 14, -22, -15, -37, 7]
[-13, 23, 43, 11, 2, -10, 4, -15]
[8, -10, -13, -14, -28, 14, -5, 15]
[39, 16, 18, 28, 16, 15, 16, 26]
[-27, -5, -15, -44, -2, -9, 1, -24]
[-37, -12, -27, -12, -3, 3, -14, -16]
[67, 0, 12, 3, 0, -11, -2, 18]
[-98, 0, -7, -5, 4, 6, 8, -50]
[-11, -11, -8, 1, 5, -2, -2, 16]
[29, -3, -20, -29, -17, -11, 3, 87]
[94, 7, 12, 33, -3, -5, 9, 88]
[27, 4, 18, 23, 5, 3, 6, 27]
[-58, -4, -16, -35, -3, 8, 6, -22]
[-49, -12, 7, 69, 14, 8, -11, -60]
[-95, -10, 15, 13, 15, 4, 0, -42]
[22, -10, -10, -3, -1, -5, -8, 6]
[6, 4, -9, -14, -16, -5, -1, -17]
[18, 2, -27, -39, 3, 5, -4, -4]
[-8, 14, 4, 2, -8, -2, 4, -10]
[-12, -10, -4, 3, 8, 2, -10, -19]
[9, -3, 11, -14, 19, 2, -2, 3]
[22, 7, -3, -4, -31, -15, -6, 12]
[-14, -3, -3, -5, -10, 1, 2, -20]
[7, 6, 4, 11, 10, 0, 2, -1]
[-1, -8, -18, -17, -27, -3, -1, 5]
[12, -13, 12, 51, 103, 16, 3, 2]
[-28, 5, -6, -37, -49, -4, 3, -20]
[7, 2, -21, -67, -70, -32, -14, 3]
[25, 16, 8, 31, 63, 6, 8, 12]
[9, 2, 16, 1, -57, -8, -5, -16]
[-39, -44, -6, 29, 59, 14, -5, -18]
[30, 36, 5, 2, 21, 15, 72, 38]
[-19, -23, -5, -19, -48, -21, -66, -23]
[28, 11, 18, 32, 17, 8, 19, 12]
[-11, 19, -8, 3, 64, 5, 1, -28]
[-29, -40, 6, 80, 35, 16, -13, 3]
[45, 36, 19, -24, 45, 5, 43, 37]
[-12, 20, -8, 32, 29, -7, -44, -8]
[-4, -16, 2, 16, 3, 10, -9, -8]
[-1, -18, -17, -108, -128, -5, -32, -2]
[-3, 12, 14, 57, 19, 5, 10, 5]
[-2, -10, -6, 7, 30, 17, 4, 6]
[-7, 9, -6, -18, -20, -21, 3, -3]
[-8, -1, -3, -15, 7, -11, -14, -23]
[-9, -34, -7, -22, -21, -5, 5, 6]
[7, 6, -1, -4, -5, -3, 10, 1]
[-8, -8, -1, 23, 11, -6, -6, -5]
[2, -8, -15, -7, 11, -9, 0, 2]
[6, 7, 5, -40, -36, -8, 3, 4]
[-7, -11, -9, -20, -16, -6, 4, -5]
[4, 7, 11, 5, -25, 0, 0, 4]
[11, 2, -9, -2, 36, 16, -3, 0]
[-2, 18, 41, 75, 0, 11, 2, -10]
[11, -7, -15, -55, -11, -9, -7, -18]
[-24, -13, -43, -73, -20, 21, 17, 6]
[8, 0, -3, 33, 6, -9, -13, 25]
[-3, -9, -26, 2, 6, 2, -1, -14]
[-16, 14, 12, 3, -24, -15, -6, -74]
[9, 11, 14, -11, -3, -8, -9, 82]
[95, 3, -1, 2, 10, 15, 29, 92]
[-86, -11, -12, -27, -24, -6, 15, -9]
[-27, -19, -14, -50, -25, -3, -7, -38]
[-103, 16, 33, 76, 25, -12, -9, -58]
[76, 7, 10, 17, 24, -4, -7, 42]
[43, -3, 2, 9, -10, 4, 16, 53]
[-21, 3, 3, -20, -5, 21, 14, -1]
[-25, -6, -26, -27, -12, -1, -5, -51]
[-58, 3, 20, 48, 9, 0, -11, -45]
[31, 8, 8, 4, 6, 4, -4, -4]
[-1, -2, -1, 21, 2, 1, 2, 18]
[30, 0, -7, -18, -13, 12, 3, 3]
[-26, 2, -2, -10, 23, 0, -6, -23]
[7, 4, -8, -11, -7, -1, -5, -13]
[1, -8, 11, 7, -9, -3, -1, 21]
[18, -13, 1, -4, -6, -9, 4, 14]
[-25, 0, 2, -19, -24, -19, -6, -30]
[-12, 8, -1, 5, 53, 0, -6, -13]
[2, -15, -9, -11, -41, -13, -5, 26]
[43, 18, 13, -3, -19, -5, 11, 13]
[-32, -10, 0, 14, 40, 6, 5, -23]
[-7, -24, -16, -59, -87, -16, -11, -12]
[20, 10, 5, 27, 63, 4, 5, 22]
[-3, -3, 0, 4, -8, -5, -6, -2]
[-14, 0, 2, 7, -7, 1, 17, -27]
[-7, 1, 10, 54, 20, 17, 6, 15]
[7, -14, -13, -34, -63, -20, -3, 1]
[2, -11, -6, -37, -76, -1, -15, -8]
[18, 14, 2, 32, 64, -7, -2, -12]
[-28, 12, 4, 19, 49, 6, -16, 2]
[29, -4, -2, -54, -55, 5, -3, 32]
[-20, -18, -7, 42, 70, -8, 30, -4]
[27, 29, 2, -44, -75, 0, -3, -4]
[2, -14, -16, -59, -29, -9, 0, -14]
[-8, 2, 4, 3, 8, 0, -3, -6]
[7, 5, 4, 9, 13, -2, -11, 3]
[-24, -14, -2, -4, 1, 4, -8, -5]
[-7, -10, -6, -7, 8, -10, -5, -8]
[-10, 6, -7, -1, 10, 10, 3, 8]
[18, -1, -3, 4, -6, 1, 4, 8]
[-17, -4, 14, 37, 6, -1, -5, -8]
[13, 7, -6, -10, -19, -2, 3, 0]
[-4, 18, 64, 61, 5, 0, 9, 3]
[-31, -11, -30, -40, 6, 3, -8, -37]
[24, 2, -8, -9, 20, 9, 0, 33]
[-1, 17, 25, 0, 1, -4, -13, -2]
[-72, -1, -17, 35, 8, -7, -18, -78]
[21, 14, 22, 34, 4, -13, 3, 11]
[82, -10, -7, -47, -35, 2, 16, 79]
[-54, -9, -2, 26, 19, 28, 9, 22]
[116, -5, -10, -15, -4, -9, 0, 49]
[-38, 8, 1, -36, -10, 1, -7, -20]
[-78, -15, -10, 9, -16, -17, -11, -55]
[9, -6, -14, 18, 15, -4, 3, -13]
[-31, 4, -12, -17, 20, 8, 5, -11]
[-2, -12, -41, -68, -12, -3, -3, -5]
[-1, 21, 50, 73, 34, 11, 7, 10]
[15, -2, 6, 32, -5, 1, 1, -11]
[-3, 4, 15, 3, -4, 6, -3, 15]
[43, 11, 15, 9, 6, 10, 11, 22]
[-37, -5, -16, -19, -3, -1, -12, -19]
[8, 6, -6, -14, -9, -1, -1, -6]
[-5, -8, -5, -7, 0, -4, -5, -2]
[15, 2, 1, 11, 12, 1, -1, 11]
[-21, -9, -14, -19, -9, -6, -5, -23]
[9, -1, 2, 1, -4, -8, 0, -4]
[2, -1, -6, -6, 16, 0, 6, 16]
[-3, -5, 7, 17, -1, 3, -3, 6]
[-12, 0, -2, -8, -6, -3, -5, -13]
[10, -5, 0, 3, 14, -5, 2, 6]
[-4, -10, -8, -7, 10, 4, 3, 4]
[-2, 7, 7, -3, -10, -3, -4, -3]
[-1, -12, -8, -10, -5, -3, -2, -6]
[13, 6, -8, 6, 21, 0, 3, -1]
[-1, -1, 1, 32, 30, 16, 2, -4]
[-12, 0, -8, -28, -74, -25, -11, 0]
[5, 2, 0, -30, 7, 4, 2, 0]
[1, -6, -8, -30, -42, -9, -3, 2]
[-19, -10, 6, 68, 97, 6, 2, 2]
[5, -4, 8, -9, 0, 11, 7, 12]
[3, -6, -11, -48, -74, -24, -6, -9]
[16, 17, 9, -10, 61, -1, -19, -13]
[5, 11, -2, 11, -69, -17, -2, -3]
[2, -10, -1, 17, 20, 9, 7, 1]
[-13, -8, -3, -5, -15, 0, -3, -2]
[-7, -12, -2, 2, 8, 9, 4, -2]
[2, 6, 0, 8, 11, 0, 4, 3]
[7, 1, 1, -2, -8, -7, -5, 1]
[-1, 3, 1, 10, 19, 4, 6, -2]
[-4, -10, -14, -10, -18, -5, 4, 2]
[-12, 0, 5, 15, -14, 9, 1, 2]
[-3, -4, -1, 29, 77, 6, -2, -1]
[6, -1, 4, -9, -34, -7, -6, 0]
[-10, -8, -1, -25, -39, -9, 1, 6]
[7, 14, -7, -41, -36, -14, -7, -9]
[-1, -9, 2, 33, 6, 7, 1, -9]
[5, 23, 4, 27, 79, 10, 5, 11]
[-8, -1, 0, 14, -19, 1, 19, -1]
[1, -15, -6, -21, -2, 0, -4, -2]
[8, 8, 5, 21, 42, 3, -1, 0]
[-9, -5, -5, -12, -46, 0, -7, -4]
[-1, 0, -2, -13, -46, 0, -5, 2]
[-6, -2, 2, -12, 47, 3, 0, -2]
[2, 5, 3, 33, 1, -3, 3, -2]
[0, -2, 3, 32, 44, 9, 5, 1]
[1, 1, -4, -5, 29, -8, -2, -1]
[1, -1, 0, -21, -35, -3, 2, 1]
[3, -5, 0, -2, 37, 3, -5, 2]
[-2, 1, 6, 9, 48, 15, 2, -2]
[-3, -5, -2, 6, -62, -13, -9, -2]
[2, 3, -2, -2, 4, 6, 0, 0]
[-5, -19, -6, -5, -7, -4, 0, 2]
[8, 34, 4, -1, -13, -2, -2, 1]
[-4, -6, 4, 1, 31, 13, 2, 1]
[4, -9, 1, -15, -20, -5, -3, -4]
[16, 21, 4, 8, 2, 1, 4, 12]
[-9, -16, -8, -11, -32, -3, -4, -6]
[3, 0, 2, 38, 45, 6, 4, 4]
[-9, -4, -5, -42, -65, -9, 1, -2]
[0, 4, 1, 6, 12, -6, 2, -2]
[-1, -1, -3, -20, -53, -4, 1, 1]
[-8, -4, -7, -11, -11, -11, -8, -7]
[-1, -4, -4, -9, -5, 6, 0, 0]
[-2, -1, -3, -12, -8, -3, -5, 1]
[1, -3, -6, 7, 13, -2, 0, 0]
[2, 6, 4, 9, 8, 4, 2, -1]
[0, 4, -1, 7, 44, -1, 2, 1]
[-2, 2, -3, -32, -104, -12, -7, -2]
[-4, -7, 0, 5, 13, 4, 0, -1]
[1, -6, 1, 2, 23, 3, 0, -1]
[5, 14, 4, 6, 13, 3, 4, 2]
[-6, -5, 0, -2, -7, -2, -5, -5]
[-5, -13, -5, 3, 16, 5, 2, -1]
[6, 8, 1, 12, -6, -4, -4, -1]
[-3, 8, -1, 10, 10, 0, -1, 2]
[3, 10, 5, -14, -15, -2, 4, 0]
[2, -1, 1, 1, 5, 1, -1, 1]
[-1, -5, 1, 6, 46, 9, 2, -2]
[-4, -10, 0, 15, 19, 0, 0, -2]
[-2, -2, -7, -44, -74, -12, -5, -4]
[0, 1, 2, 7, 19, 4, 2, 1]
[-3, -1, -9, -17, -20, -2, 0, 0]
[-2, -3, 4, 13, 14, 0, -1, -2]
[-8, -6, -6, 7, 37, 2, 0, -4]
[1, 2, 3, 9, -8, -1, 3, -1]
[-1, -2, -3, 3, -10, -6, -1, -1]
[-1, 1, 0, -9, -21, -1, -2, 0]
[0, 0, 1, 9, 32, -2, -3, 2]
[-2, -6, -6, -6, -27, -5, -3, -2]
[2, 6, 5, -11, 0, 4, 5, 4]
[-8, -12, -2, 8, 36, 1, 0, -1]
[-2, -4, -3, -19, -85, -8, -2, -1]
[7, 18, 4, 3, 25, -1, 1, 2]
[3, 8, 0, 7, -18, 1, -2, -2]
[1, -6, -5, -8, -3, -3, -4, -2]
[-2, -5, -1, 10, 71, 11, 2, 1]
[-1, -1, -5, -20, -18, -12, -2, -3]
[-2, -1, 1, 6, 29, 6, -9, -2]
[1, 6, -4, -11, -40, -3, -2, 2]
[0, -2, -2, 4, 0, -1, -2, -4]
[-2, -5, -2, -14, 0, 1, -1, 1]
[0, -2, 3, 40, 27, 1, 5, 0]
[-1, 0, 4, 6, 23, 3, -1, -1]
[-1, 8, 2, -6, -38, -4, -1, -1]
[-1, 0, 0, -6, 8, 3, -1, -1]
[-3, -2, -1, 1, -9, -1, -1, 0]
[-1, -1, -2, -6, 8, -6, -5, -1]
[-1, -2, 0, -4, -4, 1, 2, 1]
[-1, -3, 0, 13, 2, 3, 2, 0]
[0, -3, -1, -17, -18, -5, -2, -3]
[1, -1, -1, 12, 13, 2, 2, 2]
[5, 6, 4, 2, 42, 4, 3, 5]
[0, -4, 3, 8, 6, -1, 0, -1]
[0, -5, -1, -22, -16, 4, 1, -2]
[-1, 4, 1, 13, -25, -5, -1, 0]
[-5, -1, -2, -3, -12, -4, -1, 0]
[-3, 2, 0, 19, 41, 6, 2, -1]
[3, 0, -1, -10, 3, -6, 1, 0]
[-1, 6, 1, -13, -44, -5, -3, -1]
[-1, -2, -2, 1, 8, -3, -3, 0]
[-2, -4, 2, 16, 21, 3, -1, 1]
[-1, -3, -1, -15, -16, -2, -1, 0]
[-3, -4, -2, 1, -15, -1, -1, -4]
[0, -2, -1, -6, 2, 3, -1, 0]
[-1, -3, -6, -8, 4, 0, -2, -1]
[-2, 3, -2, 3, -3, 3, 2, 4]
[0, -2, -2, 8, 14, 1, 2, 1]
[0, 0, 1, 11, -13, 0, -1, -1]
[1, -1, 1, 4, -2, -5, -1, -1]
[-2, 1, 1, -11, -9, -5, -1, -4]
[0, -2, -2, -6, 4, -4, -1, -2]
[0, 1, 2, 3, 36, 2, 0, -1]
[-5, -5, -4, -3, -68, -5, -4, -3]
[1, 0, 0, 26, 49, 6, -2, 0]
[-3, -2, -7, -55, -86, -14, -6, -1]
[-4, -6, -1, 11, 35, 6, 5, -1]
[-7, -5, -2, -3, -24, -8, -3, -2]
[3, 7, 5, -1, -12, 3, 4, 2]
[-3, -2, -4, -1, -8, -4, -9, -4]
[4, 2, -1, 11, 34, 2, -2, -3]
[4, -2, 4, 6, 23, 7, 2, 7]
[-2, -1, 0, -10, -24, -6, -2, 1]
[1, 0, 5, 17, 40, 4, 3, -1]
[-5, -2, -1, -15, -33, -2, 0, -3]
[-1, -1, -3, 10, 22, 0, 0, -4]
[0, 1, -3, -9, -7, 0, -2, -1]
[1, -1, -2, 1, 2, 2, 3, -1]
[0, 4, -2, -6, -6, -2, -1, -1]
[3, -1, 3, 9, -4, -2, -1, -2]
[-1, 0, -1, -15, -5, -3, -3, 1]
[-2, -1, 3, 9, 1, 4, -2, 1]
[-1, -2, 1, 4, 2, -1, 2, -1]
[0, 1, -3, -9, -1, -1, -1, -2]
[0, -1, 1, 1, 18, 5, 0, -3]
[-1, -1, -5, -24, -41, -11, -2, -2]
[-1, 0, 5, 6, -29, -1, 2, 1]
[-2, 1, 2, 4, 28, 6, 2, -1]
[-3, -2, -3, 6, -20, -4, -2, -3]
[-2, -1, -2, -7, 13, 1, 1, -1]
[0, -1, -4, 5, 16, 3, 1, 1]
[-1, 3, -3, -19, -34, -5, -1, 1]
[-1, -6, -2, 1, -4, -3, 0, 0]
[5, -1, 2, 5, 40, 6, 0, -1]
[0, -3, -2, -2, -8, -3, -1, -1]
[4, 2, 4, 12, 30, 5, 1, 0]
[-1, 2, 1, 4, 0, -3, -1, 1]
[-2, 1, -2, 2, -13, 0, 1, 0]
[0, 2, -4, -3, 19, 1, -2, -1]
[-2, -3, -5, -4, -14, -4, 0, 0]
[0, -1, -1, -4, -4, 0, 2, -1]
[1, -2, -2, 17, 17, -1, -1, 1]
[0, -5, -2, 16, 27, 4, -2, -1]
[0, -2, 0, -13, -40, -2, -2, -1]
[1, -2, 6, 12, 17, 3, 2, -1]
[-2, 1, -2, -20, 1, -5, -3, -2]
[4, 3, 2, -6, -10, 1, -1, -1]
[1, 2, 4, 34, 34, 3, 3, 0]
[-1, -2, -4, -8, 8, -4, -2, -2]
[3, 0, 1, 14, 4, 2, 5, -2]
[-3, 1, -2, -11, -5, -1, -1, 1]
[-2, -2, -2, -38, -13, -2, -4, -2]
[-1, 0, 0, 34, 11, 0, -1, 0]
[0, -1, -3, 8, 28, 5, 2, 2]
[0, 0, 2, -2, -36, -2, -2, 0]
[-1, 0, -2, 3, 9, 1, 0, 1]
[-1, -3, 0, -7, 13, 3, -3, -2]
[-3, -4, -1, -17, -35, -6, -4, -2]
[-1, -4, 1, 10, 16, 3, 2, -1]
[1, 1, 1, -7, -26, -6, -2, -4]
[-1, 1, -3, -14, 14, 4, 1, -3]
[-2, -2, -7, -16, -56, -8, -5, 1]
[-1, -5, -5, -5, -6, -1, -1, 0]
[-3, -2, -1, 14, 39, 1, 0, -2]
[1, 5, -2, -5, -18, -4, -2, 1]
[-5, -1, 5, 12, 21, 3, -3, -6]
[-1, 2, -1, -5, 2, -5, 0, 0]
[4, 4, 4, 5, -4, -3, -2, 3]
[-1, -4, 1, -8, -26, -2, -3, -1]
[2, 5, 1, -7, -2, 1, 5, 4]
[1, -7, -2, -13, -10, -2, -3, -3]
[1, -2, -4, 14, 22, 3, 1, -2]
[-1, 0, 2, 5, 9, 4, 1, -1]
[-1, 0, 0, -14, -11, -6, -5, -3]
[-2, 2, 1, 4, 3, 3, 1, 0]
[-2, -1, -7, -25, -15, -3, -3, 0]
[1, -3, -1, 4, 5, 1, 0, -2]
[-1, -3, 0, 23, 35, 3, 2, 0]
[0, 0, -2, -12, -16, -6, -4, -2]
[-2, -2, 0, 1, 5, 0, -2, 0]
[-1, 0, -1, -4, -9, 0, 1, 1]
[-1, -3, -3, 15, 40, -2, -1, -1]
[0, 2, -3, -4, 0, -4, 1, 0]
[0, 1, 1, 6, -6, 0, 0, -1]
[-2, -5, -2, 1, 21, 1, -2, 1]
[-1, -2, -2, -2, -25, 2, 0, 1]
[0, 3, -2, 0, -13, -4, -3, 0]
[2, -2, -1, -17, -20, -1, 1, 1]
[1, 2, 3, 19, 32, 2, 1, -1]
[-2, 0, 3, -1, -13, -1, -3, 2]
[-2, -1, 2, -4, -6, -5, -2, 0]
[-3, 0, 0, 5, 12, 6, 1, -1]
[0, -3, -1, 4, -16, -1, 1, -4]
[-1, 1, -4, -19, -13, -6, -1, -4]
[-1, -1, -2, 12, 31, 3, 0, 2]
[-2, 0, -2, -11, -32, -4, -2, 2]
[-1, 0, 1, 2, -9, 1, 0, 4]
[0, 0, 1, 13, 13, 2, 2, -2]
[0, 0, 3, 2, 21, 2, 4, 1]
[1, -2, -4, -15, -56, -5, 3, -1]
[0, -1, -4, 0, 6, -1, -1, 1]
[3, 1, 0, 5, -12, 1, -3, -1]
[-1, 1, -1, 3, 9, 1, 2, -3]
[0, 0, -4, 6, 23, 0, -3, -1]
[-1, -1, -2, -10, -28, -6, -2, -1]
[-3, 0, 1, -7, 3, -4, 0, 1]
[1, -4, 0, 7, 11, 0, -2, -1]
[0, 1, 1, 9, 26, 1, 2, 1]
[-1, -5, -3, -16, -32, -1, 0, -3]
[0, -2, -3, 3, 17, 4, 0, -1]
[0, -1, -2, -7, -33, -3, -2, 0]
[0, -3, 0, 12, 19, 4, -2, -2]
[3, 3, -4, -5, 4, 0, -2, 0]
[0, 3, 2, -11, 0, -1, 1, -1]
[-1, 2, 2, 21, -7, -2, -1, -2]
[-1, -4, 1, 2, 6, -2, 1, -2]
[-3, -2, 4, 3, 5, 4, 1, 1]
[-4, -4, -6, -10, -21, -3, -2, -1]
[-2, 1, -2, -4, 3, 0, -2, -2]
[2, 2, 0, 7, 23, 0, -3, 0]
[-2, 1, 1, -11, -22, -1, -3, 0]
[2, -1, 4, 25, 58, 8, 0, 1]
[-2, -3, -9, -31, -64, -12, -9, -4]
[0, 1, -3, -4, -2, 2, 1, -2]
[0, 1, -2, 3, 26, 2, 4, 1]
[-3, -4, -5, -18, -35, -9, -1, -1]
[2, -1, 3, 22, 23, 3, 2, 1]
[0, 1, 4, -8, -7, 0, -1, -1]
[0, -3, -5, -10, 2, -5, -1, -2]
[1, 0, 0, 8, 3, 0, 1, -1]
[1, -1, -3, -6, -3, -3, -2, -2]
[0, 0, 0, -11, -9, 0, 0, 0]
[1, -2, 3, 22, 14, 2, 0, -1]
[-4, 0, -1, -10, -11, -3, 2, 1]
[-1, 0, 0, -7, -4, 1, -1, 0]
[0, -2, -1, 7, 12, 1, -1, 0]
[0, 1, 2, 5, 19, 2, -1, -1]
[0, 0, -2, 3, -11, -2, -1, -1]
[-1, 2, 0, -19, -26, -4, 1, 0]
[-2, -2, -3, -7, -8, 1, 0, -1]
[-1, 1, 0, -1, 1, -1, 0, 1]
[0, -1, 0, 14, 15, -1, -3, -1]
[-1, 0, 2, 0, 12, 0, -3, 1]
[1, -2, -1, 11, 6, 0, 0, -3]
[0, 0, -2, -17, -16, -3, 1, 0]
[-1, -2, -2, 0, 4, 2, 2, -3]
[1, -3, -1, 0, 3, 1, -1, -1]
[0, -1, -2, 2, -3, -2, 1, -2]
[-1, 2, -1, 4, 0, -3, 0, -1]
[-1, 3, -1, -13, -30, -2, -1, 0]
[0, 0, 2, 24, 29, 4, 0, 2]
[0, -2, -2, 4, 7, -2, -2, -1]
[-1, 1, -1, 0, 0, 3, -2, 0]
[0, -1, -1, -7, 11, 0, 1, 0]
[0, 1, -4, -13, -42, -7, -1, -3]
[1, -1, 0, 4, 22, 5, 0, 2]
[-2, -6, -3, -8, -38, -5, -4, -2]
[1, -4, 3, 11, 30, -1, 0, -2]
[0, 3, 0, 0, 12, 3, 2, 0]
[0, 2, -1, 2, 5, -1, 1, 0]
[0, -2, -4, -4, 3, 0, -2, -1]
[1, 1, 0, -8, -24, -3, -3, 0]
[1, -1, 4, 6, 7, 0, 2, -1]
[-1, 3, 1, -2, -2, 2, 3, 1]
[2, 0, -1, 1, 3, 0, 0, -2]
[-3, 0, -5, -3, -11, -1, -3, 1]
[-1, -2, -4, 11, 3, -5, -3, -1]
[-2, -2, -1, -21, 3, 4, 1, 1]
[-1, -2, 1, 12, 32, 3, 1, -2]
[1, -1, -2, -25, -83, -8, -5, -2]
[-3, -2, -1, -9, -3, -2, -1, -1]
[1, -1, -1, 0, -7, -1, 1, 1]
[0, -1, 0, 5, -8, -6, -1, -3]
[-1, -1, 4, 10, 23, 2, -2, -1]
[-1, -2, -1, 3, 3, 1, -2, -2]
[-1, -1, 0, 1, -5, -1, 1, 0]
[2, 1, 0, -8, -10, -1, 0, 1]
[1, 0, 2, 11, 19, 1, 3, 0]
[-1, -2, -3, -1, 2, 1, -1, -1]
[0, -1, -2, 3, 2, 0, 1, 0]
[-1, 3, -3, -3, -4, 0, 3, 0]
[0, 0, 2, 3, 33, 0, -5, -2]
[1, -4, -1, 4, -36, 0, 0, 2]
[-2, -1, -5, -16, -34, -9, -8, -2]
[0, -1, -1, -2, 3, -1, -2, -2]
[-1, -2, -1, -3, -1, 0, 1, -1]
[0, -3, 0, -4, 13, -2, -2, -1]
[2, 0, 1, 0, 0, 0, -2, 1]
[-2, 1, 2, 17, 3, -1, 2, 1]
[-2, 3, -2, -11, 5, 3, 2, -1]
[-2, 1, 1, 3, 16, 3, 0, -1]
[1, 2, 1, 0, -16, 1, 1, -1]
[1, 0, -1, -15, -2, 0, -5, 1]
[2, -1, -2, 16, -1, 1, 2, 2]
[2, 0, -2, 3, 8, -2, 0, -1]
[-1, 0, 0, 5, 0, -2, -1, -3]
[0, -2, -1, -3, -2, -2, -1, 0]
[3, -4, 0, -6, -14, -3, -2, -4]
[-1, -2, -2, -6, 7, 0, -2, 0]
[-2, -3, 3, 16, 5, -1, 0, 0]
[-3, -1, -2, -10, 2, 3, -3, 1]
[-4, 2, -4, -8, -16, -5, -2, 0]
[1, 3, -1, -1, 10, 0, 1, 0]
[-1, 2, -4, -2, 2, 2, -1, -1]
[-2, -3, -5, 1, 10, -3, 1, 1]
[-2, -1, 5, 2, -2, 2, -2, 0]
[1, -4, 2, -3, 2, -2, 0, 0]
[1, -1, 0, 2, -3, -1, 2, 0]
[-2, -2, 1, -5, -18, -5, -2, -2]
[1, -2, -2, -1, 1, -2, 0, -2]
[0, 1, 0, 0, -3, 2, 0, -3]
[0, -2, -3, -14, -1, 0, -1, 0]
[-3, -4, -1, 17, 8, -1, 1, -2]
[-1, 0, -1, -7, 4, 0, 0, 1]
[-1, 1, -2, -9, 10, 1, -2, 0]
[-1, -2, 3, 27, -3, -2, -2, -1]
[0, 1, -1, -14, -38, -2, -1, -1]
[0, 0, -1, 12, 11, -1, -4, 0]
[-1, 1, 1, -2, 3, 3, 0, 0]
[0, -1, 0, -5, -2, 0, -1, -1]
[2, 4, 2, 6, 5, 1, 0, -1]
[0, -2, 0, 3, 14, 4, 4, 0]
[-6, -2, -4, -7, -22, -9, -1, -1]
[-1, -3, -3, -7, 12, 0, -1, 0]
[-1, -2, 2, -1, -1, -4, -1, -2]
[-2, -2, -1, -8, -10, -2, -6, -2]
[2, 5, 3, 0, 2, 0, 2, -1]
[-2, -2, -2, 13, 7, 0, 0, 0]
[-1, 1, -5, -15, -11, -3, 2, 1]
[-1, 0, -2, 3, 4, -2, 0, -1]
[0, -4, 1, 15, 20, 2, -2, 0]
[1, -1, 0, -13, -9, -3, -1, -3]
[0, -2, 1, -7, -30, -2, -1, -2]
[-4, 0, -4, -7, 9, -2, -1, -2]
[-3, -1, -2, -4, -21, -1, -1, 1]
[1, 2, 4, -1, 12, -1, 0, -1]
[0, 0, 2, 16, 29, 3, 0, 1]
[-3, -1, 1, -8, -21, -3, 1, 0]
[-2, 1, 0, 1, 8, 3, 1, -1]
[0, -1, -4, -6, -14, -2, -2, 2]
[2, 1, -1, 2, 10, 2, 0, -1]
[-1, -1, -1, 5, -17, 1, -1, 1]
[2, -2, -2, -5, -2, 1, -2, -2]
[-1, -2, 0, -6, -4, -1, -3, -2]
[0, -3, -2, 8, 11, 1, 0, -1]
[0, -2, 1, 16, 14, 1, 1, 0]
[0, -2, -2, -4, -7, -3, 0, 0]
[1, 3, 5, -7, -3, -3, -1, 2]
[-2, -1, 0, -12, -3, -2, 0, -1]
[1, 0, 0, 0, 25, 1, 2, -1]
[-1, 2, 2, 3, -17, 1, -1, -1]
[-1, 2, -3, 1, -9, 1, 0, -2]
[0, -1, -2, -3, 6, 1, 1, 3]
[0, -3, 0, 7, 11, 0, 0, -1]
[0, 0, 0, -4, 3, -2, 0, 0]
[0, 0, -1, 2, 10, 2, -1, -2]
[-2, -2, -2, -8, -34, -6, -4, -1]
[-1, -1, -2, 2, 2, 1, 3, -1]
[-3, -2, -5, -14, -17, -6, -3, -2]
[-3, -1, -1, 7, 14, 0, -1, 0]
[-2, 1, 1, 4, 0, -2, -1, -1]
[-2, -1, -6, -11, -8, -2, -2, 0]
[0, -4, 1, 4, 9, 5, -2, 0]
[1, -2, 3, 14, -10, 2, 1, 0]
[-1, -1, -3, -6, 13, -1, -1, -1]
[1, 1, 0, -1, 4, -1, -1, 4]
[-1, 0, 2, 9, 17, 2, 0, 0]
[-2, 0, -2, -23, -42, -6, -3, 1]
[0, -4, -1, 3, 0, -1, -3, -2]
[-1, 1, -1, -14, -4, -1, -2, -1]
[-2, 0, -1, 13, 26, 0, 2, 0]
[0, -3, -3, -13, -3, -2, -1, 0]
[-1, -3, 0, 19, 15, -2, 0, -1]
[0, -1, -1, -6, -11, -4, -2, -3]
[0, 2, 0, -4, -3, -1, -1, -2]
[-1, -2, -1, 2, 9, 3, 1, 1]
[0, 3, 0, -7, -9, -3, -2, 0]
[1, -1, -1, 9, 10, 2, -1, -2]
[0, -1, 0, -10, -5, -1, -1, -1]
[-1, -3, -2, 11, -7, -3, -1, -2]
[-1, -2, 1, -8, -13, 1, -1, -2]
[-1, -2, -1, -2, -5, -3, 1, 0]
[-2, -1, -2, -6, -3, 1, 0, 1]
[-1, 2, 0, -8, 20, 3, -1, 0]
[1, -5, -1, -6, -16, -1, -1, -1]
[1, -1, 1, -4, -10, -2, -2, -1]
[2, -3, 1, 8, 1, 1, -1, 0]
[-1, 0, 1, 5, 1, -1, 0, 0]
[-3, 3, 1, -1, 8, 0, 0, -1]
[0, 2, -3, -7, -9, -2, -3, -1]
[-1, -1, 1, -5, -9, -1, 2, 1]
[1, -1, -2, 12, 22, 1, 0, -1]
[1, -1, -2, -2, -4, 0, 1, 0]
[-3, -2, -1, 8, -1, -3, -1, -1]
[4, 4, 1, -1, 0, -1, 0, 0]
[1, 3, 0, -8, 2, -1, 1, 0]
[-1, -1, -2, -11, -15, -3, -2, -1]
[0, -2, 0, -1, 19, 1, 0, -3]
[-2, -3, -1, -4, -15, -1, 0, 0]
[-3, -2, -5, 2, 13, -2, 2, -1]
[1, 3, 0, 6, 7, -1, 1, 2]
[2, 3, 0, 0, -12, -1, 0, 2]
[0, 1, 0, -3, -4, -3, -3, 0]
[-1, -4, -2, 3, 5, -1, -5, -3]
[1, -3, 1, 5, 11, -1, 0, -1]
[0, -3, 1, 0, -10, 0, -1, -2]
[2, 0, 2, 1, 20, 2, 3, 0]
[-1, -2, -2, -9, -24, -1, 1, -1]
[-1, 1, -3, 5, 8, -2, 0, -1]
[-2, -1, -4, 0, -15, -2, -3, 1]
[0, 3, -2, 4, 19, 1, -3, 0]
[-1, 0, -1, -15, -23, -1, -1, -5]
[-1, -2, 0, 1, 8, -2, -1, -1]
[-1, -4, 1, -12, 1, 1, -3, -2]
[1, 0, 3, 28, 31, 3, 11, 7]
[0, 2, 3, -6, 1, 2, -5, 1]
[-4, -3, -5, 3, 13, -5, -6, -4]
[0, 1, -2, -7, -35, -5, -2, -3]
[1, -1, -5, 1, -32, -7, -3, -6]
[2, -1, -1, -5, 7, 3, 5, -4]
[-3, -2, -2, -1, -4, 3, 10, 5]
[2, 1, 0, 12, 20, -4, 6, 7]
[2, -1, -2, -12, -35, -4, -21, -7]
[-1, 0, 0, 11, 24, 3, 8, -4]
[-4, -2, 9, 8, -40, 2, -6, -5]
[2, 1, -5, 10, 25, -3, -1, 23]
[-1, 0, -3, -33, -17, 2, 17, 0]
[1, -1, 1, -11, -16, -4, -4, 3]
[2, -1, 3, 18, 18, 9, 2, -3]
[-3, 2, 4, 17, 31, 8, 8, -1]
[1, -5, -3, 4, 20, -3, 5, 13]
[-2, -2, -1, -18, -41, -1, -21, -4]
[0, 0, -2, 26, 78, 8, 18, -1]
[-3, -2, -6, -54, -102, -21, -26, -12]
[-1, 3, 0, 14, 22, 4, 3, 1]
[-3, -3, 1, -1, 5, -3, 10, 10]
[5, 3, -4, -15, -21, -6, -19, 2]
[-2, -6, -1, 16, 39, 5, 22, -5]
[-4, 0, 1, -2, 19, 8, 1, -6]
[-5, -11, -2, 10, 1, 2, 8, 2]
[3, 12, 2, -12, -21, -6, 14, 9]
[1, 1, 1, -8, 13, 5, -26, -15]
[-4, -2, 3, 14, -10, 1, -16, -25]
[4, -4, -2, -4, 23, 4, 3, 16]
[2, -1, -5, 5, -2, -5, 35, 22]
[0, 8, 3, -8, -31, -3, -35, -9]
[3, 2, 8, 8, 10, 1, 9, 2]
[-1, 0, -6, -30, -36, -13, -19, -11]
[-7, -5, -3, 6, -4, -9, -5, -7]
[-1, -1, -3, -10, 15, -1, 22, 4]
[-4, -3, -7, -19, -36, -2, -18, -15]
[-2, 4, -1, 4, 6, -1, -8, -7]
[-2, 5, 3, -5, 19, 5, -4, -13]
[-3, -6, -2, 36, -5, -2, -10, -19]
[7, 1, 2, -5, 60, 9, -11, 40]
[-2, 3, -5, -36, -52, -2, 34, 4]
[-2, -18, -14, -48, -54, -6, -14, -4]
[3, 14, 13, 38, 41, 2, 4, 5]
[-4, -4, -3, 9, 2, -6, -6, -38]
[7, 12, 9, 58, 113, 16, 3, 20]
[-9, -9, -14, -77, -97, -34, -32, -14]
[0, -7, -4, -14, -10, 4, 18, 8]
[-2, -6, -4, -20, -31, -1, 38, -2]
[-2, 5, 6, 29, 62, 0, -21, 7]
[-5, -6, 3, 25, -16, -6, -17, -16]
[7, 8, -1, -28, -67, 4, 10, 16]
[-6, -7, -9, -26, -58, -13, -1, 3]
[1, 10, 7, 48, 36, 15, 6, -43]
[-2, 0, 1, 2, 57, 20, 8, 13]
[3, -5, 0, 25, 58, -1, 16, 15]
[-5, -5, -11, -50, -61, -22, 11, 14]
[0, -5, 1, 20, -9, 8, -3, -26]
[5, 6, 9, 11, 16, -1, 22, 34]
[-4, -5, 1, 38, 98, 8, -48, -40]
[-1, 1, 0, -40, 41, 7, -11, -17]
[-8, -13, -8, 20, -128, -40, -3, 14]
[4, 7, 1, 16, 127, 37, 6, -26]
[1, 1, -2, -70, -123, -28, 46, 2]
[-5, -7, -14, -39, 25, -12, 23, 41]
[-7, -5, 0, 7, 31, -2, -41, -1]
[-6, -5, 1, 1, 28, -4, 0, -11]
[-3, -12, -11, 37, 84, 23, 12, -10]
[7, 16, -2, -29, -56, 6, 27, 11]
[2, -8, -10, -117, -47, -11, -1, -5]
[5, 2, 15, 106, -7, 11, -44, -8]
[-7, 1, 7, -3, -15, -2, -10, -11]
[-2, -5, -2, -4, -9, 2, -15, -3]
[2, 8, 7, 29, 37, 5, 16, 6]
[-10, -12, -7, 8, 25, -8, 10, -13]
[4, -8, -11, -70, -68, -19, -26, 47]
[-2, -5, 8, 121, 104, 9, -16, -37]
[-2, 1, 6, 22, -6, -4, 21, -25]
[12, 7, -3, -70, -40, 4, 21, 89]
[-4, 3, -1, -1, -6, -11, -27, -16]
[-3, 1, 5, -19, 21, -6, -6, -61]
[15, 2, -16, -43, -20, -3, 28, 99]
[-12, 0, -3, -60, 58, 6, -40, -105]
[-7, 4, 2, 24, 38, 10, -14, -48]
[8, -3, 13, 103, 116, 23, -6, -1]
[-11, -12, -12, -47, -51, -43, -12, 27]
[4, 3, -9, -102, 44, 0, 14, -1]
[3, -17, -2, 93, 105, -10, 31, 53]
[-2, 9, 11, 1, 1, -4, -27, -6]
[-3, -8, -12, -31, 57, 12, -5, -5]
[-14, -10, -8, 53, -111, -9, 25, -17]
[-9, -7, 4, 26, 36, 2, -32, -42]
[16, 8, 8, 8, 84, 21, 28, 101]
[-19, 2, -9, -115, -92, -31, -36, -95]
[7, 4, 8, 83, 105, 17, -7, 33]
[-1, -5, -7, -11, -112, -7, 7, 6]
[-4, -7, -11, -39, -89, -8, 17, 8]
[6, 4, 25, 115, 119, 59, -3, 2]
[15, 18, 6, -91, -120, -38, 14, 15]
[1, -2, -17, -78, -50, 0, 21, 65]
[16, 14, 12, 23, 37, 11, -6, -27]
[-8, -17, -20, -45, -99, -23, 4, 48]
[-5, 4, -6, -45, -72, -7, -49, -85]
[-12, 3, 16, 89, 77, 5, 31, 52]
[-10, -10, -16, -73, -128, -28, -16, -71]
[18, 4, 6, 60, 127, 23, -13, 88]
[0, 11, 13, -21, 22, 4, 16, -5]
[10, 3, -7, -50, -3, -9, 13, -1]
[-11, -5, -1, 26, 108, 12, -8, -4]
[-6, 3, 0, -25, -48, -21, -9, -38]
[13, -5, 2, 105, 101, 23, 19, 70]
[0, 10, 16, -30, -19, 1, -13, -54]
[7, -1, 0, 26, 8, 6, 33, 52]
[1, 7, -2, -41, -3, 11, -27, -21]
[2, 1, 35, 43, -32, -20, -10, 45]
[9, 2, -3, -21, 68, 18, -35, 3]
[-1, -4, -8, 12, -46, -2, 55, -12]
[-5, -1, -4, -14, 6, 16, 38, -6]
[-10, -7, -25, -38, 8, -8, -20, -34]
[8, -2, -9, 35, 103, 23, -8, -16]
[-6, -4, 2, -25, -101, -13, -23, 18]
[6, -12, -24, -63, -70, -18, 4, -10]
[-10, 4, 18, 103, 68, 0, -56, -75]
[5, 8, 11, -31, -96, 5, 98, 45]
[-3, -8, -23, -93, -16, -10, -56, -38]
[6, 7, 33, 127, 92, 52, 36, 11]
[-11, -12, -16, -128, -114, -30, -63, -71]
[-10, 3, 2, 0, -8, -30, 0, 28]
[-1, -4, 11, 103, 37, 9, 22, 44]
