[7, 0, 2, -35, 4, 15, 20, -1]
[-2, 0, 7, 42, 36, 6, -19, -3]
[2, 1, -23, -65, -84, -14, -9, -2]
[-2, -5, -12, -20, 8, -6, -8, -10]
[2, 17, 46, 4, -69, -10, -6, 5]
[-2, 0, -5, 0, -20, -5, 2, -6]
[5, 5, 14, 22, 73, 6, 4, 5]
[-4, -7, -17, -10, -57, -1, -3, -5]
[-4, -9, -4, 16, 42, 10, 1, -6]
[0, 1, -3, -22, -37, -9, -3, -3]
[0, 0, 3, -8, 14, 13, 2, -5]
[0, 0, -1, 19, -4, -3, -1, 5]
[-2, -6, -11, -19, -24, -1, -4, -4]
[1, 3, -8, -36, -15, 8, 5, 11]
[-1, -1, -2, 33, 52, -12, -11, 4]
[0, 1, 10, 25, -29, 6, 5, 0]
[-3, -4, -7, 29, 98, 10, 0, 0]
[-5, -5, -9, -89, -128, -33, -10, -15]
[-3, -4, -21, -16, 24, 1, -3, -1]
[4, 7, 29, 12, 12, 5, 2, 6]
[0, 4, 0, -1, -5, -4, 0, -4]
[4, 7, 21, 36, 22, 4, 1, -1]
[0, -1, 2, -1, 7, 5, 8, 3]
[-2, -7, -10, -1, -23, -5, -3, -5]
[-1, -2, -16, -20, -9, -2, 0, 3]
[1, 0, -14, 1, 21, 3, 0, -3]
[-2, -3, -8, 2, -18, -7, 1, 1]
[2, 10, 21, 30, -1, -2, 2, 0]
[-2, -1, 8, 19, 16, -1, -5, 1]
[-1, -6, -24, -54, -1, -1, -1, -3]
[-2, -3, 8, 28, -9, 1, -4, -4]
[2, 4, 11, 14, 11, 1, 3, 2]
[-3, -8, -15, -5, 3, 2, 1, 2]
[6, 5, 32, 30, 5, 4, -4, -5]
[2, 0, -6, -8, -17, -9, -1, 0]
[-2, 0, 1, -4, 6, 4, 5, -1]
[0, 0, -2, -18, -4, 1, 3, -3]
[-7, -9, -30, -19, -13, -4, -1, -3]
[1, 4, 12, 7, 17, 7, 3, 1]
[-4, -4, -10, -17, -1, 0, -4, 1]
[-4, -2, -4, 8, -6, -5, 0, -2]
[-4, -7, -17, 3, 7, 3, -4, -2]
[4, 13, 25, 12, -9, -7, 0, 1]
[0, -3, -8, -8, 13, 4, 0, -1]
[2, -2, 5, 9, 1, -4, -1, 1]
[2, -1, 0, 0, 2, 0, 2, 1]
[-2, 0, 2, 0, 3, 3, 3, -2]
[0, 1, -5, -19, -15, 0, 0, -1]
[-1, 2, 0, 0, -1, -1, -3, -1]
[0, 2, 13, 14, 10, 2, -1, 0]
[-3, -7, -13, -21, -18, -3, 0, -3]
[-3, -7, -5, 6, 1, -4, -3, -2]
[1, 6, 12, 15, 4, 2, 0, 2]
[-1, -1, -1, -16, -3, -1, -2, -3]
[-1, -6, -15, -26, 2, 3, 1, 1]
[0, 0, 3, 22, -4, -1, -2, -1]
[2, -2, 1, -5, -7, -2, -1, 1]
[0, 1, 3, 19, 17, 4, 4, -1]
[-2, 0, 6, 7, 10, 4, 2, -1]
[-7, -4, -9, -15, -18, -5, -1, -2]
[-2, -2, -6, 2, 14, 1, -1, 0]
[-4, 0, 1, -12, -29, -6, -3, -4]
[-2, -2, -1, 2, 5, 1, -2, 0]
[-1, 1, -1, 6, 1, 2, 1, 0]
[-1, 2, 16, 16, -3, -7, -2, 1]
[0, -4, -9, -8, -6, -1, -1, 1]
[3, 2, 10, 18, 13, 5, 1, 0]
[1, -1, -9, -12, 16, 3, -3, -2]
[1, 1, 2, -6, -24, -4, -2, -1]
[2, 2, 6, 7, 3, 3, -1, 0]
[2, 2, -2, -5, 6, -2, 1, 1]
[1, 2, 6, 8, 0, -2, -2, 0]
[-2, -1, -10, 1, 9, 0, 0, -1]
[-2, 2, 0, -1, -5, -3, -1, 0]
[0, -3, -5, -3, -6, -1, 1, -1]
[1, -3, -12, -15, -5, -4, -3, -3]
[4, 6, 28, 33, 7, 6, 3, 1]
[0, -2, -1, -6, -2, -3, -1, -2]
[-1, -1, 2, 8, 6, 0, 1, 0]
[-2, -2, -1, -3, -5, -2, 0, -1]
[-2, -8, -22, -25, -6, -3, -2, -1]
[0, 0, 3, 6, 1, 0, 2, 0]
[0, -1, -3, -5, -3, 2, 0, -3]
[-3, -4, -3, 10, 16, 0, 1, -1]
[-1, 3, 6, -11, 1, 2, -2, 1]
[-3, 0, -3, 0, 10, 1, -1, 2]
[1, 3, -2, -6, -22, 0, 0, 0]
[-6, -5, -8, -22, -26, -8, -4, -3]
[0, -6, -8, -2, 8, 1, 0, -1]
[2, 0, -2, -10, -1, 0, 0, -1]
[1, -3, 1, 6, 2, -1, -3, -1]
[3, 3, 4, 3, 4, 1, 1, 0]
[-1, -2, -6, 1, -4, -5, -1, 0]
[0, -1, -2, -4, -1, 0, -1, -1]
[0, 3, 5, 5, 4, 0, 0, -1]
[2, -1, 3, 1, 1, -2, 1, -1]
[-2, -3, -9, 4, -13, -2, -2, -2]
[-2, 0, -3, -6, 8, 3, 2, -1]
[-2, 0, 1, 5, 2, -1, -3, 1]
[0, 3, 5, 0, 7, 2, -1, 3]
[0, 1, -7, -6, -11, -1, -1, 0]
[-3, -2, 1, -7, 17, 1, 0, 0]
[-1, -2, -7, -9, -6, -2, 0, -2]
[-1, 1, 7, 7, -4, -1, 0, -2]
[-2, 0, -4, -5, -3, -3, -2, -1]
[-1, 0, 6, 6, -3, -1, -2, -1]
[0, -2, -4, 1, 9, 2, 0, 0]
[2, 1, -3, 1, 4, 2, 0, 0]
[-1, -1, -3, 0, 1, -1, 0, -2]
[1, -2, 0, 1, -4, 0, 2, -1]
[-2, 2, 5, -4, -4, 1, 1, 0]
[-2, 0, -1, -3, -5, 0, 1, -1]
[-1, 1, -1, 2, -16, -2, -1, 1]
[2, 0, -5, 2, 6, -1, -3, 3]
[-1, 1, 3, -1, -4, -3, -2, 0]
[-1, 1, 0, -1, -8, -1, 1, 0]
[0, -1, 3, 2, 11, 2, 0, -2]
[0, 2, 1, 5, -6, 0, 0, -1]
[-1, -1, 0, 4, 10, 2, 0, -1]
[0, 0, -1, 0, -9, 0, -2, -2]
[0, 0, -5, -7, -10, 0, -1, -2]
[0, 0, 5, 10, -10, -4, -2, -1]
[-1, -1, -4, 5, 1, -4, 0, -1]
[1, 2, 6, 1, -4, -2, -1, 1]
[1, -3, -3, -19, -2, -1, -1, 1]
[-1, -6, -11, -4, -10, -1, 1, 1]
[0, 2, 2, -14, -3, -3, 0, -1]
[-1, 0, -2, 7, 6, -2, 0, 0]
[-1, -1, 3, -3, -9, 0, -1, -4]
[0, 2, 3, 23, 47, 3, 1, -2]
[-1, -1, 5, -3, -21, 0, -1, 1]
[1, -4, -6, -15, 1, -1, -2, -1]
[2, 2, 7, 14, 8, -1, -1, 2]
[0, -2, -5, -10, -13, 1, 0, -1]
[0, -2, 0, 7, 10, 2, 1, -2]
[-1, -2, 1, -1, 1, -2, -1, 1]
[-1, 2, -2, -3, -12, 0, -1, 0]
[-1, -1, 3, 6, 3, 1, 0, -2]
[-1, -2, -2, -2, 3, 2, 0, -1]
[-1, -2, -4, -4, -10, -1, -1, 1]
[1, 3, 0, 15, 20, -1, 0, 0]
[0, -1, -4, -14, -15, -3, -4, -1]
[0, -1, -6, 2, -2, -2, -4, 1]
[-1, 2, 3, -1, -5, -1, -1, 0]
[-1, -3, -5, 2, 15, 4, 3, 0]
[-1, 2, 13, 5, -4, 1, 0, 0]
[0, -1, 0, -2, -5, -4, -2, -1]
[1, -1, -3, -9, 2, 0, 0, -1]
[0, 0, 6, 7, 3, -3, -1, 0]
[-2, -2, -7, -11, -7, 1, -1, -1]
[-1, 1, 8, 9, 6, 0, -1, -2]
[-1, -2, -3, 5, 1, -4, -1, -1]
[0, 0, 4, 2, -27, -4, 0, -2]
[-2, 2, 3, 6, 33, 3, 3, -1]
[-1, -1, 0, 1, -4, 0, 1, 1]
[-1, -2, -2, -3, -9, -5, -1, -1]
[1, -2, -5, -6, 8, 0, -1, 0]
[0, -2, -7, -3, -8, 1, -3, 0]
[-1, 1, -1, 5, 15, 0, 0, -2]
[0, 0, 4, 0, -2, -3, 2, -1]
[-1, -2, -1, 0, -1, -3, 0, -2]
[-1, 1, -2, -3, -4, -3, 0, 2]
[0, -2, -2, -5, 1, -2, -3, 0]
[-1, 1, -4, -5, -5, -1, -2, -2]
[0, 2, 4, 4, 6, -2, -2, 0]
[1, -3, -5, -1, -5, 1, -2, -1]
[1, 0, -2, -13, -8, 0, 1, 1]
[-2, -2, -2, 10, 8, 1, -2, 1]
[-2, -5, -13, -22, -3, 0, -2, -2]
[1, 1, -1, 14, 0, 0, 0, -2]
[0, -1, -4, 0, 13, -1, 1, 0]
[0, 1, 7, -8, -20, -3, 0, 1]
[-2, -2, 0, 18, 36, 2, -2, -1]
[0, -4, -8, -11, -8, 1, 0, -3]
[0, -1, -8, -8, -9, -3, -1, -2]
[-2, -1, -1, 2, 4, 0, -2, -2]
[-1, -1, -2, -5, -13, -3, 0, 0]
[0, -2, -4, -10, -5, -2, 0, 0]
[0, 1, -2, 2, -2, 0, -2, 0]
[1, -3, -4, 2, -12, -2, -3, 0]
[-1, 1, 7, 8, 15, 2, 2, 1]
[0, 2, 2, 6, 7, 4, 0, 0]
[-1, 1, 8, 0, -31, -3, 0, -2]
[-3, -2, -6, -6, 4, -1, -3, -3]
[0, -2, -2, 1, -5, -2, -2, -1]
[0, 0, 0, -2, 10, -2, 1, 1]
[-2, -1, -2, -1, 5, -1, -1, 0]
[-1, 2, 1, 4, -3, -1, 0, 2]
[-1, 1, -2, -6, -9, 1, 0, 0]
[0, 2, 3, 3, 11, 4, 0, 0]
[-2, -5, -4, -2, 13, 1, -2, -2]
[1, 3, 11, 12, 0, -2, -1, -1]
[1, -5, -3, -6, -2, -1, -3, -1]
[-1, -1, -7, -11, -18, -3, -1, 1]
[0, -1, 2, 4, 2, 1, -1, 0]
[-1, -1, 1, 4, 6, -1, -1, -3]
[-1, 0, -3, -6, -6, -1, 1, -1]
[-1, -1, -5, -7, -11, 0, -2, -1]
[0, 0, -2, 5, 1, 0, 0, -2]
[-1, 0, 5, 4, 7, -1, 0, 0]
[0, 0, 6, 12, -7, 0, -2, 1]
[0, -2, -2, -2, 9, -3, -2, -1]
[-4, -4, -9, -9, -5, 0, 0, 0]
[-2, 0, 3, 6, 3, -1, 0, -1]
[-3, 1, -1, -3, -8, -3, 0, -2]
[-1, -2, 2, 3, 1, 1, 0, -1]
[0, -2, 0, -4, -13, -3, -2, -1]
[-1, -1, -1, 3, 16, -1, -1, 0]
[0, -1, 1, -8, -10, 0, 0, 0]
[-2, 0, 3, 3, 7, 1, -1, 0]
[-2, 0, 3, 4, -9, -3, -1, -1]
[-1, -1, -6, -6, 3, -1, -1, -1]
[1, 3, -2, -8, -18, -2, -2, -1]
[0, -2, -2, -1, -4, -1, -2, 0]
[-2, -1, 0, -9, 9, 3, 1, 0]
[-2, -3, 3, 16, 1, 1, 0, 0]
[-1, -4, -4, -6, 5, 1, 0, 1]
[0, -2, -7, 1, -6, -1, 1, 0]
[1, 0, 3, -1, 9, 1, 0, 0]
[1, 0, 4, -6, -3, -1, 0, 1]
[-1, -3, -6, -19, -2, 0, -1, 0]
[-2, -1, 1, 13, -2, 2, 2, -1]
[0, 1, -5, -5, 4, -3, -3, -1]
[0, -2, -9, -10, -7, -2, -1, -1]
[-2, 4, 10, 17, 2, -1, 1, -2]
[-1, -2, 0, -9, 4, 1, 0, 0]
[-1, -2, -3, 4, -2, 0, 0, 0]
[1, -1, 2, -5, -1, 2, -1, -1]
[1, -1, -6, 1, 10, -2, -2, -1]
[1, 1, 3, -1, -14, -1, 0, 0]
[0, 1, -2, 0, -5, 0, -1, 2]
[-2, -1, -9, -8, 2, -3, -2, -1]
[-2, -4, -4, -4, -13, -4, -3, -3]
[-2, 0, 1, -3, 8, -1, -1, -2]
[-2, 2, 3, 8, 4, 2, -1, -2]
[-2, -2, -3, -7, -17, -2, -1, -3]
[-4, -1, 0, 5, 8, -1, 1, -2]
[1, 2, 8, 2, -4, -1, -2, 0]
[2, -4, -2, -3, -1, -2, -1, 0]
[-1, -3, -3, -6, -1, 0, 2, 1]
[0, -3, -4, 7, 2, -1, -2, -1]
[2, 3, 4, 15, 9, 0, 1, 2]
[1, 0, 2, 0, 7, 2, -1, -1]
[-3, 2, -4, 1, -3, 0, 0, 1]
[-2, 1, 2, 0, 3, 1, 1, -1]
[-3, -3, -6, -12, -8, -1, 0, -2]
[0, 0, 3, 3, -1, -2, 1, 0]
[-2, -3, -9, -11, -3, -1, -1, -1]
[0, -1, 5, 9, 2, -1, -2, 2]
[-1, -1, 1, -2, 2, -1, -1, -2]
[-3, -1, 1, 5, 0, 0, -1, -2]
[0, 0, 1, 1, 2, 0, -1, 1]
[-2, 0, -1, -2, 0, 0, 2, 0]
[0, -2, 0, -6, -14, 0, 0, -1]
[-1, -1, 2, 5, 15, 2, -1, -1]
[-3, -3, -1, -8, -5, -2, -1, 0]
[1, -1, 0, -3, -12, 0, 3, 1]
[0, 0, 4, 30, 18, 2, 0, 2]
[-2, 0, -2, -5, -6, -1, -1, -1]
[4, 6, 12, 10, 8, 1, -1, 0]
[-1, 0, -2, -9, -2, -1, -1, -1]
[0, 0, -6, -13, -11, 1, 2, -1]
[0, -1, -5, 2, 1, 0, -2, 0]
[0, 1, 0, 5, -2, -4, -2, -3]
[0, -2, -5, -6, 0, -3, -2, -2]
[-1, 0, 1, -4, 3, 1, -1, -3]
[-1, -1, -5, -15, -3, 0, -1, -2]
[0, -3, 0, 9, -3, -1, -1, 0]
[-2, 0, 0, 5, 3, -2, -1, 1]
[-2, -2, -7, -7, 1, 0, -3, -1]
[1, 0, 3, -6, -8, -2, 0, 0]
[0, -1, 3, 13, 0, -2, 0, -2]
[1, 0, 3, -5, 9, 2, -1, -2]
[-1, 0, 6, 17, 2, 1, -2, 0]
[-2, -1, -10, -21, -9, -1, 0, -1]
[0, 0, 5, 10, 0, 0, -1, -1]
[-1, -1, -4, -5, -2, -2, -2, -1]
[0, -1, 0, -7, -1, -1, 0, 0]
[0, -1, -6, 4, 1, -3, 0, -1]
[0, 0, -4, -8, -3, -3, 0, -1]
[-1, -2, -3, -3, -2, 3, -1, 0]
[-1, -2, 1, -8, 0, 1, 0, 0]
[1, -1, 5, 10, -3, 0, -1, -2]
[-3, -2, -3, 1, 4, -2, -1, 0]
[1, 2, 2, -2, -6, -2, 2, 0]
[-1, 0, -5, 11, 6, -1, 3, 1]
[1, 2, 4, 1, -3, 0, -1, -1]
[1, 0, -1, 5, 24, 4, -1, 1]
[-1, -2, -2, 4, 7, -3, -5, 0]
[0, -2, 0, -10, -7, -1, -1, -1]
[2, 0, 0, -15, -15, 0, 0, 0]
[0, 1, 2, 17, 21, 0, 1, 0]
[0, 1, -3, -6, -3, 1, 0, -1]
[-2, -1, -3, -9, -16, -5, 0, -3]
[1, 1, 3, 2, -4, -1, -1, 0]
[-3, -2, -3, -9, -8, -1, -2, -2]
[0, -2, 4, 16, 34, 6, 1, -1]
[0, 0, 0, -5, -23, -3, -3, -2]
[-4, -1, 3, 4, 4, 0, -2, 0]
[-1, -2, -6, -18, -28, -6, -3, -1]
[0, 0, 0, 1, -12, -2, 1, -1]
[-1, -1, -3, 0, 15, -2, 0, 0]
[-2, -2, 0, 11, 9, 0, 2, -1]
[-2, -4, -1, 4, 24, -1, 0, -3]
[1, 1, -1, -16, -35, -2, 0, 5]
[-1, -3, -6, -6, 46, -1, -3, -2]
[1, 3, 4, 6, -30, 2, 0, -6]
[-1, -3, -2, -3, -21, -5, -12, 4]
[-3, -4, 0, 20, 37, -1, 33, 3]
[0, 1, 3, -9, -9, 0, -24, -7]
[1, -2, -3, 10, 20, 1, 5, 4]
[0, -2, -4, -48, -40, -5, 1, -5]
[-2, -3, 1, 37, 8, -5, -17, -1]
[1, 3, 3, 7, -9, 4, 14, 6]
[1, 0, -1, 2, 14, 3, 11, -6]
[1, 0, 0, -1, -9, 0, 0, 2]
[0, 0, 3, -9, 3, -2, -9, -2]
[1, 1, -1, 2, 12, 4, 10, 1]
[-6, -2, -2, 11, -10, -2, -9, 0]
[-2, -2, -7, -21, -45, -8, 1, -2]
[-1, 3, 0, 3, 15, -1, 3, -3]
[0, -2, -2, -6, 20, 1, 2, 3]
[1, -4, -4, -17, -49, -4, -4, 7]
[0, 3, 6, 50, 53, 10, -3, -3]
[-3, 0, -2, -22, -54, -10, -20, -14]
[3, 1, -2, -45, -49, -4, 19, 12]
[1, 2, 4, 57, 91, 11, -18, -7]
[-3, -4, -5, 5, -16, -7, 10, -7]
[2, 1, 3, -7, 34, 7, -12, 9]
[-4, -5, 0, 25, 0, -5, 2, 4]
[-1, 1, -1, -35, -15, -4, 3, 2]
[-3, -1, 0, 2, 24, 4, 1, -13]
[0, -4, -9, -60, -47, -13, -11, 5]
[0, 0, 7, 59, 22, 1, 2, 1]
[2, -5, -9, -31, 37, 6, -3, 7]
[3, 9, 11, 25, -15, 3, 17, 3]
[-7, -6, -6, 30, -56, -8, -2, -8]
[-1, 1, 3, 23, 66, 18, 7, -22]
[-5, -6, -9, -59, -88, -22, 9, 9]
[4, 4, -2, -14, -11, 3, -7, -14]
[8, 4, 12, 55, 83, 20, -4, -17]
[-10, -9, -16, -44, -78, -28, -3, 9]
[3, 1, 12, 81, 106, 11, 15, 15]
[-7, -7, -21, -122, -96, -23, -5, -10]
[1, 9, 16, 76, 75, 26, -8, -13]
[1, -3, -4, -6, -87, -18, -38, 5]
[0, 5, 3, -26, 24, 9, 6, -29]
[-2, -10, -6, 36, -22, -21, 4, 25]
[-6, -2, -4, -13, 83, 8, -29, -22]
[4, 0, 0, 2, 44, 1, -5, 18]
[-7, -1, -8, -31, -105, -19, -38, -38]
[9, 4, 14, 32, 127, 31, 17, 23]
[-11, -8, -21, -52, -74, -30, 9, -22]
[6, 10, 26, 97, 103, 28, 9, 20]
[0, -3, -8, -34, -76, -11, -4, 2]
[2, -2, 3, -9, -27, -3, 17, 30]
[-9, -11, -32, -99, -104, -31, -15, -48]
[-5, -2, -6, -32, 8, 7, -23, 9]
[3, 11, 30, 49, 91, 26, 21, 17]
[-3, -7, -14, 44, 34, 3, 3, -20]
[9, 8, 15, 17, -93, -11, 26, 66]
[-1, -3, -13, -24, 65, 17, 8, -19]
[4, 3, 11, 81, 62, 2, 46, 17]
[-6, -1, -20, -105, -93, -39, -86, -18]
[-4, -9, -15, -38, 93, 11, 9, -1]
[5, 6, 0, -44, -53, 6, 13, -6]
[-2, -8, -10, 4, -14, -9, -4, 17]
[-2, 3, 22, 79, 19, 9, 8, 33]
[9, -3, -7, -36, -41, 5, -8, -36]
[-1, 4, 7, 18, 91, -5, 21, 29]
[-2, -8, -19, -14, 17, 7, 16, -15]
[-11, -5, -15, -79, -90, -20, -14, -44]
[6, 9, 7, 56, 106, 17, 32, 25]
[4, 2, 6, 0, -87, -13, -30, -10]
[12, 6, 23, 112, 75, 25, 19, 7]
[-8, -8, -2, 60, -16, -10, -41, -8]
[6, 5, 12, -6, 42, 10, 17, 55]
[1, -11, -45, -128, -128, -22, 11, 24]
[-17, -7, 1, 22, 12, -14, -52, -52]
[-1, 0, 4, -22, 50, 11, 71, -72]
[16, 0, 9, 77, 42, 11, -93, 79]
[4, 6, 0, -67, -44, 5, -18, -19]
[0, 9, 36, 44, 62, 20, -36, -30]
[5, -1, -6, -15, -27, 0, 19, 63]
[-11, 0, -1, 20, -53, -7, 48, -115]
[-2, -7, -2, 55, 99, 18, 15, 61]
[5, -1, -23, -71, -128, -27, -10, -5]
[-5, 5, 5, 10, 5, 6, -31, -35]
[-5, -10, -2, -40, 54, 7, 55, 32]
[7, -3, -4, 44, -91, -9, -9, 3]
[-3, 0, 2, -59, 93, 22, 20, 19]
[6, -3, -10, -81, -108, -78, 16, 57]
[-10, -14, -37, 23, 28, 11, -13, -6]
[8, 26, 81, 72, 95, -10, -6, 9]
[-4, -5, -24, -122, -128, -26, -16, -21]
[4, 10, 43, 125, 127, 63, 2, -16]
[1, -2, -10, -55, -128, -33, -6, 14]
[-18, -8, 20, 67, 77, 17, 7, -78]
[10, 8, 21, 8, 35, 8, 23, 30]
[7, 4, -4, -7, -63, 6, -26, 5]
[-3, 2, 26, 58, 31, 33, 58, -1]
[-4, -11, -52, -96, -87, -22, -69, -56]
[1, -6, -22, -76, -42, -6, -33, -16]
[14, -1, -9, 10, 88, 17, 4, 83]
[-27, -4, -7, -37, 24, -10, -38, -87]
[15, 7, 4, 25, -32, -1, 79, 97]
[-8, -3, 0, -25, 13, 19, 20, -4]
[-1, 2, -9, -68, -53, -39, 21, -51]
[-3, 3, 6, -2, -5, -18, -33, 82]
[-10, -8, -21, -71, -36, 6, 8, -45]
[-4, -12, -13, 85, 68, -4, -31, 54]
[3, 11, 31, 48, -42, 17, 42, -4]
[5, -9, -24, -115, -33, -3, 0, 1]
[-11, -8, -34, 46, 75, 9, -12, -33]
[12, 25, 73, 71, -13, -10, 24, 39]
[-5, -2, -9, -26, -37, -4, -11, -2]
[6, 6, 23, 40, 15, -13, -20, -5]
[0, -12, -45, -84, -14, -3, -8, 6]
[-8, -12, -21, 56, 66, -3, -9, -28]
[4, 6, 30, 15, 37, 29, 0, 24]
