[1, 4, 13, 25, 20, 10, 0, -13]
[9, -4, 1, -5, -25, -2, 81, 86]
[-18, -10, -45, -118, -128, -55, -72, -65]
[-6, 0, -3, -30, -11, 27, 70, -39]
[9, -4, -7, -15, -30, -4, -1, 21]
[-8, 1, 6, -10, 8, -16, 0, -34]
[2, -2, -2, 4, -32, 27, 31, 56]
[1, 4, 7, 85, 124, 12, -34, -23]
[2, -1, -4, -75, -93, -15, 1, -5]
[2, 9, 35, 94, 67, 21, -6, -30]
[4, 0, 3, -26, 5, -7, 7, 10]
[-4, -17, -57, -83, 13, 1, -29, -8]
[4, 3, -4, 65, -1, 11, 17, 9]
[4, 20, 70, 24, -44, -12, -35, 1]
[-1, 9, 20, 30, 12, 4, 12, -4]
[3, 8, 26, -15, -19, -3, -13, 18]
[2, 0, -13, -23, -32, -10, -7, 2]
[-4, -6, -28, -22, 13, 6, -1, -14]
[0, -3, -9, 6, -8, -11, 4, 1]
[-7, -8, -21, -17, -6, 2, -7, -6]
[1, 3, 7, 26, 16, 1, 5, 26]
[-3, -2, 4, 9, -2, 1, -11, -37]
[1, 0, -6, 14, 4, -5, 2, 6]
[-5, -5, -3, 15, 17, -4, -23, 6]
[-1, 1, 3, 6, 55, 19, 12, -7]
[-8, -18, -40, -37, -43, -9, -9, 0]
[2, -7, -13, -15, -17, -3, -1, -2]
[3, 10, 42, 50, 8, 6, 2, 1]
[3, 10, 35, 27, -5, -3, 1, -6]
[2, -5, -12, 2, -5, -6, 0, 3]
[1, 1, -9, -4, 17, 3, 3, -4]
[-6, -13, -25, -6, -9, 1, -5, -3]
[-1, -2, -3, -9, -10, 3, -3, -4]
[2, 9, 17, -8, 3, 0, -13, -3]
[0, -3, -4, -12, -9, -3, 4, 4]
[-2, -6, -12, -11, -18, -6, -4, 5]
[-3, -8, -30, -16, -15, 1, -4, -4]
[-1, 0, -2, -5, 1, 4, 2, 3]
[1, 5, 14, 9, -1, 3, -2, -1]
[-2, -3, -11, -21, -5, -10, -6, -1]
[-2, -1, 1, 9, -4, -1, -3, -7]
[1, 9, 28, 28, 4, -1, -2, 0]
[-1, -3, -10, -11, 3, 4, 3, -1]
[-1, -6, -22, -18, -11, -10, -8, -1]
[2, 4, 15, 9, -18, -2, 2, 3]
[0, 0, -1, 14, 38, 4, -4, 0]
[0, 0, -4, -17, -7, -2, 2, -1]
[1, 1, 7, -3, -8, 1, -1, -1]
[-1, 0, -9, 2, -2, -4, -5, -4]
[2, 1, 10, 2, -1, 1, 3, 1]
[-2, -5, -18, -36, -3, 0, -3, -4]
[1, 2, 0, 26, 9, -4, -2, -1]
[0, 3, 18, 9, 1, 0, -1, 1]
[-4, -5, -15, -13, -5, 1, -2, -2]
[-1, 2, 17, 18, 4, 1, 1, 2]
[-2, -2, -5, -8, -10, -1, 1, -1]
[-2, -3, 3, 1, 3, -2, -1, 1]
[-1, -4, -9, -29, -29, -3, -4, -3]
[-1, -3, -8, 6, 6, 1, 0, -1]
[-1, 1, 5, -1, 3, 1, 1, -2]
[1, 0, -6, -2, 18, 3, 2, -3]
[-3, -2, 4, -1, -28, -4, -4, -2]
[1, 0, -2, -3, 2, 2, 0, 2]
[-2, 0, 2, 5, -1, 0, -4, 0]
[-2, -2, -1, -11, -1, -1, 2, -1]
[-1, -6, -9, -8, 0, -3, 0, -3]
[-1, 1, 12, 13, -5, -5, -3, -2]
[-1, 0, -3, -1, 3, 2, 4, 2]
[1, -3, -10, -12, -1, 1, 1, 1]
[1, 0, 7, 22, 14, -1, 0, 0]
[0, 1, 1, -4, -3, -2, -2, -1]
[-1, -1, -6, -7, -6, -3, -6, -2]
[-2, -1, 1, 18, 6, 4, 0, 1]
[0, 4, 4, -3, 4, 3, 0, 1]
[-3, -5, -11, -11, -4, -1, -2, -3]
[3, 4, 14, 6, -12, -5, -1, -2]
[1, -2, -9, -17, -3, -3, -3, -3]
[-3, -5, -9, 2, 1, -4, -4, 0]
[1, 0, 3, -1, -2, 0, 4, 0]
[-2, -2, -5, 0, 18, 5, 0, 0]
[0, 2, 2, -1, -8, -6, -1, -1]
[0, -1, 0, -13, 0, 0, -1, 1]
[-1, -5, -10, -7, -26, -7, -4, -1]
[-3, -3, -6, 5, -5, -4, -1, -2]
[1, 3, 11, 13, 24, 1, 3, -1]
[-2, -2, -11, -32, -13, 2, 1, -1]
[-1, 2, -2, 23, 10, 1, -2, 1]
[-2, -1, -1, -15, -8, 0, 0, 0]
[-2, -3, -12, -11, -7, 0, 0, 0]
[1, 8, 15, 24, -3, -1, -1, 2]
[-1, -2, -7, -15, -2, -1, 1, -1]
[1, 0, 3, -2, -5, 0, 0, -1]
[-2, -2, -5, -16, -18, -2, -3, -1]
[-1, -4, -6, 8, 26, 1, -1, -4]
[-3, -1, 1, 18, 10, 3, 1, -2]
[0, 2, 5, 6, 2, -2, -1, 0]
[-1, -3, -7, -14, -13, -1, 0, 0]
[1, -3, -7, -4, -9, -2, 0, -1]
[0, 0, -5, -14, -1, -2, -1, -1]
[1, 1, 16, 25, -1, 3, 3, 0]
[-2, 0, 4, 8, 11, 0, 0, 1]
[-1, 0, 3, 11, 5, 1, 1, 1]
[-1, -1, -7, -12, -7, -3, 0, 0]
[0, -5, -6, -10, -3, 2, -2, 0]
[1, 3, 4, 7, -4, -1, 1, 0]
[-1, 0, 6, 5, 4, 1, 0, -1]
[-3, -3, -3, -10, -8, -6, -3, -1]
[1, 0, 3, 8, 0, -4, -1, 1]
[0, 1, -1, -11, 10, 9, -1, 0]
[-2, -1, -1, 15, 4, -2, 0, -2]
[0, 1, 4, 6, -6, 1, 0, -1]
[-2, -2, -1, -4, 1, -1, -3, -1]
[0, -4, -9, -8, -6, -1, -3, -2]
[0, 2, 2, -6, -5, -6, -5, -3]
[1, -5, 0, 11, 3, 3, 1, -1]
[-1, 0, 5, -7, -5, -3, -1, -1]
[1, 0, 0, 4, 13, 0, 2, 0]
[-3, -4, -8, -8, -7, -2, 0, 0]
[-1, 1, 3, 3, -1, -2, 0, 0]
[-1, -2, -8, -8, -4, -1, 1, -1]
[0, -2, 2, 4, -5, 0, 0, 2]
[0, -2, 3, 1, 0, 0, -2, 1]
[0, 1, 0, -5, 7, 0, -2, -1]
[-2, 0, 2, 13, 5, -1, -1, -2]
[0, 1, 5, 1, -16, -5, -1, 0]
[1, 1, 6, 10, 6, 2, 1, 0]
[-2, 0, -1, -5, 7, -1, 0, -1]
[-1, -3, -10, -19, -19, 0, -1, 0]
[0, -2, 2, 7, 4, 0, 0, -1]
[1, 0, -1, -8, -4, 1, -1, -1]
[-2, 1, -2, -3, -4, -3, -2, -2]
[1, -1, -1, 1, 1, 2, -1, 0]
[-1, -4, -11, -13, -13, 0, -1, -1]
[0, 5, 14, 17, 17, 2, 1, 2]
[0, -2, -2, 16, -6, -7, -3, 0]
[1, 3, 12, 6, 5, 2, 1, -1]
[2, 0, 3, 5, 9, 2, 2, 1]
[-1, -4, -9, -13, -8, -2, 0, -2]
[2, -1, -3, -8, -5, 2, 1, 0]
[-2, 0, -4, -5, 1, -2, -2, 0]
[-2, 1, 2, 6, -2, 1, -1, -1]
[-2, -4, -5, -6, -3, 0, -2, 1]
[-1, 1, 5, -4, -7, -3, -1, 1]
[-1, -2, -4, 0, 14, -1, 1, 0]
[-2, 1, 5, 15, 17, 4, -2, 1]
[-1, 1, -7, -11, -20, -3, -2, -2]
[-3, -5, -3, -7, 1, 0, -1, -1]
[-2, 0, -4, 4, 4, 0, -2, -2]
[1, 2, 4, 4, -6, 0, 1, 0]
[-1, 0, 2, 3, 8, 0, 0, -1]
[2, 1, 4, -2, -15, -1, -1, -1]
[0, 0, 0, 1, 14, 1, 2, 0]
[-1, -2, -1, -1, -4, -1, -1, 0]
[-3, -2, -6, -1, -6, 0, 1, -1]
[-1, -2, -1, -5, -2, 1, 0, 1]
[-2, -3, -6, 1, -4, -3, 0, -2]
[0, -1, -3, -14, -4, -2, -2, -3]
[0, -3, -1, 7, 5, 0, -1, 0]
[1, 1, -2, -7, 4, -2, -1, -1]
[1, -2, -1, 2, -6, -2, -2, -1]
[-1, -3, -3, 9, -1, 0, -1, -1]
[-1, 0, -1, -1, -1, -1, 0, 1]
[0, 2, 7, 10, 7, -3, -1, 1]
[-3, -3, -7, -9, -4, 1, -1, 0]
[-1, 1, 0, -4, -7, -2, -2, -2]
[2, 0, -1, 4, 11, 2, 0, -2]
[-1, -3, -12, -29, -20, -3, -3, -1]
[-1, -1, 2, 29, 16, 0, -2, 0]
[0, 0, 6, 13, 13, 3, 0, 1]
[1, 1, 2, -10, -9, -3, -3, 0]
[-1, -1, -7, -17, 4, -1, -1, -4]
[0, -1, 1, 9, -17, -1, 0, 0]
[-2, 0, -2, -7, -6, -1, 1, -2]
[1, 2, 0, 8, 15, 1, 1, 1]
[-2, -2, -1, -5, -4, -2, -1, 0]
[-3, -1, -3, -13, 4, -4, -2, -3]
[2, 0, -1, 3, 5, 2, -2, -3]
[-1, 0, -1, -5, -7, 0, 0, 1]
[2, -1, -3, 9, 2, 1, 1, 0]
[2, 0, 0, -5, -5, -1, -1, -1]
[1, 1, 0, 1, -3, -2, 1, 0]
[-1, -2, -2, -6, -5, -4, -3, 0]
[-1, -1, 5, 9, 6, 1, -1, 0]
[-1, -1, -1, -6, 2, 0, -1, 1]
[-1, -2, -3, -11, -8, -2, -1, 1]
[-1, -4, -11, -8, -9, -3, 0, -4]
[-1, 4, 17, 41, 17, 1, -1, -1]
[0, -1, -6, -13, 4, 0, -2, -1]
[-2, -2, -10, -26, 5, 0, -1, -3]
[0, 2, 19, 24, 5, 2, 1, 1]
[-3, -5, -12, -14, -13, -8, -5, -4]
[-1, 0, 2, 5, -4, 2, 0, -2]
[-1, -2, -5, -16, 11, -2, -1, -1]
[1, 4, -5, 1, -18, -2, -2, 1]
[0, -1, 3, 2, 5, 1, 2, 0]
[-3, 0, 2, 1, 1, 0, 0, 0]
[-1, -1, -1, 3, -6, 0, 2, 0]
[-1, -3, -3, -5, 15, 0, 2, -1]
[0, 0, 0, 1, 1, 1, -2, 1]
[-1, -3, -4, -7, -4, -2, 0, -1]
[2, -1, 5, 11, 3, 0, 1, 0]
[0, -4, 0, 2, 3, 0, -1, -1]
[0, -2, 0, -2, -4, -4, -4, -3]
[-2, 2, 2, -5, -6, -1, 0, -1]
[0, 0, -3, 3, -4, -1, -1, 0]
[-2, 4, 5, 0, 0, 0, 0, 0]
[-2, -2, -5, -6, -11, -2, -1, -2]
[-1, 0, -2, 12, 16, 1, 1, 1]
[0, 5, 19, 15, 4, -1, 1, -1]
[-1, -2, -10, -18, -19, 1, -1, -2]
[-1, 1, 8, 23, 20, -2, -1, -1]
[0, -3, -8, -29, -27, -5, -3, 0]
[-1, -3, 2, 8, -6, -1, -2, 0]
[1, -1, 4, 6, 6, 0, -1, 0]
[-3, 0, -4, -6, -11, -1, 0, -2]
[1, -1, -7, -22, -5, -1, -1, -1]
[-1, 0, 6, 14, 3, -2, -1, -1]
[-2, -3, -3, -8, -2, -1, -2, -1]
[0, -1, -4, -4, -1, -2, -1, -1]
[-1, 1, 5, 11, 5, -1, 1, 0]
[-3, -2, -9, -12, -4, 1, -1, 0]
[1, 1, -1, 4, 6, 1, 0, 2]
[0, 1, 0, -9, 2, 1, -1, 1]
[0, -2, -3, 3, -6, -1, 0, -2]
[0, 1, -1, 5, 3, 1, 1, 0]
[0, -1, -1, -4, -2, -1, 1, 0]
[0, 0, -7, 3, 7, -1, 0, 1]
[0, 3, 12, 0, -14, -2, -1, 1]
[-2, -4, -2, 2, 9, 0, -2, -2]
[-2, 1, 7, 21, 12, 0, -2, 1]
[1, 0, 4, -1, 6, -1, 0, 0]
[0, 1, -3, 10, 2, -1, -3, -4]
[0, 0, -2, -10, -7, 1, 1, 1]
[1, -2, 2, 2, 2, -1, 0, 0]
[-2, 0, -3, -7, -10, -1, -2, 2]
[0, -3, -1, 4, -1, -2, 0, 0]
[-1, 0, 1, 0, -1, -1, 0, 0]
[0, -2, -4, -6, -1, -1, -1, 1]
[0, 1, 5, 7, -1, 0, 1, -1]
[-1, 0, -2, -3, -1, 0, -1, 0]
[0, -1, -5, -7, -2, -3, 1, 0]
[-1, 0, -2, -2, 0, 0, 0, 0]
[-2, -3, -4, -3, -5, -2, -2, -2]
[-2, -4, -4, -2, 4, 0, -1, 1]
[0, 0, 4, 3, -10, -1, -2, 0]
[-3, 1, 3, 5, 14, -1, 0, -1]
[-2, -3, -1, -5, -1, -2, 0, 0]
[1, 1, -5, -7, -2, 1, 2, -2]
[-1, 0, -2, 6, 3, 2, -2, -2]
[0, -5, -8, -22, -15, -1, -2, -1]
[1, -1, 0, 5, -1, -2, -3, -2]
[-2, 0, 3, 10, 4, -1, -2, 1]
[0, 0, 4, 9, -5, -1, -1, -2]
[0, 0, -1, -12, -19, -2, -2, -1]
[-2, 0, -1, 13, 47, 4, 0, -1]
[-1, 0, -4, -13, -16, -4, 0, -1]
[2, 0, -5, -7, 8, -1, 0, -1]
[0, -1, -3, 1, -17, -2, -1, 0]
[0, -1, -2, -14, -14, -2, -8, -2]
[-3, -2, -1, -6, -29, -8, -5, -14]
[2, 1, 0, 16, 69, 11, 4, 19]
[-2, 0, -4, -15, -38, -5, 14, -10]
[4, 1, -4, -13, -16, -11, -10, 12]
[-8, -1, 2, -28, -42, -3, -31, -32]
[1, 1, 1, 19, -24, -8, -24, -39]
[2, -4, 2, -7, 14, 7, 15, 53]
[1, -3, -2, -32, -64, -6, 32, 24]
[-6, 1, 8, 69, 124, 16, -27, -58]
[-11, -3, -6, -42, -15, -11, -10, -35]
[5, -1, 3, 1, -43, -8, -1, 44]
[5, 3, 1, 32, 72, 20, -14, -9]
[1, -6, -21, -88, -64, -20, 7, 28]
[-5, -7, -9, 4, 1, -3, -2, 33]
[-1, 1, 0, -6, 39, 18, 16, -40]
[-3, -4, -5, -34, -37, -14, -11, -4]
[4, 2, 9, 75, 38, 7, 12, 21]
[-3, 1, -4, -17, -8, 1, -8, -20]
[0, -5, -6, -6, 3, -8, -4, 8]
[0, 3, 12, 39, 32, 6, 8, -6]
[1, -3, -4, -5, 48, 1, -2, 3]
[-2, -2, -1, -46, -89, -23, 12, 20]
[-5, -6, -9, 13, -20, -1, -1, -13]
[-2, -2, -2, -27, -32, -13, -5, -12]
[-2, -3, -2, -16, 3, 6, 23, 28]
[3, 1, 4, 33, 72, 15, -5, -17]
[-1, 8, 8, 40, 34, -5, -3, -18]
[1, 1, -6, -14, -10, -4, -24, -3]
[0, -1, 2, 21, 49, 6, 3, 2]
[7, -2, -7, -94, -97, -5, 6, 39]
[-2, 6, 9, 74, 61, 25, -18, -34]
[-10, -3, -6, 1, -26, -13, 15, -30]
[2, 6, 5, 28, 7, 3, 11, 4]
[2, 2, -2, 35, 104, 16, -4, 7]
[3, 1, -2, -28, -94, -5, 1, -15]
[-10, 2, -4, -26, 6, 4, 4, 10]
[4, 3, -7, -33, -55, -10, -4, 1]
[-4, -2, 9, 51, 47, 5, 10, -8]
[1, -4, -2, -16, 29, 1, -3, 10]
[8, 1, 5, 21, 38, 10, 35, 24]
[-7, -7, -1, 20, -113, -16, -43, -30]
[3, -1, -1, 14, 69, 12, 18, 18]
[-1, -1, 1, -33, 41, 3, 0, -7]
[3, 0, 3, 36, 3, 15, 10, 39]
[-8, -3, 1, -13, -11, -17, -16, -29]
[6, 0, 0, 11, -40, -4, -4, -1]
[-1, 1, -4, -45, 18, -2, -11, 6]
[-4, 0, 0, -2, -6, -2, 9, -29]
[5, 2, 11, 14, -32, 6, 6, 27]
[-1, -2, -6, 28, 33, 3, 16, 22]
[-1, 2, 13, 32, -27, -4, -5, -23]
[1, 1, -7, -48, -8, 3, -25, 7]
[8, 1, 1, 16, 9, -7, 9, 10]
[-1, 7, 2, -38, -16, 4, 28, -20]
[9, 7, 17, 113, 107, 16, -46, 14]
[-12, -8, -26, -85, -110, -33, -21, -50]
[-1, -3, 0, 77, 116, 21, 5, 37]
[10, 6, 6, -57, -17, -6, 12, 53]
[-7, -5, -11, 8, -99, -27, 18, -25]
[1, 3, 24, 75, 114, 33, -1, 3]
[-4, -1, -5, -15, 50, -7, -18, -26]
[-2, -5, -8, -80, -77, -7, -23, 29]
[-6, -2, 2, 49, 52, 9, -7, -25]
[5, -5, -11, -52, -11, -6, 67, 52]
[3, 9, 8, 32, -33, 8, 9, -22]
[1, 3, 18, 120, 91, 26, 9, -11]
[-7, -9, -10, -72, -86, -10, 20, 6]
[-2, -12, -4, 40, -4, -1, -27, 19]
[6, 0, -15, -82, 31, 20, -11, -12]
[-4, 2, 2, -76, -107, -38, -1, -25]
[14, 12, 12, -4, 68, 0, 9, 94]
[-13, 10, 20, 33, -3, 29, -36, -109]
[3, 2, -2, -62, -88, -14, 9, 32]
[1, 5, 10, 102, 93, 45, 1, -45]
[-5, -6, -12, -40, -93, -21, -27, -24]
[9, -3, -15, -40, -6, -24, 21, 65]
[1, 2, 6, -7, -27, -13, 14, 16]
[-2, -5, -21, -101, 5, 0, -27, -6]
[-18, -1, 27, 79, 95, 19, 25, -49]
[-8, -8, -4, -32, -78, -16, -50, -63]
[5, 2, -3, -56, 11, -1, -4, 0]
[4, 0, 7, -54, -102, -26, 15, 35]
[10, -3, -3, 56, 78, 32, 7, 37]
[-21, -5, -13, -28, -78, -35, -19, -29]
[-1, 0, 0, 54, 23, 20, 31, 18]
[3, 8, 33, 127, 57, 29, -4, -21]
[-2, -7, -22, -6, -7, -14, -10, 7]
[13, 6, 17, -64, -34, 3, 31, 7]
[6, 16, 53, 101, 63, -4, -51, 33]
[-10, -10, -22, -32, -96, -5, -3, -36]
[-3, -1, -7, -27, 27, -7, 5, -9]
[8, -2, -13, 100, 83, 29, 31, 15]
[-3, -9, -12, -70, -35, -12, 1, 39]
[-5, -8, -26, -2, 0, -20, -48, -69]
[-3, 5, 24, -6, 42, 5, 5, -7]
[-2, -12, -17, -44, -125, -53, -43, 72]
[-8, 7, 14, 73, 127, 38, 23, -87]
[3, -2, -3, -4, -80, -14, 31, 49]
[3, -4, -17, -69, -60, -8, -3, 17]
[-4, 2, -1, -60, 8, 8, 10, 3]
[-1, -7, -20, -48, -123, -36, -14, -16]
[-2, 6, 3, 3, 97, 31, 85, 17]
[0, -3, -11, -38, -69, -25, -45, -28]
[2, 2, 21, 66, 118, 21, 6, -16]
[0, -6, -9, 12, 4, -5, 14, 65]
[-12, -2, -12, -94, -101, -4, -50, -76]
[0, -3, 0, 5, 1, -2, 35, 14]
[16, 4, -2, 23, 63, 12, 6, 80]
[-17, -3, -20, 43, 71, 38, -3, -99]
[7, 5, 47, 82, 61, 0, -9, 29]
[-2, -15, -57, -90, -50, -22, -6, -6]
[1, 18, 70, 87, -22, -12, -17, -15]
[8, 3, 1, -18, 35, 20, 26, 23]
[-11, -11, -23, -47, -81, -34, -25, -14]
[0, 13, 20, 82, 75, 12, 18, -11]
[-5, -10, -26, 20, 44, 7, 16, 3]
[4, -11, -10, -58, -83, -36, -54, 22]
[17, 6, -7, 7, 109, 39, 11, 77]
[-9, -3, -3, -17, -4, -8, -22, -65]
[-4, -9, -38, -96, -87, -13, -8, 10]
[7, 2, 8, 8, -18, -1, 2, 19]
[-17, -16, -26, -1, 13, -32, -24, -28]
[7, -12, -2, 6, -43, -1, 32, 90]
[-4, 19, 38, 127, 57, 26, -16, -59]
[-10, -5, -8, -41, -18, -25, -6, -20]
