[7, 3, 9, 0, -5, -2, 5, -2]
[0, -5, -1, 13, -41, 10, 8, 6]
[4, -3, -30, -65, 7, -7, 3, -7]
[-7, -19, -57, -115, -49, 12, 27, 18]
[3, 16, 49, 116, 2, -17, -3, -9]
[4, 21, 29, 76, 127, 24, -8, 16]
[0, -5, -8, -33, -61, 8, 37, 11]
[-4, 0, 0, -38, -28, -15, -17, -34]
[2, -6, 4, -9, -33, 11, 4, 18]
[-1, -1, 6, 40, 37, -2, 10, -45]
[-2, -1, 5, 15, -32, -7, -47, 77]
[-3, 4, 3, 6, -25, -10, 16, -33]
[-4, -5, -13, 21, 54, 13, 8, 25]
[-6, -6, -13, -52, -46, -6, -8, -38]
[-5, -2, 2, 24, 69, 8, 9, -13]
[0, 1, 6, 17, -8, 4, 1, 4]
[-2, -7, -7, 5, -58, -13, -9, 8]
[2, 2, 0, -4, 41, 16, 18, 15]
[3, -1, -13, -68, -50, -1, -25, -32]
[-7, -7, -7, 20, 54, -7, -11, 6]
[-3, -1, -22, -25, -8, -16, -3, -11]
[0, 16, 51, 1, -44, 2, 2, 20]
[-4, -10, -22, 13, 16, -4, 0, -30]
[8, 13, 48, 44, -15, 4, 15, 19]
[-1, 1, -4, 3, -6, -8, 1, -4]
[-5, -6, -22, -54, -12, -13, -12, 2]
[0, -11, -37, -43, 11, 8, 4, -3]
[-1, -5, -12, 15, 3, 13, 0, -4]
[5, 11, 25, 20, 9, -5, 8, 5]
[2, 0, 1, 18, -33, 4, -9, 9]
[1, -2, 9, -19, -4, -11, 9, -8]
[0, -9, -31, 13, 5, 8, 9, 5]
[-5, -4, -5, -27, 4, 3, -11, -14]
[-2, -5, -15, -41, -54, -13, 0, 9]
[1, 5, 10, 33, 24, -5, 11, -1]
[1, 0, -1, -27, -2, 7, 6, 5]
[-1, 6, 4, 27, -3, -2, -3, -1]
[-4, 3, 1, -18, -3, 5, -13, -6]
[2, 6, 15, 22, 4, 6, 9, -1]
[3, 6, 15, -2, -15, 6, 5, 10]
[-1, -9, -21, -39, -18, -16, -8, -2]
[1, -5, -21, -28, -32, -4, 2, 2]
[-3, -3, -3, 12, 10, 7, -17, -12]
[-5, -12, -23, -28, -9, -1, -1, -2]
[1, 0, 7, 17, 11, 2, -7, -3]
[2, 5, 12, 20, -2, -1, 3, 3]
[-1, 1, 9, 20, 12, 5, 3, 0]
[-1, -3, 1, 3, 4, -3, 0, 2]
[-4, -12, -29, -47, 0, 6, 5, 2]
[3, 0, 7, 15, -6, -3, 1, 1]
[4, 7, 6, 15, 10, -1, 5, -1]
[-1, 4, 9, 9, -2, -5, -2, -2]
[1, -2, -1, -3, 3, 3, 2, -1]
[-2, -3, -8, -10, -11, -7, -3, 3]
[-1, -5, -10, -11, 5, -1, -3, -2]
[0, 1, 6, 10, 0, -5, -6, -3]
[-1, 2, 16, 15, -7, 2, 5, 3]
[-1, -1, -2, -22, 8, -1, 2, 0]
[0, -3, -2, 2, 3, -5, -1, -1]
[1, 4, 11, 15, 4, -5, -3, 0]
[2, 3, 4, 0, -4, -1, 0, 1]
[-3, -6, -19, -17, -14, -6, -6, 0]
[-2, 1, 12, 8, -1, -5, -1, -4]
[1, -3, -7, 12, 0, 0, -4, -3]
[0, 7, 23, 11, 9, 8, 2, -1]
[3, 0, -3, -8, 15, 3, -4, 1]
[-2, 4, 7, -7, 2, 1, 1, 2]
[-2, -6, -9, -4, -12, -3, -1, -1]
[-4, -2, -2, -6, 13, 2, -1, -1]
[1, 3, 3, 14, 3, -1, 3, 0]
[1, -2, 3, -1, 0, -2, 0, 1]
[0, 0, -8, -16, -7, -1, -1, 1]
[0, -1, 2, 5, 5, 3, 0, -2]
[-2, -3, 7, 11, -10, -6, -6, -4]
[0, -4, -7, 7, -3, 1, 1, -3]
[-1, 1, 7, 3, 12, 4, 3, 3]
[0, 0, -3, -5, -9, -2, 2, 1]
[-4, -3, -6, -15, 11, 1, 1, 1]
[0, -3, -9, 2, -4, -4, -1, -2]
[1, 3, 13, 11, 9, -1, 0, 1]
[-3, -5, -15, -15, -16, 1, -3, -1]
[0, -1, -3, -3, -10, -2, 0, -2]
[-3, 3, 2, 1, 0, -1, -1, 2]
[0, 2, 1, -2, -2, 0, 1, 1]
[-2, -5, -9, -3, 16, 3, 0, -3]
[-1, -1, 0, -5, -8, 0, -1, -2]
[-1, -4, -5, -21, -3, 1, -1, -2]
[1, 5, 18, 30, 8, -1, 1, 1]
[2, 2, 11, 4, -1, -3, 1, 2]
[3, -5, -12, -28, 6, 1, -2, -1]
[-3, -4, -4, 10, -11, -4, -1, -1]
[-4, -2, -8, -22, -2, 1, -1, -1]
[-2, -2, -4, 10, -1, -2, -1, -2]
[-1, 3, 14, 31, -8, -6, 2, 0]
[0, 0, -6, -3, 12, 2, -1, 0]
[1, 2, 2, -10, -18, 0, -2, 0]
[-2, 2, -6, -3, 12, 1, 0, -1]
[0, -4, -11, -20, -12, -4, -3, -2]
[2, -1, 5, 3, 1, -1, 0, 0]
[2, -4, 2, 9, 16, -4, 2, -1]
[1, 4, -5, -17, -16, 0, 0, -2]
[1, 1, -2, -2, 0, 0, -2, 2]
[2, 2, 3, 3, -1, 6, 1, 2]
[-2, -3, -6, -8, 1, 2, 1, -1]
[-6, -7, -9, -7, 5, 1, 0, -2]
[-1, -2, -5, 4, -2, -1, -4, 0]
[-1, 1, 7, 2, -4, -4, -5, 1]
[3, 2, 3, 2, -4, 0, -2, 4]
[0, -2, -5, 8, 6, -1, -2, -2]
[-1, -3, -3, -1, -13, 1, 0, -3]
[-1, 1, 0, -2, 4, 2, 1, -1]
[0, 1, 10, 12, -6, -2, -1, -1]
[0, -5, -5, -10, -5, -1, -3, 0]
[-1, 1, 9, 0, 7, -2, 0, 1]
[-3, -3, -1, 9, 5, 1, 1, 1]
[-2, -1, -11, -13, -5, 3, 3, -2]
[1, 1, -3, 1, 0, 1, 2, -1]
[1, -2, 0, 0, 2, 1, -2, 0]
[3, 0, -1, -4, 0, 1, 0, 0]
[-2, -1, -3, -3, -3, -2, -1, -1]
[0, -4, 1, -6, 2, -5, 0, 0]
[1, -2, -4, -4, -10, -4, 0, -1]
[1, -2, 1, -3, -10, -2, 0, 0]
[2, -4, 6, 3, -3, 2, -1, 1]
[1, -2, 0, 19, 37, 7, 0, 1]
[-4, 3, -4, -1, 3, 2, -1, -1]
[1, 2, -8, -4, -16, -2, 1, -1]
[-2, 4, 4, 3, -4, 0, -3, -2]
[-2, 1, 2, -3, -13, -4, 0, 2]
[-4, -4, 3, 2, -2, -2, 1, -2]
[-2, 0, 1, -1, 10, 0, 0, -1]
[2, -1, -6, -3, 1, -2, 0, 1]
[-2, 0, -4, -1, -9, -3, -1, 0]
[0, -3, -8, -34, -6, -1, 0, 0]
[-1, -6, -8, 18, -11, -5, -1, -1]
[1, 2, 10, 10, 12, 0, 2, 0]
[1, 1, 1, -14, -5, 2, -2, -2]
[-1, 3, 4, 18, -2, 0, -3, -2]
[-4, -4, -7, -26, 1, -1, 0, -3]
[-2, -2, -3, 2, 6, 2, 1, 3]
[-1, 3, 5, -3, -11, -3, -1, -1]
[0, 0, -4, -2, 9, 0, 0, -1]
[3, -2, 8, 3, 4, 0, 0, -2]
[1, -3, -3, 0, -12, -2, 1, -3]
[2, -3, -5, -4, -1, -1, 0, 1]
[-2, 1, 0, 5, 4, -2, -1, -1]
[0, 2, 1, 3, -3, 1, -2, -1]
[0, 4, 3, -2, 4, 1, -2, 2]
[0, -1, -1, -2, -9, -1, -2, 0]
[2, -1, -6, -4, -9, -1, 0, 2]
[-1, -1, -1, 3, 13, 2, 4, 0]
[-4, 0, -5, -6, -2, 3, -1, -5]
[-2, 0, -1, 4, 1, 0, -3, -1]
[-1, 2, 2, -1, -5, -5, -2, -1]
[0, -2, -4, -14, -3, -3, 0, 0]
[1, 2, 5, 9, 2, 0, 0, 0]
[-2, -2, -6, 12, -4, -2, 1, 0]
[-2, 1, 8, -13, 0, 1, 1, 0]
[-1, 3, 7, 20, -12, -1, -1, 1]
[0, -2, -5, -10, 11, 0, 1, -3]
[0, 0, 0, -1, 15, 4, 1, 0]
[0, -3, -5, -8, 2, -1, -5, -1]
[0, 0, -1, -7, -11, -3, -3, -2]
[1, -5, -6, -7, -6, -2, 1, -1]
[1, -3, -1, 1, -8, -3, 2, -3]
[1, -5, -6, 2, 1, -3, 3, -2]
[-2, 2, 5, -4, 5, 1, -1, -1]
[-4, 0, -1, 3, -8, -1, -1, 1]
[-3, -1, 1, 2, 5, 5, 0, 2]
[-4, 2, 1, 4, 3, 4, -1, 1]
[-1, 2, 0, -2, 1, 1, 0, 0]
[2, 2, 5, 2, 8, 1, -1, -1]
[0, -2, -3, -8, -13, -5, -3, -6]
[0, -2, 2, -4, -4, -2, -2, -2]
[-2, -4, -7, 2, -4, 1, -2, 0]
[1, 0, 4, 8, -1, 0, 0, -2]
[0, -1, 1, -15, 7, 0, 0, 2]
[1, 1, -3, 13, -14, -6, -3, 1]
[-2, 1, 3, -1, 14, -1, 1, -2]
[-3, -2, -7, -6, -6, 2, -2, 0]
[-1, -1, -3, -5, 9, -1, 0, -4]
[0, -1, -5, 1, 1, -3, 1, -4]
[-1, 3, 8, 10, -6, 0, -2, -2]
[1, 2, 3, 3, 4, 3, 1, 1]
[-2, -2, 3, 1, -6, -3, -2, 2]
[-1, -1, -4, -8, -6, 0, 0, 2]
[1, -1, -2, 3, 7, -1, 2, 1]
[-2, -3, -5, -5, -3, -1, -1, -3]
[-2, 1, 3, 2, -2, -1, 2, -1]
[1, -2, 5, 7, 2, -2, 0, -3]
[2, 0, -4, -8, -15, -2, -4, -2]
[2, 0, -2, -9, -4, 2, -2, -1]
[2, -1, 0, 9, 17, 1, -2, 1]
[-3, 1, -1, 1, 3, -4, 0, 2]
[-3, -3, -1, -2, -2, 1, 1, 0]
[-1, -3, -3, -2, -5, 2, -2, -3]
[0, 0, 4, 1, -5, 2, 0, -2]
[-3, -3, -2, -3, 4, 1, 1, -2]
[-1, -2, -9, -12, -3, -4, 1, 2]
[-2, 1, 2, 18, 6, -1, 2, 2]
[-2, 4, 16, 7, -5, -1, 1, -1]
[-1, 2, -2, -4, -4, 0, -2, 1]
[1, -1, -4, -3, -9, -3, -4, -2]
[-1, -7, -15, -20, 2, 0, -3, 0]
[3, -1, -3, 13, 2, 0, -3, -1]
[-1, -2, 7, -2, -16, -2, 1, 1]
[1, 3, 2, 8, 10, 0, 1, -1]
[2, 3, 9, 16, 1, 0, 2, 0]
[-1, 1, -7, -3, -4, -2, -3, -1]
[1, 0, -5, 0, 3, 2, -3, -1]
[-2, -3, 1, -4, 3, 1, -2, 0]
[-4, -6, -5, -10, -5, -2, 2, -3]
[-1, 1, -6, -2, 2, 0, 4, 1]
[1, 6, 5, 2, 0, -3, 1, 3]
[-1, 2, 4, 3, 10, 1, -2, 0]
[2, -1, 3, 4, 17, 3, -2, -2]
[0, -5, -2, -6, -13, 0, -3, -3]
[-2, -2, -5, 0, -3, -3, -2, -3]
[-3, 0, 0, -1, -12, -5, 1, -1]
[0, -1, -3, -1, -2, -3, -2, 0]
[1, 2, -4, -6, -2, 0, -2, -2]
[-1, -1, -1, -1, 2, 1, 0, -2]
[-1, 0, 1, 2, -4, 1, 1, -1]
[-2, -1, -1, -3, 0, 0, 1, 0]
[0, 2, 2, -4, -3, 1, -1, 1]
[-3, -6, -5, -11, -2, -3, -2, 1]
[0, -1, 5, 18, 3, -1, 0, -1]
[1, 3, 5, 4, -3, -1, 1, 1]
[-1, 1, 7, 11, -1, 0, 0, 0]
[-3, -3, -7, -6, 5, 2, -2, -2]
[-2, -5, -8, -14, 1, 0, -2, -2]
[-3, 2, 5, 15, 7, -1, -4, 0]
[-1, -3, -8, -3, -3, 1, 0, 2]
[0, 1, 1, -1, -15, -2, -2, -1]
[-1, -2, -4, -15, 0, -1, -1, -1]
[-1, 0, -7, -4, 3, 0, 0, -1]
[-1, 2, -4, -2, -1, 0, -1, 0]
[1, 0, -1, -1, -4, 0, 1, -3]
[2, 1, -2, 3, -1, 1, -1, -1]
[0, 0, 2, -3, -4, -2, -1, -1]
[-3, -5, -2, 3, 11, -2, 0, 1]
[-1, -3, 1, -2, -5, -2, -1, -1]
[-2, 1, 4, 1, 0, -4, -1, 0]
[-3, 2, 0, -2, -7, 3, 1, 0]
[-1, -4, -4, -8, 3, -1, 1, -1]
[0, -4, -5, 8, -8, -2, -2, -2]
[-1, 4, 13, 15, 5, -1, -2, -1]
[1, 2, 1, -4, -10, 0, -1, 1]
[-1, -3, -3, 2, 14, 1, 0, -1]
[0, -3, -6, -9, 6, -1, 1, 0]
[1, 0, 7, 16, -1, 0, 0, 3]
[0, -1, -1, -6, -9, -1, -2, 1]
[0, 1, -1, 0, -5, -2, -1, 0]
[-1, 3, 3, 0, 3, 0, 2, 0]
[-1, -5, -10, -7, 6, -1, -1, -1]
[2, -3, -2, -6, -8, -1, 0, -2]
[0, -1, 3, 4, 8, 4, -1, 2]
[-3, -3, -2, -12, -27, -4, -1, -2]
[-6, -3, -8, -13, -11, -5, -3, -4]
[1, 1, -1, -10, -14, -2, -8, -11]
[0, 2, 2, 18, 78, 6, 28, 6]
[0, 0, -3, -22, -65, -8, -10, 9]
[-3, -4, -3, -3, 49, 4, 6, 11]
[0, -3, -11, -13, -4, -6, -21, -25]
[-1, -4, 1, 17, 21, -1, 9, 3]
[3, 5, 7, 2, -26, 1, -3, -11]
[1, -1, 0, -5, -6, 1, 13, -3]
[4, 2, 4, 16, 29, 6, -6, 32]
[-1, 1, -1, -4, 38, 5, 1, -25]
[-4, -3, -4, -16, -44, -24, 0, 7]
[0, -2, -2, 21, 19, 3, -25, -14]
[-2, -4, -1, -13, -47, 4, 8, 1]
[-1, -5, -3, -11, 8, -10, -7, 5]
[3, -3, 7, 17, 35, 6, 5, 5]
[0, -1, -5, -25, -24, -2, -1, -5]
[-1, 0, 2, 24, 25, -3, 5, 4]
[2, 8, 6, 14, -25, 9, -10, 5]
[-1, 1, -1, 12, 55, 14, 3, -7]
[-2, 1, -2, -26, -69, -14, -3, 3]
[-5, -4, -1, -9, 29, 5, 7, -2]
[-2, -3, -8, -19, -54, -6, -9, -5]
[1, 0, 0, 3, 19, -1, 4, 6]
[3, -2, -5, -1, 28, -2, -16, -8]
[1, 0, 2, 18, -13, -4, 23, -9]
[3, 0, 1, -28, -13, -8, -4, 0]
[0, -3, 1, 31, 15, 5, 14, 11]
[2, 2, 0, -15, -27, -1, 0, 2]
[-2, -2, -3, 10, 41, 0, 3, 2]
[-3, 1, 0, -15, -26, 2, -12, -13]
[-5, 1, 1, 19, 56, -2, -28, -18]
[2, 0, -2, -11, -60, -4, 21, 9]
[-2, -2, 3, 25, -11, 0, -3, 0]
[1, 0, 6, -2, -50, 1, -2, 6]
[2, -3, -8, -24, 41, 5, -11, 5]
[-12, 0, -5, 30, 84, 1, 11, -36]
[-1, 4, 7, -49, -74, -4, 3, 3]
[3, 0, -3, 31, 59, 8, -22, 24]
[0, 0, 8, 25, -11, -2, 7, -17]
[3, 0, 2, -8, 13, 7, -11, 13]
[3, -2, -4, -2, 14, 3, 17, 17]
[-1, -7, -14, -20, -14, -7, 12, -1]
[-2, 1, -2, -41, -83, -17, -35, 2]
[-11, -4, 5, 36, 24, 11, 22, -1]
[5, 5, 9, 46, 127, 28, -2, -5]
[-12, -4, -5, -40, -51, -13, -13, -49]
[6, 0, -3, -6, 5, -12, 14, 31]
[8, 13, 22, 52, 31, 30, 25, -15]
[-2, -11, -17, -62, -55, -22, -57, -35]
[8, 6, 13, 85, 54, 15, 31, 34]
[12, 5, 11, 50, 100, 23, 19, 7]
[-12, -1, -1, -45, -44, -27, -20, -6]
[-4, 2, -9, -41, -98, -5, 23, -8]
[10, 6, 20, 79, 94, 13, 13, 9]
[-7, -12, -24, -27, -36, -2, -23, -24]
[0, -6, 7, -16, -77, -22, -16, 8]
[7, -2, -2, 31, 102, 9, 29, 43]
[-5, -4, -9, -49, -50, -29, -32, -10]
[8, 3, -18, -100, -72, -2, 28, 39]
[16, 2, -8, -21, 46, 6, -13, 0]
[-31, -2, 13, 75, 69, 12, -10, -57]
[-5, -7, -17, -70, -34, -8, -2, -45]
[-8, 1, 20, 104, 111, 7, 14, 18]
[-5, -7, -26, -102, -77, -16, -35, -41]
[8, 3, -2, -11, 88, 15, 6, 23]
[-15, -5, 0, 36, -41, -17, -17, -22]
[-2, -2, -5, 33, 94, 18, 34, 3]
[-4, 3, 6, -11, -32, -28, -17, 5]
[6, -2, 10, 31, -66, -14, -12, 26]
[-2, 2, -3, -59, -93, -1, 4, -35]
[7, -4, 1, 45, -3, -3, -6, 67]
[-15, -3, -10, -3, 38, 17, 4, -30]
[15, 5, 16, 86, 75, 4, 23, 52]
[-17, -13, -32, -112, -84, -44, -44, 5]
[2, 6, 2, -26, 28, -21, -29, -41]
[1, -8, -10, 82, 120, 39, 33, 28]
[1, -3, -29, -128, -128, -26, -11, -28]
[0, 11, 56, 86, 99, 26, 35, 31]
[2, 6, 10, 19, -8, -5, 4, 15]
[0, -1, -3, -12, -35, -11, -1, -25]
[-5, -4, -15, -47, -33, 6, -25, -52]
[23, -2, -12, 25, 35, 2, 9, 85]
[-20, -3, 15, -14, -4, 11, 3, -64]
[10, 2, -12, -49, -54, -36, -18, 26]
[7, 8, 7, 5, -2, 29, -5, -11]
[-6, -3, -13, -35, -61, -5, -7, -15]
[1, 2, -6, -62, -71, -8, -19, 9]
[5, -2, 10, 10, -14, 15, 28, 27]
[-2, 2, 14, 6, 16, 4, 10, 23]
[-17, -8, -5, -73, -26, -21, 7, -3]
[4, 2, -4, 16, 11, 3, -26, -12]
[5, 4, -3, -6, 74, 3, 0, -2]
[5, 4, 10, 29, 74, 0, 12, 30]
[-8, -9, -23, -56, -67, 8, 11, -35]
[-3, -4, 10, 22, 63, 5, 20, -21]
[3, 5, 8, 32, 5, 12, -23, 1]
[-5, -11, -31, -125, -127, -42, -1, 8]
[16, 10, 29, 123, 127, 26, 0, 99]
[-16, -2, -10, -66, -83, 2, -7, -80]
[8, 7, 1, -22, 76, 21, 9, 25]
[-16, -3, -7, -87, -110, -49, -16, 19]
[4, -4, -13, 77, 45, 16, 12, 8]
[8, 2, 14, -33, -15, 12, 19, 19]
[-4, -7, -6, -4, -59, -21, -17, -15]
[-2, -4, -1, -1, -65, -8, -3, -10]
[12, 9, 15, 0, 43, 2, -6, 5]
[2, -5, -11, 9, 30, 17, 1, -12]
[-21, -15, -8, -12, -88, -29, 15, -22]
[1, -2, 17, 68, 80, 19, 10, 28]
[3, 8, 12, 68, 95, 21, -29, -36]
[5, -1, 7, -25, -3, -25, -7, 3]
[1, 3, 2, 75, 75, 23, 56, 44]
[-10, -11, -18, -47, -49, -5, -1, -27]
[11, 17, 10, -90, -47, 18, 8, 34]
[-13, -11, -3, 90, 54, 2, 50, -3]
[0, 1, -7, -87, -59, -14, -66, 1]
[0, 5, 7, 53, 33, 8, -23, -10]
[0, -7, -8, -72, -95, -12, 33, -14]
[14, 0, -6, -11, 10, -13, 7, 81]
[-6, 3, 7, 8, -2, 0, -45, -46]
[-4, 0, -10, 65, 11, 4, 7, -16]
[2, -4, -22, -84, -79, -9, -22, -11]
[-4, 4, 15, 107, 57, 14, -3, 11]
[6, -6, -11, -74, -65, -7, 15, 12]
[2, -4, -9, 10, 59, 8, -7, 0]
[-12, -3, 32, 92, 19, -15, -2, -25]
[-1, 6, -15, -88, -50, 5, -3, -12]
[2, 1, 2, 25, 10, 8, 27, -2]
[-1, -6, -10, -32, 17, 2, -22, -29]
[3, -4, -34, -85, -67, -12, 13, 11]
[-6, 1, 6, 26, 47, 0, -25, -14]
[-5, -8, -3, 17, -32, -8, 28, 13]
[-5, 7, 7, -3, 6, 7, 5, -21]
[-1, -1, 7, 15, -22, -1, 5, 2]
[2, 3, -4, -28, 16, -6, -21, -26]
[9, 0, 7, 38, 15, 14, 11, 54]
[-1, 1, -2, -26, -51, -15, -1, -15]
[0, 0, 10, 36, 57, 26, 35, 10]
[1, 8, 4, -14, -22, -19, -12, 0]
[-3, -7, -19, -44, -23, 1, -13, 2]
[5, 3, 8, 93, 87, 7, 2, 2]
