[2, 7, 14, -57, -93, -13, -10, -13]
[-9, -14, -12, -23, 39, 6, 4, 49]
[0, 0, -16, 8, 29, -4, 1, -14]
[2, 11, 47, 32, 21, 15, -2, 10]
[-5, 0, 10, 21, 25, -11, -2, -14]
[6, -8, -5, -22, -26, 15, -7, 11]
[-7, 0, 8, 3, -38, -22, -21, -13]
[0, -8, -27, -49, -41, -3, 12, 8]
[-1, -1, -13, 14, 83, 4, -11, 7]
[-8, -4, 2, -22, -71, -8, -8, -20]
[2, -4, -1, 26, 42, 15, 26, 13]
[2, 2, -9, -58, -56, -9, -9, -16]
[-1, -1, 6, 60, 80, 6, -6, -5]
[-1, -5, -10, 50, -12, -3, 2, -7]
[0, -1, 6, 5, 104, 14, 11, -4]
[-1, -7, -10, -46, -66, -25, 3, 24]
[-3, -3, -8, -35, 9, 2, -10, -4]
[-3, 3, 15, 10, -14, 0, -18, -18]
[5, 8, 26, 24, 55, 12, 3, 6]
[3, -2, -7, -4, 16, 6, 4, 1]
[-9, -13, -11, -15, 1, -4, -12, -8]
[-2, -6, -26, -34, -38, -10, 8, -2]
[7, 18, 53, 64, 5, 8, -2, -2]
[2, 6, 16, -3, -3, -12, -1, 3]
[-1, -3, -16, 0, -20, -3, 4, -3]
[5, -3, -17, -15, -4, 1, 4, 4]
[-2, -4, -20, -42, -23, -1, -11, -7]
[-1, -7, -12, 2, 26, -1, 3, 0]
[1, 0, 8, 30, 30, 2, -3, 1]
[-2, 2, 3, -19, -2, -2, 2, -4]
[-5, -5, -13, -8, -3, 4, -7, -5]
[-1, 1, 3, 8, -4, 1, -3, 4]
[-1, -3, -10, 14, -6, -2, -2, -4]
[2, 6, 13, -9, -28, 1, -1, -3]
[1, -4, -5, -15, -26, -4, 6, 1]
[1, 5, 15, 42, 41, 11, 9, 9]
[-1, 4, -6, -27, -11, -12, -5, -1]
[1, 0, 3, 19, -5, 3, 4, 1]
[-3, -4, -10, -12, -10, 0, -3, -2]
[1, 4, 16, 7, 21, 10, 0, 0]
[3, 6, 6, 1, 2, 5, -3, -1]
[-2, -1, -3, -3, -7, -6, -5, -2]
[3, 4, 15, 21, 5, 4, 2, 2]
[-1, -4, -9, 5, 18, 0, -2, -1]
[-3, -5, 1, 20, 2, -5, -1, -3]
[3, -1, 1, -6, -1, -4, -1, -2]
[4, 5, -5, 5, 0, 0, -3, 1]
[-1, -2, -5, -9, -1, 0, -1, 0]
[-4, 0, 1, 5, -1, 3, 5, -2]
[-3, 1, -1, 3, 1, 2, 5, 1]
[-2, -4, -15, -24, -29, -6, -2, -1]
[-1, 4, 11, 32, 43, 4, 2, 2]
[-1, -5, -12, -11, -5, -2, -4, -4]
[0, -1, -1, 1, -7, -5, -4, -2]
[-1, 4, 6, 7, 8, -4, 2, 0]
[0, -3, -8, -19, -13, 1, -1, 2]
[-3, -2, -5, -5, 1, -1, 1, 1]
[1, -1, 3, 1, 10, 3, 1, -1]
[1, -2, 5, -5, -17, -6, -6, -1]
[-1, -3, -6, -6, 8, -1, -1, -1]
[-4, 0, -3, -9, -20, -2, 1, -1]
[-2, -1, 1, -7, -9, -2, -2, -2]
[-2, 0, -2, -8, 7, 0, 0, -1]
[-1, -2, 2, 3, -8, -1, 0, 1]
[0, 1, 2, 12, 10, -4, 0, 1]
[-1, 0, 1, 3, 3, -2, 0, -2]
[-2, 0, -5, -4, 8, 0, -3, -3]
[-1, -3, -7, -14, -2, -2, 2, -1]
[3, 2, -5, -2, 3, -2, 2, 1]
[0, 3, 2, -6, -1, -1, -2, 0]
[1, -1, 3, 13, 10, 2, 2, 2]
[0, -2, -3, -1, -15, 2, -1, -1]
[1, -4, -2, 1, 15, -2, -3, -1]
[0, -5, -3, 5, -3, 2, 0, -2]
[1, 0, 1, 10, 1, 0, -1, 0]
[-2, -3, -5, -10, -12, -1, -3, -2]
[-2, -1, -9, -2, -5, 0, -1, -1]
[1, 7, 11, 6, -3, 0, 2, -1]
[0, -2, 0, -6, -11, -2, -1, -2]
[0, 2, -1, 14, 36, 3, 0, 1]
[0, 3, 2, -3, -10, -3, -2, 1]
[-1, -2, -1, -1, -3, -2, 0, 2]
[0, 0, -3, -5, -2, 0, -2, -1]
[0, -6, -4, -7, -12, -5, -3, -1]
[-4, -3, 0, 0, -6, 2, -3, -2]
[-3, -3, -7, 3, 12, -1, -4, -2]
[-1, -1, 6, 5, 3, 0, 1, -1]
[0, 1, -6, -2, -10, -3, 0, -1]
[1, -2, 5, -7, 4, 1, 3, 0]
[-1, 3, -2, -5, -8, -2, -1, -1]
[-3, -2, -12, -42, 12, -1, -2, -1]
[-1, -2, 0, 14, -11, -3, -1, -1]
[0, -1, 8, 14, -8, -5, -2, 0]
[-2, -4, -10, -8, -3, 0, -3, -1]
[0, 3, 6, 3, 0, 3, 1, 2]
[1, 0, -7, -11, 8, 3, -2, -1]
[2, 0, 2, -6, -9, 0, -1, 0]
[2, 0, 4, 4, 3, 0, 1, -1]
[1, -3, -5, 3, 10, -2, 0, -2]
[2, 0, -1, -6, -4, -2, 0, -1]
[-1, 1, 0, 2, -1, 0, 0, -2]
[-2, -4, -1, -2, 0, -2, -1, 0]
[-1, -2, -3, -5, -28, -2, -1, 0]
[-2, -2, 5, 12, 20, 1, 1, 0]
[-1, -3, 1, -3, 5, -1, -1, -1]
[-1, 1, -3, -4, -17, -2, -2, 1]
[-1, 1, -2, 10, 21, 0, 0, 1]
[-1, 1, 1, -3, -14, 0, 0, -2]
[-2, -2, -4, -5, 0, -3, -2, -3]
[1, -3, -4, 2, 6, 2, 0, -1]
[2, -1, 4, 10, -7, 3, 0, 0]
[1, 4, 8, 7, 0, -3, -1, -1]
[0, -2, -5, -7, -2, -1, 0, 1]
[-3, -1, -3, -8, -17, -3, -3, -1]
[1, 2, 9, 20, 31, 3, 1, 0]
[-1, -3, 8, 4, -8, -2, 1, -2]
[0, -2, -2, -2, -2, 1, -1, 1]
[1, -1, 2, 6, 6, -1, 2, -1]
[-3, 1, 0, -5, -20, 0, -2, 1]
[-2, 1, -5, -3, 5, 0, 0, -2]
[2, 2, 0, 4, 10, 1, -1, 1]
[1, 1, 3, 5, 12, -1, 0, 0]
[0, -2, -4, -3, -6, -3, -2, 1]
[-1, -4, -2, 1, -4, 4, -1, 2]
[-2, -3, -1, -14, -10, 0, -2, -3]
[-1, 3, 1, 2, 3, 0, 1, 1]
[0, 0, 6, 12, 2, 0, 0, -3]
[0, 1, 4, -2, 11, -1, 2, 0]
[-1, -2, -5, -6, 0, -3, -3, -3]
[-1, -1, 1, 6, -2, -1, 0, -2]
[-3, -3, -6, -2, 0, -1, -1, -1]
[0, -5, -15, -16, -7, -2, -1, 0]
[1, 6, 15, 15, 4, 0, -3, 0]
[-2, -1, -1, -6, -11, -1, -4, 1]
[0, 0, -1, 1, 7, 1, -3, 1]
[0, 1, -3, -3, -2, -1, -1, 1]
[-5, -2, -5, 1, -4, -3, 1, 2]
[0, -2, 0, -15, -2, 0, 1, -2]
[1, -3, -4, 8, -1, 1, 3, -1]
[-4, -1, 0, -8, -7, 0, -1, 0]
[-1, 0, -5, -4, -3, -2, -1, -1]
[-1, 2, -1, 6, -2, -2, -2, 0]
[0, 1, 4, -7, 8, 4, 2, 1]
[0, -3, -3, 12, 6, 0, -2, -1]
[-1, 2, 9, -2, -5, 1, 1, 2]
[-3, -3, -3, -5, -12, -3, -3, -1]
[0, -3, -11, -21, 9, 1, -3, -3]
[2, 0, 3, 13, -7, 0, 0, -2]
[0, -2, -4, -3, 9, 1, 0, -1]
[1, 1, -2, 3, -1, 0, 1, -1]
[0, 2, 6, -6, -6, 0, -1, 1]
[1, -1, -1, -5, -2, 0, -1, -1]
[1, -1, -2, 7, -6, -3, -3, -2]
[-1, -1, -1, -8, 0, 1, -2, -2]
[-2, -4, -6, 3, -9, 0, -1, 0]
[-3, -1, 6, -3, 13, 1, 2, 1]
[-1, -2, -2, 1, 3, -3, -1, -2]
[-2, -2, -3, -5, -3, -1, -1, 0]
[-2, 0, -3, 0, -2, -3, -1, -2]
[0, 1, -1, 3, 9, 1, 0, 1]
[0, -2, -7, -12, -8, -1, -1, 0]
[-2, -3, -3, 5, 13, 2, 0, 1]
[0, 3, 12, 25, -1, 1, 1, -1]
[0, 3, 1, -6, -13, -1, 0, -2]
[0, -3, -12, -13, -5, -3, -1, -2]
[1, 3, 8, 11, -2, -2, 2, 1]
[-3, -4, -4, -5, 3, 2, -2, 0]
[-1, -3, -2, -2, 2, -1, -1, 1]
[-3, -4, 0, -10, -7, -1, 0, 0]
[0, -3, -7, -3, -5, 0, -2, -1]
[2, 1, 4, 3, 2, 0, 0, 0]
[0, 1, -2, -4, -8, 0, -2, -1]
[-2, -2, -4, -5, -6, 0, 0, 1]
[-1, 0, 0, 5, 13, -1, 3, 1]
[-1, -3, 2, 1, -2, -1, 1, -3]
[-1, 0, -3, -7, -2, 2, 0, 0]
[0, 3, 0, 1, -5, -2, -2, -1]
[0, -1, 3, 1, 0, -3, -1, 1]
[0, 0, -4, -7, -5, -2, -1, -1]
[0, 1, 7, -1, -1, 1, 0, 1]
[-2, -1, 4, 11, -7, 1, -3, -2]
[-1, 0, -1, -7, -8, -2, 0, 0]
[0, -5, -12, -17, -6, -2, -3, 0]
[0, 0, 5, 11, -6, -3, -2, 0]
[1, 2, 2, 10, 8, -2, 2, 0]
[1, 3, 8, 11, 2, -1, 0, -1]
[-2, 0, 4, 4, -9, -2, 2, 0]
[-4, -2, -4, 0, 7, 2, 0, -1]
[-3, 1, 1, -2, -2, -1, -2, 2]
[-2, -1, -4, -3, 7, 0, -1, 0]
[1, -1, -3, -3, 2, 1, 0, -1]
[2, 0, -5, -9, -7, 0, 0, -2]
[3, -3, 2, 3, 4, -2, -1, -1]
[0, -2, -6, -14, -9, -2, 0, -1]
[-1, 2, 1, 5, 6, 2, 1, 0]
[0, -3, -6, -2, -6, 0, -2, -1]
[-3, 0, -2, -2, 0, 1, 0, -1]
[-2, 0, 4, 2, -4, -2, -2, -3]
[1, -1, -3, 6, 2, -1, 0, -4]
[0, 4, 10, -1, -5, -3, 1, 0]
[-1, 2, -1, 9, 20, -1, -3, -1]
[0, -3, -4, -9, -6, -1, -1, -1]
[-3, -4, -1, 6, 12, 1, -2, -1]
[-1, -5, -6, 1, -14, -3, 0, 1]
[1, -1, 7, 4, -3, -1, -1, 0]
[-1, 0, 0, 1, 1, 0, -3, 0]
[-1, 1, -6, -6, -4, -2, 0, 2]
[-1, 0, -8, -12, 0, 1, -2, -2]
[-1, 0, -4, 4, 0, -2, 0, 0]
[0, 0, 4, 8, 3, -1, -2, 1]
[2, 3, 4, -4, -2, 1, 1, -1]
[-2, -2, 1, 5, 4, -1, 1, -2]
[-3, -3, -3, -8, -4, -2, 1, -1]
[2, -1, -3, -3, -7, -1, -2, -1]
[-1, -2, -2, -3, -1, 3, 0, 0]
[0, 0, 2, 2, 6, -1, -1, -1]
[0, -1, -2, -3, -10, -2, -2, -1]
[0, -2, 3, 3, 8, -2, -2, -2]
[-1, 0, -4, -11, 1, 0, -1, 2]
[0, 0, 3, 12, -4, 0, 1, -1]
[1, -2, -5, -13, -1, 1, 0, -2]
[0, 5, 15, 25, 3, 0, 3, -2]
[1, -2, -9, -6, -1, 1, 1, 1]
[-3, 1, -5, -19, -5, -1, -2, 0]
[-1, 0, 0, 11, -4, -1, -1, -1]
[-1, 0, 5, -6, -5, 0, -1, 0]
[-2, -1, 3, 5, 0, -3, -3, 0]
[2, -2, -8, 0, 0, 1, -2, 0]
[-1, 0, -1, -5, 0, -1, -1, 1]
[2, -2, -10, -7, -2, -1, -1, 2]
[3, -1, 5, 5, -2, 0, 1, -1]
[0, -2, -6, -5, 6, -1, 0, 0]
[0, 4, 2, -3, -5, -1, -3, -2]
[-1, -5, -6, -3, 0, 0, -1, -2]
[0, 1, 1, -2, -4, 1, -2, 0]
[0, -3, -1, -9, -12, 0, 0, -1]
[-1, -5, -2, 13, 17, -2, -1, 0]
[-2, 2, 3, -6, -6, -2, 1, 0]
[-1, 1, 2, 1, 0, -3, 1, -2]
[-2, -4, -3, 7, 3, 0, 0, 0]
[1, 5, 11, 0, -7, -2, 0, -1]
[-1, -7, -11, -10, -2, 0, 1, 1]
[-2, 1, 8, 8, 4, 0, 0, -2]
[0, 3, 2, 14, 2, -2, -2, -3]
[2, -1, -6, -4, -6, -1, -1, -1]
[0, 2, -1, -2, -2, -1, -1, 1]
[0, -1, 2, 2, 12, 3, 0, -1]
[-1, -1, -4, -7, -15, -2, -2, 0]
[-1, 0, 0, -7, 8, 1, -1, -1]
[0, -1, -2, -1, -6, 0, -2, -3]
[-1, -1, -1, -3, -2, 0, 0, -1]
[0, -3, 1, -3, 8, 1, 3, -1]
[-2, 1, 0, -1, -5, -3, 1, -1]
[0, -1, -2, -7, -3, -1, 2, -1]
[1, 0, 5, 10, 4, -2, -2, -2]
[1, 0, -1, -4, 9, 3, 0, 0]
[-2, -3, -4, -5, -15, 0, -1, 1]
[-2, 1, 2, 18, 32, 3, -2, -1]
[-1, 1, -3, -17, -23, -3, -1, -1]
[-2, 2, 4, 9, 12, -2, 0, 1]
[0, -4, -5, -16, -4, -1, 0, -2]
[-1, -2, 0, 14, 3, -2, 0, 0]
[0, 0, -3, -6, -20, -1, -2, 0]
[2, 1, 2, -1, -2, 2, 1, 0]
[0, -1, 0, 2, 15, 1, -2, -1]
[-3, 2, 2, 0, -5, 1, 0, -1]
[-2, -4, -8, -19, -31, -8, -4, -2]
[1, 1, 4, 10, -5, 4, 1, -1]
[0, 0, -3, -7, 31, 1, 1, -1]
[-1, -4, -8, -26, -62, -10, -3, -1]
[0, -1, 0, 5, 30, 3, 2, -1]
[-4, -1, -3, -4, -28, -4, -2, -2]
[-2, -2, 1, 12, -1, 2, 0, -3]
[2, 2, 0, -1, 7, -5, 0, -3]
[0, -1, -5, -21, -29, -4, 1, 6]
[1, 2, 2, 23, 34, -1, 1, 5]
[2, 2, 7, 31, 33, 11, 13, 1]
[1, 0, 3, 23, 7, 1, -3, -11]
[-1, -2, 0, 24, 21, -2, -15, -8]
[-6, -4, -7, -43, -29, -8, -14, -18]
[-4, -1, -5, -13, -21, -4, 1, 1]
[4, 2, 3, 22, 85, 16, 13, 2]
[0, 1, -4, -50, -91, -21, -8, 5]
[1, -3, 4, 82, 70, 11, 12, 2]
[-7, -6, -4, -28, 1, -7, -24, -13]
[-6, -3, -1, -20, -34, 0, 13, -13]
[2, 2, 2, 32, 115, 15, -23, -21]
[0, -7, -14, -65, -97, -24, -10, 35]
[-1, 1, -3, 22, -55, -1, 22, -15]
[-3, 2, 3, -3, 53, 13, -8, -15]
[0, 4, 14, 28, 15, 22, 27, 11]
[0, -5, -16, -22, -21, -22, -11, 2]
[3, -1, 2, -4, 44, -2, -21, 3]
[7, -3, -10, -52, -52, -5, 23, 44]
[-7, 0, 0, 35, 47, 9, 8, -31]
[-1, -1, -6, -49, -46, -7, 2, -3]
[-2, -1, -3, -11, -33, -9, 17, 19]
[-11, -2, -3, -1, -10, -25, -46, -48]
[-1, -6, -3, -16, 46, 3, 2, 22]
[4, 4, 4, 2, -11, 10, 20, 6]
[-2, -3, -2, -18, 3, 2, 15, 7]
[-2, -2, -1, 13, 22, -5, 8, -2]
[0, -3, -4, -34, -122, -7, -20, -16]
[1, 6, 16, 65, 108, 27, -10, 7]
[1, -1, -6, 3, -97, -22, -9, 5]
[5, 1, 1, 25, 72, 15, 16, 24]
[-1, -4, -8, -34, -6, -11, -7, -7]
[-1, 4, 4, 0, -24, 6, 10, -11]
[7, 7, 11, 8, 33, 3, -8, 9]
[-2, -3, -3, 17, -29, -1, -7, -1]
[2, -2, -10, -47, -1, 6, 33, -2]
[-5, -1, 8, 33, 48, -4, -24, -23]
[5, 5, 4, -5, 25, 19, 20, 6]
[-3, 3, 7, 24, -27, -3, 3, -22]
[6, 1, 5, 18, 13, 5, 12, 40]
[7, 11, 19, 77, 98, 35, 10, -19]
[-3, -5, -15, -60, -68, -30, -24, -18]
[4, 0, -1, -26, 38, 9, -1, 7]
[-3, -1, -2, 35, -70, -22, -7, 11]
[-1, -4, -3, -24, -13, 9, 8, -7]
[0, -2, 7, 10, -29, 5, -8, 1]
[0, -7, -13, -62, 51, 9, 29, 12]
[-1, 10, 27, 58, 48, 6, 1, 1]
[6, 5, 16, 55, 43, 1, -3, 14]
[-12, -3, -6, -25, -50, -22, -10, -33]
[0, -3, 2, 33, 12, 12, -1, 22]
[-1, -6, -7, -48, 9, 0, -3, -13]
[10, 0, -9, -109, -41, -8, 10, 17]
[-10, 4, 8, 79, 127, 24, 7, 7]
[3, 2, 4, 63, -40, -3, -26, -1]
[-1, 3, 6, 72, -28, -18, -18, -30]
[-3, -12, -22, -100, 47, 10, 27, 43]
[-4, -5, -11, 8, -17, -3, 1, 10]
[-19, -9, -18, 55, -46, -12, -26, -77]
[7, 3, 1, -47, -54, 4, 20, 22]
[-4, -2, 9, 111, 25, -24, -33, -7]
[-2, 2, -7, -104, -65, 6, 5, -39]
[6, -1, 12, 71, 96, 17, -9, 59]
[-8, -8, -19, -63, -35, -7, -15, -22]
[-11, -5, -4, -20, -16, -10, -30, -67]
[35, -3, -8, -61, 9, 5, 52, 127]
[-23, 2, -9, -58, -118, -27, -19, -108]
[2, -4, -9, 27, 77, 1, -4, 17]
[-8, -3, -20, -101, -47, -13, -8, 2]
[-6, -3, 9, 60, -31, -28, -11, -12]
[14, -3, -5, -94, 26, 23, 20, 40]
[-3, 1, 7, -4, 34, -8, -19, -8]
[-1, 0, -9, -18, -94, -11, 15, -13]
[-7, 3, 26, 114, 88, 19, -11, -38]
[12, 0, -14, -111, -28, -19, 13, 70]
[-6, 1, -1, 52, 13, 9, 31, -5]
[6, 0, -15, -7, -64, -20, -19, 21]
[-1, 1, 10, 58, 99, 10, 18, 10]
[4, 0, 8, -14, -100, -3, -7, -17]
[8, 2, 3, 21, 45, 21, -1, 5]
[-6, -2, -6, -64, -70, -12, 27, -9]
[-1, -8, -24, -41, -31, 11, -2, 6]
[3, 19, 41, 86, 50, -2, 6, 2]
[-1, 0, 19, 15, 7, 3, 13, 8]
[8, 11, 22, 19, 37, 9, 22, 13]
[-8, -2, -10, -74, -98, -23, -39, -46]
[14, -8, -22, -36, 46, 0, -7, 101]
[-12, -1, -7, -25, 3, 17, -18, -70]
[-10, -10, -13, -25, -19, -7, 21, 3]
[-6, -6, -4, -1, -78, -11, 1, 13]
[1, 1, -9, -23, -10, 12, 17, 11]
[5, 2, 2, 36, 44, -8, 7, 3]
[-2, 5, 4, -8, -19, 8, -22, -28]
[8, -1, -4, 7, -7, -3, 5, 62]
[-24, -9, 4, 70, 27, 4, 6, -78]
[-3, -4, -10, -21, -47, -8, 23, 23]
[-6, -5, 6, 92, 110, 0, -16, -17]
[6, 4, 5, 32, 40, 7, 10, -6]
[5, 1, 0, 41, -8, 14, 1, 15]
[-1, -5, -14, -36, 57, -14, -29, -4]
[5, 3, 15, 33, 92, 37, 24, 23]
[-3, -5, -11, 41, -55, -13, -13, -21]
[0, 0, 7, -2, 83, -4, -7, -12]
[4, 0, 3, 30, 26, 11, 10, 22]
[-9, -8, -19, -58, -23, -4, -41, -23]
[3, 11, 22, -4, 40, 7, 3, -9]
[0, 0, 0, -18, -9, 13, -3, -19]
[3, 1, -2, -20, -70, -14, 0, 14]
[3, 0, -7, -25, -12, 8, -9, -12]
[11, -6, 8, 76, 126, 7, -6, 75]
[-7, 10, -2, -65, -61, -9, 50, -77]
[-1, 3, 7, 3, -77, -14, -50, -7]
[-4, -4, -4, 4, -39, -12, -6, 1]
[3, 5, -4, -48, -8, 4, -3, -20]
[1, -5, -8, -38, -32, -11, -4, 19]
