[1, -3, -6, -29, -5, 3, -20, 8]
[2, 4, 10, 35, -39, -8, 5, -7]
[-8, -4, 0, -18, 37, 9, -13, -25]
[4, -3, -7, -1, 36, -6, 17, 45]
[-8, -11, -46, -76, -86, -16, -3, -22]
[-2, -2, 32, 79, 87, -5, -4, 20]
[4, 20, 35, -14, -18, 13, 10, -17]
[-4, -7, -6, -28, 1, -7, -21, -12]
[5, -1, -6, 1, 52, 11, 10, 5]
[2, -2, -10, 39, 11, 10, 14, 12]
[-10, -9, -20, -36, -46, -21, -6, -19]
[-1, -2, 1, -9, -46, -14, -19, -3]
[-12, -13, -12, -25, -70, -12, 3, 11]
[9, 5, -5, -25, -6, 5, 4, 20]
[-4, 0, 2, -2, -9, 10, 10, -33]
[6, 1, 6, 51, 81, 14, 13, 47]
[-1, 0, 5, 1, -50, -9, 3, -7]
[1, 0, -13, -83, -64, -14, -6, -3]
[-7, -4, -1, 33, 21, -4, 2, -8]
[2, 3, -2, -41, -35, -10, -9, 6]
[5, 8, 32, 119, 106, 33, 19, 9]
[-1, -4, -14, -72, -27, -16, -2, -4]
[0, -4, -18, -51, 2, -3, -3, -2]
[-1, 0, 9, 20, -12, -2, -15, -13]
[-2, 4, 9, -5, 19, -2, -1, -2]
[-1, 2, 7, 51, 13, 9, 0, -1]
[-1, -1, -1, -8, -8, -2, -3, 3]
[-1, -3, -6, 19, 5, 0, -1, -6]
[0, 2, 7, -42, -28, -6, -28, -35]
[4, -2, -9, -1, 13, 9, 16, 43]
[-3, -5, -9, 14, 1, -9, -5, -11]
[6, 2, 6, -4, 6, 3, -6, 43]
[-6, 2, -4, -2, 45, 15, 32, -65]
[1, -2, -3, -33, -8, -6, -3, -4]
[1, 5, 10, 63, 73, 19, 1, 0]
[-1, 0, -1, -18, -47, -8, -10, -14]
[2, -1, 4, 13, 29, -6, 3, 32]
[-7, -8, -10, 2, -28, -6, -5, -9]
[0, 2, 6, -11, 8, 2, 5, -5]
[-1, 1, 2, -4, -4, -1, 0, -5]
[5, 4, 6, 66, 33, 5, 0, 21]
[-2, 1, 0, -6, -24, -8, 0, -12]
[-5, -8, -13, -2, 19, -2, -13, 3]
[-3, -5, -5, 21, 39, 3, -3, -12]
[-1, 0, 3, 1, -17, 2, -2, 12]
[3, 1, 0, 0, -17, -4, -2, -5]
[-1, -6, -14, -6, -16, 3, -1, 0]
[2, 20, 47, 44, -9, -3, -5, -6]
[0, -3, -8, -21, -1, -7, 3, 7]
[-3, -1, 4, 9, 16, 6, 2, 0]
[1, -4, -17, -40, -14, 0, 0, -2]
[-1, -2, -5, -3, -14, 1, -4, -9]
[0, -3, -4, -23, -20, -1, 0, 12]
[-3, -1, 7, 35, 31, -9, -4, -6]
[2, 5, 5, -4, -9, 1, 2, 0]
[-2, -7, -15, -15, -26, -6, -2, -3]
[0, 1, -2, -6, 20, 1, -1, 6]
[-4, 0, -5, -6, -14, -1, 0, -2]
[-2, -5, -10, -11, 15, 0, 1, -4]
[-2, -5, -8, 21, -7, -1, -2, -1]
[7, 15, 52, 41, 18, 3, 5, 8]
[0, -1, 2, 10, -1, -6, -2, -3]
[-1, 4, 8, -14, -28, -2, -2, 1]
[-1, -1, -7, 4, 4, 6, -1, -5]
[-1, -4, -17, -34, -22, -1, -3, 1]
[0, -1, 1, 22, 9, 5, -4, -3]
[0, 3, 12, 0, -9, -5, 1, 1]
[-4, -5, -15, -63, -39, -2, 0, -2]
[-2, -2, -1, 46, 41, 3, 4, 1]
[-2, -2, 5, -9, -2, 2, 0, -1]
[-2, -5, -18, -32, -13, -3, -4, -3]
[-2, -5, -17, -6, 5, 0, 0, -2]
[0, 2, 11, 5, -19, -8, -2, 3]
[0, 0, -5, 4, 0, 5, 0, -1]
[4, 11, 35, 30, -23, -6, -1, 4]
[-3, -3, -1, 23, 18, -2, -1, -2]
[-1, -6, -10, -13, 6, -3, -2, -2]
[-2, -5, -10, -21, -19, -3, -1, -3]
[-1, -2, -9, 15, 7, 6, 3, -1]
[3, 4, 7, -9, -11, 1, 3, 2]
[-1, -4, -15, -14, 14, 2, -1, 0]
[2, 2, 15, 22, 35, 1, -3, -1]
[-2, -3, -6, -30, -44, -6, -4, -1]
[0, -1, -2, 7, 6, 2, 0, -2]
[-1, -2, -2, -6, -15, -2, 1, 1]
[-2, -3, -6, -15, -6, -1, 1, 0]
[-3, -1, -6, 5, 4, -2, -2, -3]
[1, 4, 8, 28, 5, 2, -1, 0]
[-1, 2, 10, -11, -8, -4, -2, -1]
[-3, -2, -17, -19, -9, -2, -4, -3]
[3, 6, 19, 28, 11, 2, 5, 0]
[1, 4, 16, 2, 5, 3, 2, 2]
[1, -2, -14, -15, -8, 1, -4, -1]
[1, 2, 10, 15, -1, 1, 2, -1]
[-3, -5, -13, -27, -1, -1, -3, -1]
[1, 0, 3, 1, -2, -2, 2, -2]
[0, -4, -11, -29, -10, -2, -2, 0]
[-1, -1, -9, 3, -1, 2, -1, 0]
[1, 5, 6, -4, 3, -2, 1, 3]
[-5, -4, -6, 7, 12, 0, -2, -1]
[-2, -3, -5, -2, -3, 0, 1, -1]
[-2, -5, -9, -15, -3, -1, -1, -2]
[0, -2, -4, 16, 5, -4, -3, -3]
[0, 1, 2, -12, -15, 0, -1, 1]
[-1, 2, 6, 9, 3, 1, -1, 1]
[2, 2, 4, 1, -3, -1, 2, 1]
[-2, -6, -12, -12, -2, -3, -4, 0]
[-2, -4, -9, -11, -1, -2, -2, -2]
[-2, -5, -18, -9, -11, -2, -2, -3]
[1, 9, 39, 47, 11, -2, 2, 0]
[1, 1, 12, 14, 4, -1, 0, 1]
[1, -1, -5, 7, 19, 2, 0, 0]
[-3, 0, -7, -27, -36, -3, 1, 0]
[-2, -2, -8, 5, 31, -2, -1, -1]
[-2, -1, 9, 6, 1, -2, -3, 2]
[2, 1, 1, -7, -4, -2, 0, 0]
[0, -3, -7, 3, -1, -1, -2, -2]
[-1, -2, -10, -19, -13, -3, -2, -1]
[0, -2, 10, 24, 3, 3, 0, 0]
[-1, -5, -10, -11, -6, -2, -2, 0]
[-2, -2, 4, 7, 5, 1, 0, -1]
[-1, 4, 5, -2, -9, -2, 1, 1]
[-2, -5, -13, -19, 5, 1, 1, -2]
[0, -4, -1, 0, -2, 0, 1, -1]
[0, 3, 5, 5, 2, -1, -1, -1]
[-5, -3, -3, -20, -17, -2, -4, -2]
[-2, -1, -7, 8, 5, 2, -1, 0]
[-1, 0, 4, -1, -1, 2, 2, 1]
[0, -1, -5, -11, -1, 0, 1, -1]
[0, 2, 7, 14, -5, -3, -2, 0]
[1, 1, -3, -3, -1, 0, -4, -2]
[-3, -3, -6, 10, 9, -3, -2, -2]
[3, 5, 20, 13, 11, 1, 0, 1]
[-1, -5, -15, -27, -12, -3, -1, 0]
[-1, -2, 2, 12, -7, 1, -1, -1]
[0, 1, -1, -5, 1, 1, -1, 2]
[-3, -3, -7, -10, -5, -2, 0, 0]
[0, -1, 0, 3, 4, -2, -1, -1]
[-2, -1, -6, -11, -1, -3, -2, -2]
[-2, -2, -4, -5, 2, 0, -2, -1]
[-1, -1, 1, 4, 0, 1, 0, 1]
[2, 1, 3, 6, -10, -2, 2, -2]
[0, -1, -4, -8, 2, -2, 1, 0]
[-1, -1, 3, 5, 8, 2, -1, -2]
[1, -1, 0, 5, 5, 1, -2, 0]
[0, -3, -1, -2, 0, 1, 1, 1]
[-1, -3, -7, -7, -11, 0, 0, -2]
[3, 5, 13, 10, -5, -4, -2, -1]
[0, 0, 5, 6, 5, 1, 1, 1]
[-2, -3, -7, 0, -9, -1, -4, -1]
[0, 0, 7, 4, 17, 3, 2, 0]
[0, -2, -7, -12, -13, -1, 1, 1]
[0, -1, -3, 6, 4, -1, -2, -3]
[0, 3, 7, -1, 3, -1, 0, 1]
[0, 2, -7, -28, -14, -2, -1, -1]
[0, 1, 4, 29, 8, 2, -1, -1]
[1, 7, 0, -8, -3, -1, 3, -1]
[-2, -3, -2, 3, -5, -3, -1, -2]
[-1, 1, -1, -9, 4, 1, 0, 0]
[-4, -3, -6, -7, 1, 1, -2, 1]
[-1, -5, -6, -2, -2, -2, 0, 1]
[0, -2, 2, 7, -4, 1, -1, -1]
[0, -1, 1, 4, -5, 0, 0, -1]
[1, -1, 0, -1, 13, 2, -1, -3]
[-1, -5, -3, -5, -17, -5, -2, 0]
[0, 2, 0, -2, -3, -2, -2, 0]
[-2, -3, -1, 2, -5, 0, 0, -1]
[-1, 1, -4, -8, -1, 3, 0, -1]
[0, -2, 0, 1, 8, 1, -1, -1]
[-2, -2, 0, 3, 0, -2, 1, 0]
[-1, -1, 0, 1, -6, -2, -1, -2]
[-1, 1, -3, -6, -3, -2, 1, -1]
[-1, -1, 2, -2, 3, 0, 0, 0]
[-1, -3, -6, -8, -10, -2, 0, 0]
[0, 1, -4, 24, 16, -1, -1, 1]
[1, 4, 13, 7, 0, -2, 0, 0]
[0, -2, 0, 4, -5, 3, 1, -2]
[1, 4, 12, 13, 2, 0, 0, -1]
[-2, -3, -11, -30, 3, -1, -2, -2]
[-2, -3, 3, 10, -4, 0, -2, -2]
[-3, -1, -7, -5, 0, -2, -2, -3]
[-2, -2, -9, -2, -1, -1, -3, -2]
[-3, 0, 3, -1, -8, -1, 0, -1]
[0, 1, -9, -12, -8, 1, -2, 0]
[2, 1, 0, -1, 3, -2, 1, -1]
[1, 0, 2, -1, 6, 0, -1, -1]
[0, -3, -3, -5, -4, -1, 0, 0]
[1, -3, -2, -2, -17, -2, 1, 0]
[-3, -1, -4, 5, 23, 2, 0, -1]
[-2, 1, 1, 2, -3, -3, -4, -1]
[0, 3, 5, 8, -2, 0, -1, 1]
[0, -3, -4, -12, -10, -2, -1, -1]
[1, 0, 0, -3, -4, 0, 0, -1]
[0, -4, 0, -1, -1, 1, 1, -1]
[0, -1, 2, 7, 8, -2, -1, 0]
[0, 1, -2, -9, -3, -1, 0, 0]
[-4, -5, -18, -42, -12, -2, -3, -1]
[2, 5, 19, 44, 10, -3, 0, 1]
[-1, -2, -1, 5, 0, -2, -2, -1]
[0, -1, 2, 4, 8, 1, -1, 2]
[1, -1, -4, 1, -9, 1, 0, 1]
[-2, -2, -7, -10, 8, 1, 1, -1]
[-2, 0, 1, -3, -6, 0, -1, -2]
[-2, 0, 1, 3, -1, 0, 1, 0]
[-2, 0, 1, 5, 5, -1, -2, 1]
[1, -2, -6, -15, -8, -1, 0, -1]
[1, 0, 5, 14, -1, -1, 1, 0]
[-2, -7, -14, -9, 3, 1, 1, -2]
[1, 1, 14, 23, 6, -3, 0, -1]
[-2, -1, -8, -6, 14, 0, -2, 0]
[-2, 1, 2, -1, -7, -3, 1, -1]
[-2, -1, -5, -15, -10, -2, -1, -2]
[0, 1, 3, 2, -9, -2, -1, -1]
[-1, 1, 0, 6, 21, 1, -4, -2]
[-1, -1, -2, -9, 5, 0, -2, 1]
[0, -2, -1, 2, -5, -1, -1, 0]
[0, 0, 2, 4, -9, 0, 0, -1]
[0, 2, -1, -11, -10, -3, -1, 0]
[2, -2, -1, -3, -1, -1, 1, 0]
[-1, 0, 1, -1, 1, 1, -2, -2]
[-2, -5, -10, -14, 0, 2, -1, -1]
[-2, -4, -1, 0, -3, 1, 0, -1]
[-2, 2, 12, 11, 3, -2, 0, -1]
[2, -1, 2, 3, 3, -1, 1, -1]
[-1, -3, -2, 0, 2, 0, 0, 0]
[-2, -4, -5, -1, -5, -2, 0, -1]
[-2, 0, -6, -10, -9, 0, -2, -2]
[0, -1, 5, 9, 4, -1, -1, -1]
[1, -1, -1, -5, 3, 1, 0, 0]
[-3, -2, -8, -10, -7, -2, -1, 1]
[-2, 0, 1, 4, -1, -3, -4, 0]
[-3, -2, 1, 0, -5, -1, -1, -3]
[0, 2, -4, -3, -5, -1, -1, 1]
[-1, 3, 9, 9, 3, 0, 1, -2]
[-2, -2, -2, -1, 10, 2, 0, 1]
[-2, 0, 0, -8, -8, 0, -1, 0]
[-2, -1, 3, 2, -6, -2, 0, -1]
[0, -1, -2, -2, -2, 1, 0, -1]
[0, 1, -1, -6, -3, -2, 1, 0]
[2, -1, 0, 3, 4, 0, 2, 1]
[3, 1, 2, 3, -1, 1, 2, 1]
[0, 0, 3, -5, -10, -2, -2, -2]
[-1, -6, -12, -7, -3, -1, -4, -1]
[0, 0, -5, 6, 3, -1, -1, 0]
[3, 10, 28, 10, 11, 0, -1, -1]
[-2, -3, -4, 16, 2, -1, -3, -2]
[-3, 0, 3, -2, -2, -2, 1, 0]
[-1, -3, -7, -15, 3, -1, 0, 0]
[-3, -2, -7, 1, 1, 0, 1, -1]
[0, 3, 1, -4, -3, -3, 2, 1]
[1, 0, 0, -3, -3, 0, 0, 0]
[1, -1, -4, 0, 2, -1, -2, 0]
[-2, -1, 0, 2, 8, 2, -2, -2]
[1, -3, -2, -9, -7, -2, -3, 0]
[-2, -2, -3, 1, -2, -1, -2, 0]
[-2, 0, 2, -1, 0, -1, 0, -1]
[1, -2, -5, 1, -1, -1, -2, 0]
[-2, -2, -5, -5, -3, -3, -3, -1]
[0, 0, 1, -2, 0, 1, 0, -1]
[-1, -1, 2, 5, 1, 1, 0, 1]
[-2, -3, -5, -5, -2, 0, 1, 1]
[1, 0, 8, 7, 0, -1, 0, 1]
[2, -3, -3, -5, -15, -4, -1, 0]
[-1, -2, -5, -6, 12, 2, -1, 0]
[-2, -1, -2, 8, 4, -2, -3, -3]
[-2, -2, -13, -38, -7, -2, 0, 0]
[0, 3, 8, 23, -10, 0, 1, -1]
[0, 3, 10, -1, -5, -1, 0, 1]
[-2, -4, -11, 1, -6, -1, -2, 0]
[-1, 1, 2, -3, -1, 0, -2, 1]
[0, -2, -5, 7, 31, 4, -2, -2]
[0, 1, -8, -13, -13, -2, 1, -3]
[0, 0, 2, 6, 10, 3, 2, -1]
[1, 1, 0, 0, -15, -3, 0, 0]
[-1, -1, 0, 4, 22, 6, 1, 2]
[-1, -2, 0, -1, -1, -3, -6, -2]
[0, -3, 0, -1, 1, -3, 1, 0]
[-2, -5, -2, 2, 2, -1, -1, -7]
[2, 2, 4, -1, 2, 1, -4, 2]
[2, 0, -2, -5, -9, -3, -2, 3]
[-2, -1, 3, 17, 61, 8, 15, 7]
[-4, -7, 1, -5, -34, -2, -18, -2]
[4, 12, 3, 10, -22, -2, -6, -14]
[1, 1, 0, 2, 50, 0, 1, -2]
[1, 6, 1, -40, -42, -2, 7, -8]
[-4, -5, -7, 22, 18, -5, 3, 2]
[-4, -2, 4, 19, 7, 3, 28, 17]
[2, 1, 4, 18, 22, 6, -16, -2]
[-5, -5, -12, -51, -82, -17, 12, -6]
[-2, -1, -1, -9, 22, 2, -5, -8]
[-4, -10, -6, -22, -13, -4, -7, -1]
[-4, -4, 1, 18, 6, 0, 12, 5]
[11, 4, 5, 15, 28, 11, -14, 1]
[3, 8, 2, -17, -29, -2, -24, -12]
[1, -2, -3, -9, -5, -7, -2, 3]
[-6, -6, -4, 8, -2, 6, 4, 6]
[-5, -18, -1, 58, 102, 5, -5, -23]
[11, 14, -1, -46, -84, -9, -15, 12]
[2, 1, -6, -38, -23, -16, -11, 9]
[-4, -1, 0, -12, -28, 2, 47, -1]
[-7, -7, 2, 28, 12, -3, -18, 7]
[-5, -10, -2, -5, 16, 3, 16, -7]
[0, 1, 0, 11, 10, 1, -3, -4]
[1, 2, -1, -9, -20, -3, -12, 3]
[1, 4, -2, -1, 5, 1, 10, 1]
[-5, -2, 1, 30, 36, 5, 7, -1]
[0, -1, 3, -1, -10, 6, -2, -1]
[3, -2, -6, -26, -54, -11, -4, -1]
[-3, 4, 2, 26, 20, 1, 15, 10]
[-4, -1, -6, -10, -20, -7, -19, -18]
[0, 0, 5, -4, 27, 2, 8, 3]
[5, 5, 12, 7, -7, -1, -7, 2]
[-5, -5, -4, 1, -29, -1, -25, -19]
[1, -4, -1, 0, 53, 12, 45, 5]
[1, -5, -9, 1, -24, -7, 9, 24]
[1, 3, 9, 96, 127, 28, -4, -20]
[4, 1, -12, -78, -128, -38, -3, 36]
[0, 0, 5, -14, -13, 12, 3, -17]
[-4, 1, -3, -13, -35, -14, -14, -5]
[-1, -2, 1, 34, 39, 10, -7, -21]
[3, 2, 1, -12, -15, -2, 8, 12]
[2, 1, 4, -5, 9, 1, -8, -3]
[-3, -7, -12, -37, -48, -18, -2, -7]
[2, 1, 7, -3, -1, 5, -2, 12]
[-3, 6, 6, 14, 76, 15, 5, -28]
[1, 2, 1, 73, 61, 0, -16, 17]
[-5, -5, -2, -16, -29, 2, -11, -3]
[4, 1, -7, -73, -32, -2, 21, 11]
[-2, -7, 2, 35, 29, -11, -25, -11]
[-1, 0, -9, -39, 15, -7, -6, 8]
[0, -10, -14, 63, 44, 1, 12, 2]
[-1, -4, -9, -38, -49, -5, -20, -2]
[2, 7, 30, 67, 33, -4, 3, 4]
[1, 1, 2, 5, -32, 8, 14, 16]
[-2, 0, -5, -37, 6, -1, -14, -26]
[0, -1, -3, 47, 39, 7, 12, 11]
[1, 2, -18, -114, -93, -8, -17, -8]
[2, 3, 8, 74, 37, 10, 20, 12]
[-2, -3, -5, -14, -49, -13, -5, -1]
[0, 2, 0, 8, 14, 7, 15, 13]
[0, -5, -10, -28, -4, -4, -22, -12]
[-1, -5, -6, -75, -102, -22, -27, -8]
[-1, 2, 9, 59, 98, 30, 18, 13]
[-2, 4, 9, -18, -5, -17, -22, -20]
[-5, 1, 3, 55, -47, -2, 21, 21]
[0, -9, -19, -43, -67, -19, -29, -1]
[7, 9, 33, 28, 96, 21, 1, -26]
[-11, -4, 1, 19, -77, -42, -42, -50]
[-2, -3, -5, -29, 29, 5, 26, 45]
[-9, -8, -13, -7, 10, -8, 5, -52]
[0, -4, 2, -4, -70, -10, 11, -9]
[3, 0, -7, -35, 95, 7, 8, 38]
[3, 3, 11, 62, -22, 12, -4, -12]
[4, 1, -6, -42, -18, -1, 16, 14]
[-4, -2, -5, -5, 5, 0, -12, -25]
[-3, 2, -1, -53, -46, 0, 22, 3]
[1, 6, 21, 105, 60, 10, 2, -8]
[-1, -4, -21, -55, 15, 0, -1, 13]
[6, 1, 2, 16, -20, 8, 10, 23]
[5, 5, 1, -33, 59, 9, 4, -2]
[-11, -3, 7, 50, -9, -6, -22, -27]
[6, 1, 24, 124, 127, 26, 31, 25]
[-4, 1, -20, -98, -111, -22, -8, 7]
[1, -1, -6, 41, 90, 3, -20, 10]
[6, -2, -13, -100, -94, -13, 28, -7]
[-8, -2, 11, 53, 1, 4, -2, -12]
[4, 0, -17, -47, 25, -11, -9, 9]
[-2, -1, 10, 2, -41, -1, 13, -12]
[0, -4, -4, 12, 9, 3, 3, 18]
[2, 4, 1, -23, -43, -9, -5, 4]
[-7, -6, -2, 34, 9, 0, 11, -24]
[7, 1, 4, -2, -56, -4, 5, 32]
[1, -7, -24, -81, 50, 12, 7, 17]
[-16, -7, -10, 2, -9, -9, -16, -74]
[-5, -5, -4, -8, 6, -1, -11, -6]
[4, 21, 58, 85, 9, 9, 10, 5]
[-5, -2, -4, -34, -10, -1, 11, -14]
[11, 1, -5, -65, -33, -7, 3, 29]
[1, -10, -23, -29, 17, 1, 2, 12]
[-8, -6, -5, -12, -57, -16, -12, -19]
[1, 3, 14, 34, 20, 8, 0, -11]
[2, -3, 3, 0, 10, 1, 7, 56]
[-1, 7, 8, 7, -8, -6, -13, -25]
[2, -8, -25, -2, 12, 5, 15, -11]
[0, 6, 13, 51, 60, 10, -1, 14]
[-2, -1, -18, -105, -67, -5, -4, -38]
[4, 6, 17, 105, 56, 6, -7, 36]
[-4, -5, -5, 21, -4, -2, -4, -1]
[-3, -5, -24, -103, -49, -11, -11, -40]
[0, -4, 20, 125, 73, 16, 32, 74]
[0, 4, -7, -90, -13, -8, 0, -12]
[-7, -6, -9, -26, -39, -4, -5, -13]
[2, -2, -3, 37, -2, -2, -12, 5]
[0, -1, -1, -48, -35, -9, -1, -6]
[1, 1, 12, 63, 81, 21, 25, -3]
[-2, -6, -17, -6, 33, -10, -13, 10]
[5, 13, 27, -28, -39, 4, 12, 7]
[-4, 0, 1, -12, 1, -8, -11, 0]
[-2, 0, 6, 69, 16, 12, 5, -19]
[3, -2, -13, -31, -8, 2, -4, -1]
[-1, -6, -13, -28, -14, -8, -10, -2]
[-1, 2, 6, 43, 31, 4, -9, -10]
[2, -1, 7, -12, -12, -7, -12, 7]
[-1, 0, -8, 15, -6, 7, 9, 4]
[-4, -5, -9, -29, 0, -9, -8, -12]
[3, 7, 19, 60, 9, -2, -2, 3]
