[-1, 1, -2, -29, -19, 4, 3, 7]
[-2, -2, 0, 8, 9, 1, -3, -4]
[-1, -12, -36, -27, -8, -6, -5, 5]
[-1, -2, 10, 46, -10, -2, -4, -15]
[0, 5, 23, 13, 45, 9, -3, 6]
[-1, -1, -4, -10, -25, -4, -6, -8]
[-3, -4, -4, 1, 35, -6, -4, 2]
[-3, -13, -45, -51, -31, -10, 0, -6]
[5, 17, 49, 57, -4, 6, 1, 1]
[3, 8, 18, -17, -26, -3, -2, 8]
[-1, 2, 9, 39, 24, -2, -1, 4]
[-2, 2, -7, -18, 15, 8, 2, -8]
[-4, -13, -33, -31, -26, 0, -7, 1]
[-3, -6, -7, -16, -7, 2, 0, -3]
[-1, -1, -1, -4, -13, -2, 0, 1]
[3, 4, 7, 11, 8, 2, -3, -5]
[-2, -3, -7, -18, -9, 4, 1, 2]
[-2, -7, -6, -3, -4, -3, -1, 0]
[-1, -3, -7, -10, 3, 0, -3, -1]
[0, 2, 2, 8, 2, 3, 1, 3]
[0, -3, -3, -7, 15, 0, -2, 0]
[-6, -9, -15, 11, -14, -6, -5, -4]
[7, 30, 82, 61, 11, 3, 5, 7]
[1, -3, -4, -20, 7, -7, -2, -1]
[0, -1, -13, -14, -14, 6, -3, 0]
[-1, -5, -9, -11, -9, -9, -5, -5]
[0, -3, -12, 2, -9, -2, -3, -2]
[-2, 6, 13, 19, 15, 6, 3, -1]
[-2, -4, -12, -1, -3, 4, 1, 2]
[1, 2, 12, -16, -4, -2, -3, 1]
[-1, -1, -5, 9, -7, 0, -1, 0]
[0, 4, 5, -5, -1, -1, 0, -3]
[-1, -1, -5, -5, -1, -3, 1, 1]
[-1, 0, -3, -6, 4, 1, -2, 1]
[-2, -4, -8, -12, -8, -6, -2, -1]
[-1, -8, -29, -45, -10, 6, 4, -1]
[2, 7, 43, 47, -10, -5, 0, 0]
[1, 1, 5, 2, 10, 6, 5, 0]
[-2, -6, -15, -19, -6, 1, -3, -3]
[-2, -1, 9, 17, 5, -5, -5, -2]
[-2, -6, -17, -12, 13, 4, -1, 1]
[0, 0, 7, 14, -14, -2, -1, 0]
[-2, -5, -12, -7, -1, 0, 0, 0]
[-3, 1, -1, 2, 10, -2, -2, 0]
[1, 2, -5, -18, -16, -6, -1, 1]
[-1, -2, -1, 3, 7, 1, 1, 0]
[0, -5, -11, -14, -4, 1, 3, 0]
[-1, 1, 12, 11, -11, -1, -1, -1]
[-1, 2, -1, -6, -7, -4, -2, -2]
[-2, -2, -7, -1, -2, 1, 1, 0]
[-1, -3, -5, 1, 1, -1, -1, -3]
[-1, 3, 5, 2, -1, -4, -4, -1]
[-1, -2, -6, 6, 1, 0, 1, 0]
[1, 0, -2, -7, -3, -3, -1, -1]
[-2, 1, -2, 4, 4, -2, 0, -1]
[1, -3, -5, 6, -2, 1, -1, -2]
[-4, -7, -23, -32, -4, -7, -6, -2]
[4, 12, 31, 28, -6, -2, 2, 0]
[0, -1, 0, 10, 19, 5, -1, -3]
[-1, -1, 1, -6, -4, -4, -3, -3]
[2, -2, -5, -18, 7, 2, 0, 0]
[0, -7, -13, -7, -4, 0, 0, 0]
[-2, -1, 0, -11, -9, -4, -2, -1]
[-1, -1, 3, 8, -4, 4, 2, -2]
[-1, -2, -1, 10, 33, 1, 0, 0]
[-4, -1, -9, -15, -30, -6, -2, -2]
[-4, -4, -4, 4, 7, 0, -1, 1]
[-1, -2, -3, -9, 0, -1, 1, -1]
[2, -1, -3, -7, -17, -2, -1, -2]
[2, 3, 3, 8, 8, 1, 2, 0]
[-1, -3, -1, 0, 1, -1, 0, -2]
[0, -3, -3, 2, 4, -2, -1, -2]
[1, 4, 11, 8, -4, 0, 2, -1]
[-1, -5, -15, -15, 4, -1, -2, 0]
[-1, 2, 4, 1, -14, -1, 0, 0]
[-1, 2, 6, 15, 13, 0, -1, 2]
[1, 0, -10, -22, -5, 0, -1, 0]
[-2, -4, -5, 2, -1, -2, -3, 0]
[-3, -3, -14, -31, -10, -4, -3, 0]
[1, 2, 15, 31, 3, 2, 1, 0]
[0, -4, -5, -12, -12, -4, 2, -2]
[-1, 4, 14, 33, 18, 1, -1, -2]
[1, 4, 8, 16, 5, -3, -2, 2]
[0, -2, -6, -17, -5, -3, -2, 0]
[-1, 1, 8, 2, -9, 0, 0, -1]
[-2, -6, -12, -14, -4, 2, 1, 1]
[0, -3, -5, 10, 1, -2, -2, -1]
[-1, -2, -7, -12, -7, -1, -2, -1]
[-2, -2, -3, -1, -13, -1, 0, -2]
[0, 0, -3, -2, 14, 4, 1, -2]
[-1, 1, 0, -3, -9, -1, 2, 0]
[0, -4, -13, -25, -1, 1, 1, 0]
[0, 2, 17, 29, 9, 0, -3, -1]
[0, -1, -2, -5, -8, -2, 0, -2]
[-1, 2, 10, 8, 1, -3, -1, 1]
[-1, 0, -3, -7, -1, -3, -2, -1]
[-3, 0, -3, 2, -1, 0, -1, 1]
[-2, -1, -6, -13, 0, -1, -1, -1]
[0, 1, 2, -4, -8, 0, 0, -2]
[0, -2, -8, 1, 4, -1, -2, 1]
[1, 6, 15, 32, 9, -1, 1, 2]
[-1, -1, -4, -11, -6, 0, 1, -1]
[-1, -3, -5, 3, 3, -1, -1, -1]
[1, 2, 2, 0, -11, 0, 1, 1]
[2, 1, 0, -2, 7, -1, 1, 1]
[1, 2, 6, 11, 11, 4, 0, -1]
[-4, -4, -12, -23, -3, -3, -3, 0]
[-2, -2, -6, 5, -1, -1, 0, -1]
[1, -1, 1, 0, -11, 0, 0, -2]
[0, -3, -4, 0, 3, 0, 2, 0]
[2, 0, 3, -7, -4, -1, -1, -1]
[0, 0, 5, 6, 1, 0, -1, 0]
[-3, -2, -5, -4, 4, 1, -4, 1]
[-2, 0, 2, -12, -16, -3, -1, 1]
[-1, -3, -3, 5, 1, -1, -2, -2]
[-2, 1, 2, 0, 1, -2, -1, 0]
[-2, -3, -4, -6, -3, 1, 1, -1]
[0, 2, 0, 3, 2, 1, -1, 0]
[-1, 1, 3, 0, 3, -2, 0, -2]
[-2, 2, 3, -9, -7, 1, 0, -2]
[-2, 2, 0, 15, 9, 0, -1, -2]
[-2, -2, -1, -3, 3, 0, 0, 0]
[0, -3, -8, -8, -8, -2, -1, 1]
[2, 2, 8, 13, 1, -3, -1, 1]
[0, -3, -9, -27, -27, -2, -1, 0]
[-2, -5, -5, 16, 20, 1, -1, -1]
[-3, -2, -4, 8, 5, -2, -2, -4]
[-2, 2, -1, -5, 1, -2, -2, -2]
[0, -2, -2, -15, -7, 0, 1, 1]
[0, -3, -4, -11, -9, 0, -1, -1]
[-1, -2, 2, -4, -6, -4, 0, -1]
[-3, -5, -5, 12, 4, -1, -1, -1]
[0, 4, 12, 1, 1, -1, 2, 0]
[0, 4, 10, 13, 3, 1, 0, 0]
[-1, 1, -2, -4, -3, 2, -2, -1]
[-3, -1, -1, -1, 0, -3, -3, -3]
[-1, -4, -8, -6, 1, 0, 2, -1]
[2, 1, 5, -1, 2, 0, -1, 0]
[1, 0, -1, 5, 8, -1, -2, -1]
[-1, -1, -1, -4, -4, -2, -2, 0]
[0, -1, -2, 4, 1, 3, 1, -1]
[-1, 0, -2, -5, -5, -1, -2, -1]
[0, 0, -2, 3, 2, 0, 0, 1]
[1, -3, -4, -3, -5, 1, 0, -1]
[1, 0, -2, 8, 16, -1, -1, 0]
[-1, -1, -2, -26, -9, -3, 2, -2]
[-1, 0, -3, 14, -1, -2, -1, -1]
[1, 4, 14, 4, -2, 0, 2, 0]
[-1, -1, -7, 2, -4, -1, -1, -1]
[-1, -1, 0, 10, 31, 1, -1, 1]
[-2, -2, 1, 2, -17, -3, -3, -1]
[0, 2, -4, -3, 12, 0, -2, 0]
[0, -2, -6, -12, -28, 0, -1, -1]
[-1, -4, -10, -20, -11, -3, -2, -3]
[-1, 0, 1, 0, 5, 1, 0, 0]
[-2, -3, -4, -3, -16, -2, -1, -2]
[-2, 1, 10, 9, 28, 3, 2, -2]
[-1, -3, -9, -3, -6, -1, 0, -1]
[-2, -1, 4, 6, 6, -3, 0, -2]
[2, 0, -2, -2, -1, -1, -1, -1]
[1, 0, 2, 1, 4, -1, -2, 3]
[-1, 1, 3, 6, -1, -3, -4, 0]
[-1, -2, -6, -3, -6, -1, -2, 0]
[-2, -2, -4, -5, 0, 1, 0, 0]
[-1, 0, 4, 2, -3, 0, 1, -1]
[1, 1, -4, -11, -2, 0, 1, -1]
[-1, -1, 1, 1, -7, -1, 0, 1]
[-2, -3, -7, -5, 4, -1, 0, -2]
[-1, 0, -6, 2, -1, 0, -2, -1]
[1, 2, 6, 22, -1, -2, -1, 2]
[0, 3, 2, 0, 6, 1, 1, 0]
[0, -2, 0, -2, -2, -1, 0, -1]
[0, -1, -4, -4, 6, 2, 0, -1]
[-1, -1, -1, 0, -5, 0, -2, 0]
[-1, 0, 1, -8, -20, -2, -1, 1]
[-1, -3, -2, 7, 4, -2, 0, -3]
[0, 1, 2, -3, -6, -2, 0, -2]
[0, 0, -3, -6, -10, -1, 0, -2]
[-1, 0, 1, 4, 18, 2, 1, -1]
[-4, 0, 4, -6, -7, -2, 0, -2]
[1, -1, -5, -2, -1, -2, 0, -1]
[-2, -3, 0, 0, -4, -1, 1, 1]
[2, -1, 0, -18, -8, -3, 0, 2]
[0, 0, -2, 8, 0, 0, 0, 0]
[-1, 3, 10, 8, 20, 1, -2, 1]
[-1, -1, 0, 4, -4, 1, -1, -1]
[-1, -4, -5, -24, 1, 3, 0, 0]
[-2, -4, -12, 1, -5, -2, -3, -3]
[1, 1, -4, -7, -17, -3, 1, 1]
[2, 5, 10, 12, 14, 2, 2, -1]
[-2, -2, -4, 3, 6, -1, -2, -3]
[0, -1, 0, -9, -12, 0, -2, 0]
[0, -3, 1, 15, 24, 2, -1, 0]
[0, -4, -5, -12, -19, -2, 1, 1]
[0, -3, -2, -1, -3, -3, 1, -1]
[1, 0, 5, -1, -1, -1, 1, 2]
[-3, -2, -2, -11, 3, -1, 0, -2]
[-1, -1, -5, 0, -10, -2, -1, -1]
[0, 4, 2, -4, -7, -1, -2, 0]
[2, 1, 8, 12, 4, 1, 0, 0]
[-1, -3, -2, -4, -4, -1, 0, 0]
[-2, -1, -2, -3, 8, -1, 0, 0]
[-3, -1, -4, 3, 6, -3, -3, -3]
[1, 2, 2, -7, 10, -1, 0, 2]
[-1, -2, -9, 8, -2, 1, -3, 0]
[0, 1, 10, 0, -4, 0, 1, 0]
[0, -2, -9, -9, -8, -2, 0, 0]
[1, 5, 22, 45, 16, 0, 0, 0]
[0, -1, 2, -8, -7, 0, 1, 0]
[0, -1, -2, -2, 4, 0, -2, -1]
[-2, -2, 1, 1, -11, -3, -3, -2]
[-1, -3, -10, -15, 2, 0, 0, -1]
[-2, -1, 2, 5, -7, 0, 2, 1]
[-2, -1, 3, 1, 4, -2, -1, 0]
[0, 0, 0, -5, -1, -3, -1, -1]
[-2, -3, -8, -7, 5, -2, -2, -1]
[1, 1, 2, 2, -7, -1, -1, 0]
[-1, 1, -2, -4, -1, 0, 1, 0]
[0, -1, 0, 3, 12, 1, -1, 1]
[0, -1, -7, -10, -9, -3, -2, -2]
[1, 1, -4, 4, 1, 0, 0, -2]
[0, -2, 0, -2, -2, 1, 1, -1]
[2, 4, 10, 7, 2, 0, 0, 0]
[-1, -1, 2, -4, -15, -3, 2, -2]
[-1, -3, -7, -16, -22, -2, -1, -1]
[0, -2, -7, -3, -8, -3, -4, 0]
[-1, 0, 5, 23, 44, 1, 0, 0]
[-1, 0, -1, -10, -4, 0, -1, -1]
[-1, 1, 3, 6, 19, 2, 1, -1]
[0, 0, -1, 8, 19, 2, -3, -2]
[1, -1, 0, -4, -21, 0, -1, -4]
[-2, -5, -8, -13, -13, -9, 7, -1]
[-2, 1, -1, -9, -22, 2, -41, -18]
[-2, -4, -3, -7, 5, -3, 29, 17]
[-1, -3, -6, -16, -46, -6, -1, 2]
[1, 1, 4, 15, 14, 3, 10, 4]
[-6, -5, -1, -7, -12, -5, -5, -7]
[0, -1, 4, 27, 22, 3, -8, -2]
[-2, 6, 3, -3, 14, 2, 3, -8]
[3, 0, -3, -1, -14, -5, -6, 3]
[0, 0, 1, -15, -12, 2, 8, -1]
[0, -1, 0, -4, -3, -2, -4, -10]
[-1, -1, 1, -1, 21, 0, 12, 17]
[-1, 3, 4, 26, 39, 7, -18, -16]
[5, 3, 7, 47, 44, 10, 16, 11]
[-4, -4, -11, -68, -96, -15, -4, 10]
[-4, -3, -3, 2, 15, 1, -1, -3]
[0, -4, -8, -34, -14, -2, 10, -1]
[1, 4, 14, 22, 48, 6, -8, -3]
[2, -2, 0, 19, 19, 6, 21, 10]
[-1, 0, -1, 7, -5, -1, 10, -8]
[-2, -2, -5, -8, -24, -5, -33, -1]
[1, 0, -2, 5, 23, 3, 13, 7]
[-3, -1, -4, -13, 11, -5, -12, -7]
[-1, -3, -6, -27, -57, -13, -18, 4]
[-5, 3, 4, 21, 21, 11, 8, -14]
[-1, -1, -5, 10, -27, -13, -13, -15]
[-1, 0, 2, 23, 99, 13, 16, 4]
[1, -2, -4, -24, -51, -7, 12, 19]
[0, -4, -6, -27, 35, 0, -4, 3]
[0, -1, 0, -13, -93, -7, -4, -4]
[0, -3, -2, 13, 55, 6, 13, 10]
[-3, -2, -1, 14, 15, 0, -24, -19]
[4, 4, 11, 12, -31, 0, 9, 13]
[0, 2, -1, -40, 19, 1, 29, 2]
[5, 0, 4, 38, -49, -7, -5, 15]
[1, 4, -1, -2, -16, 9, 7, 3]
[-4, -3, -3, 15, 65, -7, -5, -8]
[3, -2, -7, -28, -29, 0, 13, 29]
[-10, 0, 3, -22, -56, 1, -28, -52]
[8, 2, 0, 21, 43, 4, 17, 53]
[-1, -1, -5, -39, -21, -7, 3, 14]
[-10, 3, 4, -1, 3, -1, 0, -55]
[-5, -3, -1, 45, 43, -6, -22, 0]
[-5, -3, 2, 9, 15, 4, -28, -54]
[7, 0, 4, 13, -27, 8, 33, 43]
[0, -5, -4, -33, -20, -17, -21, 2]
[2, 6, 11, 23, 49, 18, 10, -7]
[-1, -5, -9, -2, 20, -6, 5, 12]
[-7, -2, -8, -48, -86, -15, -10, -37]
[4, -1, -3, 2, 59, 0, 14, 25]
[3, 1, 15, 60, 65, 19, -4, -19]
[-2, -6, -11, -76, -44, -13, 9, 32]
[-1, 1, 12, 87, -8, -4, -21, -30]
[5, -2, -18, -100, -39, 7, 30, 82]
[-7, -5, -13, -66, -55, -36, -68, -62]
[8, 6, 14, 96, 69, 15, 21, 15]
[0, 8, 15, 34, -23, 16, -2, -17]
[5, -1, 1, 27, -40, 4, 3, 3]
[0, 2, -3, 50, 90, 24, 18, 6]
[-11, -9, -8, -34, -109, -29, -19, -11]
[8, 2, -5, -93, -16, 4, 11, 12]
[-12, -2, 4, 58, -13, -7, 3, -52]
[7, 3, 5, -39, 66, 19, 33, 53]
[-1, 3, -1, 17, -32, -15, -14, -8]
[-10, -10, -11, -21, 40, -11, 2, -32]
[5, -5, -2, 16, 50, 4, -12, 31]
[-7, -9, -21, -85, -128, -33, -13, -17]
[1, 6, 12, -10, 82, 27, 0, -21]
[-1, -2, 12, 99, 99, 9, -12, 17]
[-6, 3, 1, -37, 21, -2, 26, 18]
[1, -6, -20, -104, -128, -38, -38, -20]
[-2, -1, -1, 20, 45, 12, 6, -2]
[5, 4, 8, 20, 20, -2, 9, -4]
[-4, 5, 16, 83, 18, -2, -5, -12]
[3, 6, 11, 14, 29, 20, -2, 5]
[-1, 1, 4, -28, -11, -3, -21, -73]
[-4, -9, -14, -36, -40, -7, 17, 68]
[11, 2, -5, -58, 14, 16, 26, 19]
[7, 6, 25, 120, 86, 8, -11, 24]
[-8, 2, -8, -75, -58, 3, 6, -3]
[-3, -3, -10, -33, -62, -12, -12, -24]
[-2, 7, 30, 94, 94, 42, -4, -19]
[-2, -11, -34, -123, -123, -35, -5, 35]
[-1, -4, 3, 34, 41, 11, 8, -11]
[-2, -2, -7, 3, 45, -5, -11, 5]
[9, 1, -8, -9, -28, -21, -8, 12]
[-4, 3, 20, 60, 4, 5, -5, -23]
[-1, -2, 7, 33, 6, 10, 34, 9]
[-5, 7, -5, -77, -12, -6, -5, -25]
[5, -1, -10, -17, -65, -24, -80, -9]
[-14, -3, -1, 51, 32, 27, 47, -25]
[3, 2, 3, 16, 93, -7, 4, 11]
[3, -2, 5, 24, 23, 3, 7, 32]
[-5, 1, 5, 39, 33, 3, -31, -41]
[-7, -14, -26, -89, -35, -20, 21, 56]
[4, 5, 5, -8, -28, -2, 1, -12]
[8, 2, 9, -31, 43, 25, 71, 40]
[-12, -4, -2, 69, 52, -15, -84, -44]
[-3, 4, 3, -60, -128, -31, 3, -23]
[3, 1, 4, -18, 38, 13, 9, 3]
[2, -1, -2, -34, 21, 4, -3, 6]
[0, -7, -7, -9, 8, -6, 46, 17]
[5, 4, -3, 11, 127, 41, 9, 2]
[-4, -9, -19, 5, -41, -26, -22, 4]
[9, 20, 59, 75, 17, 17, 8, 5]
[-1, 0, -5, -83, 37, 15, -7, -39]
[7, 0, 10, 55, 6, -20, -3, 6]
[7, -9, -18, -50, 4, -2, 12, 89]
[-14, -3, -29, -55, -80, -13, -8, -101]
[6, 6, 32, 107, 91, 15, 8, 4]
[3, 6, -3, -78, -67, 18, 21, 8]
[-1, -5, -4, 20, -47, 4, 0, 0]
[-6, -10, -19, 7, -3, -17, 0, 9]
[-1, 2, -2, -81, -84, 0, 24, 18]
[-3, -3, -5, 33, 0, 2, 2, -24]
[-3, -3, -7, -70, -70, -24, -11, 1]
[0, -3, -16, 16, 2, 8, -28, -9]
[-3, -5, -1, 59, 5, 0, 10, 0]
[0, 9, 28, -60, -36, -4, -3, 6]
[-3, 5, 8, -30, 65, -10, -21, -30]
[0, -7, -10, 93, -10, 2, 4, 34]
[-5, 0, -8, -47, -4, -5, 1, -27]
[0, 1, 21, 61, 3, -9, -29, -12]
[7, 1, -2, -40, -71, -11, 1, 22]
[1, 5, 2, 43, 66, 31, 18, 22]
[-8, -8, -18, -33, -11, -5, -6, -50]
[4, 3, 2, 35, 74, 17, -8, -22]
[-1, 0, 1, 28, -28, -10, -15, -5]
[6, -3, -8, -70, -95, -11, -6, 8]
[5, 3, 6, 26, 34, -1, 18, 35]
[-4, -4, -10, -67, -48, -7, -8, -5]
[-12, -7, -8, 27, -6, -6, -5, -13]
[2, 3, 19, -14, 14, 9, -14, -7]
[-4, -5, -1, -52, -14, -13, 5, 8]
[-2, -8, -16, 39, 40, -4, 2, 4]
[-1, -4, -14, -17, -9, -1, -6, -7]
[2, 9, 21, 12, 41, 2, -3, -8]
[0, -1, -12, -26, -34, -5, 1, 7]
[6, 2, 6, 6, 13, -12, 14, 28]
[-3, -1, -5, 27, 67, 13, -2, -24]
[-5, -4, 2, -18, -81, -13, -16, -8]
