[1, 0, 8, -16, -34, -3, 2, -1]
[2, 3, -5, 7, 20, -1, 18, 52]
[-3, 0, -1, 5, -12, 5, 19, -38]
[2, -2, -5, 50, 97, 17, -10, -16]
[0, -2, -1, -6, -35, -3, 3, 14]
[-1, -4, 0, 2, -70, -6, -5, -7]
[2, 2, 5, -18, -23, -8, 10, 6]
[-1, -3, -8, 6, -22, -11, -1, 2]
[1, 0, 2, 28, 32, 6, 4, 4]
[-3, -6, -21, -22, 25, 7, -5, -14]
[-2, -1, -9, 3, -7, 3, -8, 4]
[3, 8, 42, 70, 6, -4, -5, -10]
[1, -1, -8, -22, -29, -12, -1, 12]
[-5, 3, 8, 37, 19, -2, -1, -8]
[-1, 1, 13, 18, 44, 8, -5, -1]
[-2, -8, -22, -24, -23, -5, -2, 3]
[-2, -1, 1, -9, -8, -3, 7, 3]
[0, 0, -7, -22, 0, 1, -2, -9]
[1, -1, -5, 12, 6, 16, -5, -4]
[2, 2, -2, -24, -22, -31, -4, 2]
[0, -4, -3, -3, -14, 7, 4, 7]
[-4, -5, -9, 3, -2, -4, -4, -9]
[3, 5, 14, 19, 14, 0, -1, 3]
[2, 2, -6, -28, -4, 5, 0, -1]
[-3, -9, -30, -31, -7, -1, -2, -3]
[-4, -1, 11, 38, -4, -8, -8, -4]
[4, 6, 11, 17, -3, 4, 6, 4]
[0, 4, 8, -25, -6, 11, 9, 5]
[-2, -1, 13, 45, 43, -1, -2, -2]
[-1, -1, 1, -9, 19, 1, 1, -3]
[-3, -5, -14, -18, -16, -5, -5, -2]
[-4, -7, -22, -50, -10, -3, -7, -3]
[2, -5, -12, -2, -17, 3, -2, -1]
[0, 4, 13, 0, -1, -3, -1, -1]
[0, 2, 12, 14, 3, 1, 1, 1]
[-2, 0, 0, -5, 6, -3, -4, -2]
[-2, 0, -1, -14, -9, 0, 3, -2]
[3, 3, -4, 0, -1, 0, 0, 2]
[2, -3, -13, -29, -15, 0, 1, 0]
[-4, -5, -5, 9, 16, 9, 1, -1]
[1, 5, 11, 17, -11, -10, -3, 1]
[1, -2, -5, -20, -14, -1, 1, -3]
[1, 1, -5, 15, 10, 2, -2, 3]
[-1, -3, -3, -9, 3, -1, -2, 0]
[-1, -2, -4, -6, -11, -3, -3, 1]
[-2, 0, -4, -1, -4, 0, 1, -3]
[-1, 0, 10, -5, 1, -3, -1, -1]
[-2, -5, -8, -15, -1, -3, 1, -2]
[-2, 1, 9, 10, -15, 2, 2, 1]
[-2, -3, -2, -5, 8, 1, -3, -4]
[-2, 1, 1, 2, -6, 1, 0, -1]
[-4, 3, 3, 6, -5, 1, 0, -2]
[-1, -1, -4, -14, 22, 0, 1, 2]
[-3, -6, -6, -7, -6, -3, -1, -1]
[0, -2, 10, 17, 4, -2, -2, 0]
[1, -1, -5, -6, 0, 0, 0, 1]
[1, -5, -19, -19, -13, 1, -1, -1]
[-1, 7, 25, 23, 2, 0, 3, 0]
[-1, 2, 5, 1, 0, 0, -3, 0]
[-1, -2, -5, -9, 0, 0, -1, 0]
[2, 4, 10, 10, 0, 5, -1, -1]
[1, -2, -5, -5, -6, -3, 1, 1]
[1, -3, -3, 8, 1, 0, 1, 1]
[3, 2, -5, -17, 3, -1, 2, 0]
[2, 1, 7, 2, -3, -1, -2, 0]
[3, -2, -1, -2, 6, 4, -1, -1]
[-1, -4, -3, -5, -10, -4, -1, -1]
[1, -2, 2, 15, 28, 3, 1, 0]
[-3, -1, -4, -17, -39, -6, -2, 0]
[-2, 3, -1, -9, -12, -2, -1, 0]
[-2, -1, -4, -21, 4, 5, 1, 0]
[0, -2, 2, 23, 2, 1, -3, 1]
[0, 0, 4, 3, 9, 0, 1, 0]
[-1, -1, 0, -4, -1, 0, -3, -2]
[-1, -2, -3, -4, -4, -1, -2, -2]
[0, 0, -3, 11, -2, -2, 1, -2]
[0, 1, 2, -9, 1, -1, 2, 0]
[-1, 2, 8, 14, -12, -3, 2, 1]
[1, 2, -1, 13, 7, 2, 3, 2]
[-2, -1, -3, -5, -3, 0, -1, 0]
[0, -3, -9, -13, -2, -3, -2, 1]
[-3, -6, -16, -17, 2, -3, -2, -1]
[2, 5, 15, 29, 4, -2, -1, 0]
[2, 1, 4, -1, -5, -2, 0, -2]
[1, 2, 5, 2, -5, 2, 1, 1]
[-1, -3, -13, -18, 3, -2, -1, -1]
[0, 2, 6, 1, 13, 1, -3, 1]
[-1, -5, -6, -5, -6, 0, -2, -2]
[-2, 0, 7, 5, 6, 2, 1, 0]
[-2, -3, -10, -6, -9, -6, -3, -2]
[-4, -2, -4, 0, -4, 2, 0, -1]
[2, 4, 8, 1, 2, 0, -1, 0]
[0, -1, -6, -3, 2, 1, 2, -1]
[1, -2, -2, 1, -13, -3, 0, -1]
[0, -2, -6, 1, 3, -3, -2, -1]
[-2, -1, -2, -10, -6, -1, -4, -2]
[-3, -3, -5, -2, 5, 5, 1, 0]
[0, 3, 9, 7, 5, 0, -1, 0]
[-1, -1, -3, -9, -6, -4, -2, -3]
[0, -3, -4, -2, -2, -2, 1, -1]
[-1, -2, 0, -23, -7, 0, -1, -1]
[-1, -3, 2, 27, 8, 2, -1, 0]
[0, 0, -5, -16, -6, -1, -1, 0]
[-1, 3, -1, 16, 6, 4, 1, 1]
[0, 2, 18, 15, 3, -2, -3, -2]
[0, 2, 2, 0, 1, 0, 2, 1]
[-3, -5, -7, -8, -5, -3, -3, 0]
[-1, -3, -7, -11, -10, -3, 0, 1]
[-2, -3, -9, 2, 5, 2, -2, 0]
[0, 3, 2, -12, -9, -1, -1, 0]
[-1, 1, 0, 12, 6, 3, 0, -1]
[-1, -2, 1, -5, 10, -1, 2, 0]
[-1, -3, 0, 1, -3, -4, -2, -3]
[0, -2, -2, -1, 5, 0, -2, -1]
[0, -2, -3, -6, -7, -2, 2, 0]
[1, -2, 0, -4, -6, 0, 0, -1]
[0, -1, -5, 3, 2, -3, -2, -1]
[-3, -1, -5, 0, 3, 1, 0, -2]
[-3, -1, 0, -6, -4, -4, -2, -1]
[0, 1, 5, -2, 2, 2, 0, -1]
[0, 0, -5, 7, 1, 0, 0, 0]
[0, -1, 3, -4, -4, 0, 1, 1]
[-1, -5, 0, 7, 0, -2, -3, -3]
[0, 0, 2, 3, 1, 2, -1, 0]
[-1, 0, -6, -14, -2, 0, -1, -1]
[1, -3, -6, -5, -2, -3, -1, -1]
[4, 6, 9, 6, 1, -2, 1, 1]
[-1, 0, -3, -2, -1, 1, -1, 0]
[-1, -2, 2, -15, -1, 0, 1, -1]
[-3, -3, -5, 19, -4, -1, -2, -1]
[-2, 1, 16, 31, 2, -2, 0, 0]
[-2, 0, 0, -7, 2, -1, -1, 1]
[0, 0, 1, 8, -4, -2, -2, 0]
[-1, -3, -9, -25, -6, 1, 0, -2]
[0, -1, -7, -8, 2, 1, -4, -1]
[2, 1, -1, 9, 1, 0, -1, 0]
[0, 0, -6, -1, 1, 0, -1, 0]
[0, 1, 6, -1, -1, -4, -2, -2]
[-1, -2, -2, -2, -5, -2, 2, 0]
[0, -3, -5, -11, 1, 2, 1, -1]
[-2, -3, -1, 6, 3, 0, -3, -3]
[1, 2, 1, -11, -11, -3, -1, 0]
[1, -1, 1, -1, 2, 0, 1, 1]
[-2, -6, -10, -5, 8, 2, 0, -1]
[-1, -3, -7, -17, 0, 1, -1, -1]
[-1, 2, 4, 32, 1, -1, 1, 1]
[-1, 5, 2, -2, 0, -2, 1, 1]
[0, 1, -1, -3, -4, -1, -1, -1]
[0, -2, -2, 0, -2, -2, -1, -4]
[0, -1, -3, -7, 7, -1, -4, -2]
[0, -5, -5, -19, -8, -2, -1, 0]
[2, 1, 7, 24, -3, 0, 1, 2]
[1, 0, -2, 4, 9, 1, 1, 1]
[-1, -1, -3, 0, -5, -3, -2, -3]
[-3, -3, -3, -4, -16, -3, -1, -3]
[0, 1, 4, -3, -5, 2, 0, -2]
[-2, -2, 3, 9, 16, 0, -1, 0]
[-2, 1, -1, -7, 2, -1, -1, -1]
[-1, -3, -5, 1, 11, 0, -1, -1]
[-1, -2, -4, -11, -13, -2, -1, 0]
[0, 2, 4, 2, -12, -4, -1, 0]
[0, 1, 3, 1, 6, -2, 1, 0]
[-3, -3, -5, -11, -4, 1, -1, -1]
[1, 3, 7, 11, 1, 0, 1, 1]
[0, 0, -4, -9, 1, 1, 0, 0]
[-1, -4, -4, -2, -2, -3, -2, -2]
[2, 1, -4, -5, 1, 1, -1, -2]
[1, 1, 10, 12, 7, 2, -1, -2]
[-1, -1, 7, 0, 0, 0, -1, -2]
[-3, -2, -5, 14, -1, -1, -2, 0]
[-1, 0, -1, -10, 1, -1, 0, -1]
[0, -2, -2, -7, -1, -1, -2, -2]
[0, -2, -4, 6, -4, -2, 0, 2]
[0, 0, -2, -10, 3, 1, 1, 0]
[1, -2, -2, 4, -7, -2, -2, -1]
[-2, -2, -2, -3, -8, 2, -1, 0]
[-2, 0, 4, 12, 16, 3, 0, -1]
[-1, -3, 3, -1, 0, -5, -2, -1]
[1, -1, 3, 4, 2, -4, -3, 0]
[-1, 0, -4, -16, -6, -1, -2, 0]
[2, 0, -4, -1, -16, -1, 0, 0]
[-1, 0, 4, 1, 2, 0, -1, 0]
[-4, -2, -2, 3, -1, 1, 0, -2]
[-3, -1, -2, -8, -5, -4, -1, -2]
[0, -1, -4, -5, 0, 4, 0, 0]
[1, 2, 2, 4, 2, -1, -1, 0]
[0, 0, -1, 1, -1, -1, 0, 0]
[-1, -3, -9, -10, 7, 0, -1, -1]
[0, 0, -7, -3, -1, -2, 1, 0]
[0, 3, 15, -6, 4, -1, -1, 0]
[-1, -5, -6, 21, -5, 1, -3, -2]
[0, 2, 8, 9, 9, 2, 1, 1]
[-1, -2, -4, -20, -8, 0, 1, -1]
[-1, -6, -10, -4, -8, -1, -3, 1]
[1, 1, 6, -2, -6, -1, 0, 1]
[0, 1, 3, 10, 15, 1, -1, -1]
[-1, 0, -5, 3, 3, -3, -1, 1]
[0, -3, -5, 2, 0, -2, 2, -2]
[0, 2, -2, -12, 3, 1, 1, 1]
[0, -2, -2, 2, -8, -2, 0, -2]
[-1, -2, 0, -6, -8, -2, -3, -1]
[0, 0, 3, 8, 15, 1, -1, -2]
[0, 0, -1, -2, -5, -4, -2, -1]
[-1, -1, 0, -1, 3, 1, 1, 1]
[-1, 0, -2, -2, -10, 0, 0, -1]
[0, -2, -3, -4, -7, -1, 0, 1]
[-3, 0, 4, 7, 3, 1, 0, -1]
[2, 2, -3, -1, 8, -1, 1, 1]
[0, 1, 4, 4, -5, -3, -1, -1]
[0, -1, -7, -7, -5, 0, -2, -2]
[-3, -2, -16, -16, -2, 0, -1, 0]
[-1, 5, 25, 37, -1, 1, 1, -1]
[-1, 1, 6, 7, -1, -1, -1, 0]
[-1, -2, -5, -20, -1, 0, 1, 1]
[0, -3, -7, 0, -2, -2, -2, -2]
[0, 1, -7, -2, -1, 0, -2, 0]
[0, 0, -5, -2, -4, 1, 0, -1]
[-3, -2, 3, 6, 17, 3, -1, -2]
[0, -2, -1, -10, -10, -4, -1, 0]
[-1, -1, -8, -13, 4, -2, 0, -1]
[-3, -2, 3, 8, 5, 1, -1, -1]
[-1, -1, -4, -6, -16, -3, -2, -1]
[-1, 2, 2, 0, -8, -2, 1, -1]
[0, -4, -3, -5, -9, -4, -2, -2]
[0, 0, -1, 5, 30, 8, 1, 3]
[-2, -3, -2, -9, -23, -4, -1, -3]
[0, 0, 5, 5, 2, -1, -1, 0]
[0, -2, -7, -27, -21, -3, 1, -1]
[1, 4, 3, 29, 32, 5, 2, 1]
[-4, -2, -4, -9, -48, -5, -3, -2]
[-4, -3, 3, 8, 21, -3, 0, -5]
[-2, -1, -7, -11, -44, -5, -1, 3]
[-3, -5, -3, -24, -1, -8, -3, -5]
[1, 3, 4, 18, 15, 0, -1, -5]
[0, 0, 0, -13, -36, 0, 2, 12]
[-1, -3, -1, 13, 40, 2, -5, -2]
[2, -1, -1, -4, -9, 4, 32, 4]
[0, 2, 3, 0, 11, -1, -14, -5]
[-1, -3, -5, -6, -60, -6, 4, -2]
[0, 1, -2, 6, 43, 2, -4, 4]
[-1, 1, 0, -11, -16, -4, -19, -8]
[1, -1, -3, 6, 16, -3, -3, 3]
[2, 4, 7, 8, 25, 6, 2, -2]
[-4, -6, -3, 4, -13, -4, -2, -2]
[-3, -3, -2, 2, 16, 2, -10, 0]
[-1, -1, -4, -32, -71, -5, 3, 1]
[1, 0, 6, 15, 38, 5, -7, -1]
[-2, -1, -5, -2, -13, -3, 5, -3]
[2, 3, 5, -9, 5, -1, -2, -1]
[-1, 0, -2, 24, 20, 2, 2, 2]
[-3, -2, -3, -21, -7, -3, -1, -6]
[2, 1, 5, 24, 41, 6, 3, 7]
[3, -3, -1, -7, -17, -1, -1, 0]
[2, 1, -1, -10, -7, 0, -2, -4]
[1, 2, 6, 36, 45, 7, 1, 7]
[-3, -6, -12, -53, -60, -7, -6, -4]
[-2, -1, 1, 38, 16, -1, 13, 3]
[-5, -3, -8, -45, -71, -12, 3, -2]
[0, 1, -2, 11, 28, 2, -3, -7]
[0, 0, 15, 32, -24, 2, 16, 7]
[1, 0, -1, 10, 62, 6, -9, 4]
[-2, 0, 1, -6, -22, 4, 1, -14]
[0, 2, 3, 26, 39, 3, 2, -4]
[-2, -4, -11, -53, -77, -17, -21, -19]
[-1, -1, -1, -10, 6, 5, 23, 26]
[0, 2, 5, 19, 37, 4, -8, -5]
[1, -2, -7, -13, -38, -8, -5, 6]
[3, 3, 3, -19, 12, 4, 2, 2]
[1, 3, 6, 58, 4, 2, -22, -14]
[-4, -3, -10, -32, 2, -3, 2, 8]
[1, -1, -7, -35, -34, -10, 3, 1]
[2, 5, 11, 60, 104, 23, 8, 0]
[-1, -2, -8, -70, -90, -16, -12, -6]
[3, -1, 4, 35, 9, 6, 21, 19]
[-3, -1, 5, 43, 36, -4, -23, -14]
[-5, 0, -4, -35, -38, 2, 5, -19]
[1, 2, 4, 11, 37, 2, -3, -10]
[1, -2, -5, -42, -39, -1, 13, 3]
[3, 10, 21, 54, 94, 28, 2, -13]
[-4, -2, -3, 13, 28, -1, -1, 12]
[4, 0, -4, -18, -54, -6, 8, 1]
[-2, 0, 3, -2, 70, 9, -16, -12]
[-1, -5, -6, -3, -46, -13, -5, 14]
[0, 0, -2, 6, 60, 5, -1, -14]
[-3, -3, -1, -10, -73, -8, 6, 7]
[2, 1, 7, 30, 58, 8, 5, 26]
[0, -6, -22, -52, -71, -10, -3, 3]
[0, 2, 6, -13, 44, 5, 7, -11]
[-9, -4, -8, 50, 26, -6, -30, -22]
[2, 10, 37, 99, 52, 10, 1, -16]
[5, -3, -7, -65, -47, 5, 19, 46]
[-8, -4, -4, 33, 1, -15, -28, -4]
[0, 1, -2, -45, 4, 2, 5, -4]
[5, 7, 14, 13, 28, 6, -4, 2]
[-4, -5, -6, 50, -16, -12, -11, 10]
[-2, -2, 5, 29, 43, 11, -18, -14]
[-3, 4, 7, 2, -27, -5, 6, -34]
[-1, -6, -18, -16, 55, 6, 20, 21]
[0, 4, 5, -56, -28, 10, 3, -24]
[5, 0, 5, 25, -22, -6, -1, -5]
[0, -5, -5, 4, 12, 11, 6, 26]
[-4, -5, -6, -36, -45, -8, -13, -28]
[6, 7, 0, -6, 14, -10, -12, -6]
[-12, -5, -13, -98, -57, -10, 9, -8]
[1, 0, 13, 80, 58, 2, 5, 10]
[-2, -11, -29, -55, 43, 2, 7, 6]
[4, 9, 36, 57, 8, 20, 13, 5]
[5, 3, 9, 86, 54, 5, -3, 14]
[1, -3, -1, -31, 21, -2, -4, 27]
[-2, 0, -15, -38, -98, -5, 13, 6]
[-6, -6, -12, -55, -56, -19, -6, -30]
[-1, -6, -10, 13, 23, 1, -29, -12]
[-2, 0, 5, -15, -35, 0, 6, 3]
[10, -3, 1, 109, 70, 1, 3, 29]
[-9, -6, -12, -23, -28, 5, 4, -18]
[7, 7, 8, -35, -41, 6, 14, 2]
[-6, -5, -15, -47, -2, -14, -1, -14]
[-5, -3, -7, -67, -66, -16, -18, 11]
[-1, -3, -5, 4, -22, -11, 3, 3]
[-3, -3, 2, 26, 40, -5, 12, 5]
[-2, 2, 6, 36, -70, 0, -53, -18]
[5, 7, 8, -7, -50, -12, 20, 8]
[-2, -7, -13, -38, 74, 14, -15, -1]
[1, -4, -6, 26, -76, -7, 9, 20]
[9, 7, 11, -17, 40, 3, 26, 42]
[-19, -13, -8, 2, -14, -7, -32, -89]
[6, 4, 4, 3, 52, 3, -16, -10]
[-3, -9, -19, -68, 45, -5, -17, 10]
[0, 3, 4, 35, -69, -23, 7, 33]
[-3, -4, -2, 15, 63, 4, -8, -9]
[-8, -7, -17, -61, -76, -13, 6, -13]
[1, 4, 3, 16, 29, 14, 9, -5]
[7, 3, -9, -15, 35, 1, 7, -11]
[0, 4, 12, -16, 16, -3, -6, 8]
[-3, 1, 13, 72, 64, 4, 3, 3]
[2, -1, -2, -33, -45, -1, 3, -1]
[-5, -5, -8, -21, -22, -11, -8, -8]
[5, 3, 11, 42, -40, 1, 24, 40]
[-1, -6, -19, -42, 15, -3, -8, 5]
[5, 5, 7, 3, -30, -1, 10, 19]
[2, -2, -2, -39, 33, 15, 25, -17]
[-8, -5, 1, 22, 105, 9, -25, 9]
[-6, -3, -6, -1, -30, -20, 8, 2]
[0, -2, -5, -7, -64, -6, 7, -9]
[3, -1, 3, -14, 0, 0, 1, -2]
[-1, 7, 7, -5, 3, 15, -8, -8]
[9, 0, 5, 75, 49, 13, 49, 40]
[1, 8, 11, 48, 39, 8, -2, -9]
[-4, -3, -5, -8, 60, 12, 1, -12]
[1, -5, -16, -83, -112, -23, -7, -25]
[2, 9, 31, 68, 62, 22, 1, 26]
[-5, -6, -11, 39, 4, -11, -10, -9]
[-5, -7, -26, -34, -24, -1, 2, -3]
[6, 11, 40, 47, 12, 0, 2, 4]
[1, 4, 8, -37, -36, -2, -3, -1]
[6, 7, 22, 33, 8, 16, 10, 8]
[-15, -3, 13, 70, 61, 0, -16, -15]
[7, -4, -27, -51, -70, -1, -2, 20]
[-10, -8, -7, -18, 13, -2, 27, -11]
[5, 0, 3, 26, 87, 16, -10, 11]
[-4, -9, -24, -80, -108, -23, -34, -38]
[3, 1, -2, 23, -19, -3, 16, 26]
[5, 2, 5, 30, 49, 9, 0, -10]
[-6, -7, -20, -58, -4, -13, -6, 13]
[-5, 1, 12, 56, -6, 8, 29, 19]
[1, -1, 1, -2, 17, 12, 2, -2]
[-7, -3, -10, -26, -20, -9, -14, -47]
[-1, -5, 5, 26, 19, 0, -24, 32]
[1, -1, -9, -57, -41, -15, -2, -8]
[-1, -8, -31, -50, -30, -1, 6, -11]
[2, 6, 10, 45, 66, 12, -5, 3]
[1, 13, 26, -11, 26, -5, 3, -6]
