[-5, 4, 21, 5, -22, 1, -2, 0]
[2, -4, -17, -14, 16, -2, -1, 2]
[-2, -4, -10, 68, 18, 9, -9, -4]
[-3, 0, -7, -48, -65, -9, 12, -35]
[11, 6, 1, -19, -16, 5, 5, 60]
[-8, -2, 1, 28, 27, -8, -12, -29]
[3, 0, -5, -43, -79, -1, 8, 14]
[0, -1, -3, 0, 34, 7, 29, 12]
[0, 2, 5, 33, 10, -1, -56, -31]
[2, -3, 4, -30, -23, -4, 9, 23]
[4, 1, -2, -2, -33, 0, 0, 2]
[-4, -4, -7, 14, 7, -9, -5, -6]
[5, 1, 1, 29, 53, 14, 19, 18]
[-4, 1, 3, -6, -45, -17, -12, -16]
[-4, -5, -7, -46, -22, -5, -6, -3]
[0, -5, -23, -35, -7, -3, -1, 1]
[-2, 0, 14, 60, 67, 7, 4, -13]
[-4, 1, -2, 5, 6, 1, -5, -9]
[-2, 5, 8, -6, -5, -6, 0, 1]
[-1, -2, -6, -42, -54, -6, -1, -1]
[2, 3, 1, 2, 26, -1, 1, -4]
[-3, -2, 1, -1, -13, 6, 7, -2]
[5, 3, 7, -26, -6, -7, -14, 4]
[-2, -9, -15, -27, -51, -2, 0, -5]
[-2, -3, 0, 4, 37, -5, 0, -5]
[-2, 2, -2, 33, 38, -2, -2, 4]
[-4, -7, -16, -27, -14, -2, -4, -3]
[-1, 2, 7, -6, -46, -5, -3, -1]
[-3, -1, -4, -16, -22, 1, 9, -2]
[1, -3, 3, 8, 22, 8, -3, -1]
[-2, -5, -4, -7, 7, -8, -2, -1]
[2, 1, -4, -5, 10, 6, 2, 0]
[-2, -6, -5, 1, -22, -9, -4, 0]
[2, 4, 6, 3, 33, 5, -2, -2]
[2, 4, 6, 28, -5, 4, 4, 2]
[0, 4, 20, 28, 11, 0, 1, 0]
[0, -2, -17, -26, -7, -2, -2, -3]
[-3, -3, -8, 0, -7, -4, -3, -4]
[2, 5, 24, 53, 8, 0, 1, 1]
[5, 9, 20, -12, -13, -4, -1, 0]
[-2, -3, -1, 17, 25, 3, 1, -3]
[-1, -3, -10, -10, -2, 6, 3, 1]
[-1, -5, -14, -22, -11, -10, -6, 2]
[-7, -9, -16, -11, 8, 1, -3, -4]
[-2, 1, -1, -14, -28, -11, -3, -1]
[-1, -3, -7, -2, 13, 1, -2, -1]
[-1, 0, -5, -11, 4, 3, -1, -3]
[1, -2, -3, 6, -15, -3, -1, 0]
[0, -2, -5, -18, -19, -1, -1, -1]
[0, 1, 6, 8, -1, -5, 0, -2]
[-2, 1, 2, 3, 3, 4, -3, 0]
[0, -1, -8, -7, 3, -2, -1, -1]
[3, -2, 5, 10, 11, 4, 1, 0]
[2, 5, 13, 16, 2, -3, -3, 1]
[1, -1, -2, -9, 8, 6, 1, 0]
[-1, -2, -11, -22, 2, 2, 1, 0]
[-5, -4, -5, 0, -7, -4, -1, -4]
[0, 2, -4, -29, -3, -4, -2, -2]
[1, 1, 3, 18, -1, -3, 1, 0]
[-4, -2, -4, 9, 0, -2, -1, -2]
[-2, 0, -9, -10, -1, 1, 2, 0]
[-2, 2, 21, 35, 3, -2, -2, 1]
[-1, 0, -1, -24, -1, 2, -1, 0]
[1, -2, -4, -10, -11, 1, 3, 0]
[-1, 8, 25, 24, 4, -5, -4, -2]
[-2, -1, -8, 10, 10, 1, 0, -1]
[0, -1, 3, 12, 4, 1, 2, 1]
[-2, 2, 10, 2, -3, -4, 2, -1]
[0, -4, -12, -16, -6, 0, 1, -2]
[-1, -1, 1, 0, -4, 1, 0, -1]
[-2, -1, -4, -15, 2, -1, -2, -2]
[3, -1, -5, 2, 0, -2, -2, -1]
[1, 0, -5, -5, 0, 0, 0, 1]
[2, 4, 8, 11, -9, -3, -1, -1]
[0, -1, -4, -7, 3, 2, -1, 1]
[0, 1, -4, 0, 0, 0, 0, -1]
[-1, -3, -7, -1, 5, -1, -2, -2]
[1, 2, 2, 0, -7, -1, -1, 1]
[-1, 2, 9, 8, 3, 1, -1, -1]
[-1, -1, 6, 8, 0, -3, -3, -1]
[-1, -5, -8, -13, -7, 1, 0, 0]
[1, 1, 7, 4, 4, -1, 0, -1]
[-1, -2, -8, -16, -5, 1, -1, 0]
[-1, -1, 6, 2, 0, -2, -2, 0]
[-1, -1, -7, -20, -5, 2, 0, -1]
[-3, -4, 3, 24, 3, -2, -1, -2]
[-2, -2, -7, -8, 0, 2, -3, 0]
[0, 2, 7, 16, 5, 0, 1, 1]
[-1, -1, -6, -11, -12, -6, -2, 2]
[-2, -2, -12, -8, 2, 0, -2, -1]
[1, -1, -2, 2, -11, 1, 4, 0]
[-1, -1, -6, 0, 14, 2, 0, -4]
[0, 3, 12, 15, -9, 1, -1, 0]
[-1, -1, -2, -9, -14, -2, -2, 0]
[-1, -1, -1, 12, 38, 2, -1, -1]
[-2, -3, -11, -16, -12, -2, -1, 1]
[0, 0, -2, 8, -4, -3, -1, 0]
[2, 0, 0, -16, -6, 0, 0, 0]
[-1, -3, -3, -2, -11, -1, -2, 0]
[2, 1, 7, 10, -1, 0, -1, 0]
[-1, 3, 0, 2, 7, 0, 0, 1]
[-2, -3, -2, -6, -4, -1, 2, -2]
[1, -1, -6, -9, -5, -3, 2, -2]
[0, -1, -2, -2, 3, -1, -1, -1]
[0, 1, -2, -4, -6, -2, -3, -2]
[0, -7, -23, -9, 1, 0, -2, -2]
[3, 6, 17, 16, 6, 1, 0, 0]
[-1, 0, 2, 6, 5, 0, -3, -2]
[0, -3, -5, -9, -1, -3, 0, -2]
[-1, 1, 1, -1, 6, 1, 0, 0]
[-2, -2, -7, -13, -7, -2, -2, -1]
[-1, -1, -2, -1, -12, 0, 0, 0]
[-3, 1, 4, 7, 10, -3, -1, -1]
[1, -4, 2, 0, 3, -2, 0, -1]
[-2, 0, -1, -2, -10, -2, 0, -1]
[-1, -3, -1, 4, 8, 2, -2, 0]
[-2, -1, -2, -3, -4, -3, 0, -2]
[-2, 2, 6, -2, -11, -3, -1, 0]
[-1, -4, -1, 10, 25, 1, -1, -2]
[0, -2, -12, -29, -21, -3, -1, -1]
[2, -1, 5, 7, 2, 0, 0, -1]
[0, 2, 8, 17, -10, -5, 0, 2]
[0, 0, -2, -10, -5, 0, -2, 0]
[0, 1, -1, 3, -3, -1, 0, 0]
[-2, -4, -9, -5, 6, 0, 0, -2]
[0, 1, 7, -1, 1, -2, -2, -2]
[-3, -3, -6, -3, -7, -2, 0, -2]
[-1, 1, 5, 11, 15, 2, -2, -1]
[1, -1, -2, -15, -15, -1, -1, 0]
[-1, -2, -11, 7, 9, 2, 0, 1]
[2, 5, 17, 12, 0, 2, 2, 0]
[-2, -2, -2, -7, -10, 0, 1, -1]
[-2, -2, -1, 6, -2, -1, -1, -1]
[0, -1, 4, -5, 8, 1, 2, 0]
[-3, -5, -10, -3, -5, 0, -1, 0]
[0, 4, 5, 0, 2, -1, -1, -1]
[-1, -2, -2, 4, 0, -1, -1, -1]
[-1, 0, 0, 2, 3, 0, 0, -1]
[1, 0, -2, -9, -11, -2, 1, 0]
[1, -2, -1, 5, 5, 0, -1, -3]
[0, 0, -3, -11, -24, -3, 0, -1]
[-2, -1, 1, 15, 43, 3, 0, 0]
[-1, -2, -4, 4, -2, -1, -1, -3]
[0, -2, -6, -4, 9, -1, 0, 0]
[0, 1, 6, -6, -25, -5, -2, -2]
[-1, -3, -4, -6, 2, -1, -2, -2]
[0, 2, 2, 3, -6, 1, 1, 0]
[-1, -2, -5, 5, -1, 0, -1, -1]
[0, 4, 6, 1, 2, 1, 0, 2]
[-1, 2, -2, -10, -7, 0, -1, -1]
[-1, -5, -10, -19, -2, 0, 0, -1]
[1, 2, 9, 12, -1, -1, 1, 0]
[-3, -4, 0, 19, 12, 2, 0, 0]
[-1, 0, -1, -7, -11, -2, -1, -1]
[-2, -1, -5, -8, 2, 0, -1, 0]
[-2, -3, -10, -29, -2, -2, -2, 0]
[2, -2, 0, 14, -6, -2, 1, 0]
[-2, -4, -4, -1, 12, 2, 0, 0]
[1, 4, 10, 6, -12, -1, 0, 1]
[-1, -2, -2, -3, 0, 1, 0, 0]
[0, 4, -5, 0, 16, 0, -2, 1]
[0, -2, -2, -2, -11, -2, 0, -1]
[-1, -3, -4, -1, -2, -2, 1, -2]
[-1, 0, -1, 2, -7, -1, 0, 1]
[1, 0, 1, -3, 1, -1, 0, 0]
[2, 1, -2, 3, -6, 0, -1, 1]
[1, 0, -1, -3, 9, 3, 0, 1]
[-2, 0, -4, -11, -12, -3, 0, -1]
[0, -1, 1, 13, 13, 1, -2, -1]
[1, 3, 8, 5, 1, -2, -2, 2]
[0, 0, -1, 5, 13, 2, -2, 1]
[0, -2, 3, 6, 0, 1, -1, 1]
[-3, -2, -5, -11, -4, -1, 0, -1]
[-1, -5, -12, -26, -14, -1, -2, -3]
[0, 0, -2, 15, 3, 0, -2, 0]
[0, 3, 15, 20, 3, -3, -3, -1]
[1, 0, -4, -11, 1, 0, -2, 0]
[0, 2, 7, 16, 0, -3, -2, -2]
[-4, -3, -8, -18, -2, 1, 1, 0]
[0, -1, -3, -1, 0, 0, 2, 0]
[-2, 2, 2, 2, -2, -2, 0, 0]
[-1, -1, -7, -11, -6, -2, 0, -1]
[-2, -1, -2, -1, -11, -3, -2, -1]
[-2, 0, 3, 9, 10, 2, -1, -1]
[-1, -4, 0, -3, -1, -1, -1, -1]
[-1, 1, 0, 5, 24, 0, 0, 0]
[0, -1, 2, -4, -1, -3, -1, 0]
[0, -2, -7, -2, -1, 2, 1, -1]
[1, -2, -5, -8, -21, -1, -1, -3]
[0, 1, 2, -1, -12, 0, -1, -2]
[0, -4, 3, 3, 0, -1, -1, 0]
[-3, -5, -14, -18, -1, 0, -3, 1]
[-1, 7, 16, 36, 10, 0, 2, 3]
[-2, 1, 6, 5, -4, 0, 0, 1]
[0, -1, 0, 3, 3, 0, -1, 0]
[-1, -4, -9, -11, 0, -1, -1, -2]
[-2, -3, -11, -13, 2, 0, 0, -1]
[0, -1, -3, -8, -4, -2, 0, 0]
[2, -2, -2, 7, 0, 2, -1, -1]
[0, 3, 7, 9, -7, -2, 2, -1]
[-1, -1, 4, 6, 4, -2, -4, -2]
[-2, 2, 0, -8, -10, -2, 2, -1]
[1, -2, -2, -2, -2, 0, 1, 0]
[-2, -3, -3, -2, 0, 0, -2, -2]
[-3, -2, 0, 3, 10, -3, 0, -2]
[1, -3, -2, 0, -8, -2, -3, 0]
[-1, -1, -3, -8, 1, 0, 0, -1]
[1, 0, 1, 7, -4, 0, 0, 0]
[-1, 0, 1, -10, -5, 0, -1, 0]
[-1, -2, -4, 1, 2, -1, -3, 0]
[-1, 1, 2, -1, -1, 1, 0, -3]
[-1, -1, 3, 9, 15, 1, -1, -2]
[0, -2, -5, -14, -20, -1, -1, -1]
[-1, -2, -7, -5, 2, -2, -1, 0]
[0, 3, 5, 10, 4, -1, -1, 0]
[2, 2, 1, -3, -1, 0, 0, 0]
[1, 0, -1, -12, 4, -1, -1, 0]
[0, 0, 0, 12, -15, -5, -2, -1]
[0, 4, 14, 14, 6, 2, 1, -1]
[0, -2, -2, -1, 4, 1, 0, 1]
[-3, -4, -6, 2, -5, -3, -1, -1]
[-2, 0, 11, 16, 0, 1, -2, 0]
[-3, -5, -11, -21, 1, -2, -1, -1]
[0, -4, -7, 14, -5, -2, 0, -2]
[2, 5, 14, 5, 9, 3, 0, 0]
[-1, 0, -1, 0, 4, 5, 1, -2]
[-1, -2, -2, 1, -6, -2, 0, 0]
[-3, -1, -1, -12, 4, 1, -2, 0]
[-2, -4, -9, -8, -10, -3, -1, 0]
[0, -1, -4, 5, 17, -1, -1, 1]
[0, 1, 2, -8, -11, 0, -2, 0]
[0, -1, -5, -3, 6, 1, -1, -1]
[-1, 0, 1, 2, -4, -1, 0, -2]
[-1, -2, -5, -2, -5, -5, -2, 0]
[-2, 0, -3, -6, 1, 0, -1, 0]
[-1, 5, 17, 19, 3, 0, 2, 3]
[-3, -3, -8, -2, 12, -1, -2, -2]
[-1, 1, 5, 9, -3, -1, 0, 0]
[-2, -4, -14, -14, -7, 2, -3, -1]
[1, 1, 3, -5, -8, -2, -1, 0]
[1, 1, 3, 13, 3, -1, -2, -2]
[0, -4, -8, -9, -5, -1, -1, -2]
[1, 0, 8, 10, -4, -1, 2, -1]
[-1, -1, -2, -9, -2, -1, -1, -2]
[-2, -4, -4, -3, 7, 1, 0, 0]
[-2, -1, -5, -17, -13, -2, -1, -2]
[-1, 1, 2, -1, -7, 1, -1, 0]
[-3, -2, -5, -8, 4, 0, -3, -6]
[1, -2, -2, 1, -17, -5, -1, 5]
[-1, 2, 4, 12, -2, 7, 1, -9]
[1, -1, -4, -22, 7, -4, 0, 17]
[2, 1, -1, -16, -29, -1, 3, 1]
[-7, -5, -7, 4, 16, -5, -7, -4]
[1, 0, -1, -28, -59, -7, -7, -9]
[0, -1, -3, 11, 2, -3, 10, 9]
[-1, -1, -7, -30, -37, -5, -21, -17]
[2, 2, 6, 40, 60, 8, 8, 14]
[-1, -3, 0, -1, -3, -2, -1, -6]
[-2, -1, 2, -1, -4, 1, -4, -8]
[1, -2, -1, 5, 13, -3, 3, 4]
[2, 1, -2, -15, -23, 2, 2, -5]
[2, 2, 1, 12, 27, 5, 5, 8]
[1, 1, -3, 2, 6, -1, -1, -4]
[0, 0, -3, 4, -3, -2, 3, 3]
[-2, 0, -1, -9, -3, -2, -7, -2]
[-1, -2, -4, -4, 16, -1, 0, 4]
[-2, 1, -1, 7, 3, -2, -8, -18]
[-4, -4, 1, -14, -34, -3, 12, 19]
[4, -1, 0, 24, 29, 5, -17, -8]
[-5, -3, -4, -29, -65, -11, 7, 0]
[2, 0, 2, 39, 69, 9, 4, 3]
[-1, 0, 4, 16, -24, -2, 4, -4]
[-3, -3, -2, -11, 2, 0, 3, -3]
[2, 0, 5, -10, 1, 9, -1, 5]
[-2, -2, -2, 21, 23, 0, -4, -2]
[-2, -2, -12, -25, 14, 4, 8, 3]
[-2, 1, 9, 37, 14, -2, -25, -11]
[-2, -3, -6, 12, 44, 3, 0, -2]
[3, 0, -3, -67, -92, -10, -9, 2]
[2, 0, -6, 21, 20, 4, 12, -5]
[2, 2, 1, -19, 28, 13, 8, -2]
[0, -3, 3, 24, -11, -7, -25, 4]
[1, 0, -3, -5, 20, -1, 7, 0]
[0, -1, 0, -21, -35, -1, -3, 0]
[-5, -2, -4, -16, -26, -5, -5, 3]
[5, 6, 11, 28, 25, 12, 6, -1]
[0, -1, 1, 14, 20, -2, 13, 0]
[-2, -2, -5, -29, -34, -9, -10, -22]
[-2, 1, 1, 35, 28, -4, -16, 8]
[0, -1, -5, -19, 52, 5, 12, 9]
[-8, -4, 5, 34, -75, -11, 10, -8]
[5, -2, -3, -61, -32, 4, -19, -29]
[-21, 3, -1, 26, 5, -2, 30, 14]
[-3, -11, -17, -51, -41, -17, -8, 6]
[-4, -1, 4, 13, 27, 20, 0, 0]
[4, 2, 5, -20, 77, -2, -4, 0]
[9, -1, 2, 23, -35, 3, -3, 6]
[1, 2, 4, 31, 51, -4, -4, -3]
[-1, 3, 4, -21, -65, -7, -7, -24]
[0, 1, 0, 43, 62, 2, -1, 22]
[4, -2, -6, -68, -76, -7, 15, -28]
[-11, 2, -1, 18, 67, 3, 22, 19]
[8, -3, -7, -22, 7, 4, -17, -7]
[-7, -1, -5, 36, 29, 0, -6, 1]
[4, -1, 0, 24, 9, -7, 1, 35]
[-7, 1, 0, 10, 26, -4, -18, -42]
[1, -1, -4, -61, -8, 3, 2, 26]
[4, -1, -5, 0, -71, -7, -9, -3]
[-5, -1, 5, -2, 31, 6, 9, 4]
[13, -3, -5, 1, -103, -10, 13, 25]
[-1, 5, 9, 48, 93, 14, -16, -12]
[0, 0, 8, 98, 70, 6, 9, 6]
[-3, 1, -11, -102, -121, -10, -25, -23]
[6, 4, 8, 17, 11, -1, -7, -6]
[-6, -3, -17, -23, 10, -7, 7, -6]
[1, 4, 17, 31, 26, 7, 15, 15]
[4, 4, 4, -22, 30, 7, 15, -20]
[-3, -3, -17, -70, -45, -11, -14, -4]
[6, 1, 2, -6, -56, 6, 24, -6]
[-5, 0, 8, 26, -2, -6, -58, -37]
[10, 2, 1, 27, 63, 4, 35, 64]
[-7, -11, -21, -60, -23, -7, -6, -27]
[-1, -5, -7, -37, 20, -7, 5, 24]
[-2, 3, -4, -96, -51, -1, 10, -5]
[3, -1, 10, 66, -18, -8, 16, -12]
[-1, -2, 8, 50, 80, 22, -23, -30]
[-1, 5, 18, 61, 96, 4, -7, -1]
[-1, -5, -22, -87, -105, -15, -7, -11]
[-2, -1, 14, 2, 103, 16, 51, 53]
[10, 5, 0, 23, -19, -4, -4, 2]
[-6, -6, 4, 72, 77, 13, -28, -29]
[-2, -8, -8, 23, 85, 11, 25, 40]
[-10, -11, -26, -126, -120, -42, -22, -59]
[5, 2, 1, -25, 9, 6, -11, 37]
[-3, -5, 1, 55, -29, -14, 14, -15]
[0, 4, -10, -46, 72, 4, 4, 19]
[-6, 3, 12, 91, -20, 9, -34, -74]
[11, -1, 9, -3, 30, 4, 34, 107]
[-15, -1, -10, -22, -22, -9, -22, -67]
[-6, -7, -14, -65, -60, -17, 2, 4]
[0, -2, -4, -11, -10, 4, -11, -7]
[1, -1, -1, -50, -26, -11, 8, -11]
[4, 0, -5, -8, 42, 15, 1, 31]
[-4, -7, -17, 116, 22, 2, 8, -23]
[0, 4, 26, 10, 50, 20, -13, -1]
[3, 15, 32, 17, -30, -2, 0, -27]
[5, -1, 8, 26, 47, 18, 50, 62]
[-7, -3, -16, -86, -93, -37, -40, -29]
[7, -3, -17, -21, 37, -1, -9, 41]
[-8, -7, -11, 59, 94, 23, 8, -22]
[8, 6, 5, -16, -55, -3, 14, 38]
[0, -1, 4, -22, -65, -2, 28, 3]
[7, -2, -19, -18, -16, -6, -12, 73]
[-12, -5, 3, 4, 37, 4, 1, -67]
[-10, -3, -16, -80, -61, -19, -55, -35]
[1, -2, 4, 17, -6, 4, 45, 33]
[-5, -5, 18, 64, 39, 14, -19, 1]
[-12, -4, -17, -48, -86, -12, 10, -45]
[11, 1, 1, -55, -9, -6, 17, 57]
[-2, 2, 22, 72, 127, 27, -13, -13]
[2, 0, -23, -103, -37, -12, 4, -18]
[8, -2, -3, 33, -37, 2, -18, 37]
[-3, 6, 14, 59, 31, 1, 7, -38]
[1, -8, -16, -7, -49, 4, 5, -3]
[-1, 3, 8, 104, 127, 36, -1, -16]
[4, 16, 58, 29, -16, -10, 9, 27]
[1, -8, -17, -74, -93, -12, 12, 0]
[7, 5, 3, 38, 49, 5, 3, 11]
[-3, 6, 43, 63, -43, -6, -8, -19]
[-3, -10, -29, -20, -18, -6, 1, -6]
[9, 12, 19, 8, -1, -4, 3, 17]
[-6, -6, -23, -3, 87, -12, -9, 9]
[3, 2, 0, 12, -17, -7, 14, 28]
[4, 11, 21, -37, -22, 21, 19, -60]
[5, -9, -2, -8, 21, -4, 17, 95]
[-13, -1, 2, 70, 62, -1, -47, -70]
[1, -2, -27, -66, -12, -3, -7, -24]
[-6, -8, -12, 10, -13, 0, 12, 11]
[-1, -3, -13, -4, -32, 2, -2, 6]
[5, -3, 4, -43, -46, -17, -13, 14]
[-5, 0, -3, -18, 38, 2, 20, -16]
[-1, 3, -4, 70, 24, 1, -19, 11]
[-2, -7, -9, -20, 43, 6, -12, -20]
[0, 1, 3, -70, -100, -11, -2, -8]
[-7, -9, -19, -31, -17, -8, -9, -10]
[2, 2, -6, -99, -107, -9, -3, 12]
[0, 5, 16, 99, 89, 14, -1, -24]
[0, -2, -20, -63, -43, 2, -8, 8]
