[6, 7, 30, 21, -43, -10, -5, -2]
[8, 10, 18, -8, 2, 6, 1, 23]
[-10, -4, -2, 67, 12, -7, -7, -22]
[5, 10, 17, 34, 9, 5, 16, 3]
[4, -8, -16, -50, 29, 1, -13, -7]
[-5, -11, -18, -33, -28, -12, 33, 44]
[1, 0, 5, 2, 60, -12, -45, -34]
[-1, 3, 2, -7, 10, 17, 46, 14]
[-2, -2, -15, -35, -51, -7, -2, 4]
[2, 3, 6, 40, 56, 15, -12, -1]
[-1, -4, -17, -28, -57, -9, -11, -25]
[1, -2, 3, -10, 22, -4, 11, 18]
[-3, 1, 0, -21, -44, -3, 5, -3]
[-2, -10, -27, -1, 7, -1, -13, -17]
[1, 12, 42, 48, 38, 21, 18, 19]
[-5, -10, -9, -51, -55, -10, -14, 1]
[1, 1, -1, 37, 9, 5, 7, 2]
[0, 4, 5, -69, -75, -15, -15, -7]
[0, 0, -8, 30, 37, 13, 2, 7]
[3, 6, 14, 72, 4, -6, -4, 3]
[0, -3, -7, -31, -16, -3, -8, -1]
[-2, -6, -14, 22, 41, 1, 1, -13]
[-5, -1, 1, -77, -86, -9, 2, 9]
[6, 9, 17, 69, 88, 4, -11, -16]
[-3, -7, -24, -15, -53, -9, -6, 15]
[-4, 2, 13, 71, 126, 8, 5, 1]
[-2, -3, -8, -57, -58, -11, -6, -17]
[1, -1, -6, 3, -8, 0, -3, 13]
[-1, 0, 2, -9, -32, -7, 1, -10]
[2, -2, -1, 11, 54, 5, -1, 1]
[-2, -11, -38, -63, -51, 1, -8, -5]
[-1, 1, 18, 75, 66, 8, 3, 1]
[2, 15, 45, 17, 10, 0, 5, 3]
[0, -6, -16, -42, -35, 2, -8, -5]
[4, 10, 23, 6, -45, -13, 4, 3]
[-3, -12, -17, 6, 7, 4, -4, 2]
[0, 2, -2, -26, -3, -3, 1, -8]
[-4, 1, 5, 52, 28, 0, -3, 5]
[-1, 0, -11, -20, -15, -1, 0, -7]
[1, 0, 6, -9, -18, -2, -1, -2]
[-3, -6, -19, -5, 26, 2, -2, -2]
[-3, -8, -16, -42, -44, -10, -2, 1]
[0, -6, -6, 11, 4, -6, -5, -2]
[-3, 2, 13, -13, -8, 8, 0, 0]
[-4, -9, -16, 7, 6, -9, 0, -1]
[2, 2, -4, -1, 1, -1, -2, 4]
[-3, 0, 4, 10, 0, 2, 1, -5]
[-4, -8, -38, -44, -14, -3, -3, -1]
[3, 11, 45, 61, 17, -2, -3, -3]
[1, 2, 5, 21, 2, 6, 4, 1]
[4, 4, 12, 6, -6, -3, 3, 0]
[1, 0, 5, -30, -33, -5, -2, -1]
[-5, -11, -29, -37, -2, -2, 0, 0]
[-2, 2, 14, 32, 12, 1, -3, -1]
[1, -1, -8, -34, -10, 4, 1, 0]
[-1, -3, 0, 19, -2, -1, -4, -1]
[2, 4, 1, -1, 9, 2, 3, -1]
[0, -1, -12, -31, -31, -2, -5, 1]
[-5, -2, -1, 28, 29, 4, -2, -4]
[0, 2, 8, -5, -5, -2, 1, 1]
[-2, -6, -18, -17, -8, 1, -4, -1]
[-3, -7, -5, -14, -13, 0, -2, -3]
[3, 8, 9, 11, -7, -3, 0, 1]
[1, 13, 46, 60, 2, -2, 3, 4]
[-2, -2, -1, 10, 4, 0, 1, 1]
[-2, -5, -16, -32, -9, -1, -1, -2]
[-3, -7, -10, -16, -2, 0, -2, -2]
[-3, -3, -6, -5, 2, 3, 0, 1]
[1, -2, -8, -8, -3, 3, 5, 1]
[-3, -3, -1, 8, 11, 0, 0, 1]
[2, -2, 5, 14, 0, -4, -5, -2]
[0, 1, -1, -10, -9, -3, -3, -1]
[-2, -4, 0, 4, -4, -3, -1, -3]
[2, -1, -6, -10, 8, -1, -1, -1]
[0, 3, 5, 23, 3, 0, 3, 3]
[1, -2, -9, -24, -5, -4, -1, 1]
[-1, 2, 5, 9, 9, -3, -1, 1]
[1, 1, 4, 2, 7, 4, 1, 1]
[-1, -4, -17, -20, -8, 0, -1, -2]
[0, 1, 8, 18, -2, 0, 1, -2]
[-1, 2, 4, -9, 3, 1, -2, -2]
[0, -2, -2, 10, 2, -1, -2, -1]
[-4, -2, -2, -13, -4, 0, -1, -2]
[-2, -3, -2, -14, -8, -2, 0, -1]
[0, -1, -8, -18, 1, 1, 3, -1]
[-1, 0, 8, 26, 5, 0, -2, -2]
[0, -2, -4, -11, -1, 2, 0, -2]
[-2, -2, -3, 0, -1, 0, -1, 1]
[0, 0, -1, -3, -3, -2, -2, 0]
[-1, 4, 10, 0, -2, -2, -2, -3]
[-2, -3, -10, -6, 1, 1, -1, -2]
[1, 1, 1, -1, 4, 2, 6, 1]
[0, -4, -8, 3, -15, -3, -5, -1]
[-2, -1, -5, -1, 18, 6, 3, -1]
[0, 0, 3, 2, 1, -1, 3, 3]
[-2, 0, 2, -8, -11, -3, -2, -2]
[0, 0, 3, 6, 1, 1, 2, 1]
[-2, -1, 3, 0, -3, -6, -1, 0]
[-2, -3, -10, -23, -1, -2, -2, -2]
[0, 0, 1, 19, 13, 4, 1, 0]
[1, -6, -9, -20, -5, -2, -1, -2]
[0, -1, 0, 13, -6, -1, -1, -2]
[-1, 1, -6, -3, 2, 1, 0, 0]
[-1, 0, 3, -3, -9, -3, -2, -2]
[1, 3, 4, 7, 1, 0, 0, 0]
[2, 4, 8, 5, 1, 0, 1, 1]
[2, -1, 0, -5, -3, -3, -2, 0]
[-3, -4, -6, 1, 2, 1, 1, 0]
[0, 0, -1, 3, 1, -4, 2, 0]
[-3, -6, -9, -12, 1, -2, -4, 0]
[1, 6, 14, 20, -2, -2, -2, 0]
[-1, 0, 4, 0, -2, -1, -3, -1]
[0, 1, 4, 6, -3, 1, 0, 0]
[0, -1, 2, -5, -8, 1, 2, -1]
[-3, -5, 2, 8, 15, -1, 0, -1]
[1, -3, -7, -7, 1, -5, -5, -3]
[0, 0, 3, 6, 2, 3, -1, 1]
[1, 1, -1, -12, -27, -3, -2, 0]
[-1, -3, -8, -3, -3, 1, -1, 0]
[-1, 2, -2, -3, -2, -2, 2, 1]
[1, -3, -1, 5, 3, 2, 0, -1]
[-2, 5, 7, 1, 5, -2, 0, -1]
[-2, -1, -4, -18, -4, -1, -2, -2]
[1, 0, -6, 5, -4, 1, -1, -3]
[0, 3, 13, 14, 3, 0, -2, -2]
[0, -2, -9, -4, 0, 2, -1, 0]
[-1, -2, -2, 1, -4, -2, 0, 0]
[1, 1, -1, -12, -2, -1, -1, -1]
[-2, -5, -12, -19, -3, -3, 0, -1]
[-1, 0, 14, 28, 13, 2, 0, 1]
[-1, 2, 4, 3, -1, -1, 1, 0]
[-2, -3, -5, -9, -3, -1, -1, 0]
[-2, -2, -4, 1, 0, -1, -3, 1]
[1, -1, -2, -8, 1, 3, 1, 0]
[2, -1, -3, 4, -7, -1, -1, 0]
[2, -1, 3, -5, 2, 0, -2, -1]
[-2, 0, -1, 13, 21, -1, 0, -2]
[-3, -1, -3, -6, -6, -1, -2, 1]
[-1, -1, -1, -4, -4, -1, -1, -1]
[-2, -2, -8, 7, 33, 3, 0, 1]
[0, 2, 4, 1, -18, -2, -1, 1]
[-1, 1, 5, -3, -3, -2, -1, 0]
[-1, -1, 1, 9, -7, -2, -1, -2]
[1, 4, 11, 6, -9, -2, 0, 1]
[0, -1, -6, -6, 2, 2, 2, -1]
[-3, -4, -7, -5, -1, 2, 0, -3]
[-1, 3, 2, 1, -5, -3, -2, -1]
[0, -2, -4, -3, -3, -1, 0, -1]
[-1, 0, 7, 12, 5, -1, 0, -1]
[1, -4, -7, -14, -4, -2, -2, 0]
[0, -2, -1, -1, 1, 2, 2, 0]
[-4, -1, -1, -1, -6, -1, -1, 0]
[-1, -1, -2, -4, -2, -3, -1, -1]
[1, -3, -2, 6, -2, -1, -1, -1]
[2, 1, 1, -3, 17, 2, 1, 1]
[1, -2, 1, 2, -8, -3, -2, 1]
[-2, 2, -1, -11, -16, 0, 0, 1]
[-1, 2, 4, 6, 22, 3, 1, -1]
[0, -1, 0, 4, -5, -1, 1, -1]
[-2, -3, -6, -13, -7, -2, 1, -3]
[-2, -3, -6, 6, 2, -3, -2, -1]
[1, 1, -1, -2, 0, 0, -2, 0]
[-2, -3, -5, -8, -2, 2, 1, 0]
[0, -2, -4, -21, -7, -4, -2, -1]
[1, 3, 8, 43, 1, -2, -3, -2]
[2, 5, 15, 14, 2, 0, 3, 1]
[0, -1, -5, -4, 0, -1, 0, 0]
[0, -3, -9, -4, -7, 1, -1, 0]
[0, 1, 8, -9, 10, -1, 1, -1]
[-2, -3, -6, -4, -15, -1, -1, 0]
[-1, 0, 5, 6, 10, -1, -3, -1]
[-1, -3, -8, -7, -3, -1, -1, 0]
[0, -1, -4, -2, 7, 4, 1, 2]
[-3, -1, -1, -1, -9, -4, -2, -1]
[-1, -3, -5, -11, -6, -1, 2, -1]
[0, 1, 5, 6, -8, -2, 0, 0]
[-2, -2, -2, 0, -3, -1, -2, -1]
[1, 0, -3, -3, 14, 2, 2, 0]
[-1, 1, -4, 1, -3, 1, -4, 0]
[1, 3, 3, 5, 0, -4, -2, -1]
[0, -2, -4, -13, -3, 3, 2, 1]
[-2, -4, -1, -2, 3, 1, 1, 0]
[0, 1, -2, -1, 1, -1, 0, 0]
[0, 2, 11, 21, 7, 0, 0, 1]
[-1, -3, -10, -20, -6, -4, -2, -2]
[1, 2, -1, -6, -3, 0, 1, 0]
[0, -1, -3, -4, 0, 0, -1, -1]
[-3, 1, 5, 20, -1, -2, 0, -2]
[0, 1, -4, -7, -2, -3, 0, 0]
[-2, -4, -6, -3, -8, -1, 0, -2]
[-1, -1, 1, -6, 8, 0, 0, 0]
[-1, -4, -5, 0, 6, 0, -1, -1]
[1, 1, 8, 11, -2, -1, 1, 1]
[2, 0, 0, -1, 1, 0, -2, -2]
[1, -1, 0, -2, -8, 1, 0, -1]
[-2, 0, -2, -6, -1, 2, -1, 0]
[-1, -4, -4, -4, -5, 0, -2, -2]
[0, 1, 2, -3, 1, 0, 0, 0]
[0, -2, 0, 5, -5, 0, 0, -1]
[0, 2, 5, 0, 2, -1, 0, 1]
[0, -3, -1, 0, 1, -5, -2, -2]
[0, -2, -3, -9, 1, 2, -1, 0]
[0, -1, 2, 12, 3, 2, 0, 0]
[-1, -3, -5, -11, -8, -5, 0, -2]
[0, -2, -5, 0, -3, -1, -1, -2]
[-1, 0, -2, 2, 4, 0, -1, -1]
[0, 1, 4, 1, 0, 0, 0, 1]
[-1, -1, -2, -9, 2, 0, -1, 0]
[-1, -3, -6, 11, -5, -1, -1, 0]
[1, 1, -3, 3, 0, 1, 2, -1]
[2, 3, 7, 1, 4, -1, 2, -1]
[1, -2, 0, -15, -17, -1, -1, -3]
[-1, 0, -4, -12, 7, 0, -1, -2]
[-2, -4, -5, 17, 5, -2, -1, -1]
[-1, 1, 2, 5, -5, -1, -3, -1]
[0, 1, 1, 0, 7, 0, 1, -1]
[0, 0, 1, -5, -16, -3, 2, 1]
[1, 1, 5, 0, 1, 0, 0, 0]
[0, -1, -3, -3, 1, 1, -1, -1]
[0, -1, -2, 4, -10, -2, -3, -2]
[-3, -1, 4, 4, 6, 1, -3, -1]
[-1, -2, 0, -7, -8, -3, -1, -2]
[-1, -3, -4, 1, 6, 1, -1, -1]
[-1, -1, 0, 0, 0, -2, -1, 1]
[1, 2, 0, -12, -6, -1, 1, 0]
[-1, -1, -1, 5, 0, -3, -1, -1]
[-1, 0, -1, 3, 5, 0, 1, -1]
[-2, 0, -5, -6, 3, -1, -1, -1]
[-2, -2, -2, -6, -4, 0, -1, -1]
[1, 1, -1, 9, -1, 1, 0, 0]
[0, 2, 12, 9, -1, -1, 1, 0]
[-1, -3, -1, -4, -8, -1, -1, 0]
[0, 2, 1, 11, 12, -1, -1, 0]
[-3, -3, -8, -21, 1, 1, -2, -2]
[-2, 0, -3, 2, -2, -1, -3, -2]
[-1, -2, -2, -5, -2, 0, 1, -1]
[0, 1, 0, 0, -6, 0, 0, 0]
[0, 4, 1, -5, 7, 1, -1, 0]
[-1, -3, -2, 4, -8, -1, -2, -2]
[1, 0, 3, 0, 8, -1, -1, 1]
[-2, -4, -3, -3, -1, 0, 1, -3]
[1, -3, 0, 0, 1, 2, 0, 0]
[-1, -3, -2, -2, -5, -3, 0, 2]
[0, -2, -6, 0, -7, 0, -1, -1]
[0, 1, 3, 0, 3, -1, -1, 1]
[-2, 2, 1, 2, 2, 1, 2, 1]
[-3, -1, -8, -15, -2, -1, -2, -1]
[1, 2, 6, 17, 6, 2, 0, 1]
[1, -1, -2, -4, -6, -4, -3, -3]
[0, -2, -4, -20, -6, -1, -2, -3]
[-1, 1, 12, 29, -2, -2, 1, 0]
[-1, -1, 1, 5, 3, -1, -2, -1]
[-1, -1, -1, 2, 2, 1, 0, 0]
[-1, -1, -4, -1, 12, 2, 0, 0]
[0, -2, -10, -22, -20, -1, 1, 0]
[-2, 1, 6, 8, 3, -2, -2, -2]
[-2, -1, 1, 6, 27, 1, 0, 1]
[0, -3, -1, 2, -2, 0, 2, 0]
[-3, -4, -1, -4, 2, -1, -1, 0]
[-2, -2, -1, -3, -8, -2, 0, 0]
[0, 0, -1, -6, -11, 0, -1, 0]
[1, 1, 4, 5, 0, -2, -1, 1]
[1, -1, -3, 4, 5, 0, -1, -1]
[-1, 0, -1, -10, -5, -1, 0, 0]
[0, -2, -2, -1, 0, 1, -2, -1]
[1, 1, 9, 11, -2, 0, 0, 0]
[0, -1, -5, -10, 3, 2, 1, 0]
[0, -1, -9, 1, 7, -1, -3, -1]
[1, 2, 7, -1, -10, 0, -1, 1]
[-2, -4, -4, 2, 5, -1, -1, -2]
[-1, -1, -3, 4, 6, -1, 1, -1]
[-1, 1, 7, -5, -2, -2, 0, 0]
[-3, -1, -8, -5, -15, -2, -2, -1]
[-2, 2, 2, 3, 11, 2, 1, 0]
[-2, -5, -8, -14, -8, -1, -1, -3]
[-2, -1, -1, 29, 51, 4, -11, -11]
[1, -2, -2, -27, -55, -9, 33, 25]
[-2, -1, -4, -6, -35, -6, -11, 2]
[1, 0, -4, -12, -4, 0, -2, -4]
[0, 1, 3, 6, -20, -5, 4, 1]
[1, 1, 0, 2, -28, 0, -10, -14]
[-4, -1, -2, -20, -9, 0, 23, 0]
[1, 0, 4, 43, 64, 3, -8, 12]
[0, -1, -4, -25, -3, -4, 7, -3]
[-3, 0, -4, -8, 20, 0, 2, 7]
[1, -1, -2, 5, -28, 1, -4, -4]
[-3, -1, 1, 7, 10, 0, -14, -12]
[6, 0, 2, 0, -4, 1, 5, 7]
[-2, -1, 1, 19, 52, 8, 5, -4]
[0, -2, -7, -20, -40, -8, -3, -4]
[1, 5, 14, -1, -17, -3, 3, 2]
[-2, -2, -3, 5, 9, -1, -2, 1]
[0, -2, 3, 20, -8, -6, -2, -6]
[0, 0, -3, -33, 17, 3, -5, -2]
[1, 1, 2, 31, 67, 9, 18, 4]
[-3, 0, -2, -40, -75, -5, -6, -8]
[-4, -1, 3, 37, 42, 3, -15, 0]
[-4, -3, -4, -18, -18, -3, 7, -5]
[-1, -3, -5, -8, -29, -10, -9, 6]
[-4, 0, -5, 1, -20, 1, 8, -15]
[3, 0, 1, -30, 29, 2, 4, 21]
[-2, -4, 4, 45, 20, -2, -21, -11]
[-1, -2, -10, -43, -50, -3, -4, 12]
[-2, -4, -2, 5, -2, -2, -11, -18]
[-3, 0, -5, -25, 15, 8, -7, -3]
[3, 5, 7, 53, 36, 6, 5, 7]
[1, -2, -9, -51, -9, -2, -7, -10]
[1, 1, 8, 65, 60, 1, 29, 11]
[-3, -3, -12, -80, -122, -21, -30, -20]
[-1, 0, 0, -14, 14, -6, -2, 0]
[-2, -2, -3, -14, -41, -1, -4, -15]
[1, -4, -5, -2, 55, 2, 4, 33]
[-1, -2, 3, 51, 17, 4, 14, -19]
[4, -2, 3, -2, 37, 9, -7, 12]
[-16, -1, 1, 23, -38, -16, 3, -13]
[-5, -2, -12, -63, 15, 4, -22, -22]
[2, 2, 9, 57, 32, 4, 1, -13]
[5, 7, -4, -23, 13, 10, 4, 13]
[-6, -8, -5, -55, -36, -6, 20, -7]
[2, -1, -6, -37, -70, -9, -7, 16]
[2, 2, 15, 91, 60, 20, 14, 0]
[0, -6, -9, -59, -87, -13, -8, 4]
[5, 8, 12, -7, 54, 13, 2, -9]
[6, 3, 4, 35, 13, 16, 22, 27]
[-4, -6, -17, -70, -49, -18, -37, -28]
[6, 5, 25, 67, 84, 27, 34, 14]
[-1, -3, -12, -46, -97, -28, -11, 9]
[-3, -4, -11, 3, -11, -5, -15, -2]
[-3, 5, 8, -24, 52, 5, 11, -8]
[4, 4, 14, 99, 91, 7, 6, 39]
[0, -3, -8, -49, -84, -21, -9, -17]
[3, 1, -6, -28, 73, 21, 13, 7]
[-3, -12, -23, -15, -53, -20, 6, 10]
[2, 4, 16, 3, 41, -4, -19, 6]
[-8, -4, -9, -30, -30, -8, -15, -56]
[-1, 5, 12, 40, 44, -4, 11, 40]
[0, 2, 2, 27, 127, 19, -15, -15]
[-5, -1, -19, -104, -128, -24, -4, -11]
[7, 0, 0, 61, 80, 26, 26, 26]
[-4, -3, 7, 40, -61, -22, -18, -19]
[-5, 4, 3, -49, -75, -22, -3, -6]
[1, -1, 0, 118, 98, 32, -2, 4]
[9, 6, 19, 115, 110, 26, 8, 9]
[-4, -2, -10, -82, 2, -18, 21, 22]
[1, -1, -10, -34, -92, 12, 7, -33]
[-7, 3, 18, -7, -30, -20, -21, -19]
[10, 2, -7, -30, -36, 2, 32, 45]
[-9, -5, 8, 36, 59, 18, -21, -57]
[2, 1, 14, 17, 26, -5, 2, 27]
[3, 4, -1, 7, -2, 10, 15, -17]
[-9, -9, -13, -25, -63, -33, -27, 7]
[5, -8, -27, -105, -87, -7, 7, 45]
[0, 5, 18, 66, 42, 7, -7, -33]
[-3, 4, 14, 54, 74, 5, -4, -22]
[5, 2, 12, 12, 45, 12, -3, 31]
[-3, 9, 1, -33, -128, -24, -30, -58]
[13, 2, -14, -40, -29, 2, -17, 71]
[-9, -4, -9, 3, 34, 3, 27, -52]
[2, 2, -12, -61, -83, -14, 8, 10]
[1, -1, 10, 58, 58, 6, -23, -33]
[-2, -1, 7, 3, 68, 25, 1, 28]
[-1, -6, -15, -96, -101, -36, -26, 2]
[-5, 0, -6, 22, 10, 11, -15, -8]
[-5, -4, 4, -42, -60, -10, -6, -24]
[6, 3, 6, 55, 41, -1, 10, 17]
[-3, -13, -23, -12, -44, 2, 3, 7]
[-2, 3, 22, 21, 70, 4, -2, 2]
[1, 7, 29, 107, 127, 26, 1, -9]
[-4, -11, -19, -34, -20, -21, 21, 36]
[2, -5, -10, -43, 47, -5, -34, -15]
[3, 5, -2, -49, -70, -6, 9, -14]
[1, 5, -1, -18, 45, 15, 26, -14]
[-7, -2, 4, 24, -44, -7, -24, -53]
[1, -2, -9, -52, -71, 6, 24, 36]
[-11, -13, -20, -21, 11, -38, -27, -17]
[13, 0, 3, -27, 27, 16, 7, 79]
[-8, -7, -23, 6, -52, -25, 22, -18]
[-3, 1, -14, -74, -109, -25, -17, -11]
[-3, 4, 22, 95, 119, 36, -7, -7]
[-7, -7, -10, -37, -124, -22, 40, 17]
[10, 1, 0, -32, -10, 4, -3, 24]
[1, 1, 9, 88, 70, 10, 3, 13]
[-1, 2, 20, 24, 15, 4, 7, 2]
[-1, -6, -15, 70, 20, -1, 6, -39]
[6, 0, -12, -43, 90, 16, 29, 34]
[-2, 2, 11, -33, -38, -15, -7, -13]
[1, 0, -11, -1, 19, 2, 20, 1]
[4, 19, 77, 105, 95, 20, -6, 3]
[-2, -3, -9, -40, -112, -17, -11, 3]
[1, 6, -2, 5, 23, 10, 8, 9]
[-8, -8, -16, -84, -58, -6, -33, -45]
[5, -4, -17, 29, 67, 30, 11, 22]
[-3, -5, 0, -36, -21, -23, -29, 8]
[-2, 4, 6, -64, -52, 4, -16, -58]
[5, 4, 12, 42, 67, 17, 1, 49]
[-8, -5, -15, -13, -92, -38, -7, -18]
[5, 7, 13, 18, 5, 20, 21, -28]
[4, -4, -8, -33, 17, 9, 23, 20]
[1, -1, -7, 43, 24, 1, -8, -4]
[2, -3, -20, -103, -71, -16, 0, 14]
[-7, 3, 24, 107, 126, 25, -16, -8]
[1, -6, -36, -5, -45, -15, 6, 36]
[-4, 9, 46, 60, -21, -9, -13, -53]
[1, -3, -3, -7, 38, -8, -12, 10]
[0, 0, -22, -25, -76, -8, -1, -7]
[-5, -2, -1, 21, 108, 21, -5, 1]
