[2, -8, -21, -1, -19, -2, 35, 18]
[-2, -4, -6, -84, -123, -23, -30, -10]
[3, -3, -6, 10, 29, 7, 34, 4]
[-5, -3, 9, -52, -67, -15, -5, -10]
[9, 4, 9, 88, 94, 29, 63, 73]
[-8, -1, -2, -97, -83, -12, -52, -48]
[4, 1, 5, 86, 120, 19, 13, 54]
[-8, -11, -9, -2, -63, -11, 10, -18]
[-1, -5, -12, -83, -52, -15, -15, 29]
[-1, 4, 1, 40, 86, 15, -40, -37]
[-9, -9, -9, -25, -88, -24, -6, 16]
[4, 9, 23, 85, 113, 22, 10, 0]
[0, -3, -8, -24, -37, -10, -11, -5]
[-1, -1, -7, 64, 117, 24, 22, 18]
[-7, -11, -17, -89, -65, -25, -24, -36]
[0, -1, 5, 16, -93, -18, 1, 22]
[-9, 0, 7, -22, 9, -7, -22, -16]
[-5, -11, -36, -37, -11, -3, -15, -32]
[14, 16, 60, 96, 86, 38, 13, -2]
[-5, -1, -18, -61, -21, -12, 3, 0]
[3, -4, -19, -24, 4, 7, 2, 10]
[-3, 7, 16, 37, 15, -6, -6, -16]
[7, 4, -5, -32, -37, -5, -18, 6]
[-4, -6, -3, 23, 50, 14, 32, -40]
[3, -3, -6, -17, -65, -17, -20, 39]
[2, 2, 5, 92, 81, 18, 24, 18]
[-10, -2, -5, -45, 50, -3, 4, -18]
[-3, -2, -6, -24, -55, -12, -68, -36]
[3, 4, 1, -82, -38, -9, -3, -2]
[2, -2, 7, 70, 22, 8, 18, 20]
[-5, -4, -13, -37, -45, -3, -4, -9]
[1, -4, -13, -44, -14, -4, 12, 31]
[-7, -12, -47, 41, 67, 1, -5, -31]
[7, 28, 92, 36, -33, 2, 0, 13]
[-1, -2, -17, -23, -5, 4, 24, -4]
[4, 5, 22, 24, 20, -3, 1, 18]
[-1, -5, -28, -18, -32, -5, 3, -22]
[-3, -11, -25, -34, -25, -16, -18, -5]
[-3, -2, -2, 9, -28, -8, -2, -8]
[3, 1, -3, -39, -35, 5, 4, 7]
[-5, 0, 16, 92, 94, -1, -24, -40]
[4, -1, -9, -22, -17, 8, 21, 49]
[-1, -2, 1, -25, 18, 16, -2, -14]
[-1, -5, -14, 22, -8, -20, -9, 22]
[-2, 10, 35, -15, -57, 3, 0, -32]
[-4, -6, -19, -40, -38, -11, 0, -1]
[0, 0, -4, -7, -42, 1, -7, -6]
[-1, 2, 6, 50, 84, 13, 16, 4]
[3, 1, 16, 3, -12, 5, 3, 6]
[-4, -7, -25, -38, -20, -20, 4, 15]
[-1, 1, -4, -12, -6, 4, -6, -15]
[1, 2, 22, 30, 1, 2, 0, 4]
[-1, -4, -9, -32, -8, -8, 1, -5]
[2, 7, 22, 24, -14, 0, 2, 1]
[2, 3, 18, 35, 23, -2, 5, 8]
[-2, -6, -17, -16, -8, -2, -5, -3]
[-1, 0, -13, -23, 10, 6, 4, 2]
[0, -1, 5, 11, 12, 6, 11, -4]
[0, 3, 4, 1, -32, -16, -4, 3]
[2, -3, -9, -2, 3, 0, 0, -2]
[1, 4, 19, -7, 9, 7, 2, 5]
[1, -3, -18, -10, -29, -9, 1, -3]
[-1, 1, 15, 19, 0, -3, -2, 1]
[-3, -4, -6, -22, -5, 5, -2, 0]
[-3, -3, -4, 35, 33, 1, 5, 3]
[-1, -3, -15, -33, -10, -2, 3, -2]
[-2, -3, -11, -9, 1, 1, -6, -2]
[0, 1, 6, 3, 7, 0, 2, -1]
[-1, -3, -9, -15, -34, -7, -2, 0]
[-1, 3, 30, 35, 6, 1, -1, -3]
[-2, -5, -19, -8, 7, 3, -1, -1]
[2, 5, 25, 13, -2, -4, -2, -1]
[-1, -4, -10, 0, -7, 2, 2, -2]
[-2, -4, -13, -23, -8, -6, 1, -3]
[0, 1, -2, 9, 5, 3, 1, 2]
[1, 1, -5, 8, 8, 1, -2, -1]
[-1, 0, 2, -5, -4, -3, 0, 1]
[-2, -6, -16, -17, 12, 9, 1, -3]
[1, 0, -2, -11, -17, -8, -4, -1]
[-1, 2, 5, 16, 14, 4, -1, 0]
[2, 1, 8, 13, -2, -4, -1, 0]
[-1, -4, -19, -20, -13, -7, -3, -1]
[0, 5, 20, 8, 10, 6, 1, -2]
[-1, -4, -7, 14, 5, 3, -4, 0]
[0, -1, -7, -11, -17, -9, 0, 0]
[-2, -1, 17, -9, -1, 1, 0, 0]
[-1, -4, -15, -17, -3, 2, -1, -1]
[1, 7, 27, 26, 15, 0, 1, 0]
[-1, -5, -7, -35, 4, 1, -1, 1]
[1, -1, -13, 19, -17, -3, 1, -2]
[-1, 2, 2, 0, 4, 0, 2, 3]
[-4, -3, -4, -3, 0, 2, 3, 0]
[-2, 1, 4, 1, -6, -4, -1, -2]
[-3, -8, -18, -29, 1, 1, -2, -1]
[-3, 0, 2, 9, -3, -3, -3, -3]
[1, 1, -1, 2, 5, 0, 0, -1]
[-3, -1, 1, -5, -7, -3, -2, -1]
[-1, -3, -2, -4, -4, -2, 0, 0]
[2, -3, 0, 5, 5, 3, 2, -1]
[1, -1, -2, 1, 3, 1, 0, 0]
[2, 2, 1, 5, 0, 0, 0, 1]
[0, -3, -8, -6, -23, -2, -1, -2]
[3, 5, 25, 18, 32, 7, 2, -1]
[0, -2, -18, -14, -11, -3, -3, -1]
[0, 4, 12, 21, -5, -2, -1, 0]
[0, 1, 0, -3, 23, -2, -2, 1]
[-2, -7, -18, -14, -13, -3, -3, -1]
[0, 2, 14, 17, 14, 2, 1, 1]
[-2, 0, -1, -10, -16, 0, 0, -1]
[-2, 3, 10, 8, -13, -1, 1, 0]
[-3, -5, -12, -25, -15, -4, -2, -2]
[0, 3, 7, 12, 17, 0, 2, 0]
[0, -2, -3, 1, 2, 1, 0, -1]
[1, 1, -3, -10, 7, 1, 0, -1]
[1, -2, 2, 6, 3, 1, -1, -1]
[-2, -1, -4, -6, -10, -4, -4, -1]
[-1, -2, 0, 2, 10, 2, -2, 1]
[-1, -1, -2, 1, -2, -2, 0, -1]
[2, 2, 1, -2, 2, 3, -2, 0]
[1, -2, 0, 3, -10, -2, -1, 0]
[-1, 0, -1, -1, 2, -3, -1, 0]
[0, 0, -1, 1, 1, -2, -1, 0]
[-3, -2, -7, -11, -5, -1, 1, -1]
[-2, -9, -28, -25, -1, 0, -2, -2]
[2, 9, 47, 58, 5, -3, -1, 1]
[0, 2, 5, 6, 6, -1, -1, -2]
[-1, 1, 0, 8, -3, -1, -1, 2]
[-3, -3, -6, -20, -6, -1, -3, -1]
[-1, -6, -14, -13, 6, 0, 0, -2]
[-1, -2, -2, 1, -4, -1, -2, -1]
[0, 1, 5, -13, -13, -3, 0, 0]
[1, -2, -3, 10, 0, 0, 0, 0]
[-1, 0, -9, -6, 3, 0, -2, 1]
[2, 1, 17, 13, 0, 0, 0, 0]
[0, -2, -6, -5, 3, 2, 0, 0]
[2, 5, 12, 14, -2, 0, 0, 0]
[0, 0, -1, -3, -6, -2, 2, -1]
[-2, -1, -9, -19, 2, -4, 1, -1]
[0, -2, -2, 11, 12, 4, 0, -2]
[-1, -3, -6, -16, -19, -5, -1, -3]
[1, 0, -5, -5, 11, 0, 0, -2]
[-3, -2, -5, 1, -21, -3, -3, -1]
[-1, -1, -3, -15, -28, -3, -2, 0]
[0, 0, -1, 2, 3, 3, -1, 0]
[0, -1, -3, -17, -7, -2, -1, 0]
[-2, -1, -5, 7, 7, 0, -1, 0]
[1, 1, 2, 22, 14, 2, 0, 0]
[-1, -1, -2, -1, 4, 0, 1, 1]
[0, 1, -3, -7, -2, -1, 0, 1]
[1, 1, 2, 1, 8, -2, -2, 0]
[2, 2, 15, 16, -1, -3, -1, -1]
[0, 2, 0, -9, 1, -1, 0, -2]
[-1, -2, -6, -2, -1, 0, -2, -1]
[-1, -1, -12, -12, 1, 2, -1, 0]
[-2, 2, 4, 2, 5, 0, 0, 1]
[0, 1, 5, 6, -4, -4, -1, -1]
[-1, 0, -2, -4, 3, -1, 0, -3]
[0, -2, -5, -2, -4, -1, 0, 0]
[-1, -1, 1, 0, -4, -2, -3, -1]
[-1, -2, 0, 2, 2, 1, 3, 1]
[-2, -3, -5, -5, -7, 0, -1, -1]
[-1, 0, 3, 0, 6, 0, 2, -1]
[0, -2, -5, -3, 7, 1, 1, 0]
[1, 1, 1, 2, -4, 0, 0, 1]
[-3, 2, 0, 7, 1, -2, -1, -1]
[1, 0, -1, -14, -1, -1, -2, -2]
[0, -2, -5, 5, -1, -1, -1, 1]
[0, -1, 0, -2, -1, 1, 1, -1]
[0, -3, -6, -24, -7, -3, -2, 0]
[-3, -5, -7, 16, -10, -2, -1, -2]
[1, 6, 18, 28, 18, 3, 2, 0]
[-4, -1, -8, -12, 8, -1, -1, -1]
[1, 2, 6, 16, -2, -1, 0, 0]
[0, 2, 2, -8, 3, -1, 0, 2]
[-3, -3, -6, -10, -6, -2, -1, -1]
[-2, -2, 0, 7, -2, 0, -1, -1]
[-2, 0, -2, -10, -4, -2, -1, -2]
[1, -2, -5, -2, -5, -1, -2, -1]
[1, 0, 4, 2, 0, -1, 0, 0]
[1, 2, 10, 3, 2, 0, 0, 0]
[-1, -1, -4, 2, -2, -4, -2, 0]
[-1, -1, 3, 5, 4, 2, 1, 0]
[-2, -3, -5, -5, -1, -1, -2, -1]
[0, -4, -6, -8, -5, -1, -1, -3]
[1, 1, 7, 7, 0, 0, 0, -1]
[0, 0, 2, 6, 0, -2, -2, -2]
[-1, -2, -10, -16, -3, -1, -3, -1]
[-2, -1, -2, -12, -4, -1, 1, -1]
[-2, 0, 6, 24, 5, 0, 2, 1]
[-1, 1, 2, -5, -3, -1, 1, 1]
[-1, -3, -12, -16, -1, 1, -1, -1]
[-1, 0, 7, 14, 13, 1, -3, -1]
[-1, 2, -5, -5, 2, -1, -2, 0]
[-1, 1, -2, -6, -5, 0, -1, 0]
[0, -2, -4, -10, -4, 0, -3, -1]
[-1, -3, -9, -12, -2, 0, -1, -1]
[-1, -5, -3, 12, -3, -3, -2, -1]
[-1, 0, 3, -1, -3, -3, -1, 0]
[0, 0, -5, 5, 0, -1, 0, 0]
[-1, -1, 0, -5, 4, 2, 0, 1]
[-2, -2, -7, -7, -2, -1, 0, 0]
[-1, -3, -2, -4, -2, -1, 0, -1]
[0, 0, 4, 5, 11, 2, 3, -2]
[0, -1, -3, -5, -11, 0, 0, 0]
[1, -3, -2, -1, -5, -1, -1, 0]
[-1, 3, 5, 17, 21, 0, 0, 0]
[-1, 1, 1, -7, -4, -2, -1, -1]
[3, 5, 8, 13, 1, -3, -1, 0]
[0, 0, -2, -10, -6, 1, -1, 1]
[-3, -7, -8, -7, -7, -1, -2, -1]
[0, 0, -2, 4, -2, -1, -1, 1]
[-2, 0, -3, -11, 2, -1, 0, -2]
[-1, -1, 5, 15, 2, 0, 1, 0]
[-1, -1, 2, -1, -4, -2, 0, -1]
[-1, 0, -6, -4, -1, -2, 1, 1]
[1, 0, 3, 8, -6, 1, 0, 1]
[-1, 3, 0, -10, 0, -2, -1, -1]
[-1, -2, -3, -17, 3, 2, -2, -2]
[-2, -2, 3, 14, -2, -1, -2, 0]
[0, -1, 2, -1, -18, -1, 0, -2]
[0, -1, -4, 6, 20, 1, 0, -3]
[0, 0, 1, -5, -9, 1, -2, 1]
[-2, -4, -5, -7, -1, -1, 1, 0]
[-2, -4, 2, 15, 16, 0, -1, 1]
[-2, -3, -5, -10, -10, -2, -1, -1]
[0, -1, 1, 0, -9, 0, 0, -1]
[0, 2, 2, 0, 11, 0, 0, -2]
[-4, -1, -6, 2, -5, -2, 0, 0]
[0, 2, 3, -5, 3, 1, 0, -2]
[0, -1, -2, 3, -4, -4, 0, 0]
[1, 1, 4, -5, -8, -1, 0, 1]
[0, -2, -5, 7, 4, -3, -2, -1]
[-1, -2, -8, -20, -17, -2, -2, -1]
[1, 6, 13, 29, 3, 2, 0, 0]
[-1, -3, 1, -2, 4, 0, -1, -2]
[-1, 1, 0, -5, -10, -1, -1, -1]
[-2, -3, 1, 0, -4, -2, 0, 1]
[-1, -2, -6, -2, 6, -3, 1, 1]
[0, -1, 4, 1, -1, -1, 2, 0]
[-1, -1, -6, -18, 5, -2, -1, -1]
[0, -3, -4, -1, -9, -2, -1, -1]
[-2, -1, -8, -10, 0, 2, 0, -1]
[1, 4, 15, 19, 4, 1, 1, 0]
[1, -1, -7, -8, -3, -3, 0, -2]
[-1, 1, 12, 20, 4, 0, 0, 1]
[1, -1, 0, -11, -3, -2, -1, 0]
[1, -1, -4, -6, -2, -1, 0, 1]
[-1, 0, 4, 3, -5, 0, -1, -1]
[0, 0, -2, -6, 9, 0, -1, -1]
[0, -1, 0, 7, 10, 1, -1, -2]
[0, -2, -5, -11, -28, -2, -1, -1]
[0, -3, -2, 9, 16, -1, 1, 1]
[0, 3, -2, -10, -8, -1, -1, 0]
[-2, 0, -1, 3, -4, 0, 1, -1]
[-1, -2, -2, -2, -4, -1, -1, 0]
[-2, -1, -2, -4, -3, 0, -1, 0]
[0, -1, -4, -1, 1, -1, 0, -1]
[0, -1, -3, -4, 3, 0, -1, -1]
[1, 0, -7, -12, -4, -1, -2, 0]
[0, 1, 6, 20, -4, -2, -2, -1]
[-1, -3, -1, -3, -3, -1, -1, -2]
[-2, 2, 4, 4, 4, 1, 0, 0]
[-4, -1, -9, -6, 9, -3, -2, -1]
[-2, 0, 1, -5, -8, -1, 0, 0]
[2, 0, 2, 3, 16, 1, 1, 1]
[0, -3, -5, -9, -12, -2, -1, 0]
[-2, -2, -4, 3, 19, 1, 1, -1]
[-2, -2, -3, -7, -17, -4, 0, -2]
[0, 3, -1, -1, -8, 0, 0, 1]
[0, -1, 1, -1, 4, 1, 1, -2]
[-1, 0, 5, 27, 50, 4, -4, -8]
[0, 0, -5, -33, -86, -11, 0, 12]
[-2, 0, 0, 18, 35, 1, -6, -8]
[-2, -3, -2, 6, 6, 1, 2, 1]
[0, 2, 0, 1, -13, -1, 0, -1]
[0, 0, 1, 4, 40, 6, -6, -10]
[3, 0, -2, -6, -21, -3, 5, 9]
[0, -2, -2, 7, 23, 4, 6, 7]
[-1, -3, 0, -5, -12, -1, -19, -10]
[-3, -2, -3, 6, 44, 2, 5, -5]
[0, 0, -1, -20, -34, -10, -9, -1]
[-2, 0, 0, 3, -10, -5, -12, -5]
[0, -1, -1, -19, -28, 3, 19, 1]
[1, 1, -4, 4, 26, 4, -9, 13]
[-1, 0, 3, 18, 45, 8, -2, -2]
[-1, -3, 1, 5, -6, 1, -6, 4]
[0, -1, -6, -30, -31, -5, 6, -1]
[0, 1, 10, -6, 30, -3, -8, -5]
[2, -1, -1, 31, -2, -3, 9, 3]
[-3, -4, -9, -57, -103, -8, -11, -15]
[1, 0, 4, 47, 73, 6, 13, 26]
[0, -2, 3, -2, 19, 6, 8, 2]
[0, 2, -2, -26, -62, -6, -1, 3]
[3, 1, 2, 3, 9, 0, -3, -5]
[-5, -3, -4, -5, -58, -3, -5, -23]
[-1, -3, -6, 5, 21, -5, -9, 17]
[0, -3, 4, 11, 40, 5, 4, 19]
[-1, 3, 2, 14, 21, 6, 8, -17]
[3, 2, 6, 36, 56, 2, -6, 2]
[3, 0, -9, -60, -91, -9, 0, -12]
[-5, 2, 6, 21, -9, 10, 9, -29]
[-4, -2, -4, -51, -36, -9, -2, 0]
[2, 0, 5, 73, 83, 8, 3, 9]
[3, 0, -4, -17, -13, 1, 0, 2]
[-5, -10, -17, -46, -42, -9, -6, -16]
[1, 0, 10, 29, 9, 2, 10, -1]
[3, 2, 6, -27, -12, -16, -31, 2]
[-3, 1, 1, 13, -24, 7, 22, 17]
[1, -4, 3, 31, 27, 3, 12, 10]
[4, 4, -2, -11, 3, 1, 3, 22]
[-1, -4, -12, -81, -50, -7, 7, 2]
[-3, -1, 1, 61, 49, 5, 8, -13]
[-3, 0, 2, 23, 2, 2, -7, -1]
[0, 0, -2, 2, 51, 5, 0, -12]
[3, 3, 0, 7, -67, 3, 6, 14]
[-4, -4, -5, 6, 2, -4, 3, -5]
[1, -1, -6, -35, -50, -6, 1, 5]
[5, 2, -2, -29, -47, 1, -11, 5]
[4, -3, -7, 0, -1, -4, 6, 14]
[-5, 6, 18, 40, 39, 4, -16, -48]
[-1, -5, -7, -71, -59, -8, -5, 8]
[-4, 0, 0, 37, 122, 6, 8, 4]
[-5, -10, -19, -11, -55, -4, -12, 9]
[2, 11, 40, 25, -59, -7, -1, 1]
[5, 3, 2, -44, 20, 8, -6, 14]
[1, -2, -6, 26, -77, -7, 6, 11]
[-7, -7, -4, -19, -10, 2, 13, -28]
[-3, -5, -16, -38, -6, -13, -1, -1]
[-6, -4, -6, 37, 41, -7, -47, -4]
[9, 0, 1, -21, 28, 6, 4, 0]
[-1, 2, 2, 50, 46, 6, 8, 17]
[-14, -5, -21, -99, -63, -9, 3, -15]
[2, 1, 1, 1, -21, 2, 12, -3]
[-4, -5, 0, 5, -42, -10, -30, -13]
[-4, -4, -1, -33, 53, -2, -7, 21]
[7, 3, 1, 65, 59, 8, -8, -26]
[0, 0, 2, 45, 69, 5, 12, 16]
[0, 3, 16, 29, -20, 6, 8, -27]
[-1, 7, -1, -57, -40, 0, -12, -6]
[4, -6, -3, -17, -40, -1, -10, 17]
[-3, -5, -19, -15, 52, 4, 45, 5]
[1, -4, -5, 59, 93, 12, -5, 16]
[-6, 3, 11, -65, -93, -3, 22, -9]
[7, 6, -7, -13, 6, -2, -4, 19]
[1, 0, 4, 10, -30, -2, 12, -22]
[1, 3, -1, -31, 74, 11, -10, -10]
[0, -1, -12, 9, -26, -2, 15, 23]
[1, -9, -7, -20, -14, -15, 4, 80]
[-18, -6, -5, 1, 12, -1, -27, -84]
[1, 0, -9, -57, -36, -4, 16, 21]
[-5, -10, -4, -29, -23, 5, -22, -38]
[2, 2, 14, 75, 93, 5, 10, 9]
[7, 6, -2, -25, -79, -9, -20, 53]
[-6, -2, 20, 63, -20, -1, 17, 1]
[4, 10, 9, -9, 30, 1, -11, -18]
[-2, -4, -21, -79, -89, -13, -7, -16]
[7, -3, 8, 5, 89, 18, 6, 31]
[-3, 4, -2, 39, -29, -6, 0, -22]
[5, 0, -24, -46, -48, 1, -1, 14]
[-3, 1, 25, 68, 72, 8, -6, -31]
[-5, -5, -38, -16, -12, 0, -14, -23]
[8, 8, 56, 59, -50, -14, 13, 35]
[5, 4, 15, 48, 61, -5, -8, 15]
[1, 8, 5, -11, -15, 9, 20, 7]
[-5, -5, -13, -23, -15, 0, -3, 10]
[-4, -10, -19, -11, -47, -6, 11, 45]
[-14, -6, 7, 56, 26, -3, 8, -37]
[12, -2, -8, -24, -37, 2, -12, 1]
[6, 2, 4, -8, -3, -1, 12, 36]
[-20, -4, -10, 9, 23, -12, -14, -19]
[13, 7, 10, 44, 93, 20, 33, 90]
[-1, -2, -11, 44, 9, 0, 26, -2]
[3, 0, 2, -59, -40, -5, 0, 12]
[-5, 3, 4, 34, 71, 8, -10, -51]
[-5, -4, -12, -66, -128, -21, -21, -70]
[2, -7, -27, -2, 36, 16, 4, 49]
[-6, 4, 45, 54, -41, -27, -17, -56]
[6, -3, -6, -80, -33, -6, -15, 15]
[-7, -3, 5, 108, 75, 20, 6, -10]
[-9, -5, -18, -60, -27, -14, -4, -35]
[4, 6, -7, -51, -58, 2, -4, 7]
[6, 1, 8, 55, 81, 7, 14, 2]
[1, 15, 35, 18, 48, 5, -9, -16]
[1, -5, -9, -59, -86, -19, 6, 21]
[-6, -1, 11, 52, 94, 24, 3, 2]
[1, -10, -40, -103, -92, -16, -18, 4]
[0, -4, -5, -6, 7, 13, 29, -28]
[3, -1, 24, 75, -51, -5, 0, 6]
[-9, -4, -14, -50, 3, -8, -14, -36]
[4, 3, -2, -13, 47, 25, 54, 14]
[-3, -1, 1, 41, -8, -18, -28, -37]
[-8, 1, 4, -52, -47, -8, -28, -47]
[15, 10, 1, -32, -66, -22, 61, 99]
[-6, -2, -7, 73, 83, 27, -33, -10]
[-3, 1, 1, -72, -69, -22, 6, 12]
[-11, -6, -1, 73, 127, 14, -26, -23]
[3, 8, 37, 48, 72, -5, -34, -17]
[5, 3, -4, -58, -100, -11, -2, 10]
[1, -14, -30, -32, 7, -12, 1, 20]
[2, 16, 44, 30, 36, 9, 0, -4]
[-7, -15, -28, -53, -64, -19, -10, -10]
[4, 5, 11, 68, -31, 2, -3, 3]
