[9, 3, -1, -34, 3, -8, -4, 31]
[4, 2, -20, -64, -19, 13, 52, -6]
[-1, 4, -9, 20, 100, 17, -27, -33]
[18, 13, 31, -67, -12, 1, 13, 112]
[-11, 8, 34, 118, -33, -10, -27, -51]
[-9, 2, -11, -23, -55, 3, 11, -32]
[8, -4, -13, -116, -14, -13, -10, -2]
[-8, -9, -5, 86, -14, 2, -16, 3]
[10, -8, -24, -82, 6, -12, 6, -11]
[-14, -11, -15, -44, -84, -37, 30, 11]
[0, -1, 2, -97, -123, 7, -20, 9]
[-1, 8, 6, 84, 97, 4, -26, -40]
[-6, -6, 5, -18, -22, -15, 11, -2]
[1, -8, 1, 97, 80, 21, 23, 47]
[-2, -5, -12, -24, 96, 21, -4, -28]
[-1, -1, 3, -29, -34, -10, 5, -10]
[7, 19, 29, -16, -1, 9, -1, -22]
[6, -3, -11, -18, 21, -26, -2, 62]
[-12, -3, 22, 127, 124, 30, -3, -69]
[-4, -11, -31, -116, -55, -8, 2, 38]
[-6, -1, -7, 18, 88, 17, 7, 19]
[5, 9, 23, 5, 37, 22, 15, -12]
[-3, -8, -18, -68, -59, -13, -27, -51]
[-4, 1, -6, -9, -38, -25, -2, -24]
[-3, -4, 5, 110, 80, 18, -5, -28]
[11, -2, -9, -37, -21, 11, 25, 44]
[-7, 3, -12, -53, -128, -24, 9, 20]
[-5, -12, -31, -79, 65, 13, -8, -30]
[2, 11, 33, 59, 0, 5, 7, 21]
[-7, -7, -6, 8, -89, -9, -18, -26]
[6, -6, 7, 22, 54, 7, 14, 62]
[-11, 3, 5, 21, -69, -18, -23, -96]
[-3, -6, -18, -55, -39, -9, -2, 17]
[6, 2, -1, -17, -52, 0, -7, 20]
[2, 0, -4, 11, 74, -5, 5, 13]
[-6, -11, -19, 55, -24, -12, 13, 1]
[5, 31, 81, 76, 33, -5, -13, -45]
[-13, -13, -6, 18, 18, -5, 53, 62]
[1, 1, 12, -18, -13, 1, 3, 7]
[1, 1, -7, 48, 127, 20, -15, -51]
[-6, -11, -42, -75, -42, -5, -41, -23]
[10, 6, 21, 90, 94, 5, 17, 3]
[-1, -4, -6, 36, -3, 7, -6, 42]
[-4, -2, 0, -74, -69, -6, -15, 21]
[2, -7, -14, -51, -78, -2, 13, 4]
[0, 1, 2, 40, 79, 18, -13, -7]
[0, 1, -2, 36, 65, -11, -2, -1]
[4, 7, 14, -24, -34, 14, -2, -4]
[1, -3, -12, -16, 36, 9, 15, 20]
[-4, -2, -11, -66, -57, -20, -20, 8]
[-3, 0, 0, 31, -17, -8, 0, -34]
[6, 12, 61, 39, -37, -7, 5, 31]
[-4, -9, -20, -5, 37, 4, 3, -18]
[6, -4, 4, 42, -60, -17, -12, 43]
[-12, 1, 4, 46, 41, 24, -19, -44]
[5, -3, -31, -81, -13, -5, 19, 26]
[1, -1, -1, 17, -37, -7, -14, -7]
[-1, 2, 0, -64, -65, -4, -15, 8]
[-2, 0, 1, -4, -23, -9, -10, -26]
[0, -1, 2, 48, 80, 11, 8, 9]
[0, -5, -13, -54, -9, -1, 11, 16]
[1, 4, -1, -1, 88, 8, -3, -14]
[1, -5, -15, -45, -118, -15, 4, 3]
[2, 5, 18, 64, 67, 23, 9, 2]
[1, 2, 1, 0, -27, -19, 5, 6]
[0, -1, -2, -11, -12, -1, -6, -12]
[1, 1, 2, 8, -12, 7, 12, 6]
[-4, -4, -20, -26, 20, -9, -15, 4]
[-4, -8, -14, 1, -9, -6, 6, 3]
[-2, -3, -6, -35, -1, 10, 1, -14]
[1, -1, 13, 15, -33, -14, -6, 1]
[4, 10, 12, -15, -18, 8, 2, 3]
[-2, -3, -8, -25, -50, -22, 1, -1]
[-5, -3, 4, 96, 90, 11, -2, -6]
[1, -2, -12, -41, -27, -3, -1, 0]
[2, -4, -5, -7, 20, -4, -4, -1]
[-5, -8, -10, -9, -53, -5, 2, -1]
[-5, -1, -4, -6, -18, -4, -7, -4]
[-1, 8, 15, 0, -15, -6, 3, 5]
[-2, -4, -1, 10, 17, 11, 0, 2]
[1, -1, -4, 2, 26, 3, -1, 2]
[2, -2, -1, -4, 0, -4, -1, -6]
[-2, 0, -7, -13, -1, -1, 1, 0]
[2, 3, -1, -2, -6, -1, 1, -1]
[3, 2, 3, 29, 27, 2, 4, 2]
[1, 0, 0, -15, -16, 1, 0, -3]
[1, -8, -10, -8, 0, -6, -2, 2]
[1, 1, -6, 2, -27, -4, -6, 0]
[0, 3, 7, -4, -3, -2, -4, 0]
[1, 2, -4, 24, -3, -5, -3, -2]
[-2, 0, 6, -15, 9, 12, -1, 1]
[-1, -2, -3, 25, -20, -4, -2, -1]
[-1, 3, 7, 15, 35, 10, 2, 0]
[-3, -6, -19, -40, 0, -1, 0, -5]
[3, 14, 53, 25, -5, -5, 1, 2]
[-4, -9, -27, -17, -10, 3, -4, -2]
[-3, -2, 9, 9, 17, 2, -1, -1]
[2, 4, 14, 13, -2, -3, -8, -3]
[0, -8, -20, -5, -11, 1, 2, 1]
[4, 8, 33, 21, -2, 5, 4, 1]
[0, -2, -9, 2, -1, -7, 1, 3]
[-3, -4, -7, -9, -2, -5, 0, 0]
[-2, 1, -8, 3, -4, -6, -3, -1]
[1, -1, 1, -13, -28, -1, 1, 1]
[0, 1, -8, 1, 49, 11, 4, 0]
[1, 2, 8, -12, 5, 0, 1, -1]
[-2, -2, -6, 17, 20, 0, -3, -1]
[-2, 0, 0, -16, 1, -1, -2, -2]
[2, 2, -3, 11, -4, 0, -1, 0]
[-4, 0, 1, -27, 2, -1, -1, -3]
[-2, -1, -7, 6, -12, -4, -2, 1]
[-1, -4, -2, -27, -6, -4, -5, 0]
[0, -5, 0, 28, -4, 1, -1, -1]
[5, 7, 20, 29, 20, 9, 3, 1]
[-1, -5, -12, -15, -9, -4, -1, 0]
[-3, -1, -7, -12, -25, -4, -5, -1]
[-3, -2, -11, -13, -1, 2, 1, -1]
[-3, 2, 4, -16, -42, -5, 0, 0]
[-1, 0, 3, 11, 17, 0, 2, -1]
[1, -3, 0, 4, 8, -1, 0, -1]
[0, -3, -1, -12, 0, -1, 1, 0]
[-1, -5, -6, 3, 5, 0, -2, -1]
[1, -1, -4, -8, -7, -1, 0, -1]
[-4, -2, -2, -11, -21, -6, -2, 0]
[-1, 4, 7, 32, 39, 8, 4, 0]
[-2, -5, -8, -3, 3, -1, 1, -2]
[4, 3, 5, 13, 21, 4, -1, 2]
[-2, -4, -7, 0, -8, -3, -2, -1]
[2, 1, 2, -24, -29, -2, -1, 0]
[-3, -1, -7, -13, -26, -9, -6, -1]
[-2, 0, -3, 8, 24, 0, 0, 1]
[0, -3, -1, 4, 18, 2, 0, 0]
[-2, 0, 0, -5, -1, -7, -3, -2]
[0, -1, -7, 6, 18, 4, 1, -3]
[1, 2, -1, -10, -22, 1, -1, -2]
[4, 4, 8, 35, 28, 7, 1, 1]
[-2, -3, 1, -16, 4, 5, 1, -1]
[1, 0, 1, 10, -9, -1, 0, -1]
[-2, -2, -5, -2, 5, -1, -1, 0]
[0, 3, 0, -6, -3, 2, 2, -1]
[0, -1, -2, -13, -10, -6, -4, -1]
[0, -2, -1, 15, -16, 4, 1, -2]
[-1, -6, -5, -8, -10, -4, -3, -3]
[-3, -1, -3, 0, 14, -3, -2, -2]
[0, -2, -5, -25, -15, 2, 0, 0]
[-1, 3, 4, 2, -3, -1, 1, 1]
[0, -4, -1, 3, 4, -2, -1, 0]
[-1, 0, -1, -13, -9, -1, -1, 2]
[-2, -1, -2, 20, 0, -2, -1, -1]
[-2, -1, -4, -6, 12, 2, 2, 1]
[-1, -2, 0, -10, -23, -5, -1, -2]
[0, 0, 5, 4, 3, 3, 1, -1]
[1, 0, -2, -8, 3, -2, -1, -1]
[-1, -1, -3, -4, 1, 0, -3, 1]
[0, 0, 2, 3, -5, -2, -2, -1]
[2, -2, 2, -10, -14, -3, -1, -1]
[1, -4, -4, 8, -7, 2, -1, -1]
[2, 2, 6, 21, 8, -1, -1, 0]
[-1, -1, -4, -15, 3, 2, 4, -1]
[-4, -2, -5, 7, 5, -5, 0, -2]
[0, 1, 4, 0, -14, -1, -1, -2]
[-2, -3, -7, -12, 4, -4, -2, 2]
[-3, 0, 0, -1, 0, -3, -1, 1]
[-1, -1, 1, -8, -18, 0, 0, -2]
[-1, -2, -6, -2, -5, -3, -3, -2]
[2, -1, 0, -2, 1, -3, -1, -2]
[3, 0, 2, 5, -3, 0, -2, 0]
[0, -4, 2, 7, 7, -1, -1, 0]
[-2, -1, -5, -7, 8, 4, -2, 1]
[0, -1, -2, 3, 13, 5, 2, 0]
[-3, -2, 1, -13, -25, -5, -1, -1]
[-1, 2, 3, 11, 12, 1, 1, -1]
[-2, -4, 0, -1, -3, -4, -1, -4]
[-8, -2, -3, -4, 6, -1, -1, 0]
[10, -1, -1, 5, 5, 3, 2, 4]
[7, 4, -1, 5, 7, 3, 1, 2]
[-1, -2, 2, 2, 3, 0, -2, -1]
[-2, -3, -8, -22, -6, -2, -2, -3]
[-5, 2, 9, 16, -12, -3, -3, -3]
[3, 0, 3, -2, -12, -3, -2, 0]
[-1, -6, -6, 14, 10, 3, 1, 0]
[1, -1, 7, 11, 30, 4, 0, -1]
[-3, -5, -9, -6, 7, -1, -1, -1]
[0, 0, -3, -18, -27, -2, 2, 0]
[1, 2, 1, -9, -7, -4, -1, -2]
[2, 0, -6, -14, -7, -1, 1, -1]
[2, 5, 7, 6, -11, 0, 0, 1]
[-5, 1, 2, 16, 32, 5, -1, -1]
[-5, 1, -4, -7, -15, -2, -2, 0]
[0, 0, 3, -4, -22, -5, -2, 1]
[0, -1, -2, 0, 6, 0, 0, -1]
[2, -1, 1, 4, 21, 0, 0, 0]
[-2, -2, -1, -2, -24, -5, 0, -3]
[-2, 2, 4, 2, 5, -2, 2, -2]
[-5, -2, -3, -12, -22, -5, 0, -1]
[-3, -3, -6, 8, 13, 9, 1, -2]
[0, 0, -1, 3, 42, 6, 0, 2]
[-1, -2, -1, 2, -24, -5, -4, -2]
[-1, -3, -1, 1, 4, -2, -3, -4]
[1, -1, -2, -10, -12, -1, 1, 2]
[1, 0, 4, 13, 1, -2, 0, 0]
[2, 1, -1, -5, 3, 2, 1, 2]
[-1, 1, -2, 2, 26, 1, -1, 0]
[-3, -2, -6, -13, -24, -5, -2, -3]
[-1, -2, -11, -4, -11, 1, 1, -2]
[1, 4, 16, 9, -9, -2, 2, 0]
[1, -1, -4, 11, 8, -2, -1, -1]
[1, -2, 3, 21, 23, 2, -1, -1]
[0, -3, 0, -3, 21, 2, -1, -1]
[-4, -2, -6, -12, -35, -5, -6, -3]
[-1, -1, -2, -10, -3, 1, 0, -2]
[-3, -2, -3, -10, -18, -7, -2, -2]
[-2, 1, 0, -1, -4, -3, -1, 2]
[1, -1, -2, 2, 20, 0, 0, 0]
[-1, -1, -2, -8, -15, -3, 2, 2]
[-1, -3, -9, -9, -6, -4, 0, 0]
[1, -2, -2, -7, 0, 2, 0, -1]
[4, 0, 1, 1, -2, -1, -2, -2]
[1, 1, -2, 7, -6, 0, 0, -2]
[1, 2, 4, -8, 5, 1, -2, -1]
[0, 0, 2, 4, 9, -2, -3, -1]
[-1, -1, 2, 4, 7, 1, 1, 0]
[-3, -3, -4, -7, 7, -1, 0, 0]
[-3, -2, 2, 15, -1, 1, 0, 1]
[-5, 2, -1, -12, -12, -3, 0, 1]
[-1, 0, -4, -5, -5, -4, -2, -1]
[0, -1, 1, -3, -2, 0, 0, -1]
[1, -2, 5, -3, 7, 3, 1, 2]
[-1, -2, 0, -3, -17, -2, 1, 1]
[-1, -2, -4, 10, 10, 2, 0, 1]
[-1, -1, -1, -6, -7, -3, -2, -2]
[0, 0, -5, -4, -2, -3, -2, -2]
[1, 1, 5, 5, 6, 2, -1, 0]
[1, 2, 1, 6, 4, 1, 0, -2]
[-2, 0, 0, -3, 3, -1, -1, -2]
[-3, -1, -6, -2, 2, -2, -2, -2]
[-1, 0, 1, -6, -12, -3, -1, -2]
[-2, -5, -5, -3, 1, -2, -2, -2]
[3, 1, -1, -9, -7, 0, -2, 0]
[2, 3, 7, 35, 12, 0, 1, -2]
[-4, -3, -2, -3, 9, 0, 0, 0]
[-3, -1, -4, -9, -8, -4, 0, 0]
[-1, -4, 0, 1, 10, 0, 0, -2]
[1, -3, -6, -9, 3, 2, 0, -1]
[3, 3, 5, -5, -12, 2, 1, 0]
[-1, 3, 7, 22, 7, 0, 0, 0]
[0, 0, 1, -4, -4, -3, -1, 0]
[-1, 0, -4, -15, -24, -5, -2, -2]
[0, -1, 0, 2, 6, -1, 1, -3]
[-1, -5, -4, -7, 3, 3, -1, 0]
[0, 2, 3, 7, -1, 0, -1, 2]
[-1, 1, 3, 0, 5, -2, 0, 0]
[0, 0, 0, 8, 6, 0, -1, -3]
[0, -2, -9, -22, -12, -4, 2, -1]
[-1, -2, 0, 16, 12, 3, -2, 0]
[-1, 0, 9, 2, 2, 3, 0, -1]
[0, 3, 2, 1, -5, 0, 0, 0]
[-2, -3, -4, 0, -8, -5, -4, -2]
[-1, -2, -8, -7, 3, 0, -1, 0]
[2, 1, 1, 0, -8, 0, -2, 0]
[1, -1, -5, 2, -9, 0, -2, 0]
[-3, 0, 0, 3, 2, 4, 0, -3]
[-2, -3, -4, -4, -6, -2, 1, -1]
[-3, -1, -5, -16, 2, 0, 0, -1]
[0, -2, -1, 6, 7, -1, 1, -1]
[1, 2, 3, -3, 1, 0, 0, 0]
[-3, -3, 2, 6, -2, -1, -3, 0]
[0, -1, 0, 3, -4, -1, 1, -1]
[0, -2, -6, -6, 2, -1, -3, 1]
[1, 1, 1, 1, 2, -2, -1, 0]
[1, -2, -2, -19, -13, -3, 1, -2]
[2, -1, 1, 21, 4, 0, 0, -1]
[-5, -6, -8, -14, 8, -2, -2, 0]
[-1, 2, 5, 22, 8, 1, 0, 2]
[-1, 1, 0, -3, -2, -3, 0, -1]
[-1, -6, -8, -16, -31, -1, -3, -2]
[0, -1, 0, 1, 0, -3, -2, -2]
[-3, -2, -1, 3, 0, 2, 2, -1]
[-1, 0, -4, -3, 0, 1, -1, -2]
[-1, 1, -2, -4, 6, -1, -1, 2]
[-2, 0, -3, 2, -1, 0, 1, 1]
[1, -2, -1, -9, 1, -4, -1, 0]
[-1, 0, 4, 8, -1, -1, 0, 2]
[0, 0, 0, -3, 5, -2, 0, -2]
[1, -1, -3, 2, -1, -1, -2, 0]
[0, 2, -1, -4, 6, 2, -1, -1]
[-3, -1, -1, -11, -31, 1, -2, -1]
[-3, -2, -3, 7, 14, 0, -3, 2]
[0, -1, 2, -3, -7, -2, 0, 2]
[-1, 0, -1, 5, 9, -3, -3, -2]
[1, 2, 1, -3, -3, 1, 0, -2]
[-4, -3, -5, -10, -2, 0, -1, -2]
[-1, 1, -4, -10, -11, 1, 1, -1]
[1, 3, 2, -2, 7, 2, -1, 1]
[1, -2, -2, -1, 1, 3, 0, 1]
[0, -3, -8, -5, 0, -5, -2, -1]
[3, 3, 28, 41, 13, 0, 0, 1]
[-2, -4, -3, -13, -18, -5, -1, -2]
[1, -1, 0, 7, 2, 0, 1, -1]
[1, -1, 0, -3, 16, 1, 0, 1]
[-1, -1, -8, -11, 1, -1, -2, -1]
[-1, 1, -4, 5, -2, 4, 3, -1]
[-1, 1, 3, 2, 1, 0, 2, -2]
[-1, 0, 0, -2, -4, 2, 1, 0]
[-1, -2, -3, -5, 0, -3, -1, -1]
[-1, -2, -3, -4, -8, -2, -2, 1]
[0, -2, 0, 2, 7, 1, -1, 0]
[1, -1, -1, 0, -5, -1, -1, 0]
[-1, -2, -2, 2, 6, -2, 1, -3]
[1, -2, -1, -3, 12, 2, 0, -1]
[0, -1, -5, -6, -5, -2, -2, -1]
[0, 1, 8, -2, -13, -3, -2, 0]
[-2, 1, 0, 13, 2, 0, 0, 1]
[-1, -4, -7, -7, 2, -1, 0, -1]
[1, 0, 4, 6, 12, -2, -1, -1]
[0, 1, 7, 9, -9, -3, 2, -1]
[0, 1, -1, -9, 5, 3, 1, -1]
[-3, -2, -5, -5, -4, -5, -2, 0]
[0, -1, -3, 9, 8, 3, -1, 0]
[-1, 3, 2, 18, 0, -1, -2, -1]
[-1, -2, -8, -12, -8, -2, -1, -1]
[-1, 0, 2, 5, 2, -1, -2, -2]
[0, -1, -5, -11, -3, 1, 1, -1]
[-1, -1, -1, -3, -12, 0, 2, 0]
[1, 1, 0, 2, 1, 0, 0, 0]
[0, -1, 0, -2, -2, 1, -3, 0]
[-1, -4, -7, -10, -17, -5, -1, -2]
[0, 3, 1, -1, 0, -1, -2, -1]
[-3, -3, -1, -16, -13, -3, -2, -2]
[0, -2, 3, 12, 8, 0, -1, 0]
[1, 0, -3, 13, 18, 3, 1, -1]
[-1, 1, 0, -3, 0, 0, -1, 1]
[0, -2, -3, -4, 5, 0, 0, 0]
[-1, 1, -6, -18, -17, -3, 0, 0]
[1, 2, 7, 20, 6, 0, 0, 2]
[1, -1, 3, 5, -8, -2, -1, -1]
[0, -1, -1, -8, -17, -4, 0, 0]
[-3, -3, -1, 21, 36, 5, 2, 0]
[-2, 0, -2, -22, -35, -7, -3, 0]
[2, 0, 2, -2, 0, 2, 2, 0]
[0, 0, 0, 8, 20, 1, -2, -1]
[0, 0, 0, -4, -19, -1, 0, 0]
[0, 2, 2, 2, 8, 1, -1, -2]
[-1, -3, -5, -2, 8, 1, -2, -1]
[-2, -5, -4, -12, -19, -5, -4, -2]
[0, -2, 0, -1, -4, -1, 0, 1]
[1, -1, 1, -1, 12, 4, 3, 1]
[1, -1, -4, -9, 1, -2, 0, 0]
[-1, 0, -3, 11, 14, 2, 0, -1]
[-1, 0, -2, -15, -33, -6, -1, -1]
[-2, -2, -2, 5, 2, 2, 0, -2]
[-1, 0, -1, 2, 4, -1, 0, -1]
[1, -1, 0, 0, 13, 1, -1, -1]
[1, -1, 1, 1, -4, -1, -2, -2]
[0, -1, 2, 1, 6, 3, 0, -1]
[-1, -2, -4, -12, -4, -1, -2, 1]
[0, -1, 1, 11, -6, -7, -2, 1]
[0, -3, -3, -10, -9, -2, 1, 1]
[1, 0, 5, 6, 16, 2, 1, -1]
[-1, 2, -2, -9, -10, 1, -1, 0]
[-3, -1, -1, 5, 10, 1, -1, -1]
[-2, -2, 3, -3, -11, 0, -1, 0]
[-2, 0, -2, 0, 6, -2, -1, -1]
[-2, -3, -7, -5, -5, -1, -1, -3]
[3, 3, 4, -1, -8, 1, 0, -4]
[-3, -2, 1, 10, 34, 2, -3, -3]
[-2, -1, -3, -13, -30, -2, -1, 1]
[0, 1, 4, 8, 10, 1, 0, -1]
[-1, -1, -3, -7, -15, -3, 0, 0]
[1, 3, -1, 4, 5, 0, 1, -1]
[0, 0, 2, 13, 18, 3, 2, 0]
[0, -1, 0, -2, -4, -3, 1, 1]
[0, -2, -1, -5, 1, -1, 2, 0]
[1, 0, 0, -3, -11, -1, 2, -1]
[0, -2, -3, 3, 6, 2, -2, -2]
[-1, -3, -2, -11, -3, -3, 0, -3]
[0, 0, -1, 3, -4, -3, 0, -3]
[-1, -2, -3, -1, 2, -2, -3, -1]
[1, 1, 1, -7, -6, -1, 0, -1]
[1, -2, 0, 6, 12, 1, -1, 0]
[-1, -1, -3, -3, -2, -1, 1, -1]
[-2, -2, -2, 0, -5, -1, 0, 1]
[-2, -2, -4, 2, 17, 1, -2, -1]
[-1, -1, -2, -2, -20, -1, -2, 0]
[1, 1, 0, -11, -2, -2, 0, 1]
[2, 0, -1, 2, -14, -3, -1, -1]
[0, 3, 3, 5, 15, 5, 1, 0]
[-2, -1, -2, -2, -23, 0, -1, -2]
[-3, -1, -5, -4, -11, -3, -2, 1]
[-2, 1, 1, -3, 0, -2, 1, -1]
[0, 0, -1, 0, 6, 0, -1, 0]
[1, 0, -3, -1, -8, -3, -1, 0]
[-2, 0, 2, 5, 15, 1, -1, 1]
[-3, -1, 0, -1, 2, -2, -2, 0]
[1, 0, -3, 3, 8, 2, 1, 0]
[-3, 0, -3, -12, -6, -2, 0, 1]
[2, -2, 0, 1, 1, -1, -7, -1]
[-1, 0, 1, -6, -5, -4, -3, -2]
[-1, -3, -1, 0, -7, -3, -2, 1]
[0, 0, 1, 14, 27, 6, 1, -3]
[-2, -4, -6, -7, -18, -7, -2, -2]
[1, -1, 0, 0, 9, 4, 1, 0]
[-2, -1, -3, 1, -38, -6, -2, 0]
[0, -1, 1, -11, 3, 0, 1, -6]
[0, 2, 6, 0, 10, -1, 7, 11]
[1, 0, 4, 42, 79, 10, 2, -9]
[-2, -5, -9, -35, -78, -8, 5, 4]
[2, -2, -1, 6, 58, -4, 13, 15]
[-10, -4, -3, -5, -61, -1, -45, -54]
[1, 1, 0, -10, -38, 1, 36, 51]
[2, 2, 6, 21, 73, 7, -5, -6]
[-1, 0, -2, -22, 22, 7, 0, 0]
[0, 0, 1, 32, -18, -7, 4, 8]
[-3, -3, -2, -6, -13, -6, -10, -14]
[0, -3, -2, 1, -20, 5, 7, -1]
[3, 1, 1, 3, -5, 1, 1, 6]
[1, -1, -3, -13, 6, -1, 12, 6]
[-1, 1, 0, 23, 8, 0, -36, -18]
[0, -3, -2, -18, 35, 6, 10, 5]
[-1, 0, 3, 12, -12, 0, -10, -10]
[1, -2, -5, -32, -34, -6, 6, 5]
[0, -2, -3, -32, -39, -5, 0, -3]
[4, 1, 6, 40, 97, 5, -2, -2]
[-5, -3, -4, 5, -40, -4, -3, -6]
[-1, -2, -1, -20, -24, 3, 16, 9]
[-6, -11, -18, -47, -16, -25, -27, -11]
[-2, 2, -1, -23, -36, -1, -5, -9]
[-3, 1, -1, 1, -7, -3, -12, 3]
[2, 5, 3, 30, 65, 0, 7, 8]
[-3, 1, 0, -4, 8, 6, 1, -7]
[-4, -1, 2, 42, 22, 1, 13, 9]
[-1, -1, -6, -36, -30, -5, -28, -15]
[-2, 0, -4, -8, 13, 1, -15, -2]
[3, 6, 9, 17, 37, 10, 13, 1]
[0, -3, -4, -24, -40, -1, 14, -10]
[10, 3, 0, -9, 17, -1, 4, 24]
[3, 1, 7, 73, 113, 14, 5, -3]
[-5, -5, -2, -16, -78, -12, -1, 1]
[9, 3, -3, -44, -47, 11, 24, 12]
[-5, -6, 0, 41, 63, -4, 0, -6]
[-2, -6, -18, -88, -101, -28, -9, 14]
[2, 2, 1, 28, 30, 5, 15, -4]
[-6, -2, -1, -12, 0, -8, -25, -30]
[5, 1, 9, 9, 67, 19, 65, 30]
[-9, 0, 7, 3, -72, -18, -46, -54]
[4, 0, 0, 39, -18, 17, 16, 47]
[-5, -2, -5, -53, -105, -20, -16, -23]
[2, 4, 5, 24, 98, 21, 8, 8]
[-8, -9, -5, 10, -40, -12, 14, 12]
[0, -7, -11, -50, 36, -6, -19, -29]
[3, 6, 6, 18, -15, 3, 18, 33]
[0, 0, -7, -28, -70, -14, -13, 0]
[11, 6, 16, 78, 124, 34, 14, 2]
[-9, 0, -6, -77, -77, -31, -25, -29]
[-2, -7, 4, 75, 127, 27, 14, 13]
[-2, -6, -12, -26, 7, -17, -21, 8]
[-6, 3, -4, -50, -90, -5, -10, 1]
[11, 10, 19, 44, 115, 21, 24, 23]
[4, -11, -15, -41, 23, 1, -9, 3]
[-6, -5, -9, -18, -45, -18, -22, -39]
[1, -2, 4, 33, 52, 15, 14, 27]
[1, 0, -14, -76, -12, 8, -9, -19]
[-2, 2, 15, 86, 42, -2, -8, 8]
[5, 0, -10, -42, 19, 13, 3, -6]
[0, 5, 34, 75, 96, -2, -4, -18]
[-6, -2, -14, -35, 45, 1, 25, 25]
[7, 6, 14, -2, 65, 20, -11, 14]
[1, 4, 21, 81, -96, -15, 15, -10]
[7, -3, -17, -56, 87, 19, -16, 1]
[-8, -9, -13, -31, -88, -43, -30, 30]
[-7, 3, 5, 43, 74, 47, 19, -68]
[-2, 2, -3, 17, -69, -1, -25, -11]
[-4, -4, -8, -39, -24, -17, -2, 57]
[6, -8, -6, 10, 49, 10, -19, -44]
[-9, 5, -1, -32, 45, 2, 32, -1]
[1, 2, -1, -35, -41, 0, 13, 2]
[-8, -9, -6, 31, -22, -13, -14, -22]
[11, 3, 7, 33, 65, 24, 21, -4]
[4, -3, -7, -9, -107, -23, -31, 17]
[-2, -5, -15, -67, 32, 6, 40, 43]
[-4, -4, -17, 29, -44, 6, -27, -40]
[5, 22, 79, 76, -3, -14, 13, 18]
[-4, -5, -1, 80, 59, -7, -44, -47]
[-10, -2, -5, -38, -99, -30, 8, 34]
[6, -4, -22, 17, 43, 6, 19, 67]
[-7, -1, -3, -8, -23, 2, 20, -13]
[-1, 4, -2, -91, -26, -18, -45, 4]
[-6, -5, 8, 82, 59, 7, -41, -5]
[3, -4, -1, -29, 45, -9, 32, 18]
[-15, -10, -6, 88, 37, 11, -4, 35]
[-1, 1, -9, 1, -9, -30, -15, 0]
[3, 1, -3, -59, 22, -6, -30, -26]
[-3, -4, 5, 69, -38, -10, -4, 2]
[0, -2, -1, 33, 59, 23, 23, -38]
[6, -7, -19, -93, -29, -7, -14, 20]
[-9, -4, -4, 74, 58, 19, 11, -13]
[12, 5, -3, -128, -128, -30, 9, 53]
[-2, 6, 2, -19, 78, 23, -27, -78]
[-32, -17, -32, -14, -128, -42, 27, -4]
[14, -8, -18, -7, -22, 21, -9, 5]
[-4, 20, 56, -37, -68, -23, 8, 12]
[2, -10, -49, -35, -78, -13, 15, -2]
[14, 14, 53, 0, 41, 24, 31, 25]
[-8, -2, 12, -39, 2, -12, 2, -28]
[-4, -6, -21, 97, 127, 30, 18, -10]
[-4, -12, -29, -52, -128, -43, -20, 23]
[8, -4, -1, -6, 15, -8, 25, 49]
[4, 3, 9, 121, 63, 17, -56, -15]
[-15, -5, 1, -84, -43, 13, 45, -109]
[11, 3, -7, -37, 86, 18, 22, 78]
[0, -1, -3, 48, 119, 34, 29, -41]
[-13, -10, -25, -112, -112, -59, -9, -13]
[9, 5, -1, 62, 121, 14, -14, 27]
[-8, 1, 3, -40, -45, 5, 2, -10]
[3, -6, -18, -63, -63, -25, -3, -5]
[2, 3, 23, 29, 4, 31, 45, 15]
[-8, -2, 4, 83, -13, 8, -16, -10]
[4, 5, 13, 13, -57, -8, 8, 19]
[-2, -2, -18, -63, -12, -12, -57, -44]
[-2, 9, 44, 50, -13, -11, -5, -15]
[2, -19, -91, -128, -99, -12, 19, -6]
[2, 22, 107, 125, 112, 5, -24, -9]
[8, 12, -7, 16, -55, 5, 13, 15]
[3, -2, 23, 12, 11, 5, 28, 21]
[10, 13, 22, 45, 107, 7, -7, 30]
[-8, -17, -40, -57, -128, -25, -24, -44]
[-8, -1, -9, 61, 66, 4, -18, -62]
[-3, 4, -5, -50, 10, 2, -8, -15]
[8, -9, 3, 51, -84, 7, 31, 47]
[0, -9, -31, -52, -57, -15, -17, 30]
[4, 7, 12, -4, -34, -16, 16, 19]
[2, 5, -3, 39, 116, 33, -3, 5]
[-3, 2, 10, -69, -29, -5, -28, -64]
[6, 0, -3, 101, 108, 21, -6, 36]
[-2, 4, 10, -78, -126, -11, -5, -6]
[-7, -12, -24, 19, 32, -23, -23, -3]
[-1, 2, 12, 61, 60, 24, -2, -18]
[-7, -11, -32, -67, 21, 1, 13, 10]
[8, 12, 41, 101, 41, 17, -11, 10]
[5, 4, -19, -26, -35, -6, 17, -7]
[0, 10, 30, -32, -16, -13, -10, 8]
[-2, -8, -41, -60, -42, 3, 0, -25]
