[-1, -7, -29, -70, 40, 5, -2, 9]
[5, 4, 1, 3, 15, 0, -2, 2]
[0, 1, -18, 5, -29, 14, 23, -16]
[-1, 0, 24, -21, -36, -14, -5, -11]
[2, 1, 4, 30, 23, 10, -8, 54]
[-6, -3, -17, -16, -30, -15, 8, -36]
[6, 5, 9, 23, 81, 0, -21, 4]
[2, -8, -21, -38, -85, -10, 14, 62]
[0, 10, 17, 46, 3, 5, -17, -23]
[-1, -8, -13, -53, 4, 4, 27, 56]
[-6, -4, 4, 39, -17, 4, -30, -40]
[4, -2, -16, -36, 100, 11, -2, 5]
[-4, -2, -5, -67, -62, -27, -14, -26]
[4, -2, -2, 49, 75, 18, -1, 48]
[-5, -3, -8, -29, -74, -11, -1, -20]
[-12, -14, -21, -4, 15, -5, -11, -25]
[7, 6, 27, 55, -30, 9, 12, 15]
[-1, 11, 45, 51, 23, -5, -13, -20]
[4, 1, -3, 7, 20, 0, 3, 1]
[-3, 1, -2, -18, 4, 13, 4, 16]
[3, -7, -16, -21, 49, 1, -12, 2]
[-1, -1, -18, -5, -62, -2, 8, 6]
[4, 8, 26, 39, 65, 6, 4, 4]
[-3, -3, -17, -49, -60, -23, -11, -19]
[-10, -10, -8, -2, -6, -13, 6, 1]
[-5, -1, 3, -14, -29, 9, -22, -25]
[0, 3, 1, -2, -14, 1, 18, 30]
[0, 1, -2, -13, 27, 0, -6, 19]
[-8, -4, 2, 57, 39, 8, -1, -53]
[1, -8, -23, -36, -16, -10, 1, 2]
[-5, -10, -24, -34, -14, 8, -4, 1]
[4, 12, 31, 92, 108, 2, 2, -28]
[4, 0, -7, -51, -31, 8, 8, 28]
[-5, -7, -29, -16, -43, -6, -5, -13]
[0, 11, 47, 62, 47, 11, -5, -8]
[-1, -6, -16, -39, -10, -13, 1, 4]
[4, 3, 12, 36, 38, 10, -1, 0]
[-4, -6, -17, -11, -46, -12, -7, -4]
[6, 6, 13, 14, -11, -2, 8, 38]
[-4, 1, 4, -8, -3, 7, 2, -28]
[-1, -3, -13, -2, 6, 6, -4, 3]
[1, -6, -16, -43, 13, -5, -4, -4]
[1, 1, 3, 46, -15, -3, 8, 0]
[0, 0, 13, 56, 71, 15, -30, -32]
[-3, -5, -16, -47, -45, -11, 7, 37]
[0, -5, 5, -7, 7, -5, -18, -9]
[-4, -2, -7, -13, 33, 6, 34, -8]
[-3, -3, -16, -21, -29, 0, -14, -5]
[1, 2, 13, 41, -9, -1, 2, 13]
[-2, 9, 30, 25, 10, -6, -5, -3]
[-2, -4, -6, -2, -8, -2, -9, -1]
[-1, -3, -12, -73, -66, -6, 7, 0]
[3, -4, -19, 22, 71, 14, 7, -2]
[-1, -2, -6, -37, -27, -11, 2, 0]
[0, 7, 24, 37, 3, -3, -8, -12]
[-3, -4, -18, -33, -7, 2, 13, 13]
[1, 3, 14, 5, -27, 0, -9, -14]
[-1, -6, -9, 14, 27, 6, 6, 1]
[-3, -4, -18, -15, -30, -11, -5, 5]
[5, 10, 29, 32, 14, 15, 5, 0]
[-1, -1, -5, -18, -8, -7, -5, -4]
[-2, -6, -17, -17, -10, -13, 2, -1]
[-2, -6, -8, -5, -6, 4, -7, -3]
[0, 4, 9, 12, -12, -3, 5, 3]
[2, 3, 7, -2, 1, 1, -2, -3]
[-1, 0, 0, -2, 1, 1, 3, 8]
[-3, -7, -14, -12, 14, 1, -7, -6]
[1, -4, -1, 7, -8, -3, 5, -2]
[-1, 7, 18, 9, -8, -4, -2, 1]
[0, -5, -8, -11, 16, 6, 3, -1]
[3, 2, 16, 23, -4, -5, -8, 1]
[1, -4, -9, 1, -12, -1, 1, -1]
[2, 1, -8, 1, -7, 1, -1, 0]
[2, 7, 18, -10, -9, 6, 2, 5]
[-2, -3, -18, 9, 26, 5, 0, -4]
[-2, -1, 14, 11, -4, -9, 1, 4]
[-3, -2, -11, -13, -1, -6, -4, -4]
[-3, 0, 5, 8, 14, 2, 1, -3]
[-3, -8, -28, -44, -7, 0, -2, -1]
[3, 11, 31, 42, 9, -2, 4, 2]
[-2, -4, 1, -6, 0, 1, 1, 0]
[0, 0, -7, -6, 15, 5, 1, -1]
[-2, -3, 7, 4, -19, -8, -5, -3]
[-4, -3, -10, -9, -1, -3, -2, -1]
[-1, -1, -3, -11, -7, -1, 0, -4]
[1, 5, 4, 16, 8, 1, 2, 1]
[-1, -1, -8, -6, -7, 0, 3, -4]
[-2, -1, -6, -19, -2, 1, 1, 2]
[1, 1, 15, 30, -1, -5, -1, 1]
[-3, -4, -10, -11, 3, -2, -5, -2]
[0, -6, -22, -39, -16, -2, -1, 0]
[2, 4, 19, 23, -17, -3, 0, 0]
[0, -2, 5, 15, 24, -3, 1, -4]
[0, 3, 5, 8, 6, 2, 1, -3]
[1, 4, 6, 7, 7, 0, -1, 1]
[-1, -4, -14, -26, -6, 2, -3, -1]
[0, 0, -7, -12, -9, 1, -3, 1]
[0, -2, 9, 22, -6, -3, 3, 2]
[-1, -3, 5, -2, 6, -1, -2, -2]
[-1, -4, -15, -13, 1, 2, 1, -2]
[-1, 2, 10, 8, -17, -1, 0, 0]
[-2, 2, 3, 13, 4, -2, -3, -1]
[-1, 3, 4, -3, 1, -2, -2, 0]
[-1, -4, -1, 3, 12, 2, -1, 0]
[0, 1, -6, 5, 1, 1, -2, -1]
[3, -1, -4, -9, -14, 0, -2, 1]
[0, 1, 5, -1, 1, 0, -2, 0]
[-1, 0, 6, 2, 2, 0, 1, -2]
[-2, 0, -4, -18, -9, -2, 0, 0]
[-2, -4, -12, -15, -1, -1, -3, -1]
[2, 4, 25, 52, 11, -1, -1, 0]
[0, -2, -8, -10, 0, 1, -1, 0]
[1, 0, -2, 2, -9, -3, 1, -1]
[-1, -3, -1, -7, 5, 0, -1, 0]
[-4, -4, -9, -3, 7, 0, -1, -1]
[1, -2, -5, -5, -14, -1, 1, -1]
[0, -1, -2, 2, 5, 3, 0, -1]
[-2, 3, -2, 0, 0, 2, -4, -1]
[0, 0, -5, -16, -14, 1, -2, 0]
[2, 2, 8, 11, 10, 0, 0, -1]
[-1, -3, -1, -6, 6, 1, 0, 0]
[1, 2, 3, 9, -4, -8, 0, 2]
[0, -2, -8, -20, -11, -2, 1, -2]
[-1, 1, -4, -5, -3, -1, 2, -1]
[-1, -1, -3, 0, -1, 0, 1, -1]
[-3, 0, 4, 3, 0, 0, -1, -3]
[2, 2, 5, 9, 9, 3, 2, 1]
[2, -2, -5, -11, -8, -5, -2, 3]
[-2, -2, 2, 7, 0, -1, -1, 0]
[-1, -2, 3, 15, -2, -2, 0, -1]
[2, 1, 2, -9, -6, 0, -1, 0]
[0, 4, -1, 6, 21, 3, 0, 0]
[-1, -3, -1, -5, -4, 0, -2, 0]
[-2, -6, -10, 1, 0, 1, 2, -1]
[-2, -3, 2, -3, -1, -2, 0, -2]
[1, -2, -2, 2, -7, -1, -2, 1]
[3, 1, 9, 0, -2, -1, -3, -1]
[0, -1, 0, 2, -1, 1, -2, 0]
[0, -2, -7, 6, -3, -3, 0, 0]
[-1, 2, -3, -3, -2, -1, -4, 1]
[-1, 0, -1, -1, -1, -1, -3, 1]
[-3, -4, -4, -7, 3, -1, -1, 0]
[-5, -6, -2, -9, -10, -1, -3, -5]
[0, 2, 2, 6, 4, -2, 1, -1]
[-1, -1, -1, 0, -2, -1, 2, -1]
[2, 3, 2, -1, 3, 0, -1, 1]
[1, -2, -6, -14, 1, -3, 0, -1]
[-1, -3, -3, 0, -4, -2, 2, -1]
[0, -4, -8, -7, -1, 0, 1, 0]
[0, 1, 6, 11, 18, 0, 4, -2]
[0, 0, -9, -14, -37, -5, -3, 2]
[0, -4, 1, 1, 11, 2, -1, -1]
[-3, 2, 6, 16, 6, -1, -1, 1]
[-3, -2, -10, -4, 1, 1, -4, -2]
[-1, 2, 4, 5, 12, 0, 0, 1]
[-3, 0, 0, -2, -3, 0, 2, -2]
[2, 1, -4, -5, -3, -2, 0, -1]
[0, 3, 7, -10, -10, -2, -1, -1]
[-1, 2, 0, -2, 3, -3, -1, -1]
[-3, -3, -6, 9, -2, 2, -1, 1]
[-1, 2, 4, 7, 4, 1, 0, -1]
[1, 0, -4, -5, -2, -1, -2, 0]
[2, -4, -1, -2, 1, -2, -1, 1]
[-1, -6, -2, -11, -3, -2, 0, -2]
[-3, -2, -3, -3, 8, 1, -1, -1]
[1, 3, 7, 6, -11, -1, 0, 0]
[-1, -2, -4, 5, 6, 1, -2, -1]
[2, 1, -1, -4, -2, -1, -2, 1]
[-1, -4, -1, -1, -13, -2, -2, -1]
[-4, 2, 4, -3, -2, -1, 1, 2]
[-2, -1, -5, -3, 6, 0, 0, 1]
[-1, -2, -1, -6, -1, 0, 1, -3]
[-1, 0, -1, -7, -3, -1, -1, 1]
[-1, 0, 0, 4, 0, -2, -2, -1]
[-1, 0, 2, -2, 0, 0, -1, -3]
[0, 1, 3, 2, -4, 1, 1, 0]
[-2, 0, -9, -11, -2, 1, 2, 0]
[1, 2, 9, 20, 7, 1, 2, 0]
[1, -1, 1, -1, -4, -1, 0, -1]
[-1, -4, -2, 3, 4, -2, -1, 0]
[-3, -2, -7, -9, 9, -1, -1, -2]
[-1, -4, -5, 0, -14, -3, -2, 0]
[-1, 0, -1, -6, -1, -2, 0, 0]
[0, 0, -9, -16, -2, 1, 0, 0]
[4, 5, 11, 12, 4, 4, 3, 1]
[-1, -4, -4, -4, -4, 1, 1, 1]
[-1, 0, -2, 10, 6, -1, 0, 0]
[-1, 0, 7, 1, -4, -1, 0, -1]
[0, 1, -4, -4, 3, 1, -2, -2]
[0, -1, 0, -8, -5, -5, -1, 1]
[0, -4, -1, 0, -3, 0, 2, -3]
[-2, 1, 0, 8, 2, -2, 1, -3]
[-4, -3, -5, -2, 5, 1, -3, -3]
[-2, -1, 0, 2, 2, 1, -3, -1]
[0, -1, -1, -6, 1, 2, 1, -1]
[0, -1, 1, 1, -2, 1, 0, 0]
[1, -4, 2, 2, -8, -3, 1, 0]
[0, -1, -6, -11, -2, -6, 0, 0]
[0, 1, 0, -1, 3, -2, -2, 1]
[-1, 1, 1, 0, 1, 0, -5, 0]
[-1, -2, -7, -3, -3, -2, -2, -2]
[1, 0, -3, 3, 4, 0, -1, -1]
[-1, 1, -2, -1, -9, -3, 0, 0]
[-2, 1, 6, 12, 5, 1, 0, 0]
[1, 1, 1, -3, -8, -1, 0, -3]
[0, -3, -5, -9, 9, 4, 1, -1]
[-1, -3, -10, -10, -9, -2, -1, 0]
[0, 2, 2, 11, -1, 0, 0, 0]
[-1, -5, -5, -5, -2, 0, 0, -1]
[-1, 2, 11, 20, -13, -2, -3, -2]
[-2, 0, 3, -6, 0, 0, -1, 1]
[0, -1, -4, -1, 3, 0, 1, 2]
[0, 1, 4, 1, 0, 0, 1, 3]
[-2, 2, -1, -3, 0, -2, 2, 0]
[-1, -1, -1, -5, 1, 1, 0, 0]
[-3, 0, -9, -4, -14, -2, 1, -3]
[-2, 1, 16, 11, 2, -2, -1, 0]
[-1, -6, -7, -3, 1, 1, 3, -1]
[1, 3, 12, 6, 0, 0, -1, 1]
[0, -3, -4, -7, 1, -1, -1, -1]
[-2, -1, -3, -1, -2, -3, -2, -1]
[-3, -3, -7, -1, 1, 0, -3, 0]
[-1, 0, 5, -1, 3, 3, 0, 0]
[2, 0, 5, 12, 5, 1, -3, 1]
[0, 1, -4, -1, 2, -1, -3, 0]
[1, 0, 1, -3, -1, -3, 0, 0]
[0, -2, -1, -6, -5, -1, 1, -3]
[-1, -1, -3, -6, 4, 0, 1, -2]
[-1, -2, -3, -15, 0, -1, -1, 0]
[0, -2, -4, -4, -9, -2, -3, 1]
[-2, -3, -3, 21, 11, 1, 2, 0]
[-1, -1, 6, -6, -9, -3, 2, -2]
[0, -1, 0, 9, 8, 1, 0, 0]
[0, 2, -2, -10, 0, 0, -1, -2]
[-2, -4, -12, -14, -5, -1, -2, -1]
[-3, 1, 1, 7, 0, 0, 0, -2]
[-2, -4, -2, -11, -14, -3, -2, 0]
[-1, -4, 4, -7, 5, -1, -2, -1]
[2, 2, 2, 2, -15, -3, -2, 1]
[2, -1, -4, -2, 18, 2, 0, -1]
[1, -1, -4, -3, -2, 1, 1, -1]
[-1, 0, 1, 1, 2, 2, 0, -1]
[-2, 0, -2, 4, 4, -2, 0, -2]
[-1, 1, 1, -9, -9, -4, -3, 0]
[-2, -1, -3, 1, -1, -2, 0, 1]
[2, -1, -5, -3, -1, 1, 0, 0]
[2, -3, 1, 0, 3, 3, 1, -2]
[0, 3, 8, 8, -3, -2, -2, 1]
[-1, -4, -3, 0, 1, -2, -1, -1]
[-1, 4, 13, 14, 2, 3, 4, 2]
[-2, -1, -5, -9, 0, -1, -4, -2]
[1, 1, 12, 17, -1, 0, 1, 0]
[-1, -1, 1, 7, 0, 2, 5, 1]
[-3, -3, -3, -5, 0, -1, -1, 1]
[0, 3, -6, -5, 4, 0, -2, 0]
[0, -1, -2, -10, 0, 0, -4, 0]
[-1, 1, -4, 3, -2, -9, -2, 0]
[2, 0, -2, -3, 1, -1, 1, -3]
[-1, -3, -3, -4, 1, 0, 0, -1]
[0, -1, -4, 0, -6, -2, -3, -1]
[1, -2, 0, -1, 0, 0, -1, 0]
[1, -1, -2, 2, 2, 0, -2, 0]
[0, 1, 3, -8, -23, 0, 1, 0]
[-2, -3, -2, 7, 28, 6, 2, 2]
[-1, -1, -3, -1, 3, -4, -2, -1]
[-1, 2, 3, 7, 11, 1, -9, -12]
[-5, -6, -3, 2, -2, -6, 4, 11]
[0, 0, -3, 0, -2, 1, 17, 3]
[2, 1, 0, -10, 16, 3, -18, 0]
[0, -3, -6, -15, -56, -12, -15, -11]
[2, 9, 15, 19, 45, 8, -9, -13]
[-3, -2, -9, 11, 17, 0, 2, 12]
[-1, 1, 3, 28, -4, 2, 8, 9]
[-7, -6, -8, -12, 31, 5, 22, -5]
[-4, -4, 0, -18, -41, -12, -20, -10]
[2, -2, -3, 12, 2, -5, -20, -9]
[0, -1, 4, 5, 12, 10, 27, 16]
[6, 2, -1, 7, 45, 16, 29, 17]
[-5, -3, -6, -23, -41, -18, -1, 2]
[-5, -15, -11, -33, -6, -2, 3, -3]
[-3, 0, -5, -21, -85, -23, -21, -13]
[0, 2, 4, 23, 19, 8, 3, 1]
[5, -6, -9, -9, 7, -1, -1, 0]
[7, 11, 1, 16, 20, 2, 1, 2]
[-1, -6, -5, -22, -30, 4, 2, -5]
[0, 0, 7, 32, 85, 0, -10, 2]
[-9, -7, -4, -3, -53, -12, 15, -6]
[-1, 0, 0, -30, 28, 3, -3, 3]
[-1, 0, -2, 27, 36, 2, -2, -7]
[-3, -3, -9, -25, -43, -13, -10, -5]
[8, 5, 20, 55, 58, 16, 9, 14]
[-7, -7, -9, -57, -85, -18, -6, -13]
[-3, 2, -2, -19, 10, 1, 0, -2]
[1, -2, 3, 12, -32, -7, -3, 7]
[3, 3, 1, 42, 55, 18, 13, 11]
[-8, 3, 1, -21, -9, -4, -16, -52]
[1, -3, -5, -33, -28, -6, 18, 41]
[-1, 9, 2, -36, -26, 3, -34, -57]
[0, 3, 3, 61, 56, 15, 0, -13]
[6, 11, 4, 14, -9, 5, 9, 33]
[4, -3, -1, 25, 95, 8, 9, 5]
[0, -2, 1, 9, -52, -12, -9, -6]
[6, -1, -1, -29, 19, 8, 9, -5]
[-2, -4, 3, 22, -22, 4, -6, 0]
[4, 7, 3, -13, -22, 1, -7, -12]
[-1, -4, -12, 17, 65, 3, 27, 27]
[-3, -10, -6, -84, -96, -11, -9, -21]
[1, 0, 2, 60, 41, 0, 9, 13]
[-8, 4, 5, -19, -65, -10, -10, -8]
[13, 20, 2, 8, -3, 3, 8, 5]
[-5, -5, -10, -22, 28, -2, -6, 4]
[-20, -28, -11, -6, -54, -8, -2, 7]
[26, 14, 13, 51, 76, 15, -1, 8]
[-25, -15, -7, -11, -46, -1, -1, -32]
[5, 5, -10, -48, -64, -23, -10, 20]
[3, 3, -1, -32, 11, 3, 4, 6]
[-12, -7, -3, 13, 20, 3, 0, -19]
[10, 3, 10, 52, 57, 14, 10, 26]
[-11, -11, -8, -43, -21, -8, 7, -11]
[1, -6, 0, 5, 23, 0, -18, 13]
[-2, -3, -1, 10, -30, -6, -14, -20]
[3, -4, 1, -43, -3, 3, 14, 11]
[-8, 5, 4, 76, 94, 13, -10, -15]
[-3, -6, -12, -54, -81, -21, 1, -3]
[5, 5, 14, 66, 106, 21, 20, 27]
[-11, -17, -22, -69, -115, -34, -18, -15]
[13, 10, -1, -7, 18, 0, -12, 4]
[8, 17, 23, 44, -2, 16, 20, -2]
[-12, -10, -21, -14, 47, -5, 9, -11]
[3, 4, 1, -14, -41, -5, -6, 7]
[-13, 7, 26, 14, 26, 7, -1, -19]
[9, 14, 2, 29, 74, 3, 0, 44]
[3, 0, -1, -64, -128, -20, 13, 30]
[-11, -9, -9, 28, 113, 1, -42, -63]
[3, -5, -12, -52, 12, 4, 0, 5]
[-5, 2, 7, 38, 27, 0, -9, -37]
[1, -2, -2, -34, 20, 7, -14, 11]
[10, 10, -1, -22, -55, 8, 32, 48]
[5, 0, 0, 28, -33, -2, -19, 15]
[-10, -4, 4, 72, 97, 19, 1, -23]
[5, -7, 2, -17, 103, 14, 21, 11]
[-8, -13, -13, -7, -82, -49, -41, -19]
[-1, 2, 0, -15, 47, 8, 46, 30]
[0, 6, 3, 36, 43, 15, -14, -66]
[0, -4, -21, -58, -128, -28, -8, 23]
[8, 11, 15, -10, 90, 29, 10, 8]
[-4, -6, 2, 45, -59, 5, 1, -8]
[7, -3, -10, -31, -43, -6, 4, 20]
[-2, 5, 13, -3, 26, 13, 9, -33]
[5, 1, -8, 9, -9, -4, 20, 28]
[0, 3, 4, -30, -45, 3, -10, -8]
[13, 7, 11, -30, -31, 1, 23, 22]
[-2, 0, 10, 96, 74, 15, -7, -2]
[-10, -7, -13, -39, -89, -14, 3, -22]
[6, 4, 13, 64, 127, 34, -5, -7]
[-7, -16, -23, -72, -113, -64, -29, 35]
[-3, 2, -3, 39, 68, 19, 1, -20]
[-8, -6, 4, 9, -50, -24, -3, 36]
[-3, -11, -11, -7, 52, 2, -2, -72]
[7, 17, 14, -20, 54, 25, 28, 17]
[-10, -7, -7, -76, -53, -26, -27, -20]
[14, 12, 13, 118, 127, 30, 15, 22]
[-10, -7, 0, -35, -117, -30, 3, 17]
[7, 1, 0, 17, 114, 38, 33, 10]
[-4, -5, -3, 23, -24, -14, -48, -22]
[-9, 7, 19, 37, -47, 21, 18, -8]
[10, 1, -23, -121, -124, -18, 16, 60]
[-7, -2, -4, 44, 12, 4, -11, -42]
[-6, -2, 15, 59, 27, -4, 3, -10]
[6, -3, -1, -23, -16, 10, -5, 4]
[5, 5, 2, -2, 57, -4, 12, 8]
[3, 4, 8, 16, 4, 8, -11, 4]
[-14, -8, -17, -73, -122, -46, -14, -58]
[6, -8, -3, -28, 93, 10, 30, 81]
[-13, -7, -11, -41, -93, -25, -35, -71]
[5, 0, 4, 52, 108, 12, -9, 20]
[6, 2, -4, -44, -57, -4, 8, 6]
[-12, -4, -7, -18, -66, -10, -18, -13]
[13, 16, 11, 47, 12, 1, 9, -4]
[-12, -12, -9, -83, -47, -12, 11, 0]
[-2, 4, -5, -15, -74, 1, -8, -12]
[0, -5, 1, 36, 46, -5, -9, -10]
[-2, -9, -7, -58, -58, 4, -2, 17]
[-3, -4, 7, 31, -28, -3, -2, -25]
[7, -1, -11, 4, 127, 23, 14, 44]
[-11, -3, 6, 60, -12, -13, -1, -35]
[-1, -5, 1, -52, 15, -3, 11, 10]
[2, 8, -5, -51, 7, 2, -10, 9]
[-2, 4, 7, 50, 1, 11, -9, 15]
[6, 8, 0, -9, 73, 14, 5, -17]
[0, -8, -1, 70, -62, -6, 18, 2]
[-3, -12, -9, -12, 37, -7, -24, 8]
[-3, 1, -20, -47, -88, -30, -13, -26]
[1, 11, 46, 32, -67, 2, -6, -2]
[5, 5, 7, 58, 39, 8, 7, 30]
[-3, -4, -1, 2, 9, 9, -1, -20]
[4, 0, 2, -18, -9, -2, 19, 4]
[1, -8, -19, -52, -25, 4, -2, 7]
[-5, -7, -2, 11, 18, 3, -11, 21]
[1, 3, -7, -64, -70, -24, 10, -15]
