[7, -1, 11, 103, 123, 37, 6, 16]
[-5, -12, -25, -116, -102, -42, -6, 25]
[-3, 13, 26, -20, 49, 7, -9, -56]
[-3, -5, -8, 54, 43, 1, -3, 17]
[1, 4, 14, -8, -14, 2, 10, 15]
[-2, 0, -11, -16, 29, 5, -3, -43]
[-3, -10, -25, 13, 52, -7, -25, 9]
[-3, 8, 28, 0, -128, -22, 5, -28]
[-6, 3, 10, 17, 25, 6, -13, 9]
[8, -5, -1, 34, 50, 10, 60, 47]
[-2, -1, -16, -40, -76, -12, -27, -21]
[2, -4, -13, -74, -115, -8, -4, 15]
[-4, -1, 4, 17, 23, -5, -2, -20]
[-12, -2, -2, 8, 79, 3, -13, -13]
[-2, -6, -22, -1, 26, 9, 10, 25]
[2, -2, -4, -28, -70, 0, 2, -1]
[5, 13, 33, 60, 62, 15, 8, -2]
[1, -3, -23, -88, -105, -26, -23, -5]
[2, 10, 30, 60, 33, 10, 0, -2]
[-2, -10, -19, -7, 58, 4, -12, 5]
[-3, -10, -26, -71, -84, -17, 19, 2]
[5, 7, 20, 57, -51, -1, -9, 2]
[-3, -2, -1, 44, 101, 17, 13, -2]
[-4, -2, -7, -13, -27, -8, 4, 10]
[-3, -4, -4, -2, 17, 3, 1, 5]
[1, 2, 3, -7, 18, 9, -3, -17]
[0, -1, -1, -14, -41, -5, 0, 13]
[0, -5, -5, 8, 18, -2, 3, 13]
[-6, -7, -5, -22, -31, 12, -1, -1]
[0, -1, -1, 9, 43, 0, -10, 0]
[1, 3, 8, 45, 59, 14, 3, -1]
[0, 3, -2, -7, 33, 4, 6, -5]
[-2, -9, -30, -44, -44, -16, -15, -8]
[1, 2, 19, 80, 69, 14, 1, -9]
[1, 2, -13, -40, -13, 5, 6, 9]
[3, 10, 27, 8, -21, -7, -8, -8]
[4, 5, 14, 4, -14, -1, 1, 12]
[1, -4, -12, -30, -12, 9, -4, -9]
[2, 1, 4, 5, 18, -1, -1, -4]
[-3, -7, -15, -4, -1, 0, 1, 0]
[-1, -3, -11, -13, -33, -7, -3, -3]
[-1, -2, 5, 28, 50, 2, 10, -7]
[-2, -3, -7, 0, 5, -2, -19, -12]
[1, 4, 6, 29, 36, 0, 11, 27]
[0, 3, 4, -17, -48, -16, -3, -1]
[-3, 2, 2, 5, 6, 12, -2, -7]
[0, -4, -4, 3, -4, -3, 0, 14]
[-2, 0, 3, 5, 31, 4, -5, -8]
[-2, -3, -6, -4, -3, -1, 2, -4]
[3, 4, 7, 2, -16, 2, -7, 4]
[0, 3, 0, -9, 0, -4, 4, -4]
[2, 6, 22, 32, -1, 5, -5, -5]
[-2, -3, -9, -11, -14, -11, -3, -1]
[0, -2, -13, -22, -11, 2, -5, -6]
[-2, -1, -6, -7, -16, 1, 2, 1]
[-4, -6, -13, -7, -10, -6, -1, -9]
[1, -6, -10, 8, 22, 4, -1, 5]
[2, -1, -8, -10, 3, -5, -1, -2]
[2, 2, 9, 14, -18, -2, 5, 1]
[-2, -1, -6, -9, -13, 6, 0, -1]
[0, 1, -4, -19, 17, 5, -1, -4]
[-5, -5, -8, -3, -20, -11, -8, -4]
[0, 4, 8, 6, -16, -6, 0, -1]
[1, -4, -11, -28, -6, -4, -4, -4]
[0, 1, 12, 23, 13, -1, 1, 1]
[-1, -2, -4, -31, -8, 1, -2, -3]
[0, -1, 6, 18, -7, -8, -1, 2]
[-1, 2, 23, 13, 14, 7, 1, -3]
[-1, -2, -12, -1, -6, -13, 0, 1]
[2, -2, -5, -13, -1, 4, -2, 2]
[-1, 1, 6, -1, 3, -3, -2, 1]
[-2, -5, -11, 0, -6, 4, -3, -2]
[-1, 2, 2, -10, 10, 5, 1, -1]
[0, 2, -3, 3, -16, -4, 4, -1]
[0, 0, -4, 5, 3, 3, 1, 1]
[0, 2, 8, 1, -3, -2, 0, -1]
[1, 1, 3, 3, 7, 1, -2, 1]
[-1, 2, 6, 3, -3, -7, -4, -2]
[-1, -3, -11, -10, -8, -1, 3, 0]
[1, -1, -2, -1, -5, -5, -1, 1]
[-1, -1, 14, 4, 9, 3, -2, -2]
[1, -3, -6, -3, -3, 0, 0, 0]
[-1, -1, 0, -4, -4, -2, -2, -1]
[-4, -3, -3, -6, 2, 3, 1, -3]
[1, 0, 0, 7, -8, -3, -1, -1]
[1, -1, -5, -11, -10, 0, -2, 2]
[-2, -1, 6, 15, 21, 3, -1, 1]
[1, -1, -4, 1, -6, -4, -1, -5]
[0, 1, -1, -1, -1, 1, 3, -2]
[-2, -1, 5, -5, -2, -5, 0, -2]
[0, 1, 1, 4, -4, 3, 0, 0]
[-1, -1, -8, -9, -4, -1, -2, 1]
[-2, 0, 4, 0, -1, 0, 0, 0]
[1, 0, 8, 2, 5, 6, 4, 1]
[0, -6, -10, -31, -5, 0, -2, 0]
[-2, 1, -2, 4, -3, -2, -1, -1]
[0, 1, -4, 6, -3, -4, -2, 2]
[-1, -2, -3, -2, 0, 0, 0, 0]
[1, 0, -1, -7, -1, 1, 4, 0]
[0, -2, -1, 9, 1, -1, -1, -1]
[-2, -3, -4, -8, 2, -1, -4, -2]
[-2, -3, -4, -3, 2, -3, -4, -2]
[-2, -3, 4, 13, -5, 1, 1, -1]
[1, 3, -1, -3, -2, 0, -1, -1]
[0, -2, 3, 6, 1, 0, 1, 0]
[0, 3, 3, -3, 2, -3, -1, -1]
[0, 2, 0, -4, -4, -1, 1, -1]
[-1, -6, -7, -4, -3, 0, 3, 0]
[-1, 0, -1, -2, 0, -2, -1, 0]
[-1, 4, 10, 14, 4, 1, -1, -1]
[0, 0, -3, 5, -4, 1, -1, -2]
[2, 2, 5, -1, 8, 0, 0, 0]
[1, 0, -3, -3, -6, -2, 0, 2]
[-1, -4, -6, -6, -2, -2, -2, -1]
[1, 1, 2, 9, 4, 2, 0, 0]
[-1, -2, -6, -7, -3, 1, 0, 1]
[-4, -2, 5, 7, 1, -5, -3, -2]
[-4, -2, -5, -1, 5, 3, 2, 1]
[-4, -4, -6, -5, -9, -3, -2, -1]
[-2, 1, 2, -2, -7, 0, 0, -1]
[-2, 2, 5, 20, 4, 3, -1, -1]
[2, 5, 5, 6, 3, -4, -2, -1]
[3, -2, -7, -11, 4, 3, -1, 0]
[0, -3, -5, -3, -7, -1, 0, 0]
[0, -2, 3, -4, 2, 0, -1, -1]
[-2, -4, -6, -13, -8, -3, -3, 0]
[1, 0, 3, 5, 14, 0, 0, 1]
[-1, 0, 1, -2, -5, -1, -3, -1]
[1, -2, 2, 5, 8, 1, -1, -1]
[1, -2, 2, 4, -2, -1, 1, -1]
[-2, -2, -1, -4, -7, 0, 1, 0]
[-3, -2, -11, -4, 2, 0, -2, -1]
[0, 3, 3, -2, -8, 0, -3, -2]
[0, -1, 0, 0, -2, -2, 2, 0]
[0, 1, 1, 0, 0, 1, 4, -1]
[-1, -1, -5, -11, 0, 1, -1, 0]
[-1, -3, -8, 0, -4, -1, -2, 0]
[0, 0, -1, -3, 5, -1, -4, 0]
[2, 4, 17, 21, 0, 0, 1, 3]
[0, 3, 14, 9, 8, 0, -1, -1]
[-1, 0, -5, -11, -15, -3, -2, -2]
[-2, 1, -4, 8, 12, -2, 0, 0]
[3, 2, 8, 0, 5, 2, -1, -2]
[0, -2, -3, 0, -4, -1, 1, 0]
[-1, 0, 2, 1, 4, 0, -1, 0]
[-2, 0, -4, -20, -7, -2, -1, -1]
[-3, 0, -5, 2, -4, -3, -3, -1]
[0, 2, 1, 5, 4, 0, -1, -1]
[-2, -4, -1, -8, -6, -4, 0, -1]
[-1, -3, -1, -1, -6, 0, -2, -2]
[0, -1, -2, 3, 15, 0, 0, -1]
[0, -1, 0, -2, -8, 0, -1, 0]
[0, 0, -5, 6, -3, -4, -2, 2]
[1, 0, 7, 4, -3, -1, -1, 2]
[-2, -1, 1, -12, -5, 1, 2, 1]
[-2, -3, 1, 0, -4, 0, -1, -3]
[1, 1, 6, 3, 8, 2, 1, -2]
[1, 4, 0, 3, -4, -1, -2, 1]
[0, -1, -8, -5, 2, 1, -3, -1]
[2, -1, 5, -2, 6, 0, 0, -2]
[1, -1, -4, -5, -9, -4, -1, -3]
[-1, -2, 1, 2, -3, -3, 1, -3]
[0, -1, -4, -7, -10, -3, -1, 1]
[-2, -2, -8, 1, 6, 2, -1, 0]
[-1, 2, 7, 13, 7, 1, -1, 1]
[-1, 0, -1, 7, 5, 1, 1, -1]
[-2, -1, -2, -6, -8, -1, 0, -3]
[-2, -3, -7, -1, -2, -1, -2, 0]
[-1, 2, -4, -8, 1, -1, -1, 3]
[1, -1, 0, -12, 0, 2, -2, 0]
[0, -2, -2, 3, -20, -5, -2, 0]
[0, 0, 3, 12, 26, 0, 1, 0]
[-1, -5, -10, -34, -10, -2, 2, -1]
[-1, -2, 1, 23, 2, -1, -1, -1]
[0, -2, 0, -5, 3, 1, -1, -2]
[0, -3, -8, -14, -13, -2, 1, -3]
[0, -3, -7, 3, 0, -1, -1, -1]
[2, 7, 6, 0, 0, 1, -2, 0]
[-3, -1, 2, -1, 2, 2, 0, 0]
[-3, 1, 5, 7, -2, -3, -2, 1]
[-3, -6, -10, -8, -1, -2, 0, 0]
[0, -5, -1, -6, -6, -4, 2, 1]
[2, 1, 5, 5, 5, -3, -2, 0]
[1, 1, 4, 7, -6, -2, 0, -1]
[2, 0, -9, -4, -2, -1, -1, -1]
[0, 2, 3, 4, 6, 0, 0, 0]
[0, -2, -3, -5, 1, -1, -1, -1]
[0, -4, -3, -17, -14, -1, 0, 0]
[-2, -2, 0, 11, 5, 1, -1, 0]
[-2, -3, -1, -3, 4, -3, -2, -3]
[-2, 0, -2, -3, -3, 0, -2, -2]
[1, 2, 0, 4, -1, -1, 1, 0]
[1, 2, 7, 1, -8, -1, 1, -1]
[-1, 0, -4, -7, -6, 2, 2, 3]
[-1, -3, -6, -17, 5, 2, -1, -2]
[-2, -2, -4, 12, -2, -1, -1, -2]
[-1, 1, 10, 3, 4, -3, -2, 1]
[-1, 1, -4, 2, 2, -1, 0, 0]
[0, -2, -4, -3, 3, 0, -1, 0]
[3, 5, 4, -5, 0, 0, -1, -1]
[-1, -4, -6, -5, 0, -3, -2, -1]
[0, 3, 4, 3, -4, -1, 1, 0]
[-2, -1, -5, 3, -6, -2, 2, 0]
[1, -2, 8, 0, 4, 2, 4, -1]
[-1, -2, 3, 8, 0, 2, 1, -1]
[2, -3, -7, -21, -8, -4, -5, -2]
[1, -3, -5, 2, 0, -1, -4, -2]
[-2, -3, -5, -1, 12, -1, -2, -2]
[-1, 0, 3, -1, -1, -2, -1, -2]
[-2, -2, -10, -10, 2, 0, 2, 0]
[0, 3, 13, 16, 2, 3, -1, -2]
[-1, -1, -4, -2, -2, -2, 1, 1]
[0, -1, -1, 1, -2, 2, 5, -1]
[-1, 0, 0, 2, 3, 1, -2, -1]
[-2, -3, -2, -6, -14, -1, 0, 2]
[-4, 3, 4, 5, 4, -1, -6, 1]
[-2, -2, -1, -4, 4, -3, -2, 1]
[0, 0, -2, -2, 1, 1, -2, -1]
[1, 0, 3, 8, 4, 1, 0, 0]
[0, -1, -6, -10, -8, -3, 0, 0]
[1, 2, -1, 6, 11, -3, -4, -2]
[-1, -2, 1, -1, -18, -2, 0, -2]
[0, -1, -3, 6, 3, -1, -3, -3]
[0, -3, -8, -15, -7, -2, 0, -1]
[0, 1, 4, 15, 1, 1, 3, 1]
[-1, 3, 10, 23, 16, -1, 1, -1]
[2, 3, 2, 3, 2, 0, 0, 0]
[0, -1, -5, -2, -19, -4, -3, -2]
[-1, -3, -4, -14, 6, 0, -4, -3]
[-1, -2, -7, -7, -9, -1, 0, 2]
[-3, -2, 0, 5, -3, 1, -1, 1]
[-2, 2, 2, -2, -5, -1, 2, 0]
[-2, -2, -2, 6, 29, 2, 0, -6]
[-1, -3, 1, -8, -14, -2, 0, 3]
[1, 1, 1, 6, 22, 4, 5, -3]
[-3, -4, -6, -14, -27, -9, -3, 5]
[0, 2, 2, -15, -21, -6, 0, 1]
[0, -3, 0, -1, -15, -2, 1, -2]
[3, -2, 1, 7, 30, 6, 2, -5]
[4, 1, 5, 21, 30, 10, 14, 6]
[1, 6, 7, 11, -38, -4, -8, -3]
[-3, 0, -1, 6, 32, 1, 0, -4]
[-1, 1, -1, -5, -14, -9, -6, 2]
[2, 1, -1, -7, 5, 3, 3, 1]
[-2, -4, -2, 1, 19, 6, 4, 1]
[0, 2, 1, 15, 6, 2, 4, 1]
[-1, -2, -2, -28, -41, -2, 2, -1]
[-2, -3, -4, 9, 37, -2, -6, -9]
[-4, -4, -2, 12, -10, -5, -5, 7]
[0, -1, -1, -12, -17, -2, -5, -3]
[-1, -1, -4, -1, 15, -5, 2, -1]
[-1, -3, -2, -20, -22, -1, -1, -2]
[-1, -3, -5, -17, 1, -7, -22, -4]
[-2, -4, -4, -3, 20, 3, 15, -8]
[-1, -3, -4, 7, -35, -3, 4, 11]
[-4, 3, 2, -9, -15, -3, -7, -8]
[2, 3, 2, 7, 5, 4, 14, 7]
[1, 1, -3, -7, -16, -3, -16, -7]
[0, 0, -4, -28, -17, -2, -12, -5]
[2, 1, 9, 65, 87, 8, 2, -4]
[0, -3, -4, -27, -36, -3, 1, 10]
[3, -2, 1, -9, -14, -3, -4, 2]
[-2, 0, -3, -5, 1, -2, 4, -1]
[2, 5, 7, 10, 51, 7, -3, 1]
[-4, 1, -2, -17, -79, -11, -12, -16]
[1, -1, 1, 23, 60, 14, 12, 20]
[-3, -3, -8, -42, -88, -14, -8, -12]
[-1, -3, -4, -6, 22, 3, 1, 2]
[2, 1, 2, 12, 1, 1, 1, -6]
[5, 1, 1, 4, -11, 0, -3, 13]
[1, 4, 7, 40, 89, 8, 11, -2]
[0, 0, -5, -17, 16, 1, 5, 13]
[0, 0, 1, -13, -45, -1, 1, -12]
[3, -3, -6, -6, -6, -4, 7, 9]
[4, 4, 10, 17, -17, 0, -20, -7]
[8, -4, -2, 1, -24, -3, -3, -1]
[-10, -1, -3, -3, 46, 0, 9, 8]
[-2, 2, 5, 11, -45, -10, -7, -6]
[-4, -5, -14, 4, 61, 5, 8, 0]
[-11, -4, -8, -16, -53, -11, 1, -3]
[4, -2, -3, -9, 71, 14, 3, -1]
[-5, -4, -1, -48, -77, -20, -7, -7]
[-3, -5, -1, 46, 46, -4, -6, -4]
[-3, -6, -16, -53, -65, -20, -15, -2]
[4, 1, 7, 7, 32, 9, 4, 3]
[3, -5, 3, 0, 24, -2, -36, -18]
[-7, -1, -6, -47, -52, 4, 32, 2]
[9, 4, 7, 37, 51, 0, -32, 22]
[2, 0, -4, 15, -24, -2, 13, -12]
[0, -2, -8, -12, 62, 5, 12, 21]
[4, 2, 4, -35, -92, -5, -10, -4]
[-7, 0, 4, 35, 43, 8, 5, -17]
[-3, 0, -3, -45, -13, -2, 21, -11]
[0, -1, 0, 6, -17, 0, -5, -11]
[3, 2, 0, 29, 47, 1, 8, 17]
[-4, -5, 2, 12, 13, 5, 5, -4]
[2, 5, 7, 6, -5, -8, -22, -2]
[-8, 4, 13, 7, -23, 7, 17, 6]
[3, -4, -8, -46, -29, -11, -9, 11]
[-11, -2, -4, 23, -28, 0, -1, -21]
[6, -2, -3, 8, 43, 3, -2, 12]
[5, 3, 0, 21, 43, 14, 15, 19]
[-1, 4, 0, 15, -24, 3, 0, 3]
[-4, -6, -7, -5, -28, -5, 16, 3]
[0, 5, 3, 9, 46, -2, -11, -17]
[1, 9, 16, 45, -6, -5, 3, -2]
[3, 1, 6, -15, 38, 3, -24, -10]
[7, 5, 5, -9, -33, 5, 47, 7]
[-3, -7, -7, 13, 33, -4, -3, 17]
[2, -3, -18, -45, 40, 15, -14, -12]
[-9, 1, 13, 9, -41, -21, -24, -21]
[8, 3, -9, -57, -46, -14, -15, 12]
[-9, -4, 9, 102, 60, 13, 10, -24]
[5, 2, -3, 0, -27, 7, 9, 14]
[2, 3, 1, 33, 60, 5, 3, 7]
[-3, -2, -15, -65, -63, -3, -2, 1]
[3, -2, 5, 21, -17, -2, -5, 21]
[1, -1, -10, -59, -75, -10, -11, -3]
[-7, 7, 15, 77, 67, 8, 3, -26]
[5, 1, -5, -35, -1, -2, -11, 7]
[0, -1, 10, 42, -2, 5, 21, 6]
[-4, 2, 14, 53, 84, -7, 4, -20]
[0, -6, -20, -80, -76, -20, 5, 31]
[-4, -3, 7, 53, 64, 11, -5, 0]
[5, -3, -9, 29, -23, -9, -3, 26]
[-5, -4, -15, -47, -28, -4, -26, -34]
[-1, -5, 0, 36, 73, 2, 0, -37]
[15, 14, 27, 81, 52, 20, 70, 46]
[-9, -8, -14, -42, -75, -24, -58, -68]
[-1, -1, 2, -5, 38, 0, 12, 14]
[-2, -3, -12, -64, -26, 3, 27, -1]
[-5, -2, -2, 32, -32, -1, -56, -43]
[8, 3, 15, 30, 28, 18, 10, 58]
[-12, -5, -16, -37, -79, -29, -5, -55]
[1, -4, 3, 38, 37, 10, -13, 21]
[-4, -6, -13, -68, -42, -20, 16, -9]
[4, 6, 15, -12, 49, 26, -1, 6]
[-11, -6, -3, -22, -57, -16, -16, -20]
[7, 5, 16, 66, 47, 13, 17, 20]
[-2, -2, -10, 19, -2, -8, -14, 20]
[2, 0, -4, 1, 30, 10, -6, -24]
[10, 6, 14, -39, -7, 6, 50, 52]
[-3, 0, -1, 65, 75, 20, -33, -59]
[5, -5, 4, -12, -15, -22, -18, 31]
[-3, 3, -9, -74, -95, -18, 6, -43]
[4, 2, 12, 108, 107, 33, 7, 24]
[-4, -7, -9, -47, -86, -17, 20, 27]
[-2, 4, 2, -30, -22, -7, -34, -39]
[0, 5, 3, 19, 102, 14, 14, 24]
[3, -3, -2, 28, -69, -4, -14, 0]
[7, -3, -9, -90, -42, -15, -1, 18]
[-11, -1, 16, 98, 58, 18, 2, -12]
[17, -2, -26, -115, -122, -19, 29, 60]
[-20, -5, 0, 67, 65, -1, -22, -68]
[-5, 1, -4, -22, -8, 0, -3, -1]
[2, 3, 5, 15, 75, 17, 1, -12]
[-6, -2, 14, 38, -57, -20, -9, 5]
[12, 3, -6, -38, 21, 14, 22, 43]
[2, -1, -5, -16, 7, -3, -32, -36]
[-2, 8, 16, 10, -43, -4, 40, 15]
[-7, -8, -9, 57, 111, 10, -14, -13]
[0, -4, -6, -31, -87, -12, 5, 16]
[2, 9, 33, 28, -28, -2, -11, -16]
[-4, -4, -7, 9, 89, 27, 29, 1]
[-9, -9, -16, -67, -114, -24, -17, -17]
[10, 7, 15, 92, 111, 19, 1, 12]
[-17, -17, -33, -12, -46, -18, 2, -16]
[3, -8, -10, -45, -56, -8, -2, 11]
[-4, -2, -3, -43, -15, -1, -4, -17]
[0, -6, -9, -22, 75, 11, 2, 28]
[12, 3, 6, 24, -25, -3, 26, 83]
[-6, -5, -1, -14, -6, -1, 20, -77]
[3, 11, 10, 35, 13, 2, -27, -18]
[4, -2, 1, -29, 34, 14, 5, 0]
[-4, 0, 7, 65, -3, -3, 6, -15]
[2, -1, -6, -20, -36, -2, -11, 33]
[-4, -5, -17, -54, 31, -16, 0, 8]
[2, 7, 16, -10, -9, 14, -12, -20]
[-5, -4, -6, -32, -88, -13, 25, 44]
[-9, -13, -28, -49, 79, -9, -51, -39]
[-3, -4, -5, 56, 35, 14, 9, -8]
[4, 9, 36, -4, -44, -15, -5, 8]
[3, 4, 7, 44, 61, 4, -7, -13]
[-6, -3, -2, -63, -88, -10, -11, 15]
