[3, -3, -26, -29, 12, 3, -4, 11]
[-9, -11, -18, 2, -56, -16, -5, -8]
[-3, 4, 22, 34, 51, 20, 3, -46]
[12, 11, 12, 11, -39, -10, -6, 44]
[-10, -6, -9, -47, -22, 6, 11, -15]
[1, -1, -14, 9, -6, -3, -19, -29]
[2, -2, -1, -20, 68, 33, 5, -3]
[0, -7, -11, -33, -12, -27, -31, -17]
[2, 1, 22, 70, 92, 15, 9, 21]
[-5, 1, -5, -8, -59, -27, -5, 0]
[1, 0, -19, -47, -1, 14, -10, 3]
[-2, -2, 7, 12, -24, 11, 17, -9]
[1, 4, 8, -15, -30, -9, 13, 11]
[-3, -7, -7, 11, -46, -4, -3, -12]
[1, 0, -9, -16, -22, -5, 2, 18]
[-3, -2, -18, -27, -26, 0, 15, 2]
[0, 10, 31, 26, -21, -2, -5, -12]
[2, -2, -4, -9, 8, 6, 6, 17]
[0, 3, 3, 21, 30, -3, 6, -7]
[3, -3, -2, -17, -11, -8, -1, 12]
[-1, -1, -3, -43, 54, 11, -3, -18]
[-5, -11, -25, -12, -85, -31, -35, -14]
[10, 3, 6, 9, 21, -1, 18, 58]
[-6, -4, -8, -3, 30, 1, -8, -33]
[-2, -1, -9, -10, -47, -3, 9, 13]
[-5, -5, 0, 14, 102, 6, -9, -20]
[0, -5, -13, -58, -35, -2, 14, 4]
[-3, 3, -1, 6, -33, -10, -8, 14]
[-1, -2, -4, 7, 1, 6, 15, -9]
[4, 6, 18, 19, 15, 13, 19, 23]
[-3, 2, 2, -8, -3, -13, -14, -13]
[1, 1, -1, 4, 25, 10, 2, 0]
[-2, 4, 20, 40, -6, -3, 3, 0]
[1, 4, 12, 4, -13, 12, 10, 5]
[3, -1, 6, 57, 107, 6, -4, -6]
[-2, -2, -11, 0, 15, -11, -5, -11]
[0, -3, -9, -72, -128, -18, -10, 9]
[-2, -4, -6, 51, 62, 7, 6, 2]
[-6, -2, 5, -15, 19, -1, -12, -16]
[-2, -3, -2, 11, -2, -2, -1, 8]
[1, 1, 1, 25, -7, -7, -3, 1]
[3, -1, -3, -33, 4, 3, 7, -1]
[1, 0, -4, -10, -26, 0, -1, -6]
[2, 1, 2, 18, -6, -4, -2, 3]
[1, -3, -12, -7, 22, 5, -2, -2]
[-2, 1, 0, -13, -11, 2, 5, -5]
[-2, 0, -3, -15, -19, -4, -7, 1]
[-2, 2, 11, 2, -18, 3, -1, -1]
[1, 1, 5, -1, -17, -2, -3, -2]
[-1, -1, -1, -1, 70, 0, 3, 7]
[1, -6, -17, -10, -40, -2, -5, -4]
[-3, -1, 1, 5, 4, -1, -2, -2]
[1, 6, 21, 31, -18, -7, 0, -1]
[2, 6, 29, 25, -23, -6, 0, -1]
[-3, -2, -4, -19, -7, -3, -4, -2]
[2, 2, 21, 10, 10, 8, 0, 1]
[-2, -13, -34, -23, 14, 2, -3, 2]
[-2, 1, 7, -1, -12, -1, 1, 1]
[-2, -3, -6, 3, 9, 4, -4, -7]
[0, 2, 0, 10, 7, 3, 2, 1]
[-2, -3, -10, 5, 13, -4, -1, -1]
[0, -5, -25, -44, 13, 10, 5, 0]
[-3, -2, -3, -7, -32, -9, 1, -3]
[-1, -5, -4, -6, 3, 5, -2, -1]
[-1, -2, -1, 15, 8, -3, -1, 2]
[1, 0, 3, 5, -14, -2, 0, -1]
[1, -3, -1, -8, -1, 0, -4, 2]
[1, -2, -8, -5, 7, -8, -2, 0]
[-1, 1, -11, -7, 12, 1, -2, -2]
[-1, 2, 19, 14, -5, 2, 1, 2]
[2, 0, -4, -2, -17, 2, -2, -3]
[2, 6, 32, 50, 17, 4, 3, -1]
[-5, -3, -7, -19, -11, -2, -2, -1]
[-3, -3, -15, -12, -8, -1, 2, -2]
[-2, 0, 9, -3, -10, -4, -3, 0]
[2, 1, -8, -16, 7, 3, 1, 1]
[-1, 1, -1, 12, 8, -2, 1, 1]
[0, 2, -10, -16, -4, -4, -2, 1]
[-3, -3, -1, 5, 10, 7, 2, -3]
[1, -2, -7, -7, -10, -1, 0, 0]
[-2, -3, 2, 1, 5, 4, 0, -2]
[-1, -2, -12, -2, -4, -2, -4, -2]
[0, 1, -5, -11, -3, -2, -2, -1]
[-1, 1, 2, 14, 0, -5, -2, -2]
[-1, 1, 9, 5, 16, 3, 0, 1]
[-1, -6, -12, -27, -8, -2, -1, 0]
[-1, -1, 0, -2, -2, 0, -1, 0]
[-2, -2, 3, 1, 1, 0, -2, -1]
[3, 1, 5, 35, 6, -3, 0, 0]
[0, -1, -2, -13, -1, 0, 0, 1]
[-2, -1, -4, 22, -9, -1, 2, -2]
[2, 5, 14, 2, 13, 0, 1, 1]
[-1, -2, 3, 0, 0, 0, 1, -2]
[0, 1, -3, 0, -13, -3, -3, -2]
[-2, 0, 0, 0, 13, 0, -1, -1]
[-2, 0, -7, -15, -11, -2, 0, -2]
[0, 1, 2, -7, 2, -2, -2, -1]
[0, -1, -3, -2, -3, 0, 3, -1]
[-1, 0, -2, -11, -14, -5, 1, 0]
[-1, -1, -3, 7, -3, -2, -1, 0]
[1, 1, -3, -12, -12, 1, 0, -1]
[0, -1, 3, 8, 26, 0, -1, 1]
[-1, 1, 1, -3, 4, -2, -1, -1]
[1, -4, -9, 2, 5, 4, 3, 0]
[-2, -5, -8, -15, -8, -2, -5, -2]
[-2, 0, 1, 12, -1, 2, -2, 0]
[1, 3, 9, 9, -5, 2, 1, 0]
[1, -1, -13, -29, -5, -3, 1, 1]
[-2, -2, 1, 1, 2, -1, 1, -2]
[0, -1, 0, 23, 0, -3, -1, -4]
[0, 0, 12, 3, 5, 1, -4, 0]
[-1, -3, -2, 5, -8, -1, -1, -1]
[0, -1, -6, -13, -1, 0, 0, 1]
[1, -2, -6, -14, 1, 1, 0, -1]
[2, 1, 3, 5, 1, -2, 0, -2]
[-1, -2, -3, 1, -8, -5, -4, -4]
[0, -1, -7, -4, 10, 0, 2, -1]
[-3, 0, 0, -6, -5, 0, 3, 1]
[1, 1, 1, 2, -4, 0, -3, -2]
[0, -3, 1, 8, 0, -1, -2, -1]
[-2, 0, 4, 2, -20, 0, -1, -1]
[-2, 2, 0, 5, 35, 4, -1, -3]
[1, -1, -1, -10, -10, -2, 0, 0]
[-3, -3, -6, 5, 6, -4, -2, -1]
[1, 2, 4, 1, -10, -5, -1, 0]
[-1, -1, 1, 6, 1, 0, 2, 0]
[-4, -4, -11, -13, -8, 1, 1, -2]
[0, 4, 14, 16, 10, -2, 0, 0]
[-1, -5, -4, -12, -3, -3, -1, 1]
[-1, -2, -4, 6, -8, 1, -2, 1]
[-1, -2, -3, 3, 7, 0, -2, -1]
[-1, 0, 0, -1, -9, 2, 0, 0]
[0, 1, 0, 0, -2, 1, 1, 0]
[1, 4, -1, 5, 16, 3, -1, 0]
[1, 1, -6, -8, -9, 2, 0, -1]
[-1, 0, 0, 3, 27, 1, -2, 0]
[-3, 0, -1, -9, -28, -6, 0, -1]
[0, -1, 0, -6, -9, -2, 0, 0]
[0, -2, 4, 4, -5, -2, 0, -1]
[-2, -4, -1, 0, -2, -2, -1, -1]
[2, -2, 2, 9, 17, -1, -1, -2]
[1, -2, -7, -27, -21, -4, 0, -2]
[0, -1, 0, 15, 8, 2, 1, 2]
[1, 1, -5, -14, -7, 1, 0, -1]
[-3, -3, -4, -7, 13, -2, -1, -4]
[-2, 4, 16, 34, 0, 2, 2, 0]
[-1, 2, 10, 16, 9, -2, 1, -1]
[0, 2, 1, -1, -13, -1, -1, -1]
[0, -1, -3, 1, 0, 0, -3, 0]
[-1, -6, -10, -26, -4, -1, -1, 1]
[-2, -3, -12, -16, -10, 1, 0, 0]
[-1, -1, 2, 13, 4, -1, 0, 0]
[-3, 0, -1, -2, 24, 2, -2, -2]
[0, -3, 3, 4, -3, 1, 1, -1]
[1, 0, 4, -1, -1, 0, 2, 0]
[0, -3, -3, -4, -8, -3, -2, 2]
[2, -1, 3, 3, 2, 1, -1, 1]
[0, -2, -8, -8, -3, -2, -1, 0]
[-1, 0, 1, -1, 1, 1, 0, -2]
[-2, 1, -1, 2, 4, -2, -1, -3]
[0, 1, 3, 9, -7, -3, 0, 2]
[-1, -3, -4, -5, -1, 0, -2, 0]
[3, 2, -1, 0, 10, 2, 0, 0]
[-1, 0, -2, -3, -2, -1, 4, 0]
[-2, 0, 0, -1, -3, -1, 2, 0]
[-1, -3, -12, -33, -12, -3, -1, -3]
[0, 2, 5, -1, 4, -1, -2, 0]
[2, -2, 13, 23, -1, -1, -1, -1]
[4, 1, 7, 2, -11, -2, 1, 1]
[0, 0, 4, 14, 27, 1, -1, -2]
[-1, 2, 4, 2, 10, 0, -1, 0]
[-5, -2, -10, -11, -6, 0, -2, -3]
[-1, -3, -3, -5, -9, -2, 0, 0]
[-1, -2, 1, -6, -14, 1, -1, 1]
[-1, -7, -7, -7, -4, -2, -3, -1]
[2, 0, 8, 4, -2, 0, 0, 0]
[-2, -4, -4, 4, 11, -1, -1, -2]
[0, 2, 0, 0, -2, 0, 1, 0]
[-2, -2, -5, 1, -3, 0, 2, 0]
[-2, -2, -5, -8, -3, -1, -2, -1]
[-3, 1, -2, -1, -5, -2, -3, 0]
[0, -1, -1, 8, 11, 1, -1, 0]
[-2, 0, -1, -5, -12, -1, -1, 0]
[1, 0, 2, 4, 15, 1, 1, -1]
[0, 1, 4, 5, 16, 3, 0, -3]
[2, -1, -3, -7, -17, 1, 0, -2]
[0, 3, 13, 16, -4, -1, -1, 0]
[-1, -4, -13, -22, -6, -2, -1, -1]
[0, 3, 17, 37, 3, 4, 0, 1]
[0, -2, -1, -13, -1, -1, 1, 0]
[0, 2, 2, 8, 0, -1, -1, -2]
[2, -1, -5, 5, -4, -2, -3, -1]
[1, 1, 8, 3, 7, 0, -2, 0]
[0, 0, -4, -4, -12, -4, 0, -1]
[0, -6, -10, -7, 15, 1, -1, -1]
[-3, -1, -2, -4, -18, -2, -2, -1]
[0, -4, -8, -11, -15, -1, -1, -1]
[-2, -2, 2, 11, 4, 3, 1, 2]
[-1, -1, -6, -13, -7, -1, 1, 0]
[-3, 1, 2, 15, 36, 2, -1, -3]
[-1, 3, 0, -9, -7, 0, -2, -1]
[-2, -1, 1, -1, -5, -1, 0, -2]
[0, -1, 1, -5, -12, 0, 1, -1]
[0, -1, -3, -7, -11, -3, -1, 1]
[1, 1, -1, 1, 1, -2, 2, -1]
[-2, 1, 0, 4, 3, -3, 0, 2]
[0, -5, -5, -2, 1, 3, -2, 0]
[-2, -5, -9, -7, -2, -1, -2, -3]
[0, 0, 2, -2, -3, 0, -1, -2]
[-3, -4, -9, -16, -1, 2, -2, -2]
[-2, 3, 5, 19, 2, -2, 0, -1]
[0, 1, -7, -35, -11, -3, -1, 3]
[-1, -3, 2, 26, 1, -2, 0, 1]
[2, 3, 5, -3, 3, 1, -1, 2]
[-1, 2, 0, -2, 1, -2, 0, 1]
[-1, 0, -2, -6, -13, 2, 0, -2]
[-3, -3, -11, -6, 14, 0, -2, -2]
[-1, -3, -10, -7, -8, -1, 0, -2]
[3, 1, 2, 6, 13, 1, -3, 0]
[0, 0, 8, 10, 4, 0, 1, 1]
[-1, 0, 1, -12, -7, -1, -1, -1]
[0, -1, 1, 7, 1, -1, 0, -2]
[-1, 1, -4, -7, -10, -2, 0, 0]
[0, -3, 1, 8, -7, -1, 2, -1]
[-1, -2, -5, -10, 0, -1, -1, 0]
[-1, -2, 3, 5, 2, -1, -3, 0]
[0, -4, -5, -3, -3, -3, -3, -1]
[0, 1, 3, 5, -1, -2, -2, 0]
[1, 0, -5, -7, 0, -1, -2, -1]
[-1, -2, 2, 4, 7, 2, 2, 1]
[-2, -1, -2, -7, -4, -1, 1, 0]
[0, 1, 1, 2, -5, -2, -3, -1]
[-3, 0, -1, 6, 13, 2, 3, -3]
[0, -1, -5, 0, 4, -2, -1, 1]
[2, -2, -3, -5, 2, 1, -1, -1]
[-1, 0, 6, 16, 5, -1, -5, -10]
[2, 0, 1, -12, -24, 2, -6, 13]
[-1, 2, 5, 9, -14, 4, 27, -1]
[-6, -6, -7, -16, 21, -3, -14, -2]
[-3, -1, -2, 19, -22, -5, 5, -2]
[3, 3, 0, -14, -22, -2, 14, 23]
[0, 4, 7, 27, 33, 8, -31, -20]
[2, 1, 0, -17, 27, 0, -2, 2]
[-3, -3, -2, 16, -59, -9, -31, -13]
[-5, -4, -3, -8, 37, 5, 0, -22]
[3, -2, -1, -13, -22, -8, 10, 35]
[4, 4, 4, -4, -26, 2, 13, 8]
[0, -2, -1, -22, -2, -5, -16, -5]
[-2, -5, -7, -15, -4, 1, 2, -2]
[-3, -1, -6, 7, 22, 6, -4, -11]
[-4, -5, -16, -17, -51, -15, -4, -5]
[3, 4, 14, 7, 19, 5, 19, 8]
[-4, -3, -9, 10, -17, -10, -7, -8]
[1, 0, 7, 9, 27, 2, 10, 2]
[-1, 5, 6, -3, -2, 2, -2, -3]
[-1, -2, -1, -3, 9, 4, 1, 2]
[0, -3, -2, -1, 3, 1, -3, -1]
[-1, -3, -12, -48, -40, -5, -10, -1]
[1, -1, 11, 40, 49, 4, 0, 1]
[1, 2, 4, 44, 42, 7, 18, -6]
[3, 3, 0, -17, 30, 0, 25, 14]
[-5, -3, -5, -20, -70, -14, -30, -8]
[-1, -2, -6, -32, -54, -6, 3, 0]
[-2, 2, -3, -6, 70, 7, 1, 2]
[1, 3, 5, 28, -19, 7, 12, -12]
[9, 4, 0, 3, 11, -3, 8, 13]
[0, 0, 0, -14, -38, -3, 1, -3]
[1, -1, -7, 3, 21, 3, 1, 11]
[0, 0, 3, -1, -4, -6, -9, -11]
[-2, 1, 8, 62, 50, 7, -5, -8]
[-1, 0, -1, -8, 3, 5, 10, -1]
[3, 2, -1, -4, -24, -1, 5, 8]
[-6, -1, 0, -10, -32, 0, -5, -15]
[3, 3, 5, 3, 9, 0, 0, -7]
[-6, -3, -2, -8, 22, -5, 2, -8]
[0, -3, 0, 9, 42, 8, 8, 13]
[-4, -3, -2, 5, -28, -9, -8, 4]
[-6, -7, -8, -6, -6, -2, 12, 7]
[3, 1, -3, 5, 21, -4, -28, -14]
[-4, -3, -4, -6, -112, -24, -1, 1]
[1, 2, 6, 14, 82, 14, -15, -23]
[4, 5, -5, -65, -126, -6, 15, 7]
[-1, -5, -3, 63, 81, 15, 7, 24]
[-3, -9, -12, -36, -79, -24, -14, 15]
[-2, -2, 0, 31, 9, 2, 3, -2]
[-4, -6, -7, -94, -61, -16, -36, 7]
[-6, -5, -5, 11, 41, 5, -3, -37]
[5, 5, 5, 48, 23, 16, -17, -6]
[1, 0, 1, 26, 61, 3, 10, 16]
[-6, -3, 4, -4, 36, -3, -12, -27]
[5, -1, -2, 13, -48, -12, 21, 33]
[-3, 3, -2, -49, -50, -5, -19, -23]
[-1, 0, 2, 40, 16, 11, 9, 16]
[3, -3, -5, 46, 58, 7, 8, 1]
[1, 4, 20, -7, -44, -10, 2, -3]
[-5, -7, 2, 53, 36, -3, 19, -4]
[6, 6, -3, -81, 24, 1, -16, 8]
[-7, -3, 3, 40, -60, -6, 7, -16]
[2, -4, -20, -37, -12, 7, -6, 1]
[1, 7, 13, 53, 66, 22, 17, -13]
[6, -5, -10, 7, -24, -9, -11, 21]
[-3, -8, -5, -41, 66, 8, -16, 4]
[-4, 3, 5, 37, -64, -14, -15, -27]
[2, -4, -5, -98, -42, -1, 17, 20]
[2, 3, 12, 104, 53, 16, 0, 27]
[-15, -4, -11, -8, -60, -14, 9, -31]
[1, -1, -10, -36, -14, 3, -12, 7]
[5, 4, 2, 21, 116, 3, -25, -1]
[-7, -6, -8, -16, -5, -18, 14, 9]
[9, 6, 0, -3, -8, 10, 16, 2]
[-1, -1, 6, -30, 26, 2, 0, 12]
[-10, -5, -3, 9, -17, -7, -12, -36]
[4, -2, 4, -25, -44, -9, -28, -22]
[10, 8, -7, 3, 48, 6, 26, 56]
[-10, -9, -9, 10, 12, -13, 2, -26]
[0, -2, -6, -25, -16, 8, 13, 31]
[-4, 0, -11, -84, -83, -15, -9, -36]
[2, 2, 11, 53, 80, 19, 8, 0]
[2, 2, 10, 67, 70, 16, 37, 37]
[-9, -15, -41, -108, -72, -42, -43, -38]
[0, 4, 29, 55, 58, 6, 4, 9]
[0, 0, -5, -12, 80, 9, 8, -22]
[10, -1, -10, -71, -71, -28, -4, 19]
[-4, 10, 17, 76, 103, 23, 7, 7]
[1, -5, -27, -74, -72, -4, 17, -11]
[16, 6, 15, 103, 75, -1, -7, 72]
[-8, 1, 3, -46, -47, 11, 31, -13]
[-6, 3, 11, 84, 90, 21, 14, -92]
[-5, -8, -10, -80, -108, -23, -35, -15]
[-2, 2, 9, 49, 52, 9, 36, 49]
[5, 3, 0, -1, -28, 2, -9, 0]
[11, 1, 7, -27, -67, -10, 26, 49]
[7, 11, 17, 116, 127, 33, 7, 7]
[-11, -11, -4, -39, -86, -19, -18, -31]
[-1, 1, -7, -11, 23, 4, -5, 0]
[1, 0, -1, -81, -13, -3, -7, 10]
[0, 7, 14, 98, 77, 8, -17, -1]
[-1, -4, -12, 15, 24, -1, 7, -16]
[3, -6, -22, -38, -81, -14, 15, 13]
[-13, -13, -5, 60, 53, 4, -19, -14]
[2, 5, 3, -47, -11, 11, 24, 27]
[-1, 8, 13, 32, -3, 1, 29, -38]
[-3, 7, 21, -55, 62, -13, -84, -37]
[5, 0, -6, -18, -113, -16, 33, 49]
[5, -6, -9, -28, 40, -12, -11, 32]
[-6, -5, -12, -31, -35, 3, 2, -42]
[7, 5, 27, 127, 95, 58, 24, -7]
[7, 3, -18, -123, -72, -16, -4, 30]
[-6, -1, -12, -46, -29, 2, 14, -16]
[-11, -11, -4, 9, -27, -22, -38, -17]
[-11, -5, -7, -11, -40, -23, -13, -4]
[4, -2, -2, -66, 4, 11, 21, -2]
[4, -1, 1, 85, 23, 8, 13, 21]
[6, -3, -7, -77, -49, 5, -12, 5]
[3, -2, 1, 0, 65, 8, 46, 23]
[-7, -1, 12, 82, -44, -12, -32, -25]
[0, -8, -17, -85, -95, -26, 5, 3]
[4, 6, 16, 16, 84, 16, -13, -1]
[-4, -5, -2, 49, -27, -9, -32, -2]
[1, 4, 3, -19, 9, 1, 12, 27]
[-4, -4, -13, -58, -77, 1, -17, -35]
[-9, -5, -14, -15, -50, -28, -23, 13]
[5, 2, 2, -3, -22, 8, 8, 13]
[-5, 4, 21, 23, 112, 23, -12, -38]
[5, 6, 0, -14, -50, -2, 18, 42]
[-9, 5, 22, 67, -3, 4, 6, -65]
[6, -15, -28, -9, 55, -7, 1, 76]
[-17, -8, -9, -66, -103, -30, -47, -81]
[0, 2, 3, 51, 108, 22, -3, 23]
[11, 1, -3, -50, -116, -13, -16, 43]
[-5, 6, 0, -17, 17, 2, 11, -90]
[17, 4, 4, 45, -14, 6, 26, 59]
[-6, -9, -6, -52, 51, 0, -16, -43]
[-1, 4, 4, -2, 33, 4, 4, 5]
[-11, -6, -13, -35, -101, -18, -10, -14]
[5, -3, -14, 2, 70, -3, 4, 25]
[-3, -3, 8, 38, 13, 11, 3, -26]
[10, 14, 27, -32, 22, 2, 5, 11]
[-1, 0, -4, -64, -61, -6, -4, 9]
[-4, -5, -7, 99, 89, 11, 10, 7]
