[-3, -3, -28, -102, -128, -19, -7, -2]
[4, 3, 4, 33, 66, 19, 2, -5]
[-3, 6, 37, 72, 47, 2, -3, -3]
[2, 5, 15, -29, -91, -19, -6, -9]
[4, -3, -13, -10, 10, 18, 22, 19]
[-15, -11, -14, 11, 62, -2, -9, -51]
[5, 7, -4, 5, 54, -2, -44, -1]
[-2, -12, -18, -58, -105, -15, -17, 2]
[-1, -3, 3, 81, 92, 14, 25, 3]
[2, -3, -9, -40, -119, -30, -21, 3]
[-2, -2, -1, 4, 82, 21, 17, -1]
[0, 5, 7, 55, 35, 16, 12, 3]
[-2, 1, 8, -37, -54, -21, -18, 0]
[4, -1, -8, 22, 35, 12, 19, 25]
[-9, -11, -5, -6, 26, -4, -2, -6]
[3, -4, -23, -97, -65, -10, -7, 15]
[-3, -2, 8, 47, 22, -4, 7, -9]
[6, 9, 27, 55, 0, 3, -6, -4]
[-3, -1, -12, -10, -91, -12, 4, 11]
[1, 4, 3, 7, 116, 26, -5, 6]
[-4, -1, -13, 6, -58, -21, -8, -9]
[-3, -2, -3, -14, 40, 12, 5, 3]
[9, 4, 9, 21, 36, -5, 30, 49]
[-5, 2, 14, 12, -29, 15, 17, -36]
[-1, 5, 4, 22, -13, -4, -4, -2]
[-4, -6, -19, -52, -60, -12, -25, -6]
[-5, -5, -4, 26, 23, -7, -7, -7]
[1, -2, -4, -5, -18, 11, 30, 28]
[3, 0, 2, 6, -23, 4, -3, -6]
[-2, 3, 0, 36, 71, -4, 2, 2]
[0, 0, -2, -20, -15, 0, -5, -14]
[-3, -2, -4, 16, -21, -16, -11, -4]
[0, 0, 6, -63, -58, 0, -4, -5]
[1, -1, -6, 39, 40, 3, 10, 16]
[-3, -14, -44, -90, -41, 2, -9, -13]
[4, 5, 21, 114, 84, 3, -4, 0]
[1, 8, 24, -36, -42, 1, 13, 19]
[-3, -6, -5, -10, -49, -12, -3, 11]
[4, 4, 21, 42, 5, 1, 5, 21]
[-5, -5, -32, -58, 28, 6, 18, -37]
[0, -2, -3, 32, 16, -13, -4, -8]
[1, -4, -4, -39, -45, -5, 5, 21]
[-3, 0, -4, 18, 11, -7, 1, 1]
[-2, 1, 3, -37, -39, -3, -22, 4]
[-1, -2, 9, 94, 106, 9, 5, 2]
[0, -1, -4, -9, 21, 7, 6, 4]
[-1, 0, 4, 1, -31, -7, -14, -6]
[-2, -6, -6, -19, -48, -17, 11, 16]
[-2, -5, -10, -37, 21, 5, -20, -23]
[4, 5, 8, -31, -23, 7, 7, 6]
[-3, 1, 1, 24, -2, 3, -6, -16]
[1, -1, -3, -1, 27, 3, -3, 2]
[-2, 5, 24, 11, -8, -1, 6, 4]
[-3, -5, -16, -17, 15, 4, 7, -5]
[0, 3, 13, 1, -35, -4, -2, -3]
[2, 3, 15, 6, 2, -3, -1, 7]
[1, 0, 3, 22, 43, 10, 5, 4]
[-2, -2, -1, -27, -40, -14, -6, -2]
[-3, -1, -2, -9, 19, 13, -6, -22]
[1, -3, -12, -14, -38, -10, -12, 8]
[-3, -1, -4, 1, -3, -1, 3, -3]
[4, 4, 0, -20, -35, -9, 10, 5]
[-4, -6, -6, 0, -7, -4, 0, -6]
[3, 4, 13, 36, 80, 12, -1, 3]
[2, 2, 2, -9, -89, -13, -6, 32]
[-7, -1, -7, -17, 6, -2, -3, -54]
[2, 5, 8, 64, 77, 9, 9, 10]
[-1, 3, 3, -18, -28, -5, -2, -1]
[1, -6, -4, -11, 12, 8, -2, -5]
[-2, -11, -23, 8, -15, 1, -2, 13]
[4, 13, 47, 15, -22, -2, 0, -1]
[0, 3, 11, 21, 33, 2, -2, -1]
[-1, -1, -21, 3, 10, -1, 2, -4]
[2, 4, 27, 20, -7, 4, -1, 5]
[-4, -5, -22, -44, 12, -1, -4, -11]
[0, -6, -11, 20, 7, 1, 0, 8]
[-1, 1, 7, -24, -18, -6, -1, -4]
[-3, -4, -9, 0, 3, 7, -1, 1]
[1, 3, 3, -2, -3, -6, 1, 3]
[-1, -4, -6, -5, -2, -5, -2, -2]
[-2, -4, -7, -11, 4, -2, -3, -5]
[1, 0, 3, 5, 16, 4, 3, 3]
[-2, -3, -10, 7, -11, -10, 1, 0]
[-5, -4, -15, -42, -4, 5, -1, -2]
[-1, -3, 1, 5, 8, 0, -4, -9]
[4, 12, 17, -1, 7, 8, 3, 9]
[0, -3, -8, -5, -29, -4, -2, 0]
[-1, 0, 16, 24, 3, -2, -3, -1]
[-4, -7, -17, -4, 12, 5, -2, -3]
[0, -2, -5, 4, -9, -5, -1, 3]
[3, 4, 9, -1, -3, -1, 0, -1]
[3, 2, 2, -4, -6, -3, -2, 0]
[0, 0, -3, 2, 17, 10, 4, 0]
[-2, -4, -13, -15, -1, -1, -2, 0]
[-2, -3, -13, -11, -6, -4, 0, -4]
[-2, -7, -6, 4, -7, -6, -6, 0]
[0, -1, -3, -9, 8, 8, 2, -2]
[-1, -3, -6, 8, -1, -2, 0, -1]
[2, 3, 17, 15, 10, 2, 1, 0]
[0, 4, 12, 16, -3, -2, 0, 2]
[1, 2, -1, -11, -9, -2, -2, -1]
[-2, -1, -1, 7, 7, 4, -1, -1]
[-3, -3, -14, -17, -4, -1, -1, -1]
[1, 3, 6, 21, 0, 4, 0, -1]
[1, -1, 1, -32, -5, -1, 2, -1]
[-2, -3, -1, 18, 2, -2, -5, 0]
[-1, 5, 11, 7, 0, 1, 2, -1]
[0, 4, 9, -9, -2, 0, 1, 0]
[-1, 1, 0, 15, 6, -5, -1, 0]
[0, -3, -5, -18, -5, -5, -1, 0]
[-1, -4, -5, -17, -7, -3, -3, -2]
[-3, -2, -5, -6, 2, -2, 0, 0]
[0, 1, -1, -1, -5, -4, 0, 1]
[-4, -4, -2, -5, -3, 0, 1, 0]
[-1, -5, -11, -1, -2, 0, 1, -1]
[0, -1, -1, -14, -2, 0, -1, 0]
[4, 5, 5, 10, 2, 1, 0, -1]
[0, -2, -3, -1, -5, -2, 0, -1]
[0, 0, 3, 21, 17, -1, 1, 0]
[0, 1, -9, -17, -5, -1, 0, 1]
[-3, 0, 1, 6, 1, -2, 0, -1]
[0, 3, 1, -9, -2, 0, 0, -1]
[-1, -1, -3, -19, -2, -3, 0, -3]
[0, -9, -12, -1, -4, -2, -3, -4]
[1, 2, 10, 14, 5, 1, 0, -3]
[1, -2, -1, -6, 2, 2, 2, 1]
[0, -5, -3, 4, -5, -1, -1, 2]
[-3, -5, -8, -1, -2, -7, -3, 0]
[0, -4, -3, 0, 3, 4, 0, 1]
[-2, -4, 3, 4, 3, 1, -2, -4]
[2, 0, -4, -4, -7, -2, -1, -1]
[-1, 0, 2, 3, 1, 1, 0, -2]
[-1, 0, -8, -9, 1, -3, 0, -2]
[-1, 0, -7, -3, -1, 1, 1, 0]
[-4, 3, 8, 13, -2, -2, 0, 0]
[-2, -1, -1, 0, 2, 1, 0, 0]
[-2, -3, -5, -8, -6, -6, -2, -2]
[0, -1, 7, 1, 4, 1, 0, -1]
[-2, -4, -12, -6, -7, 1, -2, -1]
[-2, -3, -1, 8, 3, -1, 3, -1]
[-2, 1, 6, -2, 1, -1, 0, -2]
[-1, -4, -5, -5, -6, -3, 0, 0]
[1, -1, -8, 0, 0, -1, -2, 1]
[1, 4, 14, 14, 1, 1, 1, 2]
[-3, -7, -11, -6, -6, 0, -4, -2]
[0, 5, 7, 11, 7, -4, -1, -1]
[-3, -2, -5, -10, -6, -3, 0, 0]
[3, -1, -5, -21, -13, -3, -2, -1]
[0, -1, 7, 26, 25, 6, 0, 0]
[-2, 0, 1, 4, 9, -1, -1, 0]
[-1, 0, -3, -6, -1, -1, 0, 0]
[2, 0, 2, 0, -5, -3, 1, 3]
[-1, -2, -2, 0, -1, -1, 0, -1]
[0, -2, -6, -10, -14, 0, -2, 1]
[-2, -1, 3, 2, -1, -1, -2, 1]
[-2, 0, -3, -3, -4, -3, -2, -1]
[0, 2, 2, -12, -5, -2, -2, 0]
[-1, 3, -1, 8, 6, 4, 0, -1]
[-2, 0, 2, 4, -4, -1, -2, -1]
[-2, -1, -16, -13, 3, 1, 0, -1]
[2, 0, 15, 26, 2, -1, 1, -1]
[1, 0, 9, -12, 0, 0, 0, -1]
[-1, -4, 1, 11, -3, -1, 0, -1]
[0, 0, 2, 0, 5, 1, 1, 1]
[-2, -5, -8, -9, -6, -2, 0, 1]
[-1, 0, 0, -8, -6, -2, -1, 1]
[0, -1, -5, 0, 4, -2, -3, -1]
[-2, -1, 0, 5, 1, 2, -3, -3]
[0, 4, 1, -7, -9, 0, -2, 1]
[-1, -1, 2, 11, 5, -3, 0, -2]
[-2, -4, -3, -16, -14, -6, -2, -1]
[-2, -1, 1, 12, 16, -2, 0, 1]
[0, 2, 0, 0, -3, 3, 2, 0]
[-2, -1, -4, -2, -3, 2, -1, 0]
[0, -3, -12, -14, 1, 1, 0, -1]
[1, -2, 13, 16, -5, -4, -1, -3]
[-1, -4, -9, -11, -3, -2, 0, -1]
[0, -1, 4, 1, 6, 0, -1, 0]
[2, 2, 15, 36, 4, -2, -1, 0]
[1, 2, -2, -9, -7, -2, -2, 2]
[1, 1, -5, -9, -1, -1, -1, 0]
[1, -1, -2, 10, -1, -2, -2, 0]
[0, 1, -9, -21, -2, 2, 0, -1]
[-2, -2, -2, -4, 0, 1, 1, 0]
[-2, -3, 1, -2, -4, -1, 0, -2]
[-2, -3, -8, -6, -3, 1, -3, -1]
[0, -1, -1, -13, -1, -3, -2, 0]
[-1, -2, 4, 4, -4, -4, 0, -2]
[0, -1, -2, 7, -2, 0, 1, -2]
[-3, -2, 2, 2, 1, 0, -1, -1]
[0, 1, 4, -4, 4, 2, 2, 1]
[-2, 0, -4, -6, -4, -2, 0, 0]
[-3, -2, -2, 1, -4, -3, -1, 0]
[1, 1, 0, 1, -4, 0, 1, -2]
[1, 0, 0, 1, 2, -1, -1, -1]
[-1, -3, -11, -35, -6, -1, -3, -3]
[0, -2, 5, 16, 7, 2, -2, 1]
[-2, 1, 6, 10, 7, -2, -1, -1]
[0, -1, -2, -14, -4, 0, -2, -2]
[-1, 0, 2, 25, 1, 0, 0, -2]
[0, -2, -8, -16, -4, -1, 2, -2]
[0, -1, -6, -12, -5, 1, 0, 1]
[-1, 1, 2, 7, 2, -1, 0, 0]
[-3, -2, -9, -9, 0, -1, -2, -1]
[-2, -3, -1, -12, 0, -1, -2, -2]
[-1, -6, -5, 10, -1, 1, 0, 0]
[0, 4, 9, 0, 0, 0, 0, 1]
[1, 1, 3, 8, 4, -2, -1, -1]
[2, 3, 7, 8, -5, -3, -1, 1]
[0, -1, -1, -7, -4, 0, 2, -1]
[-2, -3, -6, -4, 0, -1, -2, -2]
[0, 0, 1, 3, 2, 1, 0, -1]
[-1, 0, -3, -5, -2, -1, -1, 1]
[-1, 0, -3, -6, 2, -2, -1, 1]
[-2, 0, -3, 3, 1, -4, 0, -1]
[-1, 2, 5, 2, 4, 2, 2, 1]
[0, -3, -3, -4, -1, 2, 0, -2]
[1, -2, -2, 3, 4, 0, 0, -1]
[0, -4, -3, 1, -7, 0, 0, 1]
[3, 2, 0, -8, -4, 0, -2, 0]
[-2, 2, 2, 15, 0, 0, 0, -1]
[-1, 1, 5, 3, 7, 1, 2, -1]
[-4, -4, -5, -9, 1, -2, -2, -2]
[-3, -3, 1, 7, 0, 0, -2, 1]
[1, 1, 4, 0, 4, -2, 0, 1]
[-2, -1, -2, -4, -7, -3, -1, -1]
[0, 0, 0, 6, -1, -1, 0, -1]
[1, -1, -2, 2, -3, 1, -2, 1]
[0, 0, 0, -4, -4, -2, 0, 1]
[1, 1, 3, 8, 3, -1, 0, 0]
[-1, -1, 5, 3, -3, 0, -1, -4]
[0, 0, -6, -8, 4, -1, 0, -1]
[-1, -2, -5, 16, -2, 1, -2, 0]
[0, 1, 1, -6, -4, 0, 1, 2]
[1, 0, -1, -3, -3, 0, -1, -1]
[2, 0, 2, 7, 4, -2, -1, -3]
[0, -3, -6, -14, 1, -1, 0, -2]
[-2, -1, -7, 3, -6, -4, -1, -1]
[-2, 0, -5, -18, -1, -1, -1, 0]
[-2, 0, 6, 14, -3, 1, 1, 1]
[1, 0, -4, -6, 3, -1, 2, 0]
[0, 2, 3, 1, -2, -3, -2, 0]
[0, -1, 2, -2, 0, 1, 0, 0]
[0, -1, -2, 1, 5, -1, -2, -2]
[-3, -3, -3, -7, -5, 1, -1, 0]
[0, 0, 2, 4, 1, -1, 0, -1]
[-2, -1, -2, -3, -6, -1, 0, 1]
[-1, -3, -5, -7, -3, -4, -3, -1]
[-3, 0, 3, 7, 3, -1, -2, -3]
[0, -3, -9, -19, -4, -2, -1, -2]
[-1, -1, 4, 19, 2, 0, 0, 0]
[-1, 2, 3, -7, -6, 1, 4, 2]
[0, -1, 0, -3, 1, 1, -1, -1]
[-2, -1, -7, -4, -3, 1, -4, -2]
[0, -2, -8, -18, -1, -2, -2, -2]
[0, -1, 8, 23, 7, 5, 0, 0]
[-1, -1, -3, -7, 3, -1, 0, 1]
[2, 0, -1, 2, -2, -2, 0, -2]
[1, 0, -6, -13, 2, -2, -3, -1]
[-2, 1, 2, 2, -4, -2, -1, -1]
[1, -1, -3, -10, -3, -1, 0, -1]
[-1, -1, 1, 7, 3, 0, -1, 1]
[-2, -1, -2, 3, 3, 0, 3, -2]
[0, -3, -7, -14, -7, -2, 0, -1]
[-4, 3, 3, 4, -3, -2, -2, 0]
[1, 0, -1, -5, -6, -3, -3, 0]
[0, 2, 2, 7, 1, 0, 0, 0]
[-1, -1, -4, -3, 1, 1, 0, 0]
[2, 3, 4, 2, -2, 1, 0, -2]
[-3, -1, -1, 1, 0, -2, -1, -1]
[-1, -1, 1, 7, 3, 0, -2, -2]
[1, -1, -1, -7, -3, -2, -1, -2]
[1, -1, -4, -1, 0, -1, -2, -1]
[2, -1, -2, 18, 1, -3, 0, 1]
[1, 1, 7, 5, 0, -2, 0, 1]
[-2, -1, -1, 2, -9, -2, -1, -1]
[0, 2, 16, 18, 10, 1, 0, -2]
[-1, -1, -4, -12, -8, 0, -1, -2]
[-4, 0, -3, -3, -3, 0, 1, 1]
[0, 2, 1, 6, 24, 0, -2, 2]
[0, -2, -4, 0, -5, -1, 0, 1]
[2, -2, 3, 3, 11, 0, 0, 0]
[0, 2, 7, 15, 14, 1, 0, 0]
[-4, -3, -5, -17, -19, -2, -6, -16]
[1, 1, 0, 14, -11, -3, 6, 12]
[0, 2, 5, -10, 12, 2, 8, -16]
[0, 0, 2, 19, 75, 12, 24, 19]
[1, 4, 0, -8, 7, -1, -39, -19]
[-1, -3, -2, 8, -52, -6, 3, 10]
[-3, -1, 3, 8, 6, -1, -3, -7]
[0, 1, -8, -44, -96, -11, 32, 12]
[-1, 1, 1, 17, 55, 12, 7, -10]
[-1, 0, 2, -15, -34, -1, -5, -13]
[5, 1, -2, -23, -13, -3, -1, 11]
[1, -1, 6, 44, -8, 2, -10, -6]
[-1, -4, -2, -7, 18, -7, 7, 9]
[-1, -3, -9, -30, -38, -3, -1, 2]
[-3, -3, 0, 7, 15, -1, -23, -15]
[1, -1, 1, -36, -9, -6, -13, -4]
[4, -2, -1, 26, -15, -1, 8, 6]
[-3, -3, 1, 27, 56, 6, -1, -11]
[-1, -2, -9, -32, -6, 2, 10, 10]
[-2, 0, 12, 40, 81, 0, -10, -6]
[-1, 0, -6, -32, -94, -8, 2, 10]
[-2, 1, 9, 4, 37, 3, 6, -3]
[1, 0, -2, 29, 37, 0, -5, 8]
[-3, -7, -7, -30, -64, 3, 22, -4]
[0, -3, -4, 24, 26, -4, -15, -3]
[-1, -1, -3, -16, 57, -6, -19, -4]
[4, 12, 9, -10, -98, -7, 8, 5]
[1, -1, -5, 19, 68, 0, -3, 5]
[-4, -2, -3, -37, -16, -3, -4, -8]
[-2, -6, -10, 19, 24, 2, 5, 11]
[-9, -2, -1, -12, -24, -4, -9, -32]
[1, 2, -1, 2, -20, -1, -4, -2]
[2, 4, 7, -3, -45, 0, 8, 13]
[2, 1, 0, -5, 13, -3, 1, 5]
[-2, -1, -3, 5, 33, 6, 6, -14]
[0, -1, -4, -23, -51, -11, -25, 5]
[2, -3, -2, 23, 40, 7, 7, -6]
[0, 1, 0, -14, -54, -5, 0, 7]
[0, -2, 2, 15, -12, 1, 5, 10]
[-2, -4, -8, 17, 22, -2, -21, -19]
[4, 2, 1, 13, 64, 14, 20, 13]
[-2, 4, 4, 16, 2, -5, 2, -6]
[-3, -8, -1, -24, -30, -12, 19, 13]
[0, 5, 15, 5, 5, 11, -15, -3]
[1, 3, 6, 15, 37, 5, 0, -10]
[3, 4, 3, 41, 44, 5, -7, 13]
[-3, -3, -10, -30, -31, -3, -17, 6]
[2, 1, -2, 17, 26, 3, -4, -4]
[-6, -6, -6, -7, -82, -13, -4, -11]
[13, 6, 9, -9, 26, 4, 27, 55]
[-4, 7, 9, 2, 18, 9, -24, -73]
[-4, -3, -5, 7, 26, -9, 1, -11]
[0, -1, -12, -62, -47, -1, 4, 0]
[-4, 0, -4, -25, -32, -7, -9, -21]
[-2, -7, -5, 29, 17, -1, 7, 32]
[2, -1, -1, -14, -24, -3, 1, 0]
[0, 1, 0, 46, 13, 1, 1, -3]
[0, -3, -5, -25, -13, -2, -10, -22]
[7, 6, 20, 80, 61, 6, 9, 22]
[-5, -6, -19, -102, -85, -5, 0, -2]
[-2, 0, 10, 56, 81, -1, -7, 6]
[-6, -2, 2, -13, -48, 2, 3, -10]
[1, -6, -14, 5, -23, -2, 14, 14]
[9, 1, 6, 16, -16, 8, 1, 27]
[-7, -5, -8, -15, -15, -23, -30, -43]
[-8, -8, -5, 28, 9, 2, -9, -18]
[1, 1, -4, -22, 1, -8, -2, 6]
[3, -1, -5, -17, -42, 0, 6, 19]
[0, 0, -12, -79, -34, 2, -24, -2]
[6, 4, 13, 74, 58, -3, 1, 14]
[-2, 0, -2, -29, -20, -7, -6, 8]
[0, 2, 3, 0, 44, 8, 4, -1]
[-1, -3, 6, 6, -7, 3, 25, 26]
[2, -1, 2, 22, 48, 1, 5, -25]
[0, -4, -5, -69, 23, 6, 1, 4]
[-7, -4, 4, 98, -35, -18, -10, -11]
[9, 1, 8, -24, -13, 5, 21, 65]
[-8, 4, 8, -9, 23, 11, -18, -96]
[-2, -10, -20, -5, -38, -24, -13, 34]
[-11, -5, -7, -36, 11, -11, 16, -16]
[-4, 5, 2, -42, -39, 4, -23, -13]
[4, -2, 4, 78, 57, -2, -2, 59]
[-5, 1, 0, -7, -5, 4, 10, -28]
[-2, 4, 1, -11, -56, 1, 4, -7]
[5, -1, -12, -17, -47, -2, -11, -5]
[-1, 0, -4, -45, -38, -11, -8, 4]
[-3, -4, -3, -41, -22, -5, -10, -26]
[8, 5, 20, 71, 102, 11, 22, 65]
[-2, -4, -24, -24, -12, 1, 18, -32]
[-8, 5, 15, -34, -43, 4, -12, -35]
[3, 5, 18, 49, -53, -8, 18, 27]
[0, 4, 6, -12, 25, 1, -3, -1]
[4, -2, 1, -40, 5, 5, 6, -5]
[-4, -9, -14, 34, 75, 6, -5, 8]
[-3, -4, -8, -34, -53, 2, 11, 8]
[-2, -2, 3, -8, 39, -4, -48, -33]
[-1, 1, 7, 48, -3, -7, 21, 4]
[-1, -8, -23, -99, -38, 2, 4, 26]
[3, 7, 24, 99, 122, 26, -34, -36]
[-4, -5, -16, -35, -41, -21, -7, -5]
[-2, -3, 2, -26, -17, -13, -22, 15]
[-3, -3, -5, 25, 7, 3, 47, -33]
[-4, -2, 2, 17, -28, -8, -37, 21]
[7, 2, 0, -22, 18, 9, 3, -1]
[-7, -2, 6, 44, 33, 0, -30, -19]
[7, -2, -2, -48, -57, -8, 6, 26]
[6, -3, -13, -36, 11, 4, 13, 28]
[-9, -1, 1, 31, -16, -4, 23, -42]
[3, 4, 5, -2, -2, -7, -22, 25]
[-4, 5, 5, -5, 5, 9, -9, -21]
[3, 4, 1, 6, 25, -5, 4, -3]
[1, -2, -10, 12, 7, 0, -4, 6]
[-5, -9, -19, 7, 6, -11, 5, 4]
[5, 11, 42, 7, -34, -9, -34, 9]
[-2, 0, 7, 70, 13, 4, 1, -12]
[7, 7, 4, -9, 66, 18, 3, 17]
[-6, -3, -20, -52, -2, 4, 36, -25]
[-5, 0, 16, 13, -17, 0, 2, -13]
[7, -1, -13, -94, -75, -9, 43, 70]
[-4, -2, 0, -15, -18, -4, -41, -14]
[-6, 0, 10, 83, 73, 25, -29, -27]
[3, -2, -10, 4, -46, -2, 4, 9]
[-4, -6, -10, -41, -32, -16, 23, 3]
[1, -6, -7, 13, 57, 7, -8, -20]
[7, 1, -4, -12, -45, -18, 16, 21]
[-12, -5, -21, -120, -57, -16, -18, -35]
[-8, -2, 3, -3, -5, -2, -17, -33]
[-3, -8, -2, 49, -49, -7, 6, -3]
[2, 1, 5, 0, -25, -8, -9, 50]
