[5, -3, -9, 37, 69, 7, -2, -5]
[-2, 0, 3, 16, 57, 15, -3, -31]
[-7, -3, 0, 0, -11, -2, 5, 8]
[2, 3, 17, -7, -23, 2, 1, -2]
[4, -1, -7, -32, 14, 1, 29, 19]
[-1, 0, 3, -1, -25, 2, 5, 41]
[-5, 4, 5, -29, 2, 6, -12, -66]
[3, 5, 14, 56, 127, 27, 14, -4]
[7, -1, -6, 33, -30, 1, 0, 23]
[2, 18, 33, -67, 13, -22, -27, -31]
[9, -3, 11, 47, 58, 26, 41, 20]
[-13, -9, -13, -43, -48, -9, 14, 26]
[-5, -8, -24, -32, -78, -19, -32, -16]
[9, 6, -4, 51, 62, 22, -8, -6]
[2, 1, 1, -1, 12, -4, 10, 76]
[-1, -2, -19, -46, 9, 9, -1, -52]
[1, 0, 31, 46, 22, 5, -33, 8]
[-23, -13, -15, 8, -86, -22, 14, -38]
[2, -9, -24, -99, 24, -9, -41, 29]
[-7, -15, 3, 75, 52, 12, 11, -29]
[2, 3, -33, -123, -94, -15, 10, 20]
[4, -40, -23, 101, 127, 4, -6, 61]
[-15, -6, 0, -38, -98, -5, -5, -68]
[4, 33, 21, 0, 49, -8, -3, 9]
[-3, -4, -25, -62, -27, -23, -6, 1]
[1, 0, -1, 72, 84, 30, 11, -3]
[2, -9, -16, -54, -86, -22, 8, -16]
[0, 8, 6, 63, 37, 3, -11, 7]
[20, 109, 79, 103, 44, 28, 23, 8]
[1, -52, 46, -56, -102, -12, -2, 14]
[0, 34, -53, -5, 77, -24, -11, 2]
[2, -25, 58, 35, -59, 24, 38, 21]
[-8, -41, -42, 7, 98, 6, 19, 17]
[-13, -17, -53, -102, -71, -3, 1, -30]
[1, -22, 19, 113, 93, 26, -19, 13]
[-1, -31, -66, -114, -67, -40, -26, 25]
[0, 10, 0, 45, 86, 30, 1, 9]
[4, 22, 24, -23, 3, 11, 75, -11]
[8, 16, 0, -31, -124, -19, -66, -14]
[2, -18, -26, 35, 96, 5, 18, -29]
[2, 20, 74, 66, 53, 12, -15, -15]
[5, 6, -18, -67, 75, -3, -6, 18]
[-2, 14, 16, -26, 4, 10, 39, -2]
[-5, -40, -63, -55, -101, -1, 0, -8]
[-2, 2, 43, 52, -4, 4, 2, 5]
[3, 26, 18, 25, -17, -6, -11, -7]
[7, 9, 32, 78, 104, 14, 36, 9]
[-6, -10, -35, -73, -46, -15, -28, -17]
[-1, -30, -27, -55, -42, -7, 19, 5]
[3, 18, 0, 72, 67, 11, -17, -8]
[7, -2, 8, -61, -79, -12, -14, -3]
[7, 22, 22, 75, 77, 24, 38, 8]
[-7, -25, -39, -71, -124, -32, -19, 17]
[-6, 5, -13, 7, 25, 3, -10, -35]
[-7, -12, 12, 14, 23, 4, 10, -7]
[-1, 12, 12, -101, -76, -37, -69, -46]
[-1, -19, -29, 91, 106, 27, 16, 42]
[6, 4, 13, 6, -41, -17, -26, 10]
[1, 12, -18, -44, -77, -12, 30, 66]
[-6, 12, 21, 52, 29, 15, 8, -9]
[1, -16, -8, -37, -62, -4, 12, -9]
[-1, 15, 14, 23, 89, 6, -13, 15]
[-12, -6, -13, -18, -39, 1, 1, -19]
[-6, -8, -26, -72, -90, -11, 2, 6]
[-1, 2, 19, 72, 15, -6, -5, -15]
[6, 0, 10, 20, -8, 9, 11, 10]
[2, 7, 39, 53, 26, -4, -5, -17]
[5, 16, 2, -85, 2, -3, 7, 12]
[-6, -36, -46, -52, 20, -5, -6, -27]
[1, 20, 4, 16, -34, -2, -6, -2]
[0, -4, 7, 0, 22, 4, 12, -2]
[5, -1, 7, 23, 4, 9, 5, -3]
[-1, 5, 6, 40, 66, 7, 42, 24]
[0, -5, 0, -36, -72, -15, -4, -15]
[-5, -16, -34, -1, 21, -7, -7, 27]
[2, 13, 37, 37, 35, 20, 26, -31]
[-10, -6, -9, -43, 10, -16, -28, -39]
[-1, -5, -8, -9, 19, 3, 0, 13]
[-2, -7, -17, -29, -36, -5, 6, -8]
[2, 0, 0, 40, 26, 3, -4, 14]
[4, 9, 18, 24, 11, 11, 2, 6]
[-7, -5, -11, -31, -4, -1, -9, -28]
[-1, -12, -14, -18, -5, -1, -6, 3]
[1, 13, 26, 35, 19, -2, 6, 18]
[1, -1, -11, -19, -28, 9, -4, -9]
[-4, -4, -8, -5, 16, -8, -1, 5]
[1, -1, 3, 14, 8, 19, 8, -7]
[2, 8, 2, -2, 24, 10, -1, 16]
[4, 4, -4, -20, -8, 1, 0, -3]
[-2, -4, -6, -11, -45, -17, -9, -8]
[-2, -3, -9, -17, -5, -2, 1, -2]
[-1, -1, 19, 43, 11, -5, -4, -3]
[0, 1, 4, -4, -2, -4, -4, 2]
[-2, -5, -3, -6, -8, -2, -1, -2]
[-5, -9, -11, -6, 15, 1, -1, -4]
[0, 2, 19, 31, -5, -4, 0, 10]
[0, 2, -11, -50, -29, -6, 1, -4]
[0, 1, 7, 37, 28, 2, -3, -1]
[0, 3, 9, 6, 5, 6, 3, -1]
[4, 2, 2, -1, -4, 3, 0, 3]
[-3, -4, -6, -1, -7, -6, -3, 0]
[-2, 0, -4, -28, -11, -1, -1, -6]
[-1, -4, -9, 13, -1, -4, -4, -1]
[1, 5, 4, 8, 8, 2, 3, 5]
[-2, -7, -11, -23, -10, -3, -6, -4]
[-1, -7, -14, -11, -4, -3, -2, 1]
[2, 7, 17, 12, 0, 0, 0, -2]
[0, -3, -12, -9, 0, 2, -2, 4]
[-1, 2, -11, -35, -8, 0, -1, -1]
[0, 1, 5, 40, -3, -4, -3, -1]
[2, 6, 16, -1, -1, -1, 3, -1]
[-4, -8, -18, -12, 4, 10, -1, -1]
[-1, -2, 3, 13, -4, -3, -2, -1]
[-1, 1, 1, -12, -4, -2, -3, -1]
[1, 0, -6, -15, -7, -4, -2, -2]
[0, -4, -2, 10, 4, -4, 0, 2]
[3, 2, 3, -7, -2, 3, 1, -1]
[1, 2, 3, 4, -1, 3, 2, 2]
[0, 1, 4, 10, 8, 2, 1, -1]
[0, 1, 6, -10, -13, -11, -3, 1]
[-2, -5, -7, 1, 0, -3, -2, -1]
[-3, 1, 0, -11, -14, -4, 0, -2]
[-2, -4, -3, -17, -12, -3, -1, 0]
[-5, -5, -21, 8, 25, 1, -1, 0]
[0, 6, 27, 29, 4, -3, 0, 1]
[-1, -4, -5, -6, -5, -1, 0, -2]
[0, 2, 9, 1, -1, 0, 0, 0]
[-1, -4, -11, -32, -4, 3, 2, -1]
[-2, 5, 7, 16, -3, -3, -1, -1]
[-3, -2, -18, -39, -4, 3, 0, -2]
[0, 1, -1, 28, 4, 1, -3, 1]
[2, 4, 13, 8, -2, 2, 2, 0]
[3, -1, -1, 0, 5, 3, 1, 2]
[0, -3, -1, -8, -8, -8, -3, -3]
[1, -3, -13, -17, -1, 0, -4, -4]
[-1, 2, 6, 9, 9, -1, -3, 0]
[-2, -5, -8, -3, -4, -1, -1, 0]
[1, 1, 0, 9, -2, 2, 2, 1]
[0, 1, 6, 3, 0, -3, -1, 1]
[0, 0, -2, 4, -17, -2, -1, -1]
[-2, -1, 0, -5, 13, 2, -1, -2]
[-2, -4, -6, -7, -8, -3, 2, 1]
[-1, -2, 7, 2, 0, -2, 1, 2]
[1, 2, 6, 6, -6, -2, -1, 2]
[0, -2, -5, -4, -6, -3, -3, -3]
[-3, -1, -4, 10, 13, 1, 0, -1]
[-1, -1, 8, -4, -4, 0, 0, -2]
[-2, -4, -9, -10, -10, 0, -1, -1]
[-2, 0, 11, 28, 24, 2, 1, 0]
[-1, 2, 0, -13, -28, -3, -6, -2]
[0, -2, -8, -3, 0, -1, -2, 1]
[0, -1, 1, -9, -9, -1, -1, -1]
[0, 0, 3, 0, 0, -2, 1, -2]
[-2, -4, -9, -4, 31, -1, -1, -2]
[0, -2, -7, 4, 4, 2, 0, 0]
[3, 3, 7, -3, 1, -3, 0, 0]
[1, 0, -6, -1, -6, 3, 0, 0]
[0, -1, 3, 2, -9, -3, -1, 0]
[-1, -2, -6, -13, -7, -1, -1, -2]
[-1, -3, -5, 1, 8, 1, -1, 0]
[-3, -4, -9, -23, -9, -1, 0, -1]
[-1, -1, 5, 22, 5, 2, 0, -1]
[0, 0, 7, 6, 7, -2, -1, 1]
[-1, -1, 1, 6, -10, 1, 0, -2]
[1, 4, 4, -5, 7, -1, -1, -1]
[1, -3, -3, -4, -1, -1, 0, -1]
[0, -2, -4, -2, -6, -1, -1, -1]
[0, 1, 4, 9, 9, 3, -2, 0]
[-1, -2, -7, -4, -10, 0, 0, -2]
[-1, -3, -12, -28, 3, 0, 0, -2]
[-1, 3, 7, 22, 0, -2, 0, -2]
[-1, 0, 1, -7, -14, -4, -2, 1]
[0, 0, 3, 14, 8, -2, -1, -1]
[0, 4, 8, 4, -6, 1, 1, 0]
[-4, -6, -14, -21, -3, -3, -3, -1]
[-2, -1, -3, -3, 0, -2, 0, -1]
[-1, 0, 1, -1, -6, -2, -1, 1]
[-2, -2, -5, -16, -18, -3, -1, 0]
[0, 0, 3, 14, 9, 0, -1, -3]
[2, 3, 4, 4, 9, 9, 3, 0]
[-2, -4, -5, -1, -17, -2, -2, -1]
[0, 0, 2, 8, 20, 1, 0, -1]
[-1, 1, -5, -8, -15, -3, 0, -1]
[0, -1, 2, 7, 11, 1, 0, -1]
[1, 0, 0, 0, -3, 1, 0, -1]
[0, -1, -1, -4, -9, 0, -1, 0]
[0, -1, 1, -2, 1, 1, 1, 2]
[-1, -1, 3, 12, 1, -4, -3, -1]
[-1, -2, -6, -13, 6, 2, 0, 0]
[-2, 2, 12, 24, 4, -2, -1, 1]
[-2, -1, -3, -10, 0, 0, 0, -2]
[-1, 0, -7, -3, -2, 0, -1, 1]
[2, -1, -1, -8, -3, -2, -2, 1]
[-1, 0, 4, 7, 4, 0, 1, 0]
[-2, 0, 3, -1, -11, -4, -3, -3]
[-1, 0, -7, -29, 5, 1, 1, -1]
[-1, -2, -1, 17, -17, 1, 1, 0]
[2, 3, 2, 11, 34, 1, -1, 1]
[0, -3, 0, -3, -3, 1, 1, -1]
[-2, -2, -2, 0, -1, -2, -1, -1]
[-1, -2, -2, -4, 6, 0, -1, -1]
[-1, -1, -6, -24, -36, -2, -3, -1]
[1, 2, 2, 21, 29, 1, -1, 2]
[-1, -2, -5, -5, -10, -2, -1, 1]
[-1, 2, 10, 20, 11, 0, 2, -1]
[1, -1, 2, 0, -11, -3, -2, -1]
[0, 0, 4, 0, -7, 0, -1, 2]
[0, -2, 1, 0, 1, -1, 0, 0]
[-1, -2, -6, -13, -1, -3, -1, 1]
[-1, -2, -8, 0, -2, 0, -1, -2]
[1, 3, -1, -8, -1, 1, 0, 0]
[-1, 0, 2, 10, 8, -1, 0, 0]
[0, 1, -1, -8, -5, -1, 1, 0]
[0, -2, -7, 1, 2, -1, -2, 0]
[-1, -3, -3, -12, -11, -2, 0, -1]
[-1, 2, 2, 2, -2, -2, -2, -1]
[-2, -5, -6, -4, 12, 0, -1, 0]
[0, 0, 2, 5, 3, 0, 0, 0]
[-3, 0, -2, -7, -17, -1, -1, -1]
[0, 1, 7, 12, -12, -2, 0, -2]
[-2, -1, -6, 1, 38, 2, -1, -2]
[-1, 1, 4, -8, -17, -4, -1, 0]
[-1, -2, -1, 5, -4, 3, 0, 0]
[-3, -4, -5, 5, 10, -1, -2, -1]
[1, 1, 11, 12, -5, 0, -1, -1]
[-2, -2, 1, 15, 11, 0, -2, -1]
[0, 1, -5, -10, 1, 1, 1, -1]
[0, -1, -5, -5, -2, -1, -2, 0]
[0, 0, -2, -3, -7, 0, -1, -1]
[1, 0, -4, -9, 0, -2, 0, -1]
[-1, 0, 3, 1, -3, -1, -1, 0]
[0, -1, -4, 0, 5, -1, -1, 0]
[-1, -1, -3, -10, -13, -1, 0, 0]
[2, 0, 4, 1, 0, -1, 2, -1]
[-2, -3, -6, 1, 8, -2, 0, -1]
[-1, 0, 1, -2, 5, -1, 0, -1]
[-2, 1, 2, 10, 16, -3, -1, 0]
[0, 2, -2, -13, -36, 0, 1, 0]
[-1, -2, 0, 5, 17, 0, -3, -2]
[-1, -1, 1, -5, 2, 5, 2, -2]
[-2, 0, -2, -8, -41, -5, -4, 0]
[-2, -1, -6, -3, 21, 3, 1, -2]
[-2, -2, 2, 10, 0, 0, 0, 0]
[0, 1, 0, -2, 0, -2, -2, -1]
[-2, 0, -6, -5, -1, -2, -1, -1]
[-1, 1, 0, -1, -3, -1, 3, 2]
[0, 0, -1, 4, -11, -2, -2, -1]
[-1, -1, 1, 6, 25, 5, 3, 1]
[-3, -6, -1, -7, -10, -3, -7, -5]
[1, -1, -2, 1, 27, 0, -7, -6]
[1, 3, 2, -9, -48, 0, -4, 6]
[-5, -4, -6, 6, 30, -1, 2, 4]
[-1, 3, 2, -18, -11, 1, 2, -4]
[-2, -1, 1, 25, 10, -4, 1, 5]
[1, -1, -4, -13, -18, -5, -3, -1]
[2, 0, 1, 8, 4, 2, -3, -3]
[-1, -3, -6, -11, 10, -3, 15, 6]
[-2, -1, 3, 7, -5, 4, -29, -13]
[2, 1, 2, 10, 43, 3, 3, -6]
[1, -2, -2, -6, -26, -4, 6, 5]
[0, -1, -1, 2, 4, -3, 3, -2]
[-1, 0, -3, -25, -39, -8, 5, -2]
[0, -2, 0, 16, 45, 5, 1, 3]
[0, 0, -2, -8, -13, 0, -5, -9]
[-2, -2, 2, 20, 16, 2, -19, -3]
[-1, -4, -2, -21, -64, -14, -9, 3]
[-4, -6, -7, 9, 27, -4, 16, -6]
[2, 3, 3, -11, 7, -1, 8, -2]
[-1, 0, -3, -7, -2, 0, -22, -6]
[1, -1, 6, 28, 19, 3, 31, 9]
[0, -7, -5, -34, -26, -5, -14, 9]
[-4, 1, 1, 28, -14, -6, 4, -1]
[0, -3, -5, -24, 7, 3, 4, -10]
[0, -1, 2, -2, 13, 4, -5, 5]
[1, 1, 0, 14, 12, -5, -4, 6]
[5, -2, 3, -13, -5, 0, 16, 13]
[-3, 2, -7, -19, -94, -6, -1, -7]
[0, -1, -4, 6, 46, 6, 11, 4]
[3, 6, 7, 15, 22, 9, 12, 2]
[-7, -5, -4, -3, 13, 0, -16, -25]
[-2, -4, -5, -26, -68, -18, 6, 8]
[0, -1, -3, -43, -22, 0, 6, 4]
[0, 0, -1, -9, -35, 0, -3, -2]
[5, 4, 7, 42, 57, 8, -1, 5]
[0, -1, 0, 26, 67, 7, 2, 1]
[0, -2, -4, -18, -71, -16, -10, 0]
[-2, -3, 5, 53, 81, 3, -1, -7]
[0, -3, -9, -67, -65, -1, 3, 5]
[3, 1, 3, 28, 61, 11, 2, 1]
[-8, -3, -1, 20, 3, -13, -15, 8]
[0, 2, 2, -36, -63, -3, -1, -3]
[-1, -7, -9, 10, -56, -13, 17, -2]
[7, 10, 17, -4, 78, 22, 4, 22]
[-1, -10, -15, -26, 54, -1, -18, -7]
[-8, 0, -3, -26, -64, -1, 5, -13]
[3, 1, -1, 37, 57, -1, -12, 14]
[2, 2, 1, 27, -9, 0, 22, 1]
[3, 2, 3, 14, 75, 12, -11, 7]
[2, -3, -8, -56, -37, -6, 7, 6]
[0, -3, 0, 22, 23, -2, -5, -14]
[-6, -3, 1, -6, 12, -17, -19, -22]
[3, 5, 5, -12, 23, 23, 29, 21]
[-4, -1, 0, 34, -11, -14, -28, -19]
[0, -2, 0, -54, -87, -14, -21, -3]
[5, 3, 12, 83, 21, -5, 6, 23]
[-1, -3, -13, -85, -63, -8, 0, -19]
[-2, 1, 7, 48, 20, 0, 15, 20]
[-5, -1, -4, -45, 4, -1, -5, 7]
[0, -1, 1, 19, 59, 2, 1, -9]
[-3, -3, -13, -51, -83, -13, 3, -14]
[5, 1, 8, 40, 20, 9, -11, 41]
[-8, 3, -3, 17, 9, 5, -19, -42]
[-5, -6, -4, -14, 19, -2, -4, -10]
[-1, 6, 23, 108, 127, 21, 5, 2]
[-4, -1, -18, -76, -34, -10, -16, -29]
[0, -5, -2, 18, 17, 1, 10, 26]
[0, 4, -3, -45, -55, -8, -28, -4]
[4, 1, 6, 48, 39, 6, 20, 22]
[6, 7, 7, -4, -14, 17, -11, -38]
[-3, 5, 8, 57, 60, 4, 6, 12]
[0, -5, -3, -8, -4, -2, -6, 30]
[-4, -1, -6, -1, -69, -17, -23, -47]
[0, -6, -17, -105, -79, -16, -15, -24]
[6, 4, 15, 38, 47, 13, -7, 9]
[5, -2, 6, 30, -23, 8, 26, 23]
[6, 7, 3, 12, 35, 4, -8, -4]
[-4, -5, -14, -32, 22, 0, 2, 7]
[5, 4, 7, -33, -14, -1, -7, 13]
[0, -4, -9, 4, -15, -6, 36, 12]
[-9, 1, 11, 49, 7, 7, -32, -61]
[1, -3, 7, 40, 73, 12, 20, 14]
[-7, -5, -10, -74, -92, -12, 4, -9]
[-1, 0, -6, -28, -19, 0, -17, -11]
[1, -2, -1, -11, -36, -4, 24, 40]
[-1, 0, -2, -53, -47, -6, -6, -2]
[4, 5, 10, 26, 10, 7, 12, 15]
[-2, -3, -10, -36, -50, -8, -27, -45]
[7, 1, -7, -2, 65, 11, 25, 51]
[-2, -3, 2, 72, -23, -7, 20, 6]
[1, -2, -12, -62, -64, -6, 0, -1]
[-5, -2, 7, 70, 38, 0, 2, -4]
[-1, 0, 7, -18, 41, 13, 13, -4]
[5, -5, -18, -28, 28, -11, -27, 17]
[-5, 2, 4, 18, 41, 3, 10, -26]
[-5, -8, -8, -38, -88, -8, -13, 4]
[-4, 3, 5, 19, 22, -7, -3, -27]
[6, 7, 14, 10, 11, 12, -7, -10]
[-9, -10, -17, -54, 46, -4, 5, 22]
[5, -3, -13, -71, 2, -12, 1, 11]
[-4, -4, -3, 85, 53, -2, 1, -2]
[-1, 5, 15, 55, -59, 10, 26, 22]
[3, 1, 0, 7, 25, 8, -27, -25]
[-6, -3, -7, -47, -54, -13, 11, -5]
[-2, 0, 0, -40, -81, -20, -3, 21]
[-2, -2, -4, 55, 73, 0, -15, -28]
[4, 3, 7, 6, -31, -2, 8, 17]
[-4, 1, 2, 29, 74, 20, -1, 15]
[-1, -3, 2, 1, -46, -2, -1, -15]
[-1, -5, -8, -23, -33, -18, -1, 8]
[-8, -2, 6, 62, 34, 6, -1, 7]
[1, 5, 10, 17, 45, 9, 4, 0]
[-1, 1, -5, -46, -81, -12, -11, -7]
[1, 1, 4, -12, 44, 2, 4, 0]
[3, -3, -9, -9, -60, -7, -6, 4]
[1, 1, -2, -21, -15, 0, -2, -36]
[2, -2, 0, 57, 94, 8, 22, 35]
[4, -3, -7, -99, -88, 14, 14, -11]
[4, 2, 7, 68, 78, -1, 40, 47]
[-8, 6, 8, 13, -6, -1, -5, -53]
[-2, -6, -11, -43, 26, -4, -2, -5]
[2, 9, 11, 26, 42, 16, 3, 4]
[-7, -9, -9, -30, -49, -5, -17, -14]
[-1, -11, -35, -69, -56, -7, 2, 19]
[3, 7, 23, 84, 20, 5, -2, 8]
[1, 7, 24, -14, 34, -3, 3, 2]
[2, 3, 11, 40, 32, 9, -3, -18]
[2, 1, 13, 55, 47, 7, -3, 15]
[-1, -8, -30, -93, -111, -11, -18, -28]
[-2, -4, -17, -33, 12, 4, 9, 11]
[-4, -4, -11, -9, -15, -4, -6, -18]
[5, 4, 5, -35, -4, -3, -9, -2]
[-3, -1, 10, 7, -45, -12, 1, -28]
[3, 3, 7, 35, 8, -5, 1, 25]
[5, 2, 0, 6, 36, 1, -6, 0]
[-1, -1, -2, 25, -12, -5, 4, 10]
[-1, 1, -2, -32, -51, 2, 5, -2]
[4, -3, -2, 11, 34, 0, 2, 59]
[-17, -2, -10, -56, -101, -20, -34, -103]
[0, 1, 5, 23, 37, 2, 0, 28]
[-4, -3, -1, 4, 13, 6, 0, 8]
[-4, -5, -8, 14, 9, -5, -4, -16]
[5, 1, 5, -42, -29, 3, 12, 28]
[1, -4, -4, 66, 32, 2, 2, -6]
[-3, 6, 3, -25, -42, -2, -12, 3]
[-4, -4, -9, 4, -13, 0, 4, -17]
[6, 5, 7, -1, 8, 1, -3, 5]
[-1, 4, 23, 22, -17, -8, -1, -9]
[4, 0, 4, -11, 15, 2, -2, 9]
[-3, -4, -3, 9, 12, 2, -3, -10]
[-1, -3, -3, 3, -17, -6, 5, 8]
[-1, -2, -11, -49, -28, 6, -2, 6]
[0, -5, -9, -12, 24, 0, -10, -2]
[-3, 0, 3, 15, 2, 3, 9, -16]
[-1, -2, -8, -18, -7, -9, -1, 16]
