[0, -1, 1, 23, 44, 11, 9, 0]
[2, 1, -2, -32, -59, -15, -10, -7]
[-2, 0, 6, 53, 72, 9, -5, -11]
[2, -3, -1, 6, 21, 5, 6, 8]
[-4, -4, -3, -44, -69, -12, -8, -1]
[-3, 0, 0, 36, 46, 11, 1, 4]
[-4, -3, -13, -32, -60, -14, -5, -6]
[2, 4, 11, 43, 44, 9, 6, 7]
[-2, 4, 4, 0, -22, -2, -2, -3]
[1, -1, -4, 7, 62, 5, 0, -1]
[-2, -3, -9, -31, -76, -10, 1, -1]
[-2, -5, -3, 3, 15, 11, -3, -4]
[-1, -5, -17, -19, -34, -12, -7, -1]
[3, 10, 20, 39, 19, 1, 1, 4]
[0, 1, 6, 14, 35, 5, 0, -2]
[0, 0, 2, -13, -24, -7, -1, 2]
[0, -2, -2, 2, 16, 4, -3, -10]
[-3, -9, -19, -21, -15, 0, 4, 17]
[0, 1, -2, 4, 19, 6, -4, -4]
[0, -3, -9, -14, -10, 2, -3, 1]
[-3, -5, -4, 0, 10, -2, 3, 3]
[-2, -2, -2, -1, 11, 2, -2, -5]
[0, -1, 8, 10, -8, 3, 2, -6]
[4, 7, 20, 16, 10, -2, 2, 4]
[3, 13, 30, 12, 6, 0, 0, 1]
[-5, -3, -17, -15, -22, -5, -3, -6]
[-1, -2, 0, -16, 15, 1, 1, 0]
[-2, -1, -13, 0, -6, -1, 0, -1]
[-3, 0, 3, 3, 12, 3, 0, 1]
[2, 1, 6, -5, -7, -1, -5, -3]
[3, 9, 17, 28, 11, -4, -1, 0]
[1, 4, 12, 7, 4, 0, 2, -2]
[-3, -3, -7, 4, -15, -3, 1, 0]
[-2, -4, -4, -10, 0, 4, 1, -3]
[-4, -6, -16, -13, -3, -7, -5, -1]
[-1, -6, -8, -6, -3, 2, 1, 0]
[0, -3, -4, 4, 8, 4, 2, 0]
[-2, -10, -27, -25, -10, 3, 0, -5]
[1, 1, 7, 11, 12, 4, 0, 0]
[-4, -1, 5, 17, -15, -14, -8, -3]
[3, 6, 4, 7, -3, -2, 4, 2]
[0, 4, 21, 33, 19, 3, 1, 1]
[-2, -3, -4, -9, 2, 7, 1, 0]
[-2, -3, -16, -16, 3, 0, 0, 1]
[-1, -5, -14, -13, -5, -4, -4, -4]
[2, 3, 14, 9, -7, -6, 0, 0]
[1, -2, -7, 0, -1, -1, 4, 4]
[-2, -5, -3, -1, 5, 0, 2, 0]
[-2, -3, 2, 3, -9, -11, -6, 0]
[0, -3, -2, 3, -3, -1, -3, -2]
[-1, -9, -18, -25, -4, 0, -10, -6]
[4, 3, 11, 20, 6, 4, 6, 0]
[-1, 3, 1, -15, -5, 3, 13, 3]
[-5, 2, 6, 18, -2, -2, 0, -2]
[-1, 0, -2, 5, 0, 1, -1, -1]
[-2, -1, -1, -7, -1, -8, -10, -2]
[-1, -1, 1, 8, 4, -4, -6, 0]
[0, 0, -2, -27, -17, -3, 4, 1]
[-3, 1, -2, 19, 9, 2, 0, -3]
[0, 2, 2, -1, 29, 9, 3, -2]
[-1, -5, -5, 1, 6, -3, -2, -1]
[-1, -2, -6, -8, -5, -5, -4, -1]
[-2, 3, 14, -4, -17, -2, 0, -2]
[2, 1, -1, -1, -10, -3, 1, -1]
[-1, -5, -10, -4, 1, -1, -2, -2]
[-1, -2, -13, -27, 2, 1, -2, -2]
[3, -1, 0, -2, -2, 3, 3, 2]
[-2, 4, 22, 43, 4, 0, 0, -2]
[-2, -1, -8, -14, -7, -3, -3, -2]
[0, 5, 20, 14, -4, -3, -2, -1]
[-2, -9, -37, -53, -2, 1, 3, -2]
[1, 8, 38, 62, 5, 1, 4, 0]
[3, -1, -2, -8, -2, 0, -4, -1]
[0, 1, 1, 10, 3, -1, -1, 0]
[0, 1, -2, -6, 3, -4, -2, 0]
[1, -6, -19, -31, -7, -1, -3, 2]
[-1, -1, 1, 8, -1, -1, -2, -2]
[2, 0, -1, -3, 1, -2, -3, -1]
[-1, 1, 9, 19, 3, 0, -1, 0]
[-1, -6, -19, -22, -7, -1, 0, 0]
[-1, 1, 6, 8, 1, -3, 0, 1]
[-2, -1, -7, -8, -3, -1, 0, 2]
[-1, 0, 5, 9, -2, -2, 2, -1]
[-2, -1, -7, -10, -6, 0, -1, 0]
[-3, -1, -2, -5, 3, 1, 2, 1]
[1, -3, 0, 8, -2, -1, 1, 0]
[2, 0, 9, 6, 2, -2, -1, 1]
[-1, -3, -8, -21, -2, 1, -4, -3]
[-1, 0, -3, -1, -7, 0, 0, -3]
[0, 1, -2, -14, -8, 0, 0, 0]
[-2, 3, 1, -3, 19, 2, -1, 1]
[-5, 0, -1, 19, -7, 5, -2, 0]
[-1, 4, 9, 10, 10, 2, -1, 0]
[-6, -5, -11, 0, 2, 2, -2, -1]
[4, 3, 16, 1, -13, -1, -1, 1]
[-2, -3, -4, -14, 4, 1, 0, 2]
[1, -4, -6, -4, -19, -5, -1, 1]
[-1, 2, 0, 0, 5, -2, -1, -1]
[-1, -3, -5, 0, -5, -4, -3, -2]
[1, -1, -8, -10, 0, -1, 0, -2]
[2, -4, 1, 0, 4, 0, 0, 1]
[1, -3, 3, 5, 3, -3, 1, 0]
[-1, 0, -1, 4, 0, 4, 3, -1]
[-3, 0, -5, -7, -2, -2, 0, -1]
[-3, 0, -3, -13, 1, -3, -5, -1]
[-3, -2, 0, 9, 2, -1, -2, -2]
[-2, 3, 5, 11, 0, 1, 0, 0]
[0, -4, -5, -11, 0, -1, 0, 0]
[0, 0, -1, -6, -1, -2, 0, 0]
[2, 3, 0, 5, -2, 0, 0, 0]
[5, 1, 1, 5, 0, -4, -3, 0]
[1, 1, -5, -15, -16, -1, -2, -2]
[0, -5, -10, -9, 19, 1, 2, 1]
[0, -3, 17, 36, 6, 0, -1, 0]
[-2, -5, -11, -27, -4, -1, 0, -1]
[2, -2, 0, 13, 9, -1, -1, -1]
[1, 5, 12, 14, 4, 2, -1, -2]
[-4, -4, -6, -15, -14, -2, 0, 0]
[-4, -2, -5, -5, 3, 0, -1, 0]
[-1, 0, 0, -8, -8, -2, -1, 0]
[-1, -2, -6, 1, 0, -5, -2, -4]
[1, 0, -2, -4, 4, 2, -1, -3]
[1, -4, -2, 7, 0, 4, 0, 0]
[-1, -2, -3, -15, 4, 3, 1, -1]
[-3, 0, 0, 5, -6, 0, -2, 1]
[-1, 2, -2, -4, -4, -2, -1, 0]
[1, 1, 1, 3, -2, -2, 0, 0]
[1, -2, -2, 2, 4, 1, -1, 1]
[-1, -2, 4, 0, -3, 0, -1, -1]
[0, -1, -3, -7, -4, -2, -2, -1]
[-3, -1, 2, 6, 4, 1, -3, -3]
[1, 1, 3, -2, -1, -2, -4, -1]
[-2, -2, -5, -2, -7, -4, -2, -1]
[0, -2, -7, -6, -2, -2, 1, -1]
[2, -2, -6, -16, 2, -2, 1, -1]
[1, -1, 7, 33, -10, -4, -2, 0]
[1, 5, 23, 25, 28, 0, 0, 2]
[-1, -1, -6, -2, 0, -1, -3, 1]
[0, -1, 3, 0, -3, -1, 0, -2]
[-1, 0, -8, -7, -5, 0, 1, -2]
[-1, -4, -11, -12, -8, 2, 3, 0]
[0, 1, 8, 9, 6, 0, 2, 3]
[0, 0, -2, -4, 2, 2, -1, -2]
[-2, 1, 5, 3, -3, -1, -3, -1]
[-2, -1, 2, -2, -6, 0, -1, -2]
[-3, 0, -3, -3, 4, 2, -1, -1]
[0, 0, -6, -1, -7, -1, 0, 0]
[0, 1, -4, -3, 8, 2, 1, -1]
[0, -1, -3, 2, -2, -1, -2, -1]
[1, 1, -2, -12, -6, -2, -2, -1]
[0, 0, 4, 6, 3, -2, -2, 2]
[0, 0, -3, -3, -2, -3, -1, 0]
[-1, -2, -5, -4, -10, 1, 1, 0]
[-5, -3, -5, -5, 4, -2, 0, -3]
[-2, -1, -7, -15, 5, 2, 4, -1]
[0, 2, 10, 30, 4, 1, 2, 0]
[-1, -1, -5, -15, -11, -3, -2, -2]
[1, -3, -3, -1, -10, -1, 1, -3]
[0, -1, -1, 4, 1, -3, -2, -4]
[-3, -5, -10, -26, -5, 1, 0, -2]
[-1, 0, -1, 1, 6, -1, 0, -1]
[-1, 2, 6, 5, -4, -4, -4, 0]
[0, -2, 1, 3, -6, -1, -2, 1]
[0, 0, -2, -7, -2, 2, -1, 0]
[1, -6, -2, 4, 9, 3, -1, 1]
[-2, -1, -2, 0, 4, 0, 2, 2]
[-2, 4, 1, 6, 0, 0, 2, 1]
[-2, -2, -5, -14, 0, -3, -1, -1]
[0, 1, 1, 6, -2, 0, -1, -2]
[3, 0, 0, 4, 3, 0, -1, 0]
[0, -4, -7, -9, -6, -1, 0, -3]
[-1, -1, 1, 2, 0, 0, 0, 0]
[-5, -1, -6, -10, -10, -5, -2, 0]
[0, 1, 0, -4, 5, -1, 0, 1]
[-2, -2, -1, -2, 2, 0, -2, -1]
[-1, 1, 5, 7, -1, -1, -3, -2]
[0, -1, -3, -1, -7, -1, 1, -3]
[-3, -2, 0, 5, -6, 0, 0, -1]
[0, -2, -5, -16, 0, 1, -2, 1]
[-1, 0, -4, 4, 14, 2, 0, -1]
[2, 1, 3, 0, -2, -2, 2, 1]
[1, 1, -1, -8, -3, -2, -1, 0]
[1, -1, 2, 10, -4, -1, 2, 1]
[-1, -3, -3, -14, -2, 2, 3, 2]
[-3, 0, 4, 7, -2, -2, -3, 2]
[0, -2, -5, -5, -4, 0, -1, -3]
[0, -1, 4, 8, 1, 0, -1, -2]
[1, -1, 0, 7, 5, -1, -1, -2]
[1, 2, -6, -5, 2, -1, 1, 0]
[1, 2, 11, 8, 2, -4, 1, -2]
[-1, 2, 6, 13, 7, 1, 0, -1]
[-1, 3, -2, -12, 1, 0, 0, -1]
[-3, -3, -8, -9, -9, -3, -1, -4]
[-1, -2, -3, -6, -2, 6, 1, 2]
[-1, -2, -1, 7, 0, 0, 0, 0]
[-1, -3, 3, 0, -4, -1, 1, -1]
[1, 0, -2, -10, -6, 0, 1, 2]
[-2, 2, 1, 15, 8, 0, -1, 1]
[-3, -1, 7, 8, 4, -2, -1, 0]
[-3, 0, 0, 0, 2, 1, -1, 0]
[-3, -5, -3, -4, -9, -4, -1, -2]
[-1, -4, -6, -6, -8, 0, 0, -1]
[0, 1, 0, 4, 5, 1, 0, 1]
[-1, -3, -4, -2, 3, -2, -2, -1]
[2, -1, 1, -4, -13, 1, -2, -1]
[1, -3, -4, 10, 20, 1, 0, 0]
[0, -1, -3, -15, -25, -3, 1, -1]
[1, 1, 2, 5, 25, 0, -1, 0]
[-2, 4, 3, -2, 2, -1, -2, 0]
[-1, 0, -4, -3, -8, -3, -1, -2]
[2, 0, -3, 7, -6, -3, 0, -2]
[1, 1, 9, 0, -9, -2, 2, 0]
[3, -3, -1, 4, -6, 2, -2, -1]
[-3, -2, 1, 2, 0, 0, -3, -1]
[-3, -2, 1, 0, 10, -1, -3, 0]
[0, -1, -4, 2, 25, 2, 1, -2]
[1, 0, -1, 2, -28, -6, -10, -2]
[-3, 0, 6, 7, 45, 6, 0, -12]
[0, -8, -15, -28, -73, -5, 3, 22]
[0, 3, 3, 21, 68, 7, 16, -5]
[-2, -3, 1, 23, 40, 3, 9, 10]
[0, 0, 3, -4, -6, 0, -11, -12]
[-1, 2, 5, 28, 53, 3, -2, -5]
[1, -1, -7, -32, -75, -7, -2, 5]
[-2, 1, 6, 15, 25, 5, 9, -9]
[0, -3, -6, -16, -28, -8, -9, 0]
[0, -2, 0, -5, -32, -2, 3, -6]
[-1, -1, 1, 17, -3, -4, -17, 3]
[3, 2, -7, -17, 7, 4, 21, 6]
[1, -1, -4, -7, -16, -3, 5, 14]
[0, 0, 4, 5, 35, 3, -12, -6]
[-1, -1, 2, 17, 3, 0, -20, -11]
[-2, 0, 0, 10, -6, 0, 1, 2]
[-2, 3, 4, -26, -46, -1, -21, -7]
[0, 3, -2, -10, 43, 3, 4, 2]
[-4, -4, -6, 13, -7, -7, 0, -5]
[0, -2, 7, 6, 39, 2, 1, -6]
[3, -1, 2, 22, 19, 0, -1, 11]
[0, 2, -6, -24, -50, -11, 1, 7]
[2, 6, 17, 29, 23, 7, 15, 8]
[-1, -2, 0, -1, -36, -8, -18, -7]
[3, 1, 0, 6, 18, 5, 19, 10]
[0, 1, -1, -10, -9, -3, -15, -34]
[1, -2, -7, -24, -12, -2, 7, 18]
[-1, 0, -3, -12, -18, -1, 6, 10]
[0, -1, 4, 22, 49, 3, -22, -14]
[-2, -1, 3, 1, -9, 2, 10, 2]
[-3, -2, -8, -13, -21, -6, -10, -2]
[0, 1, 0, -13, 21, -3, -19, -8]
[-3, 3, 0, 21, 16, 0, 4, 3]
[1, 1, -3, -35, -65, 0, 20, 7]
[-5, -2, 3, 61, 71, 6, -20, -14]
[-1, -2, -4, -41, -45, -3, -4, 0]
[-1, -5, -7, -8, 34, -2, 3, -7]
[0, -2, 0, -3, 32, -2, -3, 2]
[8, 3, 0, -19, -62, 2, 13, 18]
[-2, -1, 5, 40, 47, 9, -4, -11]
[-1, -4, -4, -18, -31, -6, 20, 10]
[-13, -9, -7, 2, 18, -8, -35, -30]
[3, -1, -3, -31, -27, -9, 2, -2]
[4, 3, 1, 27, 25, 2, 17, 3]
[0, 0, -6, -28, -16, 7, 10, 8]
[2, 5, 9, 56, 45, 8, 0, 8]
[-7, -7, -14, -41, -54, -18, 3, -14]
[1, -2, -3, -7, 40, 5, -3, 26]
[-3, -3, 6, 25, -11, 12, 6, -44]
[-3, -9, -12, -32, -97, -8, 9, 11]
[1, -1, -3, 1, 28, -1, 1, -13]
[-1, 1, 5, -26, 50, -4, -18, -12]
[-4, -2, -8, -5, -64, -24, -11, 31]
[4, 2, 1, 9, 25, 12, 9, 20]
[-6, -7, -15, -30, 11, -2, -9, -11]
[-4, -4, -8, 7, -36, -14, -4, -12]
[2, 2, 16, -9, 66, 11, -1, 4]
[1, 3, 4, 1, -62, -13, -11, 4]
[6, 7, 14, 50, 44, 10, 39, 12]
[-5, -9, -8, -24, -11, 5, -12, -3]
[-1, 0, -7, 19, 53, 2, -10, -22]
[-3, 3, 16, 79, 103, 18, 22, -13]
[-3, -10, -16, -84, -62, -5, -11, 19]
[-3, 0, 5, 22, -47, 0, -8, -5]
[-1, -1, -4, -36, -9, 13, 1, 14]
[-3, -1, 2, -16, 38, -12, -20, 3]
[1, 1, -7, -21, -34, -3, 11, 12]
[-2, -5, -2, -12, 32, 10, 5, 0]
[2, -1, 8, 106, 80, 4, -19, -2]
[-3, -1, -7, -71, -90, -13, -3, 0]
[-3, 0, 2, -35, 17, 2, -7, -14]
[-4, 2, -13, -45, -48, -20, 0, -5]
[7, -1, -13, 30, 20, 2, 11, 18]
[-5, -5, 1, 64, 38, 1, 0, -20]
[8, 3, 25, 37, 47, 17, -3, 20]
[-10, -4, -8, 1, -60, -9, -44, -58]
[0, 6, 12, 12, -38, -6, 7, 3]
[9, 6, -3, -69, -4, 4, -20, 1]
[-4, -5, 7, 86, 46, 7, 9, -5]
[3, -4, -10, -38, -3, 9, 32, 57]
[-9, -9, -14, -45, -94, -20, 7, 1]
[-2, -3, -4, -32, -4, 1, -25, -32]
[-5, 8, 6, 8, -2, -6, -14, -2]
[7, 5, 3, 3, 7, -7, -11, 12]
[-16, -9, -13, -24, -36, -1, 11, -71]
[4, -1, 12, 57, 43, 11, 25, 69]
[-1, 0, -7, -15, -39, -2, -8, -24]
[1, 5, 18, 66, 51, 13, 13, -11]
[8, 7, 3, -89, -128, -11, -9, 24]
[3, -2, 0, 66, 67, 0, 7, 5]
[1, -1, -7, 8, 28, 3, -11, 7]
[-7, -9, -31, -118, -112, -18, 1, -36]
[9, 8, 25, 57, 22, 19, 17, 43]
[-16, -5, -5, 3, 18, -22, -14, -68]
[7, -2, -3, -59, -38, -12, -17, 50]
[-3, -6, -30, 27, 13, -1, -3, -35]
[-1, 2, 28, -74, 41, 7, 0, -6]
[4, 7, 9, 93, 67, 19, 19, 11]
[-2, -1, 3, -5, -30, 0, -10, -18]
[-1, -2, 1, -35, -36, -19, -10, 4]
[1, -4, -14, 43, 75, -2, 12, 30]
[-7, -2, -6, -42, -45, 7, -9, -15]
[1, 1, 5, 21, 48, 11, 25, 17]
[11, 2, 8, 7, 51, 11, -12, 18]
[-7, 2, -18, -85, -59, -25, -44, -36]
[-2, -9, -3, -43, -74, -13, 9, 20]
[-5, 1, -11, 7, 18, 6, 3, -27]
[4, 3, 12, 35, -27, -3, 20, 28]
[-3, -6, -17, -36, 20, -2, 6, -4]
[7, 1, 12, -23, -64, -1, 2, 38]
[-10, -7, -6, -37, -28, -17, -41, -56]
[2, -1, -11, -5, 25, -3, -5, -2]
[-1, 7, 36, 93, 27, 3, -18, -40]
[17, 8, -13, -54, -34, 12, 68, 104]
[0, 8, 5, 82, 89, 17, -27, -73]
[-10, -2, 16, -68, -92, -27, 6, 5]
[3, -5, -16, 45, 43, 1, 4, 5]
[9, 9, 21, 11, -24, 14, 19, -4]
[-1, -6, -7, -59, -18, -15, 18, 13]
[-5, -2, 5, 91, 72, 16, -24, -25]
[10, 2, -6, -42, -21, 9, 14, 33]
[-22, -10, -7, -23, -48, -15, -45, -64]
[1, -7, -21, -53, -94, -34, 8, 27]
[-1, 9, 12, 26, 56, 22, 21, -24]
[12, -4, -11, -94, -58, -9, -14, 27]
[0, 0, -15, -27, -26, -18, -8, -4]
[-9, -13, -21, 65, 85, 19, -1, -3]
[4, 0, 30, 34, -17, -6, 15, 13]
[0, 5, 6, -10, 8, 5, 11, 3]
[-2, -5, -3, -4, 9, -3, -8, -17]
[4, 8, 28, 46, 27, 8, 3, 5]
[-2, -1, -19, -72, -7, 6, 10, 13]
[-2, 0, -1, 49, 40, 5, -14, -18]
[9, 7, 6, 13, -23, -4, -8, 30]
[-5, -10, -10, -30, -29, 3, 41, 16]
[0, 1, 8, 63, 33, 12, -5, -28]
[-12, -10, -5, -10, -71, -4, 8, -3]
[1, 3, -4, -28, 27, 5, 1, -17]
[1, 3, 1, -1, 7, -13, -9, 8]
[-1, 2, -1, -7, -5, 5, 10, 10]
[1, -1, 0, 38, 54, 2, -20, 1]
[0, -4, -4, -2, -20, 4, 0, -9]
[-3, 2, 1, -20, -23, -7, -4, -2]
