[0, -1, 0, 9, 10, 5, -4, 12]
[-1, -8, -28, -27, -4, 1, 29, 1]
[-2, 3, 9, 24, 19, -5, -9, -14]
[0, -7, 10, 73, 61, 16, -1, -2]
[4, 11, 22, -50, -45, -12, 1, 13]
[-1, -4, -12, 3, -5, 0, 1, -1]
[-2, -1, -9, -2, 27, -3, -4, -5]
[3, 8, 6, -10, 10, -1, -1, 4]
[-2, -3, -6, 14, 7, -3, -18, 6]
[-5, 0, 2, 29, 38, 11, 11, -8]
[-3, -3, -21, -54, -52, -1, 16, -10]
[11, 7, 0, -31, -48, -8, 5, 37]
[-6, -1, -4, 15, 33, 3, -14, -38]
[3, 3, 11, 13, 24, -4, 1, 3]
[-1, -4, 2, 13, -27, 4, 7, -8]
[0, 4, 3, -15, 3, 9, 1, -1]
[4, -1, -2, 13, -5, -10, 11, 24]
[-1, -1, -4, -8, 6, 5, 1, -5]
[-2, -1, 2, 19, 52, 10, -9, 1]
[-2, 0, 4, 5, -30, -1, 1, -4]
[0, -1, 1, 15, -8, -10, 0, 5]
[-3, -2, -8, -14, -21, -5, -1, -5]
[1, 0, 10, 27, 42, 0, -6, -2]
[-3, -3, -4, -1, -22, -7, -7, -8]
[0, 1, -4, 4, 12, 6, 9, 9]
[-1, 7, 28, 30, -5, 0, -4, 3]
[-1, -2, -5, -10, 27, -2, -3, 1]
[-4, -11, -27, -36, -39, -12, -4, -9]
[5, 6, 21, -5, -7, -4, -1, 7]
[-1, -4, -15, -38, -45, 3, -3, -2]
[-2, 1, -3, 45, 72, 5, -2, -6]
[-1, 2, 3, 3, 9, 9, 1, -4]
[-4, -10, -13, -10, -8, -2, -2, 5]
[0, -3, -1, -2, -8, -4, 0, 0]
[0, -2, 1, -7, -9, -2, 1, -4]
[-2, -1, -3, -25, -11, -7, -4, -2]
[-1, 4, 9, 27, 17, 9, 4, 3]
[1, 4, 17, 4, -6, -5, -4, -1]
[-1, -1, -8, -15, -1, -3, -6, -2]
[1, -1, -3, 0, -7, -6, 0, -1]
[0, -5, -24, -33, -7, 0, -1, 0]
[2, 2, 19, 33, 5, 6, 4, 0]
[0, 4, 26, 30, 6, -1, 1, 4]
[2, 2, 4, 4, -12, -6, -1, -2]
[0, -2, 0, -7, 8, 9, 9, 1]
[-2, -4, -15, -11, 3, -6, -8, -1]
[-1, -2, -12, -2, -5, -8, -8, 0]
[-1, -3, -2, -6, 6, 9, 3, 1]
[-1, -6, -18, -20, -9, 0, 1, -1]
[-2, 0, -2, 1, -7, 2, 3, 2]
[-3, -3, 1, -4, 14, 5, 0, -3]
[0, 5, 8, 18, -2, -6, -7, -1]
[1, 6, 11, 16, 17, 3, -2, 2]
[0, -1, -2, -8, 6, 2, 1, -1]
[-1, 1, 0, 2, -17, -4, -1, -2]
[-5, -5, -11, -17, -10, -5, -2, -2]
[-2, -3, 2, 0, -15, -6, 1, 0]
[0, 1, 4, 2, 2, 0, 3, 1]
[0, -4, -15, -16, 2, 1, 0, -1]
[2, 3, 1, 1, -5, -2, -1, -2]
[0, -1, 2, 7, -4, -7, -6, -4]
[0, -3, -8, -6, 2, 2, 1, -1]
[-1, -2, -7, -16, -15, 2, 1, 2]
[-2, -3, 6, 12, 6, -4, -3, 0]
[-4, -1, -8, -13, 2, 0, -4, 1]
[-2, 3, 4, 9, 1, 1, 0, -3]
[1, -1, -7, -3, -5, -2, -1, -3]
[-2, 0, 4, -4, -14, 0, 3, -2]
[-1, -4, -6, 10, 28, -3, -7, 3]
[-4, -3, -6, -21, -10, -7, -4, 0]
[0, 1, -1, -10, -3, -4, 0, 0]
[1, 2, 5, 20, 0, -1, -1, -2]
[-2, -5, -6, -18, -10, -6, 0, -4]
[2, 5, 3, 8, -1, -5, -2, 0]
[0, 2, 1, -10, 2, 0, 0, 1]
[-2, 0, 4, 21, 14, 2, 2, 1]
[-1, -4, -4, -9, -18, -3, 4, 0]
[-1, -3, -3, -12, 12, -1, 0, 0]
[-3, -4, 1, 19, 6, -1, -1, -2]
[1, 0, 5, 6, 1, -5, -3, 0]
[1, 1, -2, -1, -4, -5, 1, 0]
[0, 0, 1, -1, -2, 3, -2, -2]
[2, -1, -4, 0, -1, -5, -4, -4]
[-4, -4, -16, -26, -10, 0, 0, -1]
[-1, 1, 5, 10, 1, 2, 1, 1]
[1, -2, 0, 0, -1, 3, 4, 2]
[-2, -2, -5, -6, -8, 0, 2, 0]
[0, 0, 2, -4, 18, 2, -2, 0]
[-1, -3, -7, -3, -3, -1, -4, 0]
[0, -2, -4, 5, -6, -2, -1, -1]
[-3, -1, 1, -1, 5, 1, 1, 0]
[0, 1, -6, 3, -13, -5, 0, 0]
[1, 8, 20, 13, 15, 9, 0, 0]
[0, -5, -4, -2, -2, 3, -1, -2]
[0, -1, 5, 11, -1, 1, -1, -3]
[-2, -7, -8, -19, -4, -5, -3, 0]
[0, -1, -9, 6, -2, -3, -2, -1]
[-1, 6, 22, 21, 13, -2, -1, 3]
[0, -1, -6, -4, 9, 3, -1, 1]
[4, 3, 15, 9, 2, 3, 0, 0]
[-1, -1, 2, 6, -4, 1, 1, -3]
[-4, -5, -11, -10, -15, -8, -2, -3]
[-2, -1, 1, 2, -3, -3, -2, 0]
[0, 3, 2, -1, 3, 0, -3, 1]
[-3, -1, -4, 2, -16, -5, -3, 0]
[-2, 5, 5, -2, -1, 3, 1, 0]
[-2, -1, -2, 0, 11, 3, -1, -2]
[1, -1, 0, -4, -7, 0, 0, -1]
[1, -1, 0, -4, 8, -1, -3, -1]
[-1, -2, -3, -2, -1, 1, 1, 0]
[0, -3, -6, -4, 1, 0, 1, 1]
[1, 1, 8, 1, -14, -2, 1, -2]
[-3, -1, -2, 1, 14, 2, 0, 0]
[1, -1, -2, 1, 0, -2, -1, 1]
[3, 2, 5, 6, 13, -1, 0, -3]
[-2, -3, -9, -9, -10, -4, 1, 0]
[-1, -1, 1, -5, -9, -3, 0, 1]
[-3, 0, -4, 3, -2, 3, -2, -1]
[-3, 1, -2, -17, -9, -1, -1, -2]
[-2, -1, -8, -4, -7, -2, -2, -1]
[-1, 2, -1, -11, 8, -3, -1, -1]
[1, -1, 10, 33, 11, 2, -1, -1]
[0, -1, 3, -7, -16, -7, -2, -2]
[-4, -3, -7, 2, 8, -1, -3, -3]
[1, -1, -5, -18, -20, -2, 1, 0]
[-1, -3, -9, -9, 6, -3, -1, -2]
[-2, -1, 0, 2, 3, 3, 2, 3]
[-2, -2, -2, -3, 6, -3, -1, 0]
[0, 1, 6, 5, -10, 0, -2, 0]
[4, 1, -6, 2, 5, 0, 0, -2]
[1, 2, 8, 6, 9, 1, -2, 1]
[-3, -3, -4, -5, 8, 1, 1, 1]
[-5, -6, -5, 0, -14, -2, 0, -1]
[-1, 1, -1, -11, -12, -1, 0, -1]
[-1, 0, 0, 3, 1, 1, 2, -1]
[0, -1, 0, 3, -4, -6, -2, -1]
[1, -1, 2, 1, 5, -1, 0, 0]
[-3, -1, 2, -2, -8, -1, 0, 0]
[1, -2, -1, 3, -2, 0, -2, 1]
[1, 2, 1, 3, 4, 0, -3, -1]
[-2, 1, -4, -5, 2, -1, -3, -1]
[0, -1, -1, 1, -6, -3, -2, 0]
[-1, 0, 0, 8, 10, 0, -2, 0]
[-1, -3, -10, -18, -6, -3, 1, -1]
[0, 0, 14, 33, 4, -2, 0, -1]
[-1, -1, -9, -14, 1, 0, -3, -2]
[0, 1, -6, -1, 8, 1, 0, 1]
[0, 0, 4, -4, -22, -4, -1, -1]
[-1, 0, -7, -2, 8, -4, 0, 0]
[-1, 0, 1, 2, 0, 1, -1, 1]
[-1, -1, 2, 1, -4, -1, 0, 0]
[0, -2, 0, -4, 5, 3, -3, 0]
[1, -4, -5, -2, -3, -3, 1, -1]
[1, -1, -2, -3, -8, 1, 0, -1]
[-3, -2, -6, -6, 5, 1, -3, -2]
[0, 3, 9, 9, 9, 0, -1, 0]
[-2, -2, 0, -1, -11, -1, 0, -2]
[-2, -2, -2, 0, 11, 0, 2, 1]
[1, 4, 1, 5, 0, 0, 1, 1]
[-2, 2, 2, 3, -3, -3, 0, -2]
[3, -1, -3, -11, -6, -2, -3, -2]
[-1, -1, -3, -8, 0, 3, 0, -1]
[0, -2, 4, 8, -3, -1, -2, -2]
[0, 0, -3, -3, 6, 1, 2, 0]
[-1, 1, -4, -13, 0, 3, 0, -1]
[-2, -2, -4, -4, -4, -4, 0, 0]
[1, 4, 9, 6, 0, -1, 0, 0]
[-1, 0, 6, 19, 2, -1, -1, 0]
[-1, 0, 2, -5, -2, 3, -2, -3]
[0, -2, 2, -5, -4, -1, -1, -1]
[0, 0, 3, 6, 5, 3, 0, 2]
[-2, -3, -10, -13, -17, -6, -2, 1]
[-2, 0, -5, -3, 7, -1, 1, 0]
[0, 1, 1, 11, 3, 0, 1, 0]
[1, 2, 2, -8, -2, -1, -1, -2]
[-2, 2, 3, 10, 14, 3, -1, -1]
[0, -1, 0, -5, -17, -3, -1, -2]
[-2, -1, -1, 4, 9, 0, 0, -1]
[-2, -4, -8, -11, -7, -2, 1, 0]
[-1, -4, -1, -3, 6, -1, -3, 0]
[1, -2, 1, 3, 1, 0, -2, 0]
[-1, 0, -2, -8, -8, -1, -1, -1]
[0, 1, -1, 5, 1, -1, 0, -1]
[-1, 1, 1, -2, 0, 3, 1, -2]
[-2, 0, -1, 2, 1, -4, -2, -1]
[-1, -2, -3, -4, -7, -2, 0, 0]
[-1, -1, 1, 1, 1, -1, 0, -2]
[-1, -3, 1, 5, 4, -1, -2, -2]
[0, -1, -1, -6, 4, -1, -2, 1]
[-1, 0, -6, -8, 10, 2, -1, -1]
[1, -2, -17, -6, -16, -2, -1, 0]
[1, 4, 33, 24, 2, 0, 2, 0]
[-1, 5, 8, 16, 4, 4, 0, 1]
[-3, 0, 5, -3, -12, -4, -2, 0]
[-3, -2, -9, -19, -11, -2, 0, -1]
[0, -3, -10, -3, 8, -2, -2, -2]
[0, -4, -4, -1, 2, -3, 1, -1]
[2, 3, 1, -5, -11, -1, -3, 0]
[-1, -1, 3, 8, 14, 0, 0, -2]
[0, 2, -4, -6, -15, 1, 2, 0]
[-1, -3, -1, 0, 2, -1, -1, -1]
[3, -2, -2, 2, -2, 0, -1, 0]
[0, -1, 4, 0, -4, 0, -3, -1]
[-2, -4, -4, -9, 2, -3, -3, -1]
[-1, -2, -1, 3, 1, 0, -1, -1]
[-1, -1, -1, -2, 2, 2, 2, 1]
[-1, 3, 7, 9, 5, -1, 0, -1]
[0, -1, -6, -7, 1, -3, -2, -1]
[1, -1, -4, -9, -12, -2, 0, 1]
[1, 1, -3, 6, 11, -1, -3, -1]
[0, 1, -1, -6, 9, 5, 2, 0]
[-2, 0, 2, 18, 8, 4, -3, -1]
[-3, -3, -5, 0, 3, 0, -1, 0]
[1, -1, 0, -5, -7, -1, 2, 0]
[0, 0, 3, 4, -9, -4, -1, 0]
[1, -1, 0, -4, 27, 2, 1, -2]
[-2, 0, 0, 8, 12, 1, 2, -1]
[0, 1, 3, -7, -47, -5, -3, -1]
[-1, -1, -4, -4, 3, 1, 0, 1]
[-2, -2, -6, -7, -14, -7, -2, -1]
[0, 0, 3, 6, 16, 3, -1, 0]
[-1, 2, 0, 2, 12, 0, 4, 2]
[-1, -5, 0, -10, -14, -1, 0, -4]
[0, -2, -4, 3, 2, -1, -1, -6]
[0, 0, -2, 3, 14, 3, 0, 4]
[-2, -6, -5, -12, -27, -4, -8, -7]
[-1, -4, -1, -22, -37, -10, -4, 2]
[-2, 0, 3, 24, 11, 2, 4, 2]
[-2, 1, -4, -11, -27, -4, -6, -5]
[0, 2, -1, 4, 41, 5, 7, -2]
[0, -1, -2, -28, -37, -1, -1, 0]
[2, 0, -3, 10, 35, 0, -1, 1]
[1, 4, 7, 9, 25, 8, 3, 2]
[1, 2, -1, -1, -27, -4, 16, 0]
[-2, 1, 4, 30, 31, 5, 2, -5]
[-4, -4, -4, -50, -71, -7, -10, -2]
[0, -3, 1, -4, 16, 3, 3, 0]
[1, 4, 6, 11, 10, 3, -3, 3]
[-2, -5, -6, -15, -12, -6, 5, 0]
[1, 1, -1, 11, 5, 0, -3, 0]
[1, -2, -2, -17, -28, -6, -3, 8]
[2, 1, 0, -16, -1, 7, 0, -15]
[0, -1, 0, 44, 37, 7, -10, 9]
[-4, -1, -1, 9, 38, 3, 19, 2]
[-3, -2, -3, 2, -8, -8, -32, -16]
[-1, -1, 1, 0, 34, -1, -1, 5]
[0, 4, 1, 7, -18, -2, -4, -2]
[-3, -6, -8, -26, -59, -8, -6, -3]
[1, 1, 3, 3, 0, -2, 12, 5]
[-3, -5, -8, -9, 9, -6, -14, 0]
[-1, 0, 4, 6, 13, 3, 3, -2]
[4, 5, 4, 8, 39, 10, 2, 4]
[0, -1, 5, -8, -62, -6, 17, 4]
[-1, -4, -2, -16, -1, -4, -26, -11]
[-1, -1, -2, 21, 64, 2, 3, -1]
[-5, -6, -9, -35, -68, -14, -3, -2]
[0, 0, -2, -3, 5, 0, -11, -5]
[-1, -1, -3, -2, -30, -3, 24, 0]
[1, -1, 1, -8, -3, 0, 8, 16]
[5, 1, 3, -2, 13, 11, -5, -10]
[0, -4, -7, -4, -31, -2, 1, -4]
[-3, -1, 1, 2, 30, 3, 1, -5]
[-2, -4, -8, -6, -38, -13, 3, 7]
[-3, -1, -3, -15, -24, -7, -7, -15]
[1, 0, -3, -4, 14, 5, 1, 12]
[2, -3, 3, 42, 19, 7, 9, 7]
[-4, 0, -2, -18, -17, -7, -32, -26]
[-1, 0, 3, 4, 59, 11, 25, 14]
[0, 1, -2, -3, -10, -3, 4, -4]
[1, -1, 0, 20, 62, 7, 9, 17]
[-7, -4, -4, -31, -96, -33, -35, -24]
[2, 0, 2, -22, 30, 16, 5, -1]
[-3, 0, -2, 46, 14, -10, -9, -10]
[1, 5, 3, 2, 10, 2, 9, 0]
[3, 2, 3, 5, 18, 10, -8, -2]
[1, -1, -6, -10, -10, -9, -3, 14]
[-4, 0, 1, -19, -28, -6, -22, -1]
[1, 3, 8, 41, 6, 14, 19, 2]
[0, -2, -1, -17, 20, 1, 1, -11]
[-1, 1, 7, 68, 54, 4, -4, 5]
[2, -6, -6, -31, -20, 0, -6, 20]
[-10, -1, -6, -22, 2, -18, -43, -62]
[8, 10, 16, 47, 84, 29, 20, 43]
[-2, -5, -16, -43, -89, -18, 2, -11]
[5, 2, 9, 60, 67, 5, 10, 11]
[1, -3, -2, -36, -42, -5, -9, 16]
[1, -1, 5, -26, -29, 5, 13, -4]
[1, 1, 6, 92, 109, 11, 13, -15]
[-6, -4, -6, -22, -57, -17, -28, 17]
[6, 0, -1, -10, -18, 11, 44, 30]
[-5, 0, 0, 31, 4, 2, -6, -19]
[-3, 0, 3, 8, 20, 0, -22, -36]
[2, 0, 3, -21, 44, 13, 4, -13]
[-5, -2, -5, 35, 1, -15, -10, -6]
[1, -2, -8, -53, 36, 18, 22, 5]
[6, 10, 25, 70, 38, 18, 19, 27]
[-7, -6, -13, -49, -44, -15, 22, -28]
[2, 2, 5, -3, 81, 7, -52, -16]
[1, 1, -1, 18, -64, -28, -10, 8]
[-5, -6, -13, -37, -36, 1, 1, -4]
[2, -1, 3, -5, 40, 10, 16, 7]
[-1, -1, -6, -43, -36, -7, 5, 20]
[-1, -4, -1, -17, -17, -3, -3, -5]
[-1, -1, 2, 36, 62, 10, 7, 7]
[-1, -2, -3, 31, 32, -6, -6, -5]
[-3, -8, -11, -62, -57, -16, -13, 10]
[-1, 3, 9, 91, 51, 5, -32, -46]
[2, -1, -5, -53, 1, -2, -8, 36]
[-3, -2, -12, -59, -78, -8, 42, 5]
[2, 3, 2, 2, 59, 11, -10, -9]
[-4, -1, -2, 11, -69, -21, 8, 10]
[1, -1, -4, -33, -42, -13, -27, 4]
[0, 0, 0, 2, -44, -9, -16, -19]
[7, -3, -6, 41, 34, 10, 36, 96]
[-6, 4, 8, -2, 43, 16, 6, -67]
[-7, -5, -12, -27, -63, -32, -42, -24]
[-2, -4, 3, -22, 16, 5, -27, -5]
[11, 4, 0, -10, -39, 0, 28, 25]
[-5, -3, -6, -46, 28, 1, 5, 0]
[-14, 1, -6, 2, -21, -3, 11, -44]
[1, 2, 9, -23, -10, -6, 6, 17]
[0, 6, 22, 72, 67, 17, -6, 10]
[3, -3, -8, 2, 70, 5, -3, 8]
[-3, -2, 3, -23, -51, -17, -15, 3]
[3, -4, -15, -64, -12, 7, 24, 4]
[-3, 3, 13, 92, 33, -4, -33, -31]
[-4, -11, -6, 26, 58, 14, 37, 37]
[7, 0, -1, -39, -87, -1, -4, 33]
[1, 3, -2, 1, 42, 12, 12, -32]
[-10, -9, -4, -8, 8, 1, -8, -28]
[8, 4, 1, -42, -25, -13, -7, 30]
[10, 4, 2, 48, 62, 8, 23, 25]
[-1, 2, -7, -3, -25, 1, -3, -29]
[-4, -3, 4, 32, -26, -7, -16, -4]
[-3, 0, 4, -5, 59, 16, 47, -36]
[13, 9, 17, 7, 4, 9, -7, -12]
[10, 2, 1, 25, 5, -17, -9, 82]
[-15, -2, -2, 1, -40, 3, 13, -109]
[5, 2, -6, -9, -35, -1, -9, 28]
[-11, -10, -17, -72, -4, 3, 16, -28]
[-6, -2, 2, 83, 34, 2, -8, -13]
[6, -3, -23, -81, -37, -12, -37, 11]
[-1, 5, 22, 74, 75, 13, -8, 8]
[-2, -2, -10, -78, -120, -16, 2, -1]
[3, -2, 12, 43, 87, 15, -6, 2]
[6, 3, 2, 8, -23, 5, 30, 25]
[1, -3, -21, -29, 14, -13, -9, 0]
[-3, -5, -7, -16, -63, -18, -19, 24]
[-2, 2, 1, 10, 57, 2, -15, -16]
[-2, -6, -8, 22, -1, 18, 23, 22]
[-6, 1, 7, 11, -72, -12, -14, -15]
[9, 2, 5, 37, 99, 11, 19, 51]
[-16, -4, 2, -32, -85, -19, -17, -68]
[10, 11, 15, -20, 32, 5, 13, 22]
[9, -6, -16, 0, 1, -3, 14, 36]
[-11, 1, 10, 72, 83, -1, -23, -29]
[5, -1, 10, 11, -37, 11, 2, 17]
[4, 2, -4, -83, -12, -13, 1, 12]
[-7, -4, -9, 16, -59, -17, -11, -4]
[-3, -5, -11, -11, -11, -4, 13, -7]
[1, 8, 7, 61, 80, 3, -4, -14]
[-5, -3, -4, -37, -81, -12, -9, 8]
[0, -3, -7, -30, -35, -8, -44, -3]
[5, 1, -2, 0, 19, 2, 2, 9]
[-1, -3, -7, -44, -39, 3, -1, 3]
[-2, 1, 16, 67, 40, 1, 19, 7]
[3, 0, -1, -35, -52, 0, 8, 7]
[-4, -8, -19, 33, 78, 9, -6, -9]
[3, 5, 27, 11, 6, -6, 3, 14]
[1, -2, 5, -1, -32, -5, 5, 1]
[-5, 5, 15, 2, 61, 16, -14, -30]
[0, 1, 2, 1, -37, -8, -15, -16]
[2, -1, -17, 43, 81, 13, 0, 17]
[-3, -2, -10, -21, 6, 2, -1, -10]
[3, 5, 8, -10, -73, -24, -32, 26]
[-12, -7, -13, -79, -84, 7, 24, -36]
[4, 5, 16, 68, 67, 21, 16, 17]
[2, -2, -7, -23, -61, -22, -12, -18]
[0, -4, -6, 23, 97, 24, 27, 13]
[1, 1, 16, 67, 5, 6, 3, -1]
[2, -1, -11, -21, 1, -3, 1, 5]
[-3, -2, -6, -31, -1, 1, -9, -4]
[-4, -3, -2, -18, -21, -9, 22, -1]
[6, 1, 4, -42, 27, 14, 2, 15]
