[-7, -3, -2, 42, -21, -9, -10, -21]
[3, 3, 4, 32, 38, 9, 7, 15]
[-2, -8, -19, -30, -1, -4, 0, -1]
[-1, 11, 35, 54, 5, -7, -17, -13]
[3, 4, 6, 8, 37, 18, 16, 15]
[-5, -9, -24, -47, -10, -13, -16, -27]
[-5, 2, 18, 20, -9, 5, 16, 19]
[0, -7, -14, -20, -14, -13, -24, -8]
[0, -6, -7, -33, -24, -2, 6, 12]
[1, 2, 6, 29, 21, 4, 8, 6]
[2, -1, -15, -47, -47, -13, -12, -26]
[3, 3, 0, 34, 55, 2, 14, 51]
[-4, -1, -6, -63, -69, -10, -5, -35]
[-8, -5, -7, -12, 45, 2, -15, -29]
[-2, -2, 3, 33, -19, 1, 22, 2]
[1, 1, -5, -47, -44, -17, 3, 3]
[2, -2, -7, 8, 16, 5, 1, 8]
[1, -7, -13, -22, 11, -3, 7, 12]
[3, 4, 17, 11, 2, 0, -6, -12]
[1, 0, 4, 34, 28, 6, 2, -2]
[-3, -3, -18, -28, -10, -2, 1, -2]
[1, 7, 18, 24, -11, 3, -3, -6]
[-3, -8, -19, -34, -14, -9, -9, 4]
[0, 0, -4, 1, -9, 4, -2, -11]
[2, -3, -7, -27, -25, -5, 4, 7]
[-1, -3, -7, 6, -8, -4, -4, -1]
[-2, -3, -5, -1, -3, -3, -10, -7]
[0, -4, -9, -27, -7, -5, 3, 1]
[-3, 1, -3, 6, 5, 1, 2, 0]
[3, 4, 17, 19, -4, 7, 2, 2]
[-3, 1, -5, -20, 6, -5, -3, 1]
[-1, -8, -18, -8, -13, 0, -4, -6]
[0, 0, 3, -7, -2, 1, 3, 7]
[-1, 2, 2, -7, -24, -9, -4, -5]
[0, 3, 19, 28, -7, -1, -2, 0]
[-1, 5, 3, -12, -11, 0, -1, -2]
[-3, -2, -4, 8, 11, -2, -2, 0]
[-2, -5, -7, -5, 12, 7, 3, 2]
[0, -3, -7, -8, -2, -3, -3, -4]
[-2, -4, -3, -10, 4, 3, 1, -1]
[1, -4, -6, -16, -12, 0, 1, 1]
[0, -3, -2, 7, 0, -4, -3, -2]
[1, 8, 13, 15, 16, 2, -2, 0]
[0, -2, -1, -15, -12, 0, -3, -6]
[-1, -3, -3, -14, -5, -3, 0, 1]
[0, -5, -9, 15, 2, -5, -2, -2]
[-1, 1, 1, -3, 0, 2, 1, -1]
[1, 0, -3, -8, 11, 0, 2, 0]
[1, -1, -5, 7, -2, 1, -2, -1]
[-2, -1, -15, -17, -9, -1, -3, -1]
[-1, 4, 8, 11, 0, 0, -2, 0]
[2, 6, 14, 11, 3, 2, 2, 2]
[-2, -1, 2, 0, 1, 2, 1, 2]
[-2, -5, -15, -29, -15, -4, -1, -3]
[-1, -3, -7, -3, 0, -3, -3, -4]
[-3, 2, 12, 25, 8, 3, 0, 0]
[1, 4, 4, 3, -6, 0, 2, 1]
[-1, 1, 9, 2, 13, 0, 2, 3]
[-2, -6, -17, -4, -18, -10, -2, 0]
[-3, -2, 0, 1, 3, -1, 0, 1]
[1, 3, 13, -2, -7, -1, -1, -1]
[-1, 5, 6, 7, 5, 0, 0, -1]
[1, -3, -3, 6, -4, -1, -2, -2]
[-2, -6, -13, -15, 6, 2, -2, -4]
[1, 2, 7, 18, 8, -1, -2, -2]
[1, 5, 18, 7, 0, -1, 0, 1]
[-2, -5, -7, -8, 0, 1, 0, -2]
[-1, 1, 10, 5, -6, -3, -3, -2]
[-1, -1, 1, 7, 13, 5, 2, 0]
[-1, -2, -4, 1, -4, -2, -1, -1]
[0, -2, 0, -3, -2, -1, 1, -2]
[0, -3, -13, -11, 0, -4, -2, 0]
[0, -1, -7, 1, 1, 1, -3, -1]
[1, 5, 16, 28, 4, -2, 1, 1]
[3, 0, -1, -7, 5, 1, 0, 2]
[-1, 1, -1, -9, -2, 1, -2, -1]
[1, -1, 0, 1, -7, 0, 2, 2]
[0, -2, -3, -7, -8, 1, 0, -1]
[-1, -1, -7, -10, 2, -2, -2, -1]
[3, 5, 15, 20, 2, -2, 1, 0]
[1, -3, -3, -3, -1, -1, -3, -3]
[-3, -4, -7, -27, -4, 1, -2, -2]
[-3, 0, 1, 10, 1, 2, -2, -1]
[-2, 2, 9, 17, -6, -1, 0, 1]
[-1, 1, -2, -1, 13, 2, 0, 0]
[-1, -3, -4, -3, 0, 0, 2, 0]
[0, -3, -14, -21, -4, 2, -1, -1]
[2, -1, -3, -3, -19, -4, -4, 0]
[1, 2, 8, 10, 6, 0, 3, 1]
[-2, -2, -4, 0, -1, -3, -1, -3]
[-2, -1, 5, 4, 9, 1, -2, 0]
[-1, 0, 1, 1, 2, 0, 2, -1]
[-1, 0, -1, -15, -18, -3, 0, 1]
[0, 0, -4, 0, -3, 0, -2, 0]
[-1, 3, 11, 10, 2, -3, 1, -1]
[-1, -2, -4, -8, -5, -1, -1, -1]
[-1, -3, -2, -11, -2, 1, -2, -1]
[-1, -2, 2, 7, 0, 2, 2, -1]
[-2, -2, -6, -3, 9, -2, -3, -2]
[3, -1, 3, 4, 2, 1, 2, 1]
[1, -2, -8, -19, -6, -2, -3, -1]
[-2, 0, 2, 11, -3, -1, -1, -2]
[-1, 1, 4, 14, -2, -3, 0, -1]
[-4, -3, -6, 2, 6, -1, 0, -1]
[0, -1, 2, 5, 1, 0, 1, 1]
[0, -4, -9, -8, 0, -1, 0, 0]
[2, -3, 0, -16, 5, -1, -1, -1]
[-1, -1, 11, 32, -2, -5, -2, -2]
[0, 6, 7, -4, 2, 2, 0, 0]
[-3, -2, -6, -3, -2, 2, -1, -1]
[-2, 1, 0, -6, -3, 0, -2, -1]
[0, -2, -14, -7, -1, -1, 1, 0]
[-1, -1, -2, -4, -6, 0, -1, -1]
[2, 1, 0, -6, -10, -2, -1, 0]
[0, -1, 1, 9, 17, -1, 0, 1]
[-1, -2, -6, -16, -16, -4, -3, -1]
[0, -2, 0, 9, 9, -1, -3, 0]
[-3, 0, -1, -5, -2, -1, -2, 1]
[-1, -2, -3, 0, -13, -1, 0, -2]
[-1, 0, 0, -4, 1, 0, -1, 0]
[2, 0, 7, 6, 1, -1, -1, -1]
[1, 1, -1, 2, 3, 1, 0, -1]
[-1, -1, 2, -3, -5, -1, -1, 0]
[-2, -1, -4, -4, 4, 1, -1, -1]
[-1, 0, -2, 0, -5, 1, 1, -2]
[-2, -1, -2, -4, 0, -2, -1, -3]
[0, 2, 6, 8, 1, 0, 1, 0]
[2, 0, -6, -27, 3, 0, 0, -2]
[-1, -1, -3, 23, 2, 0, -1, 2]
[-2, 0, -3, -10, -15, -3, 0, -1]
[2, 3, 4, 25, 39, 3, 0, 0]
[-3, -1, -1, -11, -22, -1, 0, 0]
[-3, -4, -4, -10, -2, -1, -1, -2]
[2, -1, 0, -3, 0, 0, -3, 0]
[-3, -4, -11, -23, -16, -2, -3, -1]
[0, 0, -4, 6, 8, 3, -1, -1]
[-1, 1, 7, 14, 1, -2, -2, 0]
[0, 2, 2, 2, 0, -1, -1, 0]
[-2, 1, -1, -6, -17, -2, 0, 0]
[-3, -3, -1, 12, 35, -1, 1, -2]
[-1, -3, -6, -10, -6, -2, 0, 0]
[1, -1, 3, 8, 10, 0, -3, 0]
[1, -1, -3, -11, -14, -2, -3, -1]
[-2, 0, 0, -3, -2, 0, -1, 0]
[-3, 1, 0, 0, 0, -3, 1, -2]
[-1, 0, 1, -3, 3, 1, 2, 0]
[-2, -4, -9, -10, -5, -2, -2, 0]
[-2, -2, 0, 7, -9, -2, -3, 1]
[2, 2, 8, 8, 9, 5, 0, 0]
[1, -1, -1, -6, -6, -1, 0, -1]
[-1, 2, 2, -2, -11, -3, -2, 0]
[-1, -4, -7, -3, 6, -1, 2, 0]
[-1, -1, -4, -8, 0, 1, 0, -1]
[0, 0, 0, 2, 6, 0, -2, 0]
[-1, -6, -8, -8, -2, -1, 0, -1]
[-1, -1, -2, -3, -4, -2, -1, -1]
[-1, -2, 2, 6, -2, 1, 0, -3]
[-1, 3, 7, 2, 2, -1, -2, -1]
[-1, 0, 0, 5, -7, -3, -1, 1]
[-1, -1, -2, 1, 13, 1, 0, -1]
[-1, -3, -4, -15, -10, -3, 1, 0]
[-1, -4, -4, 3, 3, 1, 0, 0]
[0, -2, 2, -5, -1, 0, 0, 0]
[-1, 2, 3, -4, -15, 0, -2, 0]
[-1, 1, -7, -1, 7, 0, -1, -1]
[-2, 2, 5, 2, 2, -1, -1, 0]
[-2, -1, 3, 2, -4, 2, 0, -1]
[1, -2, 1, -1, 3, -1, 0, -1]
[-1, -1, -1, -1, -7, 2, -1, 1]
[0, -4, -5, 7, 6, -1, -2, -1]
[2, 1, -4, -4, 10, -1, 1, -4]
[1, 1, 2, 3, 5, -4, 0, -2]
[-2, 0, 0, -17, -44, -4, -1, 0]
[1, 1, 3, 18, 20, 2, 1, 2]
[-3, -1, 3, 3, -5, -2, -1, 0]
[0, -2, -2, -1, 13, 2, -1, -1]
[-1, -3, -14, -34, -15, -2, 0, -2]
[0, -2, 2, 13, 2, 0, -2, -1]
[1, -2, 3, 9, -2, 0, 0, 0]
[1, 4, 6, -6, -10, -1, -1, -1]
[-1, -1, -2, 17, 9, 0, 1, 0]
[0, 0, -2, -12, -3, 1, 0, -2]
[1, 1, 3, 0, -2, -2, -2, -1]
[-2, 0, 1, 6, 3, 0, 1, 0]
[1, -3, -3, -1, 19, 1, -1, 0]
[0, -2, -3, -8, -21, -3, -2, 0]
[0, 0, 1, 8, 0, -1, -2, -2]
[0, -1, -4, -10, -16, -1, 1, 0]
[-2, -4, 1, 10, 18, 2, 0, 0]
[-2, -1, -2, -9, -22, -4, 1, -3]
[-1, 0, 0, -6, -3, -5, 1, 0]
[0, 0, -2, 1, -7, -4, -2, 0]
[2, 1, -2, 5, 5, 0, 0, -1]
[-4, -3, -4, -4, 9, 2, -2, 0]
[-3, -2, -8, -2, -1, 0, -2, 0]
[-3, -1, 1, -3, -1, 0, -3, 1]
[3, 3, 7, 22, 4, 1, 0, -1]
[0, 0, -5, -19, -7, 0, 1, 1]
[-2, 0, -1, -6, -3, -1, 1, -1]
[0, -1, 11, 28, 16, 0, -2, -2]
[0, -2, -1, -21, -12, -3, -2, 0]
[-1, -2, -6, -8, 17, -1, 1, -1]
[-2, -2, -6, 6, -13, -4, 0, -1]
[-2, -1, 2, -3, -5, -1, 0, -1]
[-2, 0, -1, 2, 1, -1, -1, 0]
[1, 4, 5, 5, 4, 2, 2, 0]
[1, -1, -4, -11, 1, -1, 1, 0]
[0, 0, -3, -3, -8, -2, 0, -2]
[1, -2, 1, -3, -6, 0, -4, -1]
[-1, -3, -4, -4, -13, -1, 0, 0]
[1, -2, 2, 9, 17, 0, 0, 1]
[1, 1, 0, 2, 2, -2, 0, -1]
[-2, -3, -1, 0, 8, 2, 1, 1]
[1, -2, 0, 4, 4, 2, 0, 0]
[-3, -1, -3, -7, -22, -5, -3, 0]
[-2, -2, -5, -3, 17, 1, -2, -3]
[-1, 0, -2, -2, -18, -2, 1, -2]
[-1, -2, -1, 8, -5, -5, -3, 0]
[-2, 1, 1, -6, -9, -1, -1, 0]
[-2, -1, -2, -11, -5, -3, -1, 1]
[-2, 0, 9, 6, 6, -1, 2, 0]
[-1, -1, -1, -3, -7, -1, 0, 1]
[1, 0, -2, 2, 16, -1, -1, -1]
[0, -1, -4, -13, -49, -4, -4, -1]
[3, 1, -1, 1, 24, 4, 1, -2]
[-2, -2, -2, -22, -34, -3, 0, -7]
[0, 1, 0, 31, 36, 5, -2, -5]
[-1, 0, -3, -14, -5, -1, -3, 8]
[-2, 0, -1, -14, -10, -3, 8, 12]
[-1, 0, 3, -11, -19, -1, -21, -7]
[1, 0, 7, 18, 19, -2, 1, 8]
[0, 0, 2, 39, 22, 9, 11, -7]
[-2, 0, -7, -24, -8, -4, -2, -2]
[0, -3, -5, -23, -16, -5, 5, -1]
[1, -1, -3, -24, -16, 2, 9, 1]
[0, -1, 3, 32, 37, -2, -29, -11]
[2, -1, -4, -8, -4, -1, 6, 10]
[-1, 2, 2, -3, -28, 2, 4, 0]
[-4, -2, -1, 13, 4, -5, -8, -3]
[-2, -3, 0, -24, -4, 0, 8, 0]
[1, 3, -1, 7, 12, -1, -1, -5]
[1, 1, -1, 10, 12, 2, -1, 3]
[-1, 2, -3, -5, 4, 0, -6, -6]
[-4, -6, -13, -36, -33, -9, 3, 4]
[1, -3, 9, 27, 5, 4, -4, -5]
[1, 1, 9, 53, 68, 4, 2, -1]
[-6, 1, 3, -8, 14, 4, 4, -1]
[3, 0, 0, -10, -21, -1, 6, 3]
[-1, 0, -4, -31, -56, -4, -8, -7]
[1, 0, 4, 68, 79, 8, 19, 16]
[-2, -2, 0, 10, 53, 4, -29, -16]
[0, -2, -1, -26, -37, -1, 2, -2]
[-4, -7, -7, 11, 0, -7, -15, 4]
[1, -3, -6, -15, 17, 3, 5, -2]
[-5, -3, -4, -7, -71, -11, 0, -17]
[-2, -1, -1, -7, -41, -2, 7, 24]
[0, -3, -6, -22, 7, 4, -8, -11]
[3, 2, -2, -31, -35, -6, 0, 6]
[3, 2, 3, 1, 12, 8, 1, 0]
[5, 2, -1, -23, -17, -2, -5, 8]
[-5, 1, 0, 20, 21, 5, 16, -11]
[-3, -1, 3, 37, 12, 1, -10, -22]
[2, -3, -1, 23, -20, 0, 28, 23]
[0, 3, -1, 7, 68, 9, -3, -5]
[-2, -6, -6, -64, -45, -9, -30, 0]
[2, 4, 10, 81, 76, -4, 15, -8]
[-8, -3, 0, -41, -120, -22, -18, 2]
[6, 2, -3, -11, 24, 12, 27, 12]
[-4, 2, -2, 16, 31, 4, 2, -9]
[-2, -4, -1, -60, -58, -12, -11, 0]
[0, 1, 2, 46, 46, 9, 0, -5]
[1, -1, 4, 33, 56, 3, -5, 33]
[-6, 2, -1, -9, -49, -13, 15, -49]
[1, 1, -3, -22, 38, 11, 1, 6]
[2, -4, -14, -102, -51, -11, 6, 2]
[-1, 0, 5, 81, 89, 3, -30, -21]
[0, -6, -3, -17, -51, 6, 24, 36]
[-3, -4, -5, -27, -53, -10, -25, -20]
[7, 3, -1, 61, 51, 8, 10, 7]
[-3, -2, 0, -16, -13, -2, -2, -14]
[4, 7, 25, 48, 15, -2, 1, 11]
[-5, 0, 0, 24, 19, 0, -1, -4]
[1, -1, -1, -54, 14, 12, 6, 8]
[-6, -2, -9, 15, -120, -28, -21, -22]
[3, 0, -11, -51, 30, 8, 6, 1]
[2, 2, 1, -17, 12, 6, -2, 7]
[1, 0, 3, -31, 55, 2, 0, 15]
[-6, -1, -2, -17, -5, 3, 12, -29]
[5, 4, 1, 9, -39, 0, -31, 16]
[2, -3, -10, -47, -45, -8, 4, 9]
[6, 7, 18, 127, 127, 27, 3, -3]
[-3, -3, -17, -118, -49, -22, -1, 9]
[2, 1, 11, 118, 127, 12, 33, -13]
[-2, -1, -5, -62, -94, -8, -11, 31]
[-4, -4, -11, -62, 2, -2, 6, -29]
[-4, -1, 20, 106, 74, 15, 15, 2]
[1, -5, -12, -76, 2, -6, 21, 18]
[0, 0, 5, 37, 25, 1, -39, 2]
[3, 0, -3, -4, -52, -10, 4, -5]
[-3, 1, 11, 37, 16, 9, -7, -22]
[-4, -3, -7, -39, 16, -2, 0, 15]
[0, 2, 7, 47, 15, 5, 18, -16]
[-1, 0, -1, -32, 12, 4, -5, 16]
[6, 1, -6, -33, -71, -6, 30, 6]
[-2, 0, 6, 77, 47, -8, -20, 25]
[-11, 0, -15, -68, -61, -2, 6, -50]
[-2, -7, -8, 8, -44, -4, 9, 12]
[-1, 3, 6, 83, 103, 8, 2, -8]
[4, 6, 6, -57, -72, -2, -9, 2]
[0, -2, -2, -16, -39, -12, 0, 8]
[-8, -1, 3, 8, 65, 7, 9, -16]
[6, 3, -3, 11, 3, 11, 27, -5]
[-3, -10, -22, -79, 3, -17, -22, -1]
[-2, -3, -2, 44, 79, 6, 25, 17]
[-4, 4, 13, 40, -76, -8, -30, -12]
[-4, -2, -1, -50, -15, 3, -9, -28]
[0, -5, -9, 67, 51, 14, -3, -12]
[7, 12, 22, -54, -26, -3, 18, 16]
[1, 7, 25, 79, 27, -11, -8, 5]
[-2, -4, -4, -38, -34, -8, -11, 24]
[-6, -3, 1, 40, 30, 18, 5, -31]
[-4, -12, -21, -23, -53, -10, -19, -43]
[5, 0, -8, -38, -23, -9, 22, 72]
[-5, -4, -2, 35, 22, -12, -39, 2]
[5, 6, 8, 5, -42, -1, 13, 10]
[-6, -2, -9, 0, 19, 6, -11, -1]
[5, 0, 0, -19, 5, 1, 7, 1]
[4, -5, -15, -32, -17, -2, -13, -2]
[-7, 4, 0, -41, -120, -23, -17, -29]
[4, 0, 15, 89, 127, 28, 14, 20]
[-3, -5, -15, 12, -10, -12, -9, -25]
[3, -1, 3, -55, 41, 7, 1, 64]
[-6, -1, -3, -40, -34, -19, -16, -66]
[-7, -3, 6, 41, 19, -9, -24, -8]
[5, 4, -12, -104, -108, -2, -1, -2]
[-3, -4, -10, 72, 126, 14, -10, -21]
[-6, -1, 8, -6, 13, -13, -3, 14]
[4, -3, -6, 18, 31, 2, 20, 19]
[0, 13, 33, 1, -36, -7, -10, -23]
[2, -1, 6, 7, 45, 8, 16, 18]
[3, 5, -1, -55, -65, -5, -5, 7]
[-1, -6, -13, 54, 69, 11, -5, -5]
[-2, -3, 2, 3, -79, -8, -1, -1]
[7, -2, -6, -75, -27, 1, -16, 8]
[-15, -12, -17, 26, -64, -15, 24, 1]
[5, 13, 11, 8, -2, -2, -10, -39]
[-3, -9, -8, 79, 117, 17, 2, 11]
[-7, 3, 3, -47, -102, -21, 1, 15]
[7, -4, 4, 73, 107, 15, -3, 20]
[-1, 0, -6, -72, -33, -1, -7, -8]
[-4, -10, -9, 42, 65, 3, 21, 4]
[5, 8, 13, -1, -73, -24, -22, -24]
[4, 3, 2, -3, -8, 12, 8, 18]
[-2, 0, -11, -50, -107, -32, 17, 59]
[-1, 1, 6, -67, 109, 28, -27, -53]
[-6, -7, 3, 64, -10, 6, 7, -31]
[-3, -9, -28, -73, -63, -7, -7, -14]
[-4, -1, -3, 33, 35, -3, 0, 2]
[18, 18, 15, -52, -66, 2, 11, 39]
[-4, 2, 13, 83, 73, 13, 12, -22]
[4, -1, -11, -31, 48, -1, 1, 23]
[-8, -8, 8, -7, -38, 4, -3, -21]
[-13, -11, -17, -31, -24, -7, -2, -20]
[3, -1, -11, -31, -23, -21, -44, 14]
[6, 7, 12, -3, -32, 4, 3, 2]
[3, -5, -4, -24, -45, -2, 0, 52]
[-9, -2, -12, -18, -51, -16, 10, -59]
[0, -2, 4, 1, -30, 20, 3, 5]
[5, -6, -19, -40, 5, -17, -2, 15]
[-1, 0, 6, -40, -58, -4, -6, -4]
[2, -2, 8, 79, 75, 13, -4, 4]
[4, -3, -14, -42, -50, 13, 35, 79]
