[-6, 4, 12, 23, 20, -7, -11, -68]
[6, 6, 4, -34, -13, 1, -18, -13]
[-5, -9, -15, 42, 92, 5, -4, 6]
[-4, -4, 0, -19, -37, -10, -1, -3]
[-2, 6, 15, 83, 61, 13, 5, 4]
[-3, -4, -13, -45, -10, 4, 7, 5]
[7, 7, 28, 47, 51, -4, -9, 7]
[-1, 8, 1, -9, -37, -13, 14, -15]
[0, -2, -24, -31, -1, -2, 23, 12]
[-5, -11, -22, -4, -27, -3, 1, -4]
[-4, -3, 4, -50, -98, -17, -9, 13]
[2, -11, 2, 33, 79, 15, 4, -17]
[-6, -3, 2, -51, -61, -19, 33, 38]
[8, 3, -11, 3, 16, -11, -7, -23]
[-4, 0, -9, -26, 2, 7, -2, -8]
[11, 10, -1, -18, -12, 0, 13, 45]
[-8, -6, -3, 25, 20, 17, -25, -49]
[-2, 3, 17, 49, 13, 1, 1, 0]
[-6, -7, -16, -29, -30, -5, -8, 10]
[-8, -1, -4, -19, -23, -9, -3, -39]
[7, 2, 11, 40, 94, 20, -7, 17]
[-1, 2, 8, -12, -66, -6, -2, -8]
[0, -6, -9, 11, -13, -2, -6, -4]
[-1, -5, -19, -32, 69, 15, 1, 3]
[2, 7, 13, 43, -58, -6, -11, 5]
[2, 17, 53, 21, 24, 1, 2, 6]
[-4, -7, -27, -58, -29, 6, 6, 21]
[-5, -4, -14, 12, 2, 1, -4, -21]
[5, 9, 43, 32, 18, 1, -6, 3]
[1, -7, -24, -21, 9, -6, 6, -1]
[3, 9, 35, 36, -19, 4, -1, 1]
[-4, -4, -7, -25, 11, -15, -4, -13]
[-1, -8, -17, 24, 25, 10, -2, 3]
[-3, -3, -8, -16, 22, 1, 0, 10]
[1, -7, -18, 28, 8, -6, -3, -8]
[-1, 1, 13, 9, 0, 1, 1, -8]
[-2, -1, 2, -30, -13, 5, -2, 10]
[-6, -5, -5, 32, 45, 3, 2, -3]
[-1, -4, -13, -39, -29, -10, -4, -3]
[3, 6, 13, 11, 8, 5, 1, -3]
[5, 10, 8, 17, 27, 1, 0, 4]
[0, -5, -23, -34, -44, -1, 1, -5]
[-3, 3, 18, 23, 34, 3, -1, -3]
[0, -1, -1, -5, -25, -8, -2, 3]
[-3, -12, -11, -1, 24, 5, -2, -3]
[-1, 0, 0, -15, -34, -16, 1, -1]
[-1, -2, -11, -19, -7, -7, 1, 3]
[-2, 0, 1, 4, 2, 1, -2, -6]
[1, -2, -10, -7, -7, -6, -4, -3]
[0, -2, 17, 9, 30, 3, -1, 0]
[3, -6, -8, -9, -19, 3, 5, 5]
[-3, 1, 15, 19, 7, 5, 1, -2]
[-4, 0, -15, -8, 5, 5, -2, 3]
[-2, -1, 6, 23, 16, -2, -4, -1]
[0, 4, -2, -13, -4, -4, -7, -2]
[0, 0, -7, -1, -7, 3, 2, 0]
[-1, -3, -4, -1, -4, 0, 6, 1]
[0, 0, -7, 9, 17, 6, 1, 0]
[0, -1, 4, -9, -3, -2, -5, 1]
[-1, -3, 0, -12, 4, -1, 0, 0]
[-1, -5, -14, -4, -3, -3, -6, -4]
[5, 8, 11, 13, 16, 5, 3, 1]
[-1, 4, 17, 27, -6, -1, 1, -1]
[-2, 3, 8, 17, -5, -3, 1, -3]
[3, 4, 9, 1, 8, -1, 0, -1]
[-2, -7, -16, -20, 5, 3, 0, -3]
[-2, -1, -8, -3, -2, -3, -2, -3]
[-1, -6, -11, -14, 1, -2, -3, -2]
[1, 1, 5, -15, -6, 0, 0, 4]
[-4, -5, -6, 5, 9, 0, 0, -3]
[-3, -2, -1, -5, -1, 1, 5, -1]
[-1, 5, 11, 25, 5, 2, 6, -1]
[-2, -2, 1, -15, 2, 0, -6, 1]
[-2, 1, 8, 19, -1, -7, -3, 2]
[1, 1, 13, 24, -1, -3, -3, -1]
[2, 0, -9, -15, 1, -2, -4, -3]
[4, 0, -1, -4, 7, -1, 1, -1]
[-5, -2, 2, -10, -12, -7, -3, -3]
[-2, 3, -11, -3, 10, 0, 2, -2]
[0, 1, -1, 4, -8, -3, -1, 1]
[-1, -2, 8, 13, 2, 4, -3, -1]
[3, -2, -9, -21, -2, 4, -2, 0]
[2, -4, -6, 20, -6, 2, 2, 2]
[-3, 0, 8, -15, -2, -2, -3, -3]
[-4, -3, 1, 20, 3, -4, -2, 0]
[1, -4, -4, 1, 3, 0, -1, -1]
[0, -1, -10, -23, 1, 0, -3, 2]
[-2, -2, -8, -2, 5, 2, 0, 0]
[-4, 4, 9, 15, -1, 1, 6, 3]
[-1, 3, -2, 7, 6, -1, -1, 1]
[2, -2, -2, 1, 0, -3, -2, -2]
[3, -1, 1, -7, -8, -4, -4, -2]
[1, -4, -16, -8, -10, 3, 3, -2]
[-1, 2, 12, 20, 1, -1, 1, 2]
[-3, 0, 1, -12, 1, -1, -2, -1]
[-1, -2, -8, -2, 8, 1, -1, 0]
[-3, -5, -3, 5, -10, -1, 0, -4]
[-1, -1, -7, -24, 0, 0, -1, -3]
[1, 1, 5, 16, -4, -4, -1, -3]
[-2, 4, 2, -13, 0, 3, 0, 0]
[1, 2, 1, 7, 3, -2, -4, 0]
[-1, -5, -11, -15, -6, 2, -1, -1]
[-1, 1, -5, -12, -8, -2, -1, 1]
[1, -2, -4, 17, -6, 1, 2, 0]
[-1, 4, 8, -5, 4, -3, 0, 0]
[-1, 1, -1, 6, 2, -5, 0, -1]
[0, -3, -3, -2, 7, 2, 1, -1]
[-2, -4, -11, -16, -4, 3, 2, -3]
[-1, 1, 12, 14, 5, -1, -4, 3]
[-2, -1, 2, 19, 5, -2, -2, -1]
[-2, 0, 1, -6, -5, -1, -1, -2]
[1, -3, 3, 3, 14, 3, 1, -2]
[-1, -6, -14, -10, -6, -2, -1, -2]
[3, 6, 10, 18, 18, 3, 2, 1]
[1, 4, 14, -3, -3, -2, 0, 1]
[1, -4, -3, 5, -5, -1, -1, 2]
[0, 1, 6, -9, -4, -1, 1, -1]
[-2, -4, -9, -2, 1, -1, -1, -2]
[-4, -1, -9, -3, 11, 0, -1, -1]
[-2, 2, 0, -2, -6, -2, -5, -2]
[3, 2, 6, 3, -9, -3, -2, 0]
[2, -3, -1, -9, -3, 0, -1, -2]
[0, -1, 2, 13, 1, 4, 2, 0]
[-4, -2, -2, -1, 0, -2, -1, -2]
[-2, 0, -6, -8, 0, 0, 0, 0]
[-3, -2, 0, -3, -4, 2, 1, -2]
[-1, -2, -2, -5, 6, 1, -3, -2]
[0, 0, 2, -1, -15, -5, -3, 1]
[2, -2, -9, -20, -4, 1, 1, -2]
[0, -2, -1, 17, 0, -1, -3, 3]
[1, 3, 2, -9, 3, 0, -1, -1]
[0, 0, -5, 9, -7, -3, 1, 0]
[-2, 1, 5, 7, 11, 1, 3, 2]
[-4, 1, -6, -16, -6, -4, 0, 0]
[-2, -5, -16, -6, -9, -3, -2, 1]
[-1, 2, 15, 22, 7, -1, -1, -1]
[0, -2, -4, -1, 0, 2, -4, -2]
[2, -4, 4, 7, -7, 0, -1, -1]
[1, -4, -5, -8, -14, -4, -1, -1]
[3, -4, -9, -10, 4, 4, 0, -2]
[1, -1, -5, -8, -8, 2, 3, 1]
[-2, 2, -5, 3, 17, -3, 0, 1]
[-2, 1, 10, 7, 9, 0, -1, -1]
[-4, -1, -3, 5, -1, -1, 0, 0]
[-3, 0, 0, 7, 13, -2, -2, -1]
[-1, 3, -4, -14, -18, -5, -2, -1]
[0, -3, -6, -3, -1, -1, -2, 0]
[2, -2, 1, -4, -11, 1, -1, -1]
[1, 0, 3, 5, 21, 0, -1, -2]
[2, -3, -2, -3, -4, 1, 0, -1]
[2, 0, -3, 0, -7, -2, 0, 1]
[1, 2, 2, -1, 8, 4, -1, 1]
[-2, 3, -5, 4, -2, 0, -4, -1]
[-2, 0, -1, -8, 3, 0, -2, 0]
[-2, -2, -5, -16, -11, -4, -2, 0]
[4, 3, 9, 18, 7, 3, 2, 0]
[-1, -2, 2, -6, -3, -1, 4, -2]
[-1, -4, -5, 14, 4, 1, 2, -2]
[0, 2, 13, 10, -2, -1, 2, 1]
[-3, -3, -3, -11, -2, -1, -2, 0]
[1, -2, -2, 10, -3, -2, -2, 0]
[2, -3, -3, -11, -2, -1, -2, -1]
[-1, -1, -3, 4, 6, 4, -2, -4]
[1, 3, -7, -8, 4, 0, 1, -3]
[-4, 1, 7, 8, -5, -1, 1, 0]
[-2, 0, -1, -3, -4, 0, 1, -1]
[0, -1, 3, 6, 6, -2, -1, -1]
[0, -3, 0, -5, -8, -1, 1, 0]
[2, -3, -4, -6, 12, 0, -1, 0]
[1, -3, -1, 1, -2, -4, -1, -1]
[3, 0, -4, -1, -5, -3, -1, 1]
[-2, -4, -3, -8, -7, -3, 0, 0]
[-1, -3, -5, -1, 1, 1, 0, 0]
[-4, 2, 2, 2, 5, 1, -1, 0]
[-3, 4, 4, -1, -5, 0, 0, 0]
[0, -2, -5, -6, -4, -1, -1, -1]
[1, -2, -7, -4, 2, -1, 1, -2]
[-2, 0, 4, 9, -4, -1, -2, 0]
[2, 4, 19, 12, 2, 0, 0, 0]
[0, 0, 1, -1, 12, 1, 2, 2]
[-2, -4, -10, 0, -7, -2, -2, -4]
[-1, -1, 1, -20, -8, -2, -1, -1]
[0, -4, -7, -2, -8, -2, -1, -1]
[-2, -1, -2, 5, 11, 0, -4, -1]
[-1, 1, 4, -12, -7, 0, -2, -2]
[1, -1, -2, -7, -6, -2, -2, -2]
[0, -3, -6, 0, 4, -1, 0, -2]
[-1, -1, 0, -8, -15, 1, 3, 1]
[0, 0, 0, 5, 14, -1, 1, 0]
[1, 0, -2, -1, -12, -3, 0, 3]
[0, 1, -4, -6, -6, -2, -1, 0]
[1, 1, -1, -6, -1, 1, -1, 0]
[-1, 1, 4, 3, -2, 1, -2, 0]
[-1, -2, 4, 7, -4, -2, -3, -1]
[-1, 2, -1, -2, 4, 2, -2, -1]
[2, -4, -8, -5, -4, 1, -2, -2]
[1, -3, 6, 3, 7, 0, -2, 3]
[1, 0, 2, 1, 5, 0, 0, 0]
[-3, -7, -17, -25, -7, 1, 0, -5]
[-3, 0, 1, 24, 2, 0, 2, -2]
[-1, 4, 5, 0, -3, 0, 2, 1]
[0, -1, -1, 6, 21, -3, 0, -1]
[-2, 5, 5, 4, -27, -5, -2, 1]
[-2, -2, -7, -10, 3, -4, -5, 0]
[-1, -2, -6, -11, -2, 0, -1, -1]
[-1, 4, 2, -13, -6, -1, 0, -2]
[-2, -2, -12, -5, -2, -2, -1, 1]
[1, 2, 12, 25, 15, 0, -1, 0]
[1, -2, 0, 5, -5, 2, 0, 0]
[-1, -1, 1, -4, 5, 3, -2, -1]
[2, -4, 1, -3, 0, 1, -2, 0]
[0, -2, -3, -13, -14, -2, -2, -1]
[1, 0, 5, 9, 13, 2, 0, -1]
[-3, -3, -4, 4, -1, -2, -3, -1]
[-3, -1, 4, 1, 2, -2, 0, -2]
[-1, 3, -2, -1, -2, -1, 1, -1]
[0, 0, -3, -4, -9, -2, 1, -2]
[0, -2, -7, -12, -7, -1, 1, -2]
[-2, -2, -2, 10, 2, -3, 1, 1]
[1, -3, -2, -1, 9, 1, 1, 1]
[-1, 0, 15, 14, -4, -2, -2, 1]
[-1, 0, -7, -11, -10, -3, -1, -2]
[-1, -1, -3, 7, 16, 1, -3, 0]
[-2, -3, -4, -6, -4, 0, -1, -1]
[0, -1, -4, -5, -9, -2, -2, -1]
[-3, -2, 2, 2, 3, 0, -1, 1]
[-1, -2, -5, -10, -10, 0, 1, -1]
[-2, 4, 4, 0, 0, 1, 0, 0]
[-2, -2, -7, -4, 1, -1, -2, -3]
[-2, 0, 4, 11, 6, 1, -9, -13]
[4, -3, -1, 11, 8, -3, 16, 18]
[-2, -2, 1, 0, 20, -1, 0, -3]
[0, 0, -5, -7, 22, 3, 6, 4]
[5, 5, 3, 16, 23, 0, 14, 15]
[-1, 0, 3, 5, 37, 7, -15, -21]
[8, 3, 5, 15, -24, 2, 17, 38]
[-3, 1, -5, 2, 26, -3, -10, -39]
[-5, -3, 0, -22, 16, -2, 5, 0]
[8, 2, -1, -14, -14, -1, 0, 17]
[-5, -6, 0, -10, 4, 7, -19, -59]
[5, 2, 4, 61, 52, 11, 0, 19]
[-3, -1, -2, -22, 19, -3, 0, -4]
[-7, 0, 6, 4, -64, -8, -6, -7]
[0, -5, -7, -24, 5, -2, -3, 12]
[-1, -7, -8, -7, -51, -7, 1, -2]
[-1, -5, 3, -3, -11, -5, -8, -9]
[0, -4, -3, -13, 5, -1, 3, 4]
[-2, -4, -4, 7, 4, -2, 4, -1]
[-3, 1, -2, -11, 2, -1, 2, 4]
[0, 0, -2, 24, 8, 6, 14, 14]
[-4, -2, -4, -22, -6, 0, -27, -21]
[-1, -2, 1, -6, -21, -8, -6, 3]
[0, -2, -1, -7, 30, 0, 24, -1]
[1, 3, -6, -18, -53, -5, -11, 4]
[0, 3, 1, 31, 22, 5, 13, 1]
[-2, 0, -4, -17, -36, -4, -14, -6]
[1, 0, 1, -14, 17, 0, 1, -3]
[-2, 0, 2, 13, 5, 4, -4, 4]
[-5, 1, -6, -22, -34, -6, 6, 2]
[2, 1, -3, -17, 18, 1, 9, 9]
[-1, -3, -3, 1, -51, -2, -1, 6]
[4, 1, 4, -25, -44, 4, 3, -4]
[0, -2, 5, 44, 53, 0, -5, -11]
[2, 2, -2, -15, -7, -1, 18, 24]
[-5, -6, -5, -10, -28, -4, -16, -16]
[1, -1, -1, -2, 12, -1, -3, -2]
[-2, -2, 3, -7, 14, 4, -5, -11]
[4, -1, -1, 27, 18, 1, 16, 14]
[3, 5, 4, -10, -15, -3, -25, -3]
[-2, -3, -2, 18, 30, 1, -2, -10]
[-6, -3, -10, -61, -87, -15, 1, 11]
[-3, 1, 8, 54, 62, 5, -24, -17]
[1, -2, -5, -25, 24, 1, -11, 12]
[6, 5, 8, 73, 63, 6, 9, 0]
[-3, -1, -7, -71, -28, -1, -22, -44]
[-6, -1, 5, 58, -12, -5, -3, -18]
[0, 0, 1, -7, -22, -8, 15, 39]
[2, 0, -4, -18, 11, 8, -8, -6]
[1, -2, 0, 42, 34, -13, 29, 35]
[0, -2, -6, -52, -25, 5, -2, -26]
[2, 3, 9, 39, 65, 7, 5, 11]
[0, -3, -4, 17, -27, -3, -38, 0]
[-2, -2, 0, -14, -63, -11, -5, -4]
[-3, -4, -4, 0, 55, 5, -8, -23]
[6, 1, -2, -20, -26, -4, 23, 66]
[-8, -7, -8, -36, -51, -9, -1, -37]
[3, 2, 8, 57, 92, 16, 15, 27]
[1, 3, 2, -38, 10, -6, -22, -11]
[2, 4, 14, 34, 26, 4, -3, -25]
[1, -3, -4, -9, -27, -1, 9, 41]
[0, 2, 3, 35, -5, -8, -39, -17]
[2, 7, 1, -55, -46, 9, 42, 6]
[0, 1, 3, 75, 97, 12, -29, -21]
[-3, -3, 7, 8, -45, -11, 22, 26]
[0, 2, 3, 18, 69, 2, -4, -36]
[3, 1, 1, -5, 31, 9, 6, 38]
[-1, -4, -4, -25, -53, -1, 0, -18]
[-9, -3, -12, -43, 55, -7, -6, -30]
[-5, -4, -14, -66, -63, -8, -14, -17]
[-5, 0, 5, 43, -9, -24, -16, -8]
[1, 1, -7, -25, -29, 10, 12, 1]
[1, -2, 5, 38, 63, -3, 0, 3]
[3, -3, -19, -103, -70, 8, 32, 13]
[0, -4, -10, 44, 79, 2, -13, 12]
[-7, -2, 9, 15, -74, -12, -11, -16]
[-2, -2, -5, -22, 12, 9, 8, -7]
[0, -5, -10, 17, 27, 1, -4, 7]
[1, 1, 11, -25, -84, -6, 8, 14]
[-2, -1, 3, 23, 26, 2, 7, -13]
[6, 3, 7, 30, 17, 11, 5, 27]
[-4, 9, 17, 53, -2, 1, 21, -28]
[4, -7, -27, -71, -3, -1, 11, 71]
[-12, 1, -3, 8, -21, -16, -31, -54]
[-8, 0, 7, 55, 29, 3, -20, -16]
[7, -1, -9, -47, 7, 10, 30, 42]
[-8, -2, 5, 55, -31, 1, 9, -40]
[8, 5, 1, -27, -4, 1, -8, 15]
[8, 6, 1, 7, 45, 5, -4, -10]
[0, 1, 5, 18, -48, -9, -3, 22]
[-2, -4, 4, -22, -30, 5, 5, -14]
[0, -6, -16, -50, 17, -4, 15, 19]
[-8, -3, -11, -72, -123, -24, -15, -30]
[1, -2, 8, 88, 124, 12, 2, 10]
[-2, -3, 7, 37, -23, -7, -10, -14]
[0, -2, -12, -60, 1, -1, 22, 22]
[13, 10, 19, 17, -37, 2, -26, 23]
[-4, -2, -6, -5, -13, -3, 13, -24]
[-7, -10, -20, -45, -25, 0, -39, -27]
[0, -2, -10, -6, -20, -10, 5, -28]
[-1, 4, 12, 47, 88, 15, 11, 28]
[7, -1, 4, 11, -51, -9, -8, 7]
[-6, 8, 13, 27, 76, 13, 8, 15]
[0, -4, -12, -83, -88, -19, -27, -11]
[7, 0, -3, 35, 61, 5, 22, 32]
[-10, -2, 8, 38, -5, 7, -22, -39]
[-5, -7, -23, -58, -6, -12, 22, 34]
[4, 5, 18, 33, 28, 16, 27, 5]
[-11, -13, -25, -16, -5, -7, 17, -19]
[-6, -6, 4, -3, -66, -19, -16, -16]
[6, 7, 14, 56, 89, 16, -2, -12]
[-4, -5, -15, -54, -22, -7, 20, 33]
[-2, 0, -1, -3, -62, -12, -25, -17]
[2, -5, -16, -50, 19, 0, 0, 19]
[4, 2, 8, 32, 48, 9, 0, -11]
[-9, -14, -11, 3, 0, -11, -14, -7]
[5, 9, 16, 3, -8, 10, 25, 2]
[-3, 0, -7, 23, 16, -6, -52, -14]
[5, 6, 12, 47, 35, 8, 14, 14]
[-7, -2, -13, -21, -56, -8, -34, -16]
[5, 8, 24, 4, 69, 16, -6, -8]
[18, 1, 5, 9, -37, -6, 52, 71]
[-6, -6, -13, -47, -61, -23, -39, -50]
[-3, 8, 6, 38, 64, 16, -4, -38]
[-9, -13, -23, -22, -124, -20, -11, 32]
[-8, 5, -4, -64, 36, -5, 0, -37]
[19, -1, 2, 36, -17, 13, 15, 6]
[-2, -6, -3, 14, -20, -22, 8, 24]
[-6, -1, -2, -18, 8, 1, 27, -18]
[4, 1, 8, 70, 90, 7, 1, 1]
[-7, 3, -10, -91, -123, -13, 20, -3]
[4, -2, 9, -5, 78, 15, -13, 26]
[0, -5, -14, 12, 12, 3, -8, -3]
[1, 1, 4, 22, 35, 11, 0, 3]
[-4, -5, -7, -27, 7, -9, -16, -3]
[2, 0, 14, -9, -122, -20, -10, -9]
[0, -2, -16, -44, 28, -2, 12, 14]
[-6, -1, -1, -6, -13, 8, -11, -39]
[7, 1, -14, 22, 71, 9, 12, 21]
[6, 7, 40, 40, 76, 8, 4, -3]
[-3, -4, -18, 29, -32, -8, 20, 19]
[-7, 3, 2, -12, -1, -3, -16, -34]
[-1, -2, -7, -50, -53, -3, -6, 7]
[-2, -8, -16, 4, 56, 2, 0, -4]
[0, -4, 9, -28, -71, 3, -4, -8]
[-1, -6, -8, 17, 44, 6, 15, 30]
[-4, -4, -5, -21, -60, -8, 0, 3]
[1, 3, 5, 64, 83, 8, 7, -9]
[3, 3, 6, -10, -45, -4, -26, -16]
[5, 3, 2, -18, 9, 4, -6, 16]
[-5, -3, 3, 54, 65, -4, -7, 1]
[1, 1, -3, -31, -66, 2, 9, -7]
[-9, -6, -7, -3, -2, -15, 6, -13]
