[-3, 1, 0, -22, -14, -2, -54, -19]
[3, 1, 8, 19, 1, -3, 2, 14]
[2, -4, -28, -53, -58, -11, 7, 7]
[0, -4, -10, 35, 81, 20, -7, -9]
[0, -3, -10, -16, -65, -20, -6, 5]
[3, 19, 41, 14, 3, 13, 33, -2]
[2, -1, -10, 18, 67, 16, -5, 1]
[0, 3, 2, -21, -61, -9, 0, 4]
[2, -3, 2, 24, 28, -2, 13, 7]
[-2, -4, -18, -57, -12, -8, -8, -10]
[-6, -1, 11, 77, 4, 4, -1, 4]
[6, 3, 5, 1, 51, 7, 6, 4]
[-4, -2, -11, -81, -72, -13, 19, 21]
[-1, 2, 6, 78, 65, 12, -5, -9]
[-1, 3, 7, 42, 72, 7, 5, -5]
[-2, -4, -10, -89, -37, -19, -26, -1]
[2, 1, 5, 7, -1, 9, 14, 3]
[-4, -5, -7, -48, -29, -8, -26, -8]
[-3, 2, 3, 36, -19, 1, -6, -1]
[0, 3, 6, 34, 61, 4, 11, -2]
[-2, -6, -10, -26, -21, 6, 10, 3]
[-2, -5, -3, 11, -27, -4, -3, -1]
[-3, -6, -20, -50, -45, 3, 8, 8]
[1, 11, 47, 44, -19, -10, -6, -14]
[6, 13, 29, 24, 32, 10, 4, 18]
[0, -3, -8, -15, 4, 4, -1, 0]
[0, -2, -5, -2, -29, -13, -9, -6]
[-2, -9, -24, -42, -7, 2, 5, 2]
[-2, -4, -8, 42, 45, 7, -1, -3]
[-1, -3, 1, 7, 5, -7, -4, -5]
[-2, -4, -4, -16, -11, 4, -3, -3]
[-6, -3, -4, -9, 22, 6, 17, -5]
[1, 2, 2, 17, -5, 2, 3, 4]
[-3, -3, -21, -29, -59, -21, -7, -8]
[1, 6, 25, 18, -17, -5, 2, 8]
[0, 3, -6, -10, -9, -2, -6, -2]
[0, -2, 8, 24, 2, 8, -1, -5]
[-2, -4, 4, 27, 20, 3, 6, 2]
[-2, 0, 4, -9, -11, -7, -5, -3]
[-1, -5, -21, -14, -6, 1, -3, -4]
[-5, -6, -14, -26, 0, -7, -1, -3]
[0, 3, 28, 55, 1, -1, -7, -1]
[1, 8, 25, 2, 10, 2, 3, 3]
[3, -2, -7, 6, 3, -3, -3, -4]
[3, 2, 8, 8, 2, 2, 7, 6]
[-5, -7, -22, -19, 4, 2, 0, -4]
[-4, -1, -1, 11, 13, 1, -2, -6]
[-2, -1, -3, 1, -9, -5, 0, -3]
[0, -5, -17, -16, -1, 2, -7, -2]
[0, 0, -7, -32, -8, 0, -3, -1]
[-2, -2, -16, 18, 19, 0, 2, -1]
[2, 1, 6, 4, -6, -1, -4, 0]
[0, 3, 2, -2, 5, 6, 5, -1]
[1, 4, 18, 30, 8, 4, 0, -2]
[1, -1, -6, -35, -24, -8, -4, -3]
[-5, -6, -16, 12, 16, 0, -6, -4]
[-4, 0, 10, -27, 5, 0, 0, 1]
[1, 1, 5, 33, -12, -2, 3, 2]
[1, -6, -8, -10, -7, 2, 5, 2]
[-1, 1, 12, 15, 1, -3, 2, -1]
[-2, -3, 0, 15, -2, -1, -6, -2]
[-2, -3, -13, -24, 1, 4, -1, 1]
[2, -3, -13, -15, -3, 0, 3, 0]
[0, 3, 6, 11, 1, 3, -3, -1]
[0, 2, -6, -9, 3, 2, 6, 2]
[0, 0, -4, -7, 5, 1, 3, 1]
[0, 0, 2, -8, -1, 0, -1, 0]
[-3, -4, -7, -8, 1, -5, -4, -1]
[1, -1, 4, 1, 0, -1, -1, -1]
[0, 3, 5, 4, 11, 1, 1, -1]
[-3, 1, 2, -1, -1, -1, -1, 0]
[0, 3, 4, 3, 10, 7, -1, 0]
[2, 0, 6, 5, -13, -6, -6, 0]
[-1, -5, -1, -7, -2, -4, -1, -1]
[-2, -1, -7, -3, -9, -2, -1, -1]
[3, 7, 20, 27, 9, 2, 4, 3]
[0, 4, 10, 22, 5, -3, -2, 0]
[0, 0, 2, -5, -6, -2, -1, -1]
[0, -2, 2, -17, -19, -2, -2, 0]
[-3, -6, -10, -27, 6, -1, -2, 1]
[-1, -4, -4, 4, -9, -3, 1, 0]
[0, 1, -8, -8, 3, -3, 0, -2]
[-2, 4, 3, 15, 14, -2, -1, -2]
[-1, 0, -4, -3, -10, 0, -1, -2]
[-1, -1, 3, -6, -1, 3, -1, -2]
[0, -1, -1, -5, -5, -1, -3, -1]
[0, -4, -5, 3, 2, 3, 1, 2]
[2, 4, 14, 0, -6, 3, 2, 2]
[1, 0, -5, 2, 4, 2, 0, 0]
[0, -2, -5, -13, -4, -3, -1, -1]
[-4, -3, 1, 17, 5, 4, -3, -3]
[1, 0, 6, 0, -4, -5, -3, -3]
[0, -1, -2, 4, 12, 4, 1, -1]
[0, -4, -7, -6, -10, -2, 0, 1]
[2, -1, 8, 11, 2, -7, -1, -2]
[-3, -6, -15, -21, -23, -3, -3, -2]
[-2, 1, 13, 14, 13, 2, 2, 1]
[-3, -6, -13, -27, -8, 1, -1, 0]
[1, 3, 11, 17, 5, 0, -1, 0]
[-3, -2, -6, 1, 6, -1, -2, -1]
[-2, -4, -15, -22, 3, 1, 1, -1]
[1, 1, 12, 24, -3, 1, 0, 0]
[0, -1, -4, -20, -9, 2, 0, 0]
[0, 0, 1, 2, -9, -2, 1, -1]
[-1, -3, -7, -5, -1, -1, -1, 1]
[-1, 0, 3, 1, 0, -3, -2, -5]
[-2, -3, -4, -4, -3, -2, 1, 1]
[-1, 1, 2, 6, 10, 2, -3, -2]
[-2, -4, -6, -6, 0, -1, 0, -2]
[1, 3, 6, 16, 7, 4, 3, 2]
[-2, -1, -1, -11, -7, -3, -2, -1]
[-2, -2, -2, -1, 2, -1, 0, 1]
[1, 1, 2, 4, 4, -1, -2, 1]
[-1, 3, 3, 6, 7, 1, -2, -2]
[-1, -3, -10, -35, -3, -3, -3, -2]
[0, -2, 11, 22, 6, -1, 0, 0]
[-1, -1, -4, -4, -6, -1, 0, -1]
[0, 3, 6, 6, -3, -4, -1, 0]
[1, 5, -3, 9, 10, 2, 2, 0]
[0, 0, 4, -7, -2, -1, 0, -1]
[2, 5, 13, 15, 5, 0, -1, 0]
[-1, -3, 3, 5, 4, 0, 0, -1]
[0, -5, -9, -10, -23, -1, -1, -2]
[-2, -2, -4, -5, -7, 0, -1, 0]
[-1, -2, -2, -1, -3, 1, -2, 0]
[-2, 0, -3, -13, 3, -1, -3, 0]
[1, 0, 4, 7, 3, -2, -1, -1]
[1, -2, -4, -2, -2, 0, -2, -1]
[-3, 2, -1, 0, -5, -5, -1, -4]
[0, -4, -2, -5, -2, 1, 3, -1]
[-1, -4, 1, -2, 0, 0, 1, 0]
[3, -2, -7, -2, 10, 0, 0, -1]
[1, -2, -9, -4, 7, -1, -1, -1]
[-2, 2, 6, 5, -2, -1, -3, 0]
[-3, 1, 2, 3, 4, -1, -4, -2]
[-2, -3, -11, -24, -31, -2, -1, 1]
[-1, -3, -3, 4, -4, 0, 2, 0]
[0, -1, -3, -12, 7, -2, -2, -1]
[0, -3, -6, -3, -6, -3, -2, -1]
[0, 2, 4, 12, 5, 1, -3, -2]
[1, 1, 0, -4, -2, 1, -1, 0]
[-2, 0, 1, 5, 2, 0, 1, 0]
[1, 3, -2, -8, 3, -2, -1, 0]
[2, 0, -9, -6, 0, -3, 0, 1]
[-2, -3, 1, 3, -8, 0, -2, -1]
[-1, 0, -1, -6, -10, 1, -3, 2]
[-1, 0, 2, 11, 9, -4, -3, -1]
[-2, 0, 0, 10, 23, 3, 3, -1]
[1, -2, -3, -9, 0, 0, -1, 0]
[1, -2, -3, 4, -6, 1, 1, -1]
[-1, -4, -1, -6, -4, 3, 1, -2]
[-4, -4, 0, -5, -11, -4, -1, 0]
[2, -1, 4, 0, -8, -2, -1, -3]
[1, 1, 0, 1, 1, -2, -4, -1]
[0, 2, 2, 3, -3, 0, -2, 0]
[-2, -1, 2, 1, 4, 5, 2, 1]
[-3, 0, -4, -2, -4, 2, -3, 2]
[-1, 0, -3, 5, 9, 1, 0, 0]
[-1, -1, -1, 0, -1, -1, -1, 0]
[1, -1, 0, 5, 8, -5, 1, 0]
[2, 0, 4, -6, 8, 5, 1, -2]
[0, -1, -5, 4, 8, 2, 2, 2]
[-4, -3, -13, -13, -17, -7, -1, -1]
[-1, -2, 3, 10, -2, -4, -3, -1]
[3, 5, 8, 11, -6, 0, 1, 2]
[0, 0, 0, 2, 8, -1, -1, -3]
[-2, 1, -3, -7, 5, -1, 0, 0]
[-3, -3, -5, -6, -9, -3, -2, -2]
[-1, -6, -8, -5, 4, 0, 1, -3]
[-2, -3, 5, 2, -10, -1, -2, 0]
[-2, 0, -2, -8, -11, -2, -1, 1]
[0, 0, 5, 1, 14, 6, -1, 0]
[-1, 0, 0, 0, 13, 0, -1, -2]
[2, -3, 1, 7, -7, -3, 1, 0]
[1, -5, 2, -2, -6, -1, 1, 2]
[0, 2, 0, 3, 5, -2, -1, 2]
[-2, 1, -5, -9, -8, 1, -3, -1]
[-1, 0, -6, -8, -3, -1, 1, 0]
[-1, 0, 0, 16, 22, 2, -1, -1]
[1, -3, 4, -3, -13, 0, 0, -2]
[1, -3, -9, -10, -8, -1, 1, 1]
[-1, 1, 7, -1, -3, 0, -2, -1]
[1, -1, -1, -13, 2, -1, -2, 1]
[-2, -1, -6, 18, 2, -2, 2, 2]
[-2, 3, 10, 1, -1, -2, 3, 2]
[0, 1, 2, -8, -3, 1, 0, -1]
[0, -1, 4, 8, -6, 0, -1, -1]
[2, 0, -10, -12, 11, -1, -3, -3]
[-3, -6, -11, -3, 2, -1, -3, -3]
[-1, 1, -5, 5, 12, 0, 0, 0]
[-1, -1, 8, 5, -9, -1, 0, 0]
[-2, -1, -2, -13, -15, -4, -2, 1]
[1, 1, 6, 9, -8, -2, -1, 0]
[0, 0, 3, 2, 11, 2, -2, 0]
[-2, -2, -5, -2, 2, 3, 1, -2]
[2, -2, -1, -3, -6, -3, 0, 0]
[0, -3, -2, -2, 0, 0, 0, 0]
[1, 0, 6, 11, 1, 0, 3, 0]
[-1, 1, -1, -1, -2, -2, -2, -2]
[1, 2, 2, 4, -1, -1, -1, -2]
[-2, -1, -5, -3, 4, 1, -3, -1]
[1, -1, 2, 0, -1, -1, 0, 1]
[1, 2, 5, 4, -1, -1, -2, 0]
[-3, -2, -9, -18, -4, -2, -2, 0]
[-1, -1, 1, 22, 3, 1, 0, -1]
[1, 3, 17, 18, -6, 1, 0, -1]
[-2, -1, -4, -5, 0, -1, -2, -1]
[-5, 0, 5, 10, 15, 3, -2, -2]
[-3, 4, -5, -17, -8, 2, -1, -1]
[-2, -1, -13, -11, 3, -1, -2, 0]
[2, -2, -3, 1, -13, -2, 2, 1]
[2, -1, 0, -3, -4, -3, 0, -1]
[0, -4, 2, 3, 10, 1, 1, 1]
[0, -2, -3, -2, -4, -2, -2, -1]
[0, 3, 2, -3, 7, 0, 0, 0]
[-1, -1, -3, -1, -5, 0, -2, -1]
[-1, 1, 5, 10, 1, -1, -4, -2]
[-2, -2, -11, -9, -5, -1, 0, 0]
[0, -4, -5, 9, 8, -1, -2, 1]
[-2, 1, 1, -15, -27, -2, 1, -1]
[-3, 3, 1, 11, 31, 3, 4, 0]
[-3, -3, -5, -14, -7, -7, -1, -2]
[-2, -2, -1, 5, 13, 1, -2, -2]
[0, -3, 1, -6, -12, -6, -3, 0]
[2, -5, -3, -11, -6, 0, 0, 0]
[1, 2, 3, 0, 1, 3, -6, -9]
[-2, -1, -1, 1, -4, -5, 2, 5]
[-1, 1, 3, 12, 29, 0, -4, 3]
[-3, -2, -9, -51, -94, -15, -18, -6]
[4, 2, -1, 21, 33, 3, 5, 4]
[0, 3, 4, -12, -32, 2, 8, 0]
[2, 2, 5, 34, 41, 5, -14, 2]
[-3, -6, -7, -9, -17, -12, -7, 5]
[-7, 3, 4, 9, 19, 1, 7, -26]
[0, -2, -2, -13, -4, -2, -3, 22]
[-1, -2, -2, -4, 13, 4, 5, -7]
[3, 1, 0, 4, 2, 2, 4, 8]
[-1, 0, 3, 22, 2, 5, -1, -1]
[0, 0, -4, -6, -3, -4, -5, -9]
[3, 2, -1, -1, -17, 0, 4, 4]
[2, 0, -2, 2, 4, 0, 0, 0]
[0, -1, -2, -19, -9, -1, 4, 7]
[0, 1, 8, 21, 12, 5, 3, -7]
[-3, -3, 0, 0, -24, -2, -5, -1]
[-4, -3, 1, 23, 61, 4, -1, -8]
[-1, -4, -9, -14, -12, -3, 3, 8]
[-3, -5, -4, -15, -22, -8, -6, -4]
[2, 3, 2, -6, -10, 4, 6, -3]
[-1, -5, -5, -34, -33, -2, 16, 4]
[-2, -3, -6, 32, 38, -7, -11, -1]
[-5, -1, -3, 5, 41, 1, 1, -1]
[-3, 2, 1, -7, -24, 1, -2, -7]
[2, 5, 5, 31, 28, 7, 21, 7]
[2, 0, -3, -41, -70, -3, -7, 6]
[6, 5, 3, 2, 11, 0, 19, 6]
[0, -3, -2, 3, 11, -5, 8, 6]
[2, -1, 2, 2, 39, 7, -23, -15]
[-1, -1, -1, -18, -28, -6, -3, -5]
[-1, -2, -3, 27, -16, -1, -1, 3]
[5, -2, -4, -24, 38, -3, -3, 8]
[0, 1, 1, 2, -36, -2, 34, 13]
[-2, -9, -4, -1, 0, -1, -25, -13]
[-1, 1, 10, 28, 25, 4, -7, -8]
[-6, 1, -9, -40, -36, -8, 16, -3]
[0, 6, 6, 20, -10, -6, -55, 5]
[2, 0, -5, -30, 18, 6, 29, 16]
[1, 3, 4, 25, 37, 2, 0, 4]
[2, 1, 4, 4, -11, 5, -4, -2]
[-5, 1, 3, 3, -20, -2, -7, -18]
[2, -1, -16, -47, -113, -20, 6, 19]
[2, 2, 6, -13, -21, -1, -8, -5]
[2, 3, 9, 18, 61, 9, 4, -11]
[-3, -4, -4, 16, -23, -7, -3, 6]
[1, -1, 0, 8, 12, 5, -10, -14]
[4, 0, -6, -8, 49, 8, 41, 39]
[-6, 2, 3, 15, -54, -11, -41, -44]
[2, -2, -2, -16, 18, 13, 23, 12]
[-5, 0, 3, 7, 50, -1, -7, -22]
[0, -1, -13, -98, -96, -13, 17, 1]
[4, 4, 20, 113, 102, 26, 13, 19]
[6, -2, -5, -58, 40, 1, -1, -4]
[-5, 1, -3, -17, -25, 8, 3, -13]
[-8, -3, 6, -44, -75, -27, -14, 5]
[-2, -7, -12, -20, -5, 2, 13, -1]
[8, 6, 12, 17, 14, 6, -2, 16]
[5, 0, 5, 15, 20, 11, 11, 28]
[-17, -15, -25, -60, -59, -17, -49, -52]
[0, 0, -6, 38, -31, -10, 12, 14]
[3, 4, 5, 50, 54, 3, 6, 17]
[-5, -3, -3, 24, 82, 0, -18, -33]
[0, -2, -3, 23, -47, 2, -7, -4]
[6, 11, 18, -48, -12, 9, 12, 1]
[-7, -6, -12, -58, -64, -13, -12, 11]
[2, 5, 14, 101, 108, 24, 16, -13]
[-4, -4, -5, -36, -76, -17, -19, -20]
[-1, -6, -9, -60, 60, 11, -4, 6]
[-2, -2, 1, 14, -52, -19, -3, -14]
[5, 3, 1, -81, -7, 1, 21, 26]
[-3, -4, 4, 41, 30, 3, -2, -11]
[-3, -2, -11, 26, 85, 5, 5, 11]
[4, 7, 8, 1, -82, -2, -2, -1]
[-9, -8, -14, -39, -71, -27, -22, 1]
[4, 2, 5, 7, 73, 20, 6, -15]
[1, 1, 14, 58, 48, 4, -4, 11]
[-7, -8, -13, -36, -1, 4, 22, 16]
[6, 9, 13, 41, -3, -6, -23, -6]
[-4, 5, 12, 46, 26, 6, -3, 13]
[-1, 2, 8, 57, -24, 6, 5, 17]
[-3, -4, -6, 12, 67, 4, -9, -36]
[3, 2, 4, 29, -9, 3, 18, 28]
[2, -3, -16, -79, -34, -15, -7, 19]
[1, 3, -8, -88, -43, -9, 6, -39]
[-11, -17, -30, 52, 47, 1, 2, 9]
[0, 1, 28, 30, -45, 3, 10, 12]
[10, 10, 8, 43, 49, 9, -12, -1]
[-1, -8, -5, -17, -6, -4, 16, 11]
[-2, 4, 1, -34, -57, -2, -21, -39]
[3, -1, -6, -34, 54, 21, 10, 1]
[-4, -7, 1, -5, -58, -11, -1, 4]
[2, 5, 7, 44, 17, -12, -25, 32]
[15, -2, -1, -12, 89, 31, 87, 90]
[-6, 0, -9, 15, -73, -14, -45, -84]
[-9, 8, 17, 7, 39, 19, -26, -38]
[-8, -12, -19, -30, -114, -25, -12, 13]
[4, 8, 22, 57, 76, 17, -2, -4]
[-7, -11, -24, -68, -73, -28, -10, 4]
[4, 6, 9, 20, 117, 25, 23, -5]
[-8, -4, -11, -29, -91, -11, -8, -13]
[0, 4, 5, 34, 87, 1, -23, -16]
[5, -2, -8, -21, -60, -1, 15, 29]
[-2, -9, -8, 18, 57, -7, -11, -5]
[-4, -5, -14, -45, -45, -5, 20, -5]
[2, 2, -4, -45, -22, 6, -9, -13]
[-8, -6, 6, -1, 33, -18, -7, -11]
[9, 15, 27, 74, 1, 16, 28, 19]
[4, 3, -1, -78, -62, -19, -43, -14]
[3, -1, -3, -15, -35, -16, 12, 55]
[-12, -1, -2, 8, 63, 25, 33, 4]
[-2, -4, -12, 8, -41, 0, -31, -5]
[-4, -8, -9, -11, -15, -23, -40, -30]
[-4, -14, -19, -60, -88, -13, -12, 1]
[1, -2, 2, 35, 16, 14, 36, 28]
[-2, -1, 1, 38, 11, -18, -38, 24]
[0, -1, 1, 16, 32, 12, -6, 9]
[-3, 3, 7, -4, -59, -3, 46, -27]
[0, -3, -13, 22, 38, -21, -91, -34]
[-4, -4, -16, -80, -47, 2, 18, -23]
[2, 0, 18, 89, 96, 8, -4, 9]
[-1, 2, -4, -23, -26, -14, 1, 4]
[-1, -1, 4, -64, -70, 8, 7, 11]
[-3, -10, -15, -32, -30, -3, 56, 43]
[2, -1, -22, 79, 127, 10, -41, -30]
[-3, 9, 65, 38, -7, -5, -17, -21]
[5, 8, 18, 47, -19, 7, 10, 4]
[0, -6, -27, -70, 31, 2, -5, -4]
[2, -2, 8, 32, -39, -1, 32, 11]
[-9, -7, -24, 1, 45, 4, -40, -41]
[8, 12, 20, 57, 46, -6, 26, 14]
[17, 2, 8, 5, 21, 4, 10, 84]
[-7, -9, -13, -28, -26, 5, 10, -58]
[-3, -9, -26, -57, -35, -12, -19, 24]
[-8, -1, 8, 56, 94, 1, 32, 39]
[1, 3, -6, -35, -66, 2, -15, -39]
[-2, 3, -2, -38, 21, 12, 5, 19]
[5, 7, 16, 50, 12, 6, 1, 8]
[1, -1, -13, -86, -26, 0, -3, -1]
