[-9, -4, 22, -31, -57, 0, -1, 18]
[8, 1, 8, 69, 25, 5, 13, 28]
[-9, -6, -3, -38, 48, 5, 2, -52]
[0, -4, -14, -57, -60, -23, -33, 25]
[6, -7, -11, 30, 116, 15, 21, 14]
[-3, -8, -18, -61, -98, -10, 4, 42]
[-6, 1, -4, -17, -27, -7, -36, -65]
[1, 7, 18, 30, 4, 4, 1, -25]
[-1, -4, -14, -44, -55, -8, 4, 28]
[-6, -1, 6, 45, 115, 25, -4, -22]
[-3, -6, -24, -94, -62, -12, 2, 27]
[4, 11, 28, 67, 11, 14, 15, -3]
[-2, -8, -15, -33, -27, -11, -8, -1]
[8, 17, 36, 43, -14, 7, 0, 1]
[-3, -8, -22, -49, -49, -10, -6, 7]
[-3, -4, -12, 5, 27, 4, 7, -7]
[6, 7, 26, 62, 26, 15, 8, 9]
[-2, -3, -27, -50, -26, -7, 2, -13]
[5, 20, 57, 54, 30, -2, -2, 18]
[-1, -1, 6, -10, -4, 5, 5, -11]
[-3, -9, -25, 10, -32, -5, -7, 5]
[-3, -4, 0, 6, 26, 12, 2, -4]
[-2, -10, -19, -21, -14, -8, -6, 1]
[1, -4, -11, -7, 1, -5, -1, -2]
[-1, 0, -5, -21, -3, -1, -2, 1]
[0, -6, -20, -28, 0, 2, -2, -6]
[0, 2, 12, 27, 12, 2, 3, 9]
[-2, 4, 15, 15, 12, 2, 5, -5]
[0, -3, -13, -3, 20, 10, -4, 5]
[2, 5, 8, -33, -18, -9, -2, -3]
[0, -3, -17, 12, -11, -15, -5, 3]
[2, 6, 31, 35, -3, 4, 5, -3]
[-1, 3, 13, 41, -6, 4, -3, -2]
[-2, -2, -14, -33, -18, -1, -2, -2]
[-1, 0, -2, -1, -18, -8, -4, 2]
[2, 0, -4, -7, -8, -7, -3, 1]
[1, 3, 11, 37, 10, 11, 4, 2]
[-2, -3, 0, -13, -1, -5, -2, -2]
[2, 2, 9, 21, 18, -6, 5, 3]
[-2, -1, -9, -10, 5, -1, 0, -5]
[2, 6, 5, -14, 4, -9, -1, 3]
[0, -2, -6, -13, -8, 5, 1, -2]
[-1, -2, -5, -10, -2, 2, -4, -1]
[-1, -4, -6, -13, -2, -5, -3, -3]
[0, -4, -10, -12, 7, -4, -1, 1]
[1, -4, -1, 10, 3, -2, 2, 1]
[0, -3, -10, -10, 1, 3, 1, 2]
[-1, 7, 16, 27, 7, 1, 3, -1]
[-3, -4, -14, -22, 9, 2, -2, 0]
[-1, -2, 7, 17, -5, -7, -8, -5]
[0, 0, 5, 0, 4, 3, 1, 4]
[3, 2, -6, -7, 2, -1, 9, 2]
[-3, -3, -13, -11, -7, -6, -4, -3]
[-2, -1, -7, -20, -2, 1, 5, -2]
[0, 3, 9, 21, 1, 4, -7, -1]
[0, 5, 19, 19, 4, -3, -4, -3]
[3, -3, -6, -29, -8, 0, 0, 2]
[0, 2, 0, 25, 14, -2, 3, 1]
[-4, -2, -6, -7, 16, 3, -1, 0]
[-2, -2, -10, -16, -13, -1, -1, -1]
[-1, -1, -2, 0, -4, 0, -2, -2]
[1, -1, 0, -5, -19, -3, 1, 0]
[0, 0, -6, -11, -3, 6, 6, 0]
[-3, 0, -3, 21, 26, 1, -2, -1]
[1, 2, 6, -3, -3, 4, 0, 0]
[-2, -3, -1, 1, 20, -5, -3, -1]
[-1, 0, -4, 6, 5, 3, 1, -1]
[2, -3, 2, -18, -33, -7, -2, -1]
[0, -1, -4, 4, 5, 2, 0, 0]
[-2, 0, 1, -4, -11, -1, 0, -2]
[-1, -5, -12, -13, -3, -1, 0, -2]
[-4, -1, -2, -4, 14, 5, -1, 0]
[0, 4, 9, 13, 15, 4, 0, -1]
[2, -1, -8, -15, -8, 1, -2, 1]
[4, 5, 19, 24, 15, 0, 1, 0]
[0, -3, -11, -15, -41, -3, -3, 1]
[0, -3, 2, 17, 5, 0, 2, 1]
[-2, -1, -2, 4, 29, 5, 0, -3]
[-1, 2, 9, -2, -31, -4, -1, -3]
[-1, 1, 3, 10, 6, -5, -1, -1]
[-2, -3, -4, -9, -5, 3, 2, 0]
[-1, -3, -6, -12, -20, -4, -2, -1]
[1, -5, -6, -9, 8, 0, -2, 0]
[2, 0, 0, -1, 8, 2, 1, 2]
[0, 2, -3, -8, -5, -4, -1, -2]
[0, 1, 1, -4, -7, -4, 1, 0]
[2, -1, -4, -15, -13, -4, 1, -1]
[0, 1, 0, -6, -5, 0, 0, -1]
[-2, -2, -8, -4, -4, -2, -2, -1]
[1, 4, 10, 22, 15, 2, 0, 1]
[-1, -3, -2, -6, -15, 0, 0, 0]
[-1, -4, -6, -5, 2, 3, 1, -1]
[-2, 1, 5, 5, 22, -2, -4, -3]
[-1, -1, -5, -2, 3, 2, 0, -1]
[-2, 0, 1, 0, -26, -3, -3, 1]
[-1, -2, -3, -4, 13, -4, -1, -1]
[1, -2, 1, 2, -9, 0, 3, 1]
[-2, -2, -4, -6, -10, 0, -2, -1]
[-3, -3, -2, -2, 18, 0, -2, 0]
[0, 0, -4, 5, -10, -2, -2, -1]
[-1, 3, 4, 0, 1, 2, -2, 2]
[0, 3, 2, -4, -2, 0, -1, -1]
[-2, -1, -2, 10, -1, -3, 1, -1]
[-1, -1, 1, -3, 5, 1, 1, 2]
[-1, -5, -5, -6, -4, -7, -2, 0]
[1, 0, 2, 1, -5, 0, 2, 0]
[-2, 2, -2, -14, -10, -1, 2, -1]
[-1, 2, 1, 6, 19, -1, -2, -1]
[-1, -3, 0, 12, 2, 4, 0, -1]
[0, -1, -2, -16, -11, 0, 0, 0]
[0, -2, 0, 17, 20, 2, -1, 1]
[1, -5, -6, -15, 0, 1, 1, -1]
[1, 0, 1, 5, 19, -2, 1, -1]
[-1, -2, -3, -13, -22, -5, -3, -2]
[0, 2, -5, -20, 1, 4, -1, 0]
[-2, -2, 10, 25, -4, -2, -2, 1]
[-1, 4, 6, 4, -7, 0, 0, -1]
[-2, -1, -1, 2, 6, 1, 1, 0]
[0, -1, -8, -1, 6, 2, 0, -1]
[1, 0, -4, -8, -4, -1, 0, -1]
[2, -5, -7, -11, -14, -4, 0, -1]
[1, 0, 5, 19, 29, 3, 0, 0]
[-1, -3, -1, -12, -28, -6, -3, -2]
[-3, 0, 0, -2, 8, 1, 0, -1]
[0, 2, -1, -1, -15, -1, -2, 0]
[-2, 0, 0, -6, -7, -2, -2, -2]
[-1, 0, -1, 6, 9, -1, 1, -2]
[-1, 0, -2, 2, 3, -3, -1, -1]
[0, -3, 0, -5, -7, 3, 0, -3]
[1, 0, -3, -6, -10, 3, 2, -1]
[-1, 1, 7, 26, 32, -2, -2, 1]
[1, 1, 1, -6, -6, 0, 0, 1]
[0, 0, -2, -6, -1, -1, 2, -1]
[0, -2, 1, 1, -5, 2, -1, -1]
[-2, -3, -6, -20, -7, -2, -1, 0]
[1, -3, -1, 8, -2, -1, 0, 0]
[-1, 1, 0, -14, -13, -3, -4, -1]
[1, 0, 4, 25, 13, -1, -2, -1]
[-2, 2, -6, -18, 7, -2, -2, -2]
[-2, -1, -8, 6, -6, 1, -1, 1]
[-1, 0, -4, -12, 0, -3, -2, 0]
[2, 5, 7, 9, 14, 0, 4, -1]
[0, -2, 1, 2, -18, 1, -1, -1]
[-1, -2, -4, -11, -9, -1, 0, -1]
[-2, -2, -6, -8, -6, 0, -1, -1]
[-2, -1, -4, -8, -1, -5, 0, -1]
[0, -1, -2, 18, 20, 0, 1, -1]
[-1, 0, 7, -6, 1, 0, 0, -1]
[0, 2, 6, 16, 8, 0, 1, 0]
[-4, -2, -4, -11, -2, 1, -2, 0]
[-1, 0, 2, 4, 9, -1, 1, 0]
[1, -2, 0, -1, -15, -3, 1, -1]
[0, -2, 1, 0, 11, 2, 1, -1]
[-1, -5, -6, 0, -7, -1, -3, 0]
[0, -2, 4, -5, -7, 0, 0, 2]
[1, -3, -1, 3, 1, -1, 0, -2]
[-1, -1, -2, 1, 5, 0, 1, 0]
[-1, -1, -5, -1, 1, -2, -2, -2]
[-1, 1, -1, 7, -3, 2, -2, 1]
[-2, 6, 19, 7, 4, -1, 0, 0]
[-1, -2, -4, -10, -5, 0, -1, -1]
[0, -1, -7, 3, -2, 0, 0, 0]
[2, 3, 11, 10, 23, 0, 0, -2]
[0, 3, 6, 6, 8, 3, 1, 1]
[0, -3, -7, -4, -28, -5, -4, 0]
[3, 0, 8, -7, -5, 1, -1, 2]
[-3, -6, -9, 3, -10, -2, -1, -1]
[-2, 0, -3, -6, 13, 1, 0, 0]
[-3, -1, 0, 3, 9, -2, 0, 3]
[-1, 1, -3, -8, -11, -2, 1, 1]
[-1, 0, 3, 8, 15, 2, 0, -3]
[-1, 0, -4, -3, 2, 1, -1, -2]
[1, 3, -2, 0, 2, -3, 0, -1]
[1, -1, 2, -2, -10, 0, -1, -3]
[-2, -5, -4, -9, -11, 0, -2, -2]
[-1, 0, -4, -5, -7, 0, -2, 0]
[-1, -2, 2, 3, 5, 1, -1, 0]
[-3, 1, 6, 2, 2, -2, -2, 2]
[-3, -2, -7, -23, -11, -3, -1, 0]
[0, -4, -6, 9, -5, -3, -2, 0]
[0, 3, -2, -7, 3, 0, -1, 1]
[-1, 0, 14, 9, 6, 0, 0, -2]
[1, 0, 6, 7, -16, -3, 1, -2]
[-2, -7, -13, -10, -5, -3, -3, -3]
[0, -1, 7, 8, 4, -1, 0, 0]
[-2, -2, -10, -8, 2, -3, 1, 0]
[-1, 2, -5, -9, -9, -1, 0, 1]
[-3, -2, -2, -11, -11, -5, -3, -2]
[0, -1, -3, 4, 15, 3, 0, -1]
[-1, 0, -4, -7, -28, -1, -1, -1]
[-2, 1, 1, 9, 1, -1, -3, 0]
[0, 0, 0, -2, 1, 1, -3, 0]
[1, -1, 2, 2, 2, 1, -2, -1]
[0, -3, -1, 0, 8, 0, -2, -1]
[0, -1, -2, 1, 5, 2, 1, -1]
[-1, 4, 3, -3, 2, 2, 0, 0]
[1, -3, -5, -14, -26, -2, -2, 0]
[-1, -4, 0, 19, 34, 1, -1, 0]
[-3, -1, -4, -15, -6, -3, -1, 0]
[0, 1, 2, -2, -2, 1, 1, 1]
[-1, -1, -7, -3, -3, 2, 0, 0]
[0, 3, 8, 20, -7, -1, 0, 0]
[2, -1, 1, 0, 4, 0, -2, -1]
[-1, -4, -4, 2, 3, 0, 1, 0]
[-2, 1, 1, -9, 0, -1, 1, -1]
[0, 0, -8, -13, -10, -2, 0, -2]
[0, -1, -5, -38, -27, -4, -1, 0]
[4, 1, 5, 38, 16, 3, 3, 0]
[-3, -2, -3, -6, 23, 0, -3, -1]
[-4, 1, -4, -6, 0, -2, 0, 0]
[-1, 0, 3, -1, -17, -4, -1, 1]
[1, 0, -6, -18, -17, -1, -1, 0]
[-2, 0, 0, 4, 0, -2, 1, -1]
[-1, 0, -4, -1, 2, -1, -3, 1]
[-1, -5, -9, -6, -9, -1, -2, -1]
[1, -3, -2, -6, 7, 1, 1, -1]
[2, 1, 9, 21, 9, 3, 0, -2]
[2, 1, 0, -8, -1, -2, -2, -2]
[1, 3, 1, 17, 16, 2, 0, -1]
[-3, 0, 1, -1, -1, -1, -2, -1]
[-3, -3, 0, 0, -2, 2, 0, -2]
[-3, -3, -3, -2, -13, -2, -3, -1]
[0, -2, 5, 16, 7, -3, -1, 1]
[0, -1, -5, -9, 13, 1, 2, 0]
[3, 2, 12, 12, 3, -3, -1, -1]
[1, 3, 9, -8, -33, -1, 0, -1]
[0, 0, -1, 15, 7, 0, 1, 0]
[-2, -3, -9, -25, -24, -3, -2, -2]
[-1, -2, -15, -9, -3, 1, 0, -2]
[-1, -1, 3, 14, 18, 1, -1, -1]
[0, 3, 3, 7, 12, -2, 3, 1]
[-1, 0, 2, 7, 5, 0, -1, -1]
[-2, -2, 1, -5, -4, -2, 0, 0]
[-1, -4, -6, -19, 6, 1, 0, -1]
[0, 0, 0, 0, -8, 0, -1, -2]
[1, 0, 4, 2, 6, 2, -1, -1]
[0, 1, -1, 5, -2, 1, -1, -1]
[0, -1, -2, -7, -4, -6, -2, 0]
[1, -4, -1, 4, 8, 1, 0, 0]
[0, 0, -1, 0, 1, 1, -1, -1]
[0, -2, 1, -7, -6, -4, -3, 0]
[-1, -2, -3, -2, -8, -3, -1, -1]
[-4, 0, 2, -1, 1, 4, 1, 1]
[-2, 0, 1, 7, 6, -1, 1, 2]
[-1, 0, -2, -5, -11, 0, 2, 0]
[2, 1, 1, 2, 17, 1, -1, 0]
[1, 0, -3, 0, 3, 0, -3, -2]
[1, 5, 15, 13, -1, 0, -1, 1]
[-1, 0, 4, 7, 1, 0, 0, 0]
[-2, -3, -5, -4, -4, 1, 1, -1]
[-3, -3, -8, -11, -15, -2, -2, 1]
[0, 2, 8, 1, 6, 1, 0, 0]
[0, -2, -3, 0, 4, -3, 0, 1]
[0, 3, 2, 6, 2, -2, -1, 1]
[0, -2, -2, -1, 17, 3, -1, -1]
[1, -2, -9, -18, -44, -3, -4, -2]
[0, 0, -2, -4, -6, -2, -1, -4]
[-2, 0, -1, -4, 2, 3, 0, -2]
[-1, 1, 3, 5, 0, -1, 1, -2]
[-1, -1, -2, -1, 7, 3, -1, 0]
[1, 1, 0, 3, 5, -1, -1, 1]
[0, -4, -4, 2, -4, -5, 1, -3]
[2, -2, -1, -1, -6, 0, 2, -1]
[1, -4, -7, -8, 2, -1, 0, -1]
[1, 3, 11, 9, 0, 0, -1, 1]
[-4, -1, -2, -7, -1, -2, -4, 3]
[1, 2, 4, 17, -2, -4, 0, 2]
[-1, -4, 2, 9, 2, -2, -1, -2]
[1, -3, -6, -3, -2, -1, -1, -1]
[-2, -1, -4, -9, 7, 1, 1, -2]
[-2, -1, -2, 12, 19, 2, -1, 0]
[0, 3, 6, -3, -15, -1, 1, 3]
[0, 1, 2, 7, -4, -3, 1, 4]
[2, 0, 3, -5, -12, -1, 2, 1]
[-1, -2, -8, -19, -13, 0, 0, -2]
[-2, -2, -7, -2, 6, -1, -2, -1]
[-2, 0, -2, 5, 11, 2, -1, 0]
[-2, 1, -2, 1, 0, -1, 0, -2]
[2, -1, 2, -5, -1, -1, -3, -2]
[0, 3, 2, 8, 4, 0, -1, -2]
[-1, -1, -1, -6, -13, -2, 0, 1]
[-1, -2, -2, 6, 0, -3, -1, 0]
[-1, -2, 0, -2, -4, -2, 0, 0]
[2, -1, 1, -4, 10, 4, -1, -1]
[-1, -3, -5, -3, 3, 1, -3, -2]
[0, 3, 5, 10, 4, 3, 0, 1]
[-1, -3, -6, -10, -5, 0, -1, -1]
[0, -1, 0, 5, -2, 0, 0, 1]
[0, 0, -1, 0, 4, -1, 2, 0]
[0, -1, 1, 7, -5, -1, -2, -3]
[-2, -1, -5, -14, -5, -1, -3, 0]
[0, 0, 3, 7, 3, 1, 1, 2]
[-1, -5, -9, 0, 4, 0, -3, -2]
[-2, 2, 4, 2, -22, -7, -1, 1]
[-1, 1, -1, -7, 14, 0, -1, -3]
[-1, -1, -7, -9, -7, 1, 0, -2]
[2, -3, -1, -9, -10, -2, -2, -2]
[3, -2, 1, 4, 20, 0, -1, -1]
[-2, -2, -2, 3, -1, -1, 1, 0]
[0, 2, 0, 5, 14, -1, 3, 0]
[-1, 4, 9, -6, -1, 1, 2, 0]
[-2, -4, -3, -1, -4, -2, -2, -2]
[0, -1, -1, -8, -12, -4, -3, -1]
[0, -1, -4, -1, -3, 1, 1, -1]
[2, 0, 0, 2, -6, 1, 0, 1]
[0, -4, -7, -4, -2, -2, -3, -1]
[-1, 0, 3, 11, 2, 2, 1, 0]
[-3, -1, 3, -1, -2, 0, -1, 0]
[-2, 3, 0, 4, 7, -1, -3, -1]
[-1, -1, -3, -7, 2, 0, -1, 0]
[1, -3, -2, -5, -26, -4, 0, 1]
[2, -3, -6, -3, 13, -3, 0, -1]
[-2, 1, 1, 1, -11, -2, 3, 0]
[0, -1, 0, 0, 2, 0, 1, 0]
[-2, -3, -3, -10, -21, -1, -2, -2]
[2, 0, 9, 2, 10, 3, 1, 0]
[-1, 0, 1, 3, -3, -2, -1, -1]
[-1, 1, -3, -16, -20, -2, -2, -1]
[0, 2, 6, 27, 14, 3, 1, 0]
[-4, -2, -8, -10, 3, -2, -2, -1]
[-1, -4, -4, -1, -7, -2, -1, -2]
[-1, 0, -3, -4, 3, -1, -1, 1]
[2, 1, 1, -5, -7, -1, -2, -1]
[-2, -3, 0, 13, 12, -4, 0, 0]
[3, 2, -1, -1, 11, 11, 3, -1]
[-1, -5, -6, -9, -23, -11, -4, -2]
[-1, -1, 2, -3, 16, 0, 0, 0]
[2, -4, -3, -6, 1, 0, -1, -2]
[0, -1, 0, 3, -1, -4, -2, -1]
[3, 3, 2, -21, -32, 1, 0, 0]
[-1, 1, 4, 48, 94, 16, 3, 1]
[-3, 0, -5, -24, -46, -10, -2, 2]
[-4, 0, -2, 15, 36, 5, -1, -1]
[-2, -2, -2, 12, -20, -1, 1, 0]
[-2, -4, -2, -25, -27, -7, 0, -3]
[0, -2, -3, -2, 21, 1, -5, -3]
[-2, -5, -6, -23, -66, -10, -11, 1]
[-1, -1, 1, -4, 35, 2, -2, -1]
[1, -1, 0, 14, 5, -1, 1, 1]
[1, 2, 3, 3, 1, 5, 4, 0]
[-1, 0, 1, -1, 7, -3, -1, 0]
[-2, -1, 0, 3, -11, -2, -3, -2]
[-3, 0, 1, -12, -14, -2, 0, -3]
[1, 6, 5, 17, 6, 5, -4, -12]
[1, 1, 6, 25, 54, 5, 3, 5]
[1, -2, -3, -10, -9, 3, 16, 6]
[-2, -4, -6, -4, 9, -6, 1, 0]
[3, -2, -3, -11, -15, 2, -2, 4]
[1, 1, -3, 2, 4, 2, 0, -6]
[0, 1, 5, 17, 13, -3, 3, -3]
[-1, -5, -2, -39, -35, -4, 0, 7]
[2, 7, 2, 52, 30, 2, -11, -6]
[-5, -1, -3, -14, -21, -7, -1, -8]
[-5, -2, -9, -19, -37, -10, -36, -9]
[3, 2, -3, -5, -19, -8, -8, -2]
[-3, -4, -2, -5, 8, 7, 7, -2]
[2, -2, -4, -20, -35, -1, -4, 1]
[2, -1, 1, 43, 40, 11, 18, 18]
[1, 3, 1, -21, 9, 0, -17, -6]
[-3, -5, -7, -34, -43, -9, 4, 4]
[-3, 0, -3, 6, -3, -4, -4, -3]
[-2, -3, -3, -6, 50, 4, 3, -7]
[-1, -3, -4, -5, -68, -8, -3, 2]
[-1, -1, -2, -6, 9, -2, 9, 3]
[1, 6, 6, 8, 52, 11, 6, 1]
[0, 2, 2, -28, -49, -11, -7, -2]
[1, 3, 11, 60, 53, 13, 17, 7]
[-1, -3, -3, -18, -15, 1, -29, -8]
[-1, -9, -2, 13, 26, 3, 21, 4]
[1, 3, 8, 13, 60, 10, -6, 2]
[-1, -1, -5, -27, -21, -5, 3, -7]
[-2, -1, 0, 13, -13, -1, -3, 0]
[-2, -7, -8, -9, -34, -8, 8, -8]
[-4, -7, -10, -43, 1, -5, -21, 4]
[-1, -2, 2, 36, -27, 2, -9, 2]
[0, 5, 12, 35, 109, 18, 39, 7]
[2, 2, -3, -1, -28, -2, -6, -3]
[-12, -7, -12, -9, -108, -19, 7, -13]
[8, 4, -1, 7, 92, 12, -11, 18]
[-2, -7, -5, -19, -8, -11, -7, 2]
[0, 2, 9, 1, 41, 10, 5, -13]
[-2, 1, 8, 21, -6, 0, 30, -10]
[1, 4, 5, 11, 29, 4, -44, -11]
[3, 3, 5, -9, 11, 7, 29, -2]
[6, 1, -9, 9, -47, -5, 15, 39]
[-7, 1, -2, 17, 37, 3, -34, -53]
[10, -4, 1, 11, -36, -10, 9, 50]
[-6, -5, -22, -57, -42, -14, -24, -51]
[3, 5, 17, 68, 77, 13, -26, 5]
[4, 4, 2, -48, -47, 5, 4, 0]
[-13, -3, -1, 31, -57, -22, 12, -11]
[5, -6, 1, -24, 32, 22, 34, 19]
[-12, -2, -21, -96, -105, -37, -46, 0]
[4, -1, 7, 45, 91, -3, 0, 29]
[-9, -2, 6, -12, -17, 11, -1, -54]
[10, 4, 4, 59, 40, -3, 49, 78]
[3, -1, 7, -10, 92, 23, -18, -28]
[6, -5, -7, 5, -16, -4, 37, 60]
[-2, -3, -19, -68, -55, -38, -40, 18]
[-6, 6, 13, -4, 31, 3, -44, -52]
[-6, 3, 11, 1, -67, 11, 31, -38]
[13, 0, 0, -27, 105, 34, 12, 19]
[-1, -13, -6, 57, 124, 23, 21, -22]
[-1, 1, -6, -14, -40, 7, -31, 1]
[-5, -15, -21, -49, -13, -44, 0, 56]
[-5, 6, 16, 86, 84, 37, 13, -86]
[-2, -11, -35, -128, -102, -15, 1, 50]
[-10, -7, 9, 51, 59, 4, -24, -76]
[3, 6, -3, 30, 11, 11, 6, 19]
[-7, -7, -12, -40, -105, -36, -4, 3]
[9, 15, 13, -50, 31, 12, -35, -59]
[8, 5, 20, 97, 25, 8, 26, 72]
[0, -7, 7, -51, -13, -9, -30, -56]
[21, 0, -4, -21, -17, 3, 20, 115]
[-28, -9, -48, -88, -88, -26, -5, -85]
[1, -4, -4, -68, -91, -21, -20, 30]
[0, 16, 48, 127, 127, 45, 14, -59]
[-13, -6, 3, -21, -86, -14, -36, 25]
[11, 9, 7, -6, -19, -8, 41, 58]
[-8, -7, -16, -34, -22, -9, -21, -57]
[-10, 5, -3, 0, 49, 1, -1, 54]
[11, 0, -13, -80, 8, -17, -9, 35]
[6, -3, 4, 44, 11, -12, -34, 33]
[-17, 4, -8, 16, 10, -12, -7, -79]
[-1, -6, 0, -33, 41, 17, 21, 51]
[-5, 2, -24, -35, -57, -5, 21, -45]
[12, 5, 43, 81, -22, 3, 17, 54]
[-3, 8, 12, -20, -43, 0, 7, 36]
[12, 7, -9, -111, -21, -8, -11, -40]
[-9, -8, -5, 64, 102, 11, -21, -21]
[-6, -11, -45, -60, -27, -15, 15, -31]
[6, -1, 22, 111, 66, 66, -4, 17]
[11, 32, 82, 64, -79, -26, 12, 17]
[0, 0, 29, -70, -11, 6, 7, -10]
[-9, 9, 18, -4, -64, -7, -26, 36]
[-2, -11, -32, -93, 22, -9, 21, -96]
[-6, -10, -27, 42, 34, 6, 19, 50]
[0, 2, -22, -77, -42, -20, -23, -59]
[-2, -3, 11, 5, 70, 35, 24, -14]
[8, -5, 14, 100, 86, 11, 33, 123]
[-6, -3, -37, -124, -128, -37, -34, -74]
[-9, -2, -1, 51, -12, -4, -25, -11]
[-10, 9, 3, 41, 91, 21, 19, -38]
[19, -1, -2, -63, -106, -29, -36, 90]
[-12, -18, -14, -61, -65, -3, 55, -18]
[-9, 16, 2, -2, -50, -24, -42, 34]
[3, -7, 9, 90, 32, 27, 39, 17]
[0, -14, -42, -128, -61, -28, -3, 24]
[0, -16, -61, 5, 95, 20, 15, -13]
[-5, 0, 30, 124, -31, -6, -39, -9]
[9, 26, 52, -14, -53, -17, 3, -10]
[2, 1, -1, -11, 34, 21, 8, 23]
[-3, -1, 39, 78, 2, -8, -43, -11]
[-4, -20, -63, -9, 89, 7, 32, -11]
[-6, -7, 26, 84, -10, 10, -19, -21]
[9, 19, 16, -62, 56, -3, 30, 33]
[13, 3, -13, -28, -44, -9, -27, 7]
[-1, 4, 23, 51, 107, 27, 53, 48]
[-4, -12, -49, -118, -88, -25, 15, 22]
[-9, -6, -18, 36, -75, -14, -45, -29]
[12, -5, 0, 15, 82, 30, 70, 40]
[-5, -4, -19, -21, -45, -15, 49, -14]
[1, 4, -3, -65, 34, 18, -42, -50]
[-12, -4, -4, 8, 31, 2, -2, -31]
[-2, 3, 5, -28, -63, -13, -45, -8]
[11, -1, 25, 61, 73, 29, 17, 24]
[2, 2, -29, -87, -28, -2, 34, 16]
[-2, 6, 8, 40, -47, 2, -8, -66]
