[-7, -1, 13, 66, -34, -9, -3, -22]
[-1, -1, -2, 5, 6, 6, 13, 12]
[-1, 1, 23, 46, 45, -3, -25, -34]
[4, -5, -19, -29, -21, -3, 14, 8]
[-2, 2, 8, -34, -71, -13, -20, -23]
[8, 7, 16, 20, 11, 1, 8, 8]
[-2, -4, -22, -26, -9, 6, 5, -8]
[-2, 1, 17, 70, 35, -4, -17, -2]
[4, 2, -1, -1, 16, 0, 37, 32]
[-4, -2, -5, -16, -35, -12, -39, -44]
[2, 2, 1, 6, 58, 14, 13, 22]
[-3, -7, -15, -40, -26, 2, -14, -72]
[-1, -3, -6, -13, 48, -3, 4, 52]
[-1, -3, 3, -21, -43, -7, 22, 7]
[4, 5, -6, -4, -5, 5, -25, -28]
[0, -1, 0, 8, 25, 3, -11, 3]
[-5, -4, -7, -37, -66, -13, -10, -18]
[-2, -1, 3, 24, 22, 2, 10, 9]
[3, 3, 8, -35, -21, 4, 7, 13]
[-1, -6, -16, 29, 19, -5, 3, 11]
[1, 4, 3, 8, 20, -1, -3, -26]
[2, 2, 4, -15, 6, 2, 13, 23]
[-2, 3, 21, 64, -13, -3, 5, -18]
[2, 3, 7, -21, -11, 3, -5, 11]
[-2, -5, -18, 11, 30, 4, 0, -14]
[1, 3, 2, -40, -36, 2, -2, 1]
[-7, -8, -3, 22, 30, 0, -1, -1]
[-1, -2, -10, -58, -68, -14, -5, -1]
[3, 5, 16, 72, 55, 4, -15, -4]
[-4, -2, -3, -6, 13, 10, 8, 3]
[0, -5, -13, -17, -4, 4, -1, -4]
[-2, -3, -6, 2, 18, -11, 10, 10]
[0, 0, 7, 14, 32, 2, 4, -5]
[2, -5, -7, -52, -95, -22, 1, 4]
[-2, -1, -12, -26, 9, 4, 1, -5]
[-2, -5, -11, 10, 35, -3, -7, -2]
[0, 8, 29, 37, 29, 10, 3, -6]
[-1, -4, -15, -10, 24, 1, 1, 1]
[0, -1, -1, -20, -40, -14, 1, 5]
[4, 8, 20, 5, 4, 10, 2, 5]
[-2, -1, -6, 33, 18, -6, 5, -6]
[0, -1, -2, -13, -1, 5, -5, 3]
[-3, -5, -13, 2, -6, -4, 3, -7]
[0, -1, 2, 3, 1, 4, -8, 3]
[0, -4, -9, -36, -21, -7, -1, -6]
[0, 2, 6, 11, 4, 3, 3, 2]
[-1, -1, -5, -1, 5, 3, 3, 2]
[-1, -4, -4, -33, -16, -1, 0, 3]
[-3, -4, -4, 16, -14, -7, -2, -2]
[-3, 2, 5, -12, 17, 2, -2, 0]
[0, 1, 1, 3, -4, -4, -1, -1]
[-1, -1, -5, -2, -4, 5, -1, 2]
[0, 7, 22, -6, 8, 2, 0, -4]
[0, -3, -6, 21, 4, -4, -1, 2]
[1, -1, -3, -9, -13, -1, 1, 0]
[0, 3, 11, 8, -17, 3, -1, 0]
[1, -6, -10, 1, 35, 7, -3, -5]
[-3, 4, 9, 6, -3, -7, 1, 1]
[1, 1, -7, -11, -3, -6, -5, 0]
[-1, -5, -5, 8, -6, 6, 3, -1]
[-4, -6, -14, -12, -12, -1, -1, -2]
[-1, -1, 7, -5, 0, 1, -2, -2]
[-3, -3, -4, 8, 1, 1, 2, -5]
[2, 2, 0, -8, 0, -7, -2, 1]
[-4, -8, -14, -12, -8, -2, 3, 2]
[0, 7, 26, 24, 5, -4, -5, 2]
[-2, 3, 0, -21, 5, 1, -8, -1]
[-1, 3, 16, 52, 3, 1, 1, -3]
[2, 4, 9, 15, 0, 2, 3, 0]
[3, 2, 5, -17, 2, -2, 4, 3]
[2, 3, 6, 8, -4, -3, -1, -1]
[0, 2, -1, -9, 2, 2, -5, 0]
[-1, -6, -17, -18, -3, -2, -1, -1]
[-2, -6, -17, -8, -2, 2, 1, 0]
[1, 0, 14, 8, 2, 1, 4, 1]
[-1, -5, -12, -21, -5, -6, -1, -3]
[1, 1, 4, -1, 2, -4, -4, -2]
[0, 0, -5, -5, 4, 0, -1, 1]
[-2, -1, -4, 10, -3, -2, 3, 1]
[-2, -1, -1, -3, 7, -1, -4, -3]
[-1, 2, 5, 4, 5, -1, -1, 0]
[-1, -2, -3, -7, 2, -2, -2, 0]
[-3, -7, -10, -7, -2, -1, -4, -2]
[-1, 0, 3, 3, -9, -1, 0, 0]
[0, 1, 3, -1, -7, 3, 0, -3]
[1, 0, -4, 1, -3, 1, 3, -1]
[0, -1, -5, -3, -5, -2, 6, 0]
[-1, 3, -1, -7, 1, -1, -6, 0]
[-2, -1, -9, -6, -6, 0, -1, -2]
[-1, -4, -17, 6, 0, -1, -3, 0]
[2, 5, 13, 7, 7, 5, 0, 0]
[2, -2, -4, -8, 0, -3, 1, 1]
[-1, -2, -8, 3, -2, -1, -1, -1]
[2, -1, 0, 4, 3, 2, 1, 0]
[-1, 1, -4, -11, 1, -3, 0, -1]
[0, -2, 2, 8, 3, -2, 1, -2]
[-1, -3, 1, -11, -6, -2, -1, 0]
[-1, -3, -5, -5, -1, 3, 2, 0]
[-2, -4, -3, 8, 12, 0, 0, -2]
[-3, 4, 5, -6, 0, 2, 0, 0]
[-2, 0, 1, 8, -2, -3, -1, -2]
[-1, -1, 3, 4, 3, -1, 0, 1]
[1, 0, 1, 3, 0, 2, -1, 0]
[-1, -5, -6, -12, -7, -7, -2, -2]
[1, 1, -2, -13, -9, -1, -2, 0]
[-1, -1, 1, 17, 11, 6, 2, -2]
[-2, -3, -2, -1, -1, -3, -3, 0]
[-2, -2, 1, 2, 0, -3, -1, -1]
[-2, -1, -1, -9, 0, 1, -1, 1]
[1, 1, 6, 13, -7, -2, -2, -3]
[1, 0, 3, -3, -3, -2, -1, 0]
[-2, -1, 1, 13, -8, -4, -1, -1]
[3, 5, 3, 9, 7, 5, 1, 0]
[0, -2, -8, -15, -13, 0, 1, 0]
[-1, 0, -2, 9, 17, 1, -1, 0]
[-1, -4, -9, -10, -5, -1, -2, -3]
[-2, -2, 3, 1, -2, -2, -1, -2]
[1, -3, -3, -9, -5, -2, -3, -1]
[0, 0, -7, -7, -7, -1, -3, 0]
[-2, -1, -2, -6, -6, -5, -1, -1]
[-2, -4, -3, -5, 0, 1, 0, -1]
[-1, -2, 2, -1, 14, 1, 0, -1]
[1, -2, 2, 11, -6, -1, 2, -1]
[-2, -1, -3, -4, 4, 1, -2, -1]
[-2, 0, -2, -4, -14, -2, -2, -2]
[0, 2, 4, 5, 8, 2, -1, 0]
[0, -1, -4, -3, -2, -1, 1, -1]
[1, 0, 0, 0, 0, 1, 0, 0]
[2, 0, 0, 2, 4, -1, -1, 0]
[0, 1, 3, -1, 1, 0, 2, 0]
[-3, 1, -2, 1, -12, 0, -2, -1]
[-1, 0, 9, -6, -3, 1, 1, -1]
[-2, -3, 0, 15, -4, -2, 0, 0]
[-1, 4, 9, 13, 1, 2, 0, 0]
[0, -1, 2, 2, 7, -2, 0, -2]
[0, -3, -7, -9, -7, 1, 1, -2]
[-2, 0, -3, -3, -2, -4, -4, -3]
[-3, -1, -6, -15, -5, -3, 0, 1]
[-2, -3, -5, 7, -7, -3, -1, -1]
[-1, 3, 5, 6, -3, 0, 0, 1]
[0, -1, 2, 1, 5, 0, 1, 1]
[0, 0, 0, 2, 7, 2, -1, -1]
[-1, 1, 2, -7, -1, 0, 1, 2]
[-1, -2, -7, -6, 3, -2, -3, -1]
[0, -4, -5, -3, -7, -4, -3, 0]
[-2, -2, 0, -7, -19, -6, -3, -2]
[-1, -1, -2, -4, 8, 1, 0, -1]
[-3, -1, -4, 1, -2, -5, 0, -2]
[-1, 2, 6, 4, 7, 1, 1, 1]
[-1, -4, 1, 3, 2, 2, 1, 0]
[-1, -3, -6, 0, 4, 1, 1, -2]
[1, 4, 9, 7, 6, -2, 1, 0]
[2, 0, -4, -4, 1, 0, 1, 0]
[-1, -5, -10, -16, -17, -3, 0, -2]
[-2, 0, -1, -2, -5, -1, -3, 0]
[0, 1, 7, 17, -1, 0, -2, -2]
[-2, -3, -7, -21, 8, 2, -1, -1]
[0, -1, -3, 10, 0, 0, -1, 1]
[-1, 1, 6, -2, -3, 2, 3, 0]
[-2, -4, -8, -4, 9, 1, 0, 0]
[-1, 1, 0, 1, -7, -1, 0, -1]
[-2, 0, -6, -4, 6, 1, -1, -1]
[0, -3, -4, -4, -5, -2, -4, -3]
[1, 0, 1, 0, -4, 0, -1, 1]
[-1, -1, -3, 0, 0, -1, -1, -1]
[0, 3, 4, -3, 5, -3, -1, 1]
[-2, -3, -1, -2, -2, -1, 0, -1]
[-2, -2, -2, -1, -2, -2, -1, 1]
[-1, 1, 0, 2, 3, 1, 0, 0]
[0, -4, -7, -12, -1, 0, -1, -1]
[2, 0, 2, 9, -3, -1, -2, -1]
[3, 2, 6, 6, 4, -2, 0, -1]
[-2, -1, -7, -3, -7, -1, 0, 1]
[0, 5, 10, 19, 9, 4, 1, 1]
[1, 7, 22, 2, -4, -4, 1, 2]
[-2, -3, -3, -1, -2, 2, 0, 0]
[1, 2, 10, 18, 6, -1, 0, 0]
[1, -4, -9, -12, -3, 0, -1, -1]
[-1, -4, -10, -7, -11, 0, -1, -2]
[0, -1, -6, -2, 22, -1, -2, -1]
[0, 1, 1, -6, -22, -5, -3, 1]
[-1, -1, -3, -7, 0, 3, -3, -1]
[1, -1, -3, -3, -5, -1, -3, 1]
[0, 0, 1, -6, -9, -2, -2, -2]
[-1, -3, -4, 2, -4, -1, 3, -2]
[-2, 0, 1, 3, 17, 2, 2, 0]
[-3, -1, -4, -3, -9, 0, 0, -1]
[-1, -2, -7, -3, 3, -3, -1, 0]
[2, -1, 2, -3, -1, -1, -4, -1]
[0, -1, 0, 3, -1, 0, 1, 0]
[2, 1, -1, 4, 8, 2, 3, 0]
[0, 2, 3, -1, -7, -2, -2, -1]
[-2, 0, -2, -8, -2, 0, -3, -4]
[1, -1, 9, 18, 0, -5, -3, -1]
[-2, -3, -9, -7, 12, 3, 0, 1]
[-1, -2, -5, -2, -23, -4, 0, 2]
[-1, -2, -8, -10, 5, -1, -1, 0]
[-2, -1, 4, 9, 5, 1, 0, -1]
[-2, -1, 4, 15, 3, -1, -1, -2]
[-1, -1, 1, 6, -3, -2, 1, -4]
[-2, -2, -5, -6, 1, -1, -1, 0]
[-2, -1, -2, -11, -10, -5, 0, -1]
[1, -1, -6, -8, -7, 0, -3, -1]
[0, -1, -3, -7, 3, 2, 3, -2]
[-2, 0, 1, 4, 0, 0, -2, -3]
[2, -1, -1, 1, -1, 0, 1, 1]
[-3, -1, 3, 3, 10, -3, -2, -1]
[0, 1, 0, -4, -6, 0, 0, 0]
[-1, 0, 2, 6, 9, -1, -1, 1]
[1, -1, 0, -3, -7, 1, -1, 1]
[-1, -3, -6, -8, 0, 0, 0, -3]
[-1, -2, -3, 1, -5, -2, -1, 0]
[2, 3, 14, 5, -1, 2, 0, -1]
[0, -2, -6, -5, -9, -6, -1, -2]
[-2, -1, -3, 7, 1, -1, -1, 0]
[-1, -1, 3, -6, -2, -2, 0, 1]
[-3, -1, 3, 8, 7, 1, 0, 0]
[-1, 1, 1, -6, 4, 2, -3, -3]
[0, -1, -5, -12, -9, -3, -4, -1]
[-2, -3, 0, 10, 14, 0, -2, -4]
[0, 0, -2, 1, -4, -1, -1, 1]
[0, 1, -2, -8, -7, -2, 0, 2]
[0, 0, 2, 8, 27, 2, 4, -1]
[-1, 3, -2, -5, -29, -2, -2, 0]
[1, -1, 1, 7, 7, 3, 2, 0]
[-2, -3, -6, -10, -3, -2, -2, 1]
[-4, -4, -6, -17, -45, -10, -3, -1]
[-1, -2, 2, 0, 30, 4, 0, 0]
[-2, 0, -2, -2, 6, 0, -1, -2]
[1, -1, -1, 4, 15, -1, -1, -2]
[3, 3, 4, 4, 6, 6, 0, -1]
[-2, 3, -2, 0, -4, -3, -1, -1]
[-1, -2, -3, 0, 0, -2, -1, -3]
[-1, 0, 1, -4, -1, 1, 2, -1]
[0, 0, 6, -1, -6, 0, -2, 0]
[0, 0, -1, 14, 12, 1, 2, 0]
[1, -1, 0, -6, -20, 3, 3, 0]
[1, -1, 2, 32, 29, -1, -1, 3]
[-1, 1, -5, -13, 14, 4, 0, 0]
[1, 0, 6, 8, 33, 3, -2, 1]
[-2, -1, -3, -12, -26, -7, -8, -7]
[-1, 0, 1, 13, -15, 4, 37, -1]
[2, -1, 3, 17, 22, 2, -3, 6]
[-1, 0, -3, 0, 20, -3, -8, -4]
[2, 2, -1, -4, -3, -2, 2, 1]
[0, 2, 0, 0, -3, -1, -7, -3]
[-1, 1, 0, 5, 16, 3, 4, -2]
[0, -4, -9, -28, -25, -4, 11, 3]
[-4, -6, -3, -6, 3, -2, -5, -6]
[1, -4, -3, -4, -12, -2, -6, 7]
[1, 0, 2, 7, -4, 0, 1, -2]
[1, -1, 0, -18, -15, 0, -2, 0]
[1, 0, 2, 27, 26, 5, 1, 1]
[-2, 1, -4, -25, -38, -1, -7, 2]
[-2, 3, 2, 20, 36, 4, 5, -6]
[-5, -4, -8, -16, -15, -7, -2, -3]
[-1, -1, -3, -21, 1, 1, 6, 7]
[2, 1, 16, 31, 24, 2, -18, -13]
[1, -1, -1, -5, -17, -5, -6, 5]
[-4, -8, -9, -6, 2, -8, -1, 3]
[1, 4, 4, 26, -3, 3, 0, 7]
[-6, -3, -14, -16, -14, -11, 3, 0]
[0, 0, 1, -40, -35, 1, 5, 1]
[-4, -1, 3, 13, 40, 7, 3, -4]
[2, 0, -2, 8, 5, -5, -16, -7]
[-1, 0, 0, -16, 1, 1, -7, 5]
[-5, 0, -6, -7, -3, -7, -17, -21]
[-1, 4, 3, 11, 5, 5, 17, 22]
[-1, -2, -1, -4, -22, 0, -7, -2]
[1, 2, -3, -36, -18, -5, -2, -7]
[4, -1, 1, 28, 38, 2, -9, 7]
[6, 3, 2, -8, -53, -5, -3, 10]
[-4, -2, -4, -34, -19, -4, -6, -10]
[3, -1, 0, 15, 71, 16, -12, 13]
[-4, 0, 6, 27, 19, 12, 5, -22]
[0, -4, -17, -60, -105, -31, -14, 0]
[6, -3, 3, 35, 27, 5, 21, 18]
[3, 3, 4, 1, 74, 9, 3, 3]
[-2, -4, -1, -11, -51, -9, 1, 10]
[4, 7, 14, 39, 49, 11, -16, -18]
[-4, 1, -14, -14, 11, -4, 5, -4]
[-2, -4, 4, 39, 16, 2, -3, 6]
[3, 1, 0, 18, 2, 16, 34, 11]
[-19, -9, -15, -83, -90, -27, -35, -86]
[0, -1, 0, 21, 32, 7, 36, 42]
[3, 2, 7, 28, 30, 9, 0, 19]
[-6, -6, -12, -29, -49, -9, -28, -46]
[4, -1, 4, 19, 34, 10, 4, 32]
[-1, -3, -6, -75, -64, -4, 2, -13]
[-3, -5, -4, 35, 9, -28, 16, -4]
[1, 0, 1, 15, 15, -5, -29, 12]
[1, -1, 0, 3, 26, 8, 3, 8]
[-3, -2, -3, -23, 23, -5, -9, -6]
[-2, -7, -13, 10, -62, 4, 12, -24]
[1, 0, -6, -97, -21, -7, 7, 14]
[-2, 4, 21, 102, 29, -6, -2, -10]
[4, 7, 23, 66, 125, 31, 4, 16]
[-4, -6, -21, -47, -28, -2, -7, -3]
[-2, 3, 8, 6, 43, 4, 19, -21]
[1, 8, 29, 15, -12, -9, -23, -9]
[-6, -6, -9, -10, -64, -24, -13, -25]
[6, 2, 8, -13, 98, 10, 1, 57]
[0, -3, -7, -42, -59, 2, -2, 2]
[5, 1, -12, -24, 20, 12, 30, 24]
[-2, -4, 0, 36, -76, -18, -13, -8]
[-10, -4, -10, -45, -14, -1, -25, -58]
[4, 0, 3, 69, 118, 2, -18, 34]
[4, -1, -6, -54, -108, -11, 29, 10]
[-1, 3, 16, 107, 127, 15, -4, 4]
[-2, -8, -21, -123, -128, -22, -3, -19]
[-7, -6, -7, 31, 0, -15, 2, 20]
[1, 1, 7, 85, 127, 30, 22, 14]
[-10, -14, -25, -100, -128, -24, -17, -8]
[3, 6, 9, 75, 81, 17, 10, -3]
[0, 5, 20, 52, 32, 7, 2, -8]
[6, 0, -10, -49, -64, -8, 2, 21]
[2, 2, 2, -84, -43, -6, -9, -37]
[-7, 1, 9, 83, 47, 16, 10, 7]
[1, 2, -5, 14, 15, -8, -31, -24]
[8, 5, 4, -73, -68, 3, -19, 30]
[-11, 0, 6, 8, 73, 11, 12, -67]
[5, 7, 4, 9, -6, -6, -1, 39]
[3, -4, -11, -35, -12, 7, 35, 45]
[-11, -6, 0, 39, 127, 1, -38, -47]
[9, -8, -20, -79, -104, -37, 16, 37]
[4, 1, 8, 61, 80, 9, 17, 84]
[-7, 7, 1, -33, -13, 5, -13, -95]
[-5, 0, 8, 71, 106, 25, 14, 2]
[-7, -3, -12, -12, -46, 1, -36, -1]
[6, -1, 1, -23, -80, -2, 21, 32]
[-4, -6, -14, -41, -67, -9, 5, -13]
[-1, -5, -18, -15, 31, -14, -10, -2]
[10, 19, 57, 127, 127, 42, 20, 0]
[-7, -2, 2, 22, -15, -8, -27, -39]
[6, 5, 2, -55, -59, -17, -15, 23]
[4, -7, -21, -75, -43, 1, 14, 0]
[-6, -6, -17, 39, 30, 5, -1, 19]
[3, 5, 19, 0, -19, -2, -8, -36]
[0, 0, 20, 92, 24, 9, 20, 23]
[-5, -4, -6, -45, -104, -19, -2, -5]
[7, 7, 3, -33, 37, 4, 2, -10]
[-9, -3, 1, 31, 48, 15, 6, -13]
[1, -3, -12, -13, -73, -25, -6, 43]
[-8, -2, 6, -5, 8, 8, -7, -50]
[16, 4, 14, 37, 62, 25, 39, 56]
[-8, -4, -23, -96, -73, -25, -4, -16]
[1, 12, 17, 27, 90, 40, 7, -42]
[-7, -8, -13, -29, -91, -30, -6, 31]
[9, 5, 1, -6, -9, 12, 2, -10]
[-1, -5, -12, 3, 57, 8, -4, -25]
[-2, -11, 1, -22, -11, -14, 10, 32]
[6, -2, -25, 43, 90, 17, 4, -4]
[-10, 8, 52, 20, -78, -16, -16, -22]
[12, 7, 9, -20, -6, 1, 10, 47]
[-5, 2, 2, 65, 82, 15, 2, -27]
[1, 1, 6, -31, -29, -2, 4, 42]
[-13, -19, -44, -83, -66, -30, -51, -79]
[6, 1, -11, -16, -48, 2, 15, -1]
[0, 3, 25, 64, 109, 16, -25, -25]
[-6, -12, -20, -50, -84, -10, 0, 68]
[6, 11, 2, 13, 79, 11, 10, 17]
[-10, -5, -5, -102, -83, -25, -10, -27]
[-1, -8, -22, 50, 34, 4, 8, 8]
[2, 10, 23, 68, 71, 2, -4, -10]
[-5, -6, -8, -2, -45, -9, -10, -18]
[-6, -10, -14, -8, 19, -3, -3, 10]
