[2, -7, -19, -61, -33, 5, 12, 38]
[3, 9, 28, 30, -87, -15, -13, -26]
[1, 4, 4, 55, 88, 18, -8, 2]
[8, 5, -7, -84, -97, -39, 7, 71]
[-10, -13, -12, -1, 47, 5, -12, -1]
[2, -3, -15, -68, -115, -15, -19, -3]
[-1, -4, 13, 54, 105, -8, 18, -2]
[1, -1, 0, 10, 68, -1, -8, 42]
[-12, -10, -22, 73, 19, 13, 18, -63]
[4, -5, 6, -25, -40, -7, -29, -13]
[-8, -8, -5, 26, 44, -5, -14, 58]
[8, 15, -3, -56, -11, 3, -24, -26]
[-13, 0, 4, 34, -44, -19, -1, 2]
[3, 3, -2, -8, 30, 0, -8, 56]
[-5, -4, 7, -82, -2, 6, -5, -24]
[-11, -7, -7, 78, -62, -13, 30, -20]
[7, 13, 3, -76, 9, -16, -21, 8]
[-5, -12, -47, -86, -79, -10, 2, 0]
[11, 23, 86, 91, 72, 29, 12, 19]
[-8, -10, -11, -8, -41, -22, -19, -33]
[10, 4, 34, 57, 31, 15, 4, 20]
[-5, 5, 1, -9, 11, -10, 3, -16]
[2, -12, -40, -10, 17, -8, -3, -5]
[-2, -8, -9, -5, -23, 8, 11, -9]
[2, 8, 17, 58, -5, 0, -5, 7]
[-7, -3, -2, -20, 10, -7, -8, -10]
[-2, -4, -15, -3, -1, 2, 12, 17]
[-6, -6, 4, 12, 74, 28, -24, -32]
[-2, -4, -23, -58, -127, -30, 7, 1]
[7, 3, 12, 0, 42, 3, -3, 23]
[-2, -2, -8, 11, -92, -18, -2, -21]
[-2, 0, 4, -35, -23, 2, 6, 5]
[6, 4, 2, -31, -3, -6, 2, 8]
[-4, 0, 9, 52, 87, 23, 3, -16]
[5, 1, -5, -24, -22, -10, 1, 16]
[2, 0, 0, -7, 2, 2, 8, -21]
[-1, -7, -18, 16, 41, 11, -9, 3]
[0, 10, 31, 50, 18, 1, 4, -3]
[3, 4, 3, -6, 12, 7, 0, 3]
[-2, -4, 2, 10, -1, -8, 1, -4]
[0, 1, 10, -2, 40, 4, -1, 9]
[-5, -13, -34, -26, -3, 6, -3, -20]
[-1, 3, 24, 47, 7, -6, -7, -10]
[5, 11, 16, -38, -8, -1, 10, 15]
[-4, -5, -7, 51, 26, 7, -7, 1]
[1, 3, 1, -8, -2, -4, -1, -3]
[-4, -7, -18, -19, -25, 2, -5, -12]
[2, 3, 2, 37, 38, 8, 11, 12]
[-3, -12, -31, -106, 9, 5, -3, 2]
[3, 5, 22, 33, -53, -24, -4, -13]
[3, 3, 10, 36, 34, -4, 0, -1]
[-2, -4, -10, -10, 9, 0, 1, 2]
[1, 6, 20, 42, 28, 5, -6, 4]
[-2, -11, -18, -38, -1, 0, -4, -7]
[-4, -5, -18, -30, -38, -14, 0, -4]
[1, 7, 16, 30, 7, 4, 4, 6]
[-1, 6, 14, -16, -15, -4, -6, -1]
[0, 2, 3, 1, 20, 11, 3, -3]
[1, -1, -13, -15, -4, -2, -3, -3]
[-1, 1, 13, 5, 18, 9, 0, -2]
[-2, -7, -31, -19, -1, -2, -3, 1]
[0, 2, 13, 9, 8, 6, 0, -4]
[1, -3, 2, 36, 2, 3, -2, 2]
[1, 0, -4, -2, -4, -2, 1, 2]
[1, -1, 6, 4, 7, 11, 3, 2]
[-2, 2, -6, -18, -1, 2, -1, -2]
[-3, -3, -14, -37, -22, 1, -2, -3]
[-2, -4, -5, 5, -7, 0, 2, 1]
[1, 2, 13, 22, 3, -5, 1, -1]
[-3, -6, -12, -9, 6, 0, -1, -2]
[1, 3, 2, 7, -2, 0, -1, 0]
[0, -1, 3, -5, -10, -2, -1, -2]
[-5, -3, -10, -14, -14, -8, -4, -1]
[3, 7, 12, 39, 44, 4, 5, 4]
[-1, 1, 15, 9, 2, -2, -4, 0]
[1, -2, -7, -6, -4, -7, -8, 0]
[1, 4, 4, -11, -6, -1, -1, -3]
[4, 8, 13, 5, -9, 2, 3, 0]
[-1, -3, -5, 19, -1, 4, 3, 0]
[0, -5, -11, -29, 4, 6, 0, 0]
[0, 0, 0, 28, -6, 0, -3, -2]
[-2, 0, 3, -11, -6, 1, -3, -1]
[-1, -1, -6, -33, -6, -8, -2, -2]
[-4, 2, 8, 25, 4, -1, 1, -1]
[-1, 2, 8, 5, 4, -2, 0, 0]
[-2, -3, -2, 2, -4, -1, -3, -2]
[1, -1, -8, -4, -9, 1, -2, -2]
[-2, -2, -4, 6, 6, 1, -1, 1]
[2, -1, 4, -7, 9, -2, -1, 1]
[-1, -6, -19, -21, 1, 0, 4, 0]
[0, 1, 7, 15, 2, 0, -1, -1]
[0, -2, -2, 16, 2, -3, 0, -2]
[2, -1, 0, 5, -7, 1, 0, 2]
[-1, -5, -8, -26, -11, -2, 2, -2]
[-2, 0, 6, 9, 2, 3, 1, 1]
[-1, 0, -4, 6, 2, 0, -2, -1]
[-3, -2, -3, -23, 0, -4, -2, -1]
[1, 0, 5, 26, -10, -5, -5, -3]
[-1, -7, -10, -17, 10, 3, 0, -2]
[0, -1, -5, 13, -13, 0, -2, -2]
[-2, 1, 2, -5, -8, -3, 0, -1]
[-2, 0, -1, -15, -6, -3, -4, -3]
[0, -1, -5, 8, 7, -4, -1, 1]
[-1, 0, 2, 1, 10, 1, 0, 3]
[-2, -2, -11, -6, 2, -1, 2, -1]
[-1, -2, 5, 5, 6, -2, 2, 2]
[1, -2, 0, -8, -22, -6, -2, -1]
[0, -5, -2, -6, 0, 1, -2, -1]
[-1, -1, 1, 13, -6, 3, -1, 0]
[-2, 1, -2, -4, 7, 3, 0, -3]
[-3, -1, -9, -12, -2, 0, 0, -3]
[1, 5, 11, 26, 1, 2, 2, -3]
[1, 2, 3, 2, 2, -2, -2, 0]
[1, -4, 4, 0, 4, 0, -2, -2]
[-2, -1, -8, -23, 14, 0, -2, -2]
[-4, -3, 0, -9, -36, -8, -2, 2]
[-2, 0, 5, -1, 0, -2, -1, 1]
[4, 2, -1, 3, 1, -1, -1, 0]
[-2, -1, -4, 2, 1, -1, 0, 1]
[-2, -2, 3, -22, 20, -1, -1, -1]
[0, -1, 13, 33, -9, 1, 1, -1]
[-2, -2, 0, 26, 13, -2, -2, -1]
[0, 0, -3, 0, 5, -1, -2, -1]
[1, 0, 1, -1, 13, 3, 3, 1]
[-2, -2, -9, -22, -19, -6, -2, -3]
[-2, 0, -1, -9, 4, 0, 1, 0]
[3, 1, 0, 5, -4, 1, 1, 3]
[2, 0, 0, -17, 3, 1, 1, -1]
[-2, -1, 0, 10, 8, 2, 3, 0]
[-2, 2, 2, 3, -7, -2, -1, 1]
[-1, -3, -1, 4, 0, -2, 2, -2]
[0, -1, 1, 0, -3, -2, 0, -1]
[-1, -3, -7, -3, 10, 1, -3, -2]
[1, -1, -8, -5, -6, 5, 0, -2]
[0, -2, 1, 0, -9, 3, 0, -2]
[1, 2, -3, 3, 5, -1, -1, 0]
[1, 2, -1, -15, 3, -2, 1, 1]
[-4, -2, -7, 7, -11, -5, -1, 0]
[-4, 2, 9, 9, 7, 2, 0, -1]
[-4, -1, 4, 5, -4, -1, -3, -1]
[-2, -5, -5, -8, -10, -1, -1, -1]
[2, 0, -2, -1, 9, -3, -1, -1]
[0, -3, -5, -11, -8, -1, 0, 0]
[1, -3, -3, 1, 5, 2, 1, 1]
[-1, -4, -4, -12, -3, -2, -2, -2]
[1, 1, 3, 4, 4, -2, 0, -2]
[-1, 1, -2, -6, -42, -4, -3, -1]
[-3, 1, -6, -10, -4, -1, -1, -1]
[2, 4, 9, 20, 9, 4, 2, -1]
[-1, -2, -1, -4, 0, -1, 2, 1]
[1, -4, -1, 8, 13, -2, 0, 1]
[0, -1, -2, -3, -8, -4, -1, -2]
[-2, 1, -2, 5, 6, 0, -1, -1]
[-1, 1, 3, -9, -1, 0, 1, 0]
[-2, -1, 1, 3, 11, -1, 1, 0]
[-2, -1, -3, 0, 0, 0, -2, 0]
[0, 0, -3, 5, 8, 0, -1, 0]
[0, 1, -1, -6, -5, 2, -3, 1]
[-1, 0, -5, -5, -5, 2, 0, -3]
[1, -2, -1, 4, 10, 1, 2, 1]
[0, 2, 4, 8, -6, -5, -2, 2]
[0, -1, 1, -9, -9, -3, -1, 1]
[1, -1, -1, -4, 2, 0, -2, -1]
[1, 0, -4, -7, 3, 2, 0, -2]
[-2, -4, -6, 15, 3, -1, -1, -2]
[1, 1, 9, 2, -15, 0, 0, 0]
[-1, 5, 3, 13, 14, 2, 1, -1]
[-4, -2, 0, -3, -5, -2, 1, -2]
[-1, -5, -8, -11, -9, 0, 0, -1]
[0, 1, -1, 1, 11, 1, -2, -1]
[-2, -1, 2, 5, 11, 1, 1, 1]
[1, 3, -2, -12, -16, 0, 2, 2]
[-1, 2, 7, 2, 11, 0, 0, 1]
[-1, 0, 0, -8, -33, -7, -2, -3]
[1, 1, 2, 2, 25, 7, 2, 1]
[-1, -6, -7, 1, -1, -3, -3, -1]
[0, -3, -1, -8, 1, -3, 0, -2]
[2, -5, -2, 5, 5, -1, -2, 0]
[2, 0, 0, -5, -11, -3, -2, 1]
[1, 1, -1, 4, 4, -3, -1, -1]
[-4, 2, -5, -11, 2, 0, 1, -3]
[-3, 2, 2, 6, 4, -1, 2, -2]
[1, 2, 5, -3, -14, -5, 0, -2]
[-3, -2, -1, 6, 5, 4, 0, 2]
[-2, -4, -3, -6, -6, -2, -5, 0]
[0, -1, -7, -2, 6, 7, -1, 0]
[2, 1, 4, -5, -10, -5, -1, 0]
[3, 2, 10, 26, -6, -1, 2, 0]
[-1, -2, -7, -1, -2, -2, 2, 0]
[-1, -4, -9, -10, 9, -2, -1, 0]
[2, 2, -4, 1, 5, 4, 1, -1]
[1, -1, -6, -16, -3, -3, 0, -3]
[-1, -2, 0, -3, -3, -2, -1, 0]
[-2, -3, 2, 3, 3, 1, -2, -1]
[-3, -2, -5, -5, -4, 2, 0, 0]
[-2, 1, 1, 3, 2, 0, -2, -1]
[-1, 0, -1, -4, -14, 1, 0, 0]
[0, 0, -2, -1, 0, -5, -2, -2]
[0, -1, 1, 1, 9, 0, -1, -1]
[1, -2, -1, 2, -1, -4, 0, -2]
[3, 2, 7, -4, 7, 5, 2, 2]
[-2, 0, -3, 3, -9, 0, 1, 1]
[-1, 0, 5, 5, 2, -1, -2, 1]
[-1, 0, 2, 5, -1, -3, -2, -1]
[2, 0, 0, 8, 6, -3, 0, -1]
[2, -3, 0, 7, 11, 2, 1, -2]
[0, -1, -9, -8, 6, 2, -1, 0]
[-2, -3, -4, -7, -14, -7, -5, -2]
[-2, -4, -7, -20, -8, 0, -1, -1]
[0, 3, 14, 24, -2, -2, 0, 3]
[-2, -3, -4, -2, -3, -1, 2, -2]
[0, 0, -2, -6, 4, 4, 1, 1]
[-1, -1, -6, -4, -2, -2, -3, 1]
[-3, -2, -7, -13, 1, 1, -4, -1]
[-1, -4, 2, 2, -3, 0, 2, 1]
[-1, -2, 2, 0, 2, -1, 1, 0]
[-1, -1, -2, -4, -18, -2, -2, -4]
[-1, 2, 2, -1, 12, 2, 0, -2]
[2, -2, -5, 3, -8, -2, -5, -3]
[0, -1, -5, -6, -6, -2, -3, 0]
[-1, 2, 6, 8, 3, -2, -1, 1]
[-1, -2, -5, -6, -7, 0, 1, -1]
[0, 0, 0, -6, -4, 2, 2, 1]
[0, 1, 2, 10, 9, 0, 1, -2]
[-1, 0, 2, -1, -8, -2, -2, 0]
[-1, 0, -2, -1, 8, 1, -1, 0]
[-1, -2, -3, -8, 4, 0, -1, 1]
[0, -2, -4, -4, -6, 3, -1, 0]
[-2, -1, 2, -7, 4, 0, 2, -2]
[-1, 4, -8, -8, -5, -4, -3, -2]
[0, 0, -6, 5, 6, 1, 1, -2]
[0, 0, 9, 9, 12, 5, 1, 1]
[2, 2, 1, -5, -11, -3, 0, -2]
[1, -1, 1, -6, -3, -4, 0, -2]
[-1, -2, 0, -1, -8, -1, -3, -3]
[-2, 0, 4, -1, -1, -3, 1, 0]
[-4, -2, 0, 14, 23, 1, 0, 0]
[-2, -5, -2, -7, -6, 0, -1, 2]
[1, 2, 1, 2, 2, -1, -1, -1]
[-1, -3, -3, -4, 0, -1, -2, -1]
[3, 2, 1, -2, -2, -1, -1, 0]
[2, -2, -4, -7, -7, -4, -1, 0]
[-2, -3, -5, -18, -5, 0, 1, 0]
[-2, -1, 0, 12, 13, 3, -1, -3]
[-1, -1, -3, -10, -15, 1, 0, -1]
[-2, 1, -3, 12, 12, 0, 1, 1]
[0, 0, 0, 1, 4, -1, 0, 2]
[0, 4, 3, -10, -8, -1, 2, 0]
[-2, -1, -4, -3, 6, 0, -1, -1]
[0, -3, 6, 12, -7, -2, -3, -1]
[0, -1, 5, 6, -5, 0, -3, -1]
[0, -1, -9, -1, 0, -3, -3, 1]
[2, 2, 10, 8, 1, -1, 0, 0]
[1, -2, 0, -8, -2, 1, 1, 0]
[1, -1, -4, 0, 8, 2, 3, -3]
[-1, 0, 7, 4, -4, 1, -4, -1]
[-4, -5, -6, -6, -3, -3, -4, -1]
[-1, -1, -1, -8, -20, -2, -2, -2]
[-1, 0, 5, 8, 7, 0, -1, 2]
[0, -2, -8, -8, -3, -2, 0, -1]
[-1, -1, 0, 13, 0, 2, -1, 0]
[-5, 1, 3, -3, -2, -1, -4, -2]
[-3, 2, -2, -2, -18, 0, 0, 1]
[1, -1, -3, -5, -6, -2, 2, 0]
[0, -2, -4, -9, 0, -4, 2, -2]
[1, -1, 3, 12, 14, 2, 2, 1]
[1, 0, 1, -2, -3, 0, -1, -1]
[-1, -1, -6, -10, 2, 1, -2, -1]
[-1, -2, -5, 5, -3, -4, -2, -2]
[2, -1, -4, -12, -6, -2, -1, -2]
[2, 0, 4, 17, 7, 0, -1, -1]
[-2, 2, 8, 7, 5, 2, 1, 1]
[-3, -2, 0, 0, -4, 0, 0, 0]
[-4, -1, -3, -2, -3, 0, -2, -2]
[-2, -5, -9, -14, 7, -1, -1, -1]
[1, 0, -3, -8, -10, 0, -2, -1]
[1, 3, 1, 1, -2, -1, -2, 0]
[2, 0, -1, 8, 7, 1, 0, 0]
[1, -2, 8, 2, -5, -1, -2, 0]
[-1, -2, 2, 8, 5, -1, 0, 1]
[-2, -1, -7, -9, 5, -1, 0, 1]
[-3, 1, 1, -5, 2, -1, -1, -2]
[-1, 3, 2, 3, -6, -2, 1, 0]
[-1, -4, -8, 1, 3, 1, -1, -1]
[0, -3, 2, 1, -11, -1, -2, -1]
[0, -2, -1, -5, -6, 1, 2, 0]
[-1, -4, -6, -17, 13, 2, 0, -1]
[-2, -1, 2, 17, 1, -1, 0, -1]
[0, 3, 0, -12, -1, -5, -1, 0]
[2, 0, -3, 5, -7, -1, -1, -1]
[1, 3, 7, 6, -1, 2, 2, 1]
[-2, -3, -5, -4, -2, -2, -1, 0]
[-3, -4, 1, 8, 6, -1, -1, -2]
[-3, -3, -3, -6, 9, -1, -2, -1]
[-1, 2, -4, -2, 0, -1, -1, -2]
[0, 3, -2, -10, -6, 1, 0, 0]
[0, 0, 2, 7, -3, 1, -1, -1]
[2, 1, 3, -5, -12, -1, -1, 2]
[-3, -3, 2, 10, 20, 0, -3, 0]
[1, 0, 1, 2, 1, -1, 0, 0]
[2, 2, 1, 2, 6, 2, 0, 0]
[1, -3, -3, -14, -22, -4, -1, -3]
[0, -1, -8, 12, 1, -1, 1, -2]
[-3, 1, 6, 5, 4, -3, 0, -1]
[-2, -2, 2, -2, -1, 0, 0, -1]
[-3, -5, -9, -1, 0, 0, -1, -1]
[2, 1, 7, 5, -10, 0, -1, 1]
[-1, 0, -2, -4, 0, 0, -2, 0]
[-2, 4, 2, 10, 7, -4, -2, 0]
[-1, 3, 0, -6, -6, -4, 0, 0]
[0, -1, -5, -9, 3, 5, 1, -2]
[1, -3, -5, -4, 5, 2, -1, 1]
[1, -3, 1, -3, -14, -2, 0, 0]
[-2, -3, 1, 0, 8, 2, 1, -1]
[-1, -3, -5, -3, -1, -1, 0, 0]
[0, 0, -1, -4, 0, -2, 0, -1]
[-1, -2, -4, -2, 1, -3, -2, -2]
[1, 1, 1, 2, -6, -3, -4, -1]
[1, 1, -4, 3, 10, 0, 0, -1]
[-1, -2, -2, -10, -5, 0, 1, 0]
[1, 2, 3, 3, 7, 0, -1, 0]
[0, 0, 1, 14, 24, 2, -1, 0]
[-2, -2, -1, -4, 4, 0, 0, 0]
[-1, -3, 1, -5, -17, -4, -1, 0]
[-1, 3, 2, 6, -15, -1, 1, 0]
[-1, 4, 6, 5, 35, 8, 4, 1]
[0, -4, -3, -3, 6, 2, 0, 4]
[1, 0, 2, -3, -48, -5, -8, -3]
[0, -2, 0, 5, 34, 9, 18, 3]
[-3, -2, 0, -2, -21, -3, -1, -2]
[0, 0, 1, -1, -1, -1, 9, 1]
[-1, -1, -5, -5, -5, -5, -27, -6]
[2, -2, -2, -12, -14, -1, 3, 2]
[1, -1, 0, 11, 4, 1, 16, 12]
[-2, -3, -3, -4, -10, -3, -38, -13]
[1, 2, 5, 14, 14, 7, 14, 2]
[-1, -3, -6, -5, 0, -1, -9, -2]
[0, 1, 0, -5, 9, 0, -4, -4]
[1, -3, 3, -12, -22, 0, 4, 4]
[0, -2, -2, 1, 24, 5, 4, 1]
[-3, -4, -2, 25, 34, 1, -5, -8]
[-3, -1, -4, -18, -26, -5, 3, 3]
[-1, 2, -3, -21, -16, -8, 1, 0]
[0, 0, -2, -7, -46, -10, -1, -1]
[-2, 0, 2, 12, -4, 1, 2, 1]
[-6, -6, -3, 3, 9, -2, -11, -9]
[2, 3, 2, -5, -3, -5, -4, 3]
[-3, -1, -1, -3, 8, 2, 17, -3]
[1, 1, -3, -18, -20, 1, 7, 14]
[4, 0, 7, 68, 92, 8, -13, -4]
[0, 4, -1, -4, -54, 3, 33, 13]
[-1, -4, -6, -15, 27, 1, -32, -17]
[-2, -3, -2, -19, -29, -7, -10, -5]
[-7, -3, -6, -17, -64, -18, -9, 8]
[0, -3, -4, -8, -9, 3, 3, -12]
[-1, 0, 1, 17, 64, 3, 12, 16]
[-4, -2, -9, -66, -49, -4, 3, 0]
[4, 0, -4, 9, -3, -3, -43, -13]
[5, 3, 8, 36, 21, 11, 11, 8]
[-1, -1, -1, -15, -11, -2, 7, 1]
[0, -1, 3, 25, 31, 0, -12, 1]
[-1, 1, 0, -15, 14, 0, -10, -15]
[-1, 3, 0, 10, -3, -1, -5, -3]
[3, 3, 1, -21, 39, 14, 3, 1]
[-4, -5, -13, 1, -22, -13, -11, -9]
[2, 4, 14, 43, -13, 9, 29, 4]
[-5, -10, -21, -63, -14, -15, -25, -1]
[-2, 4, 15, 53, 17, 0, -5, 1]
[2, 1, 3, -5, 17, 2, 9, -3]
[1, -4, -9, -44, -98, -14, 26, 39]
[-2, 2, 13, 85, 107, 22, -30, -34]
[-11, -8, -19, -55, -128, -37, -19, -14]
[-4, -5, 0, 24, 62, 14, 11, 12]
[0, -6, 2, 3, 26, -9, -18, 32]
[0, 3, 1, -42, 0, 12, -8, -59]
[-6, -7, -1, 19, -59, -17, 11, 23]
[4, 9, -4, -58, -8, -5, 7, 2]
[9, 4, 5, 14, 127, 29, 7, -10]
[-1, -5, -9, 3, -82, -36, 20, 46]
[5, 4, 13, 89, 127, 35, -6, -25]
[-2, -1, -1, -32, -41, 7, -4, -8]
[-9, 0, -6, 19, -76, -23, 0, -10]
[0, -2, -3, -56, 34, 9, 14, 9]
[-3, -7, -3, -5, 46, -6, 7, -13]
[-1, -6, -7, 25, -34, -14, 8, 20]
[3, -3, -6, -26, 81, 13, -11, -31]
[-2, 2, 7, 2, -18, -21, -8, 36]
[3, 3, -1, -53, -52, 14, 14, -5]
[2, -1, 2, 56, 71, 3, -19, 4]
[-1, -2, -6, -47, 7, 4, 30, -3]
[-1, 3, 15, 66, 46, 4, -24, -13]
[-2, -5, -12, 7, -75, -25, -17, 28]
[6, 3, 7, -37, 19, 3, 24, -10]
[-9, -2, -2, 39, 28, 4, -5, -18]
[7, -2, -1, -14, -2, -1, 14, 11]
[1, 3, 10, 38, 12, 5, 6, 2]
[-8, -7, -7, -23, -68, -20, -19, -15]
[-4, -10, -30, -39, -128, -31, -37, 2]
[-2, 1, 27, 113, 123, 19, 10, -14]
[7, 6, 4, -101, -48, -9, -7, -3]
[11, 3, 2, -16, 48, 17, 20, 41]
[-9, 9, 16, 39, 31, 16, -6, -40]
[-9, -14, -31, -73, 23, -4, -9, -11]
[-4, -7, 3, 94, 27, -6, -2, 3]
[1, 7, -3, -21, -25, -17, -39, -20]
[-6, 6, 9, -23, 82, 29, 5, -21]
[0, -8, -15, -74, -80, -28, 48, 60]
[7, 7, 13, 77, 127, 27, -7, -22]
[1, 6, 10, 66, 56, 2, 14, 16]
[2, -9, -15, -62, -53, -10, 1, 15]
[-3, 15, 30, 88, 42, 26, -4, -65]
[6, -1, -3, -24, 75, 17, 3, -4]
[-13, -11, -22, -57, -82, -14, 17, -12]
[7, 0, 15, 123, 44, -5, -10, 22]
[6, 2, 5, -29, 75, 19, -6, 1]
[-5, -10, -22, -85, -24, -22, 6, 20]
[-1, 7, 16, -35, -51, 22, -3, -26]
[1, 3, 3, -20, 8, 0, 1, 29]
[-3, -12, -19, 15, 23, -12, 47, 21]
[9, 15, 23, 53, 37, 22, 17, 3]
[2, -5, 0, 43, -27, -7, 21, 22]
[-16, -4, -18, -35, -34, -21, -40, -85]
[-5, -4, -9, -4, -17, -22, -53, -37]
[-2, -6, -32, -111, -85, -21, 12, 47]
[11, 1, 32, 108, 54, 20, 19, 39]
[3, -1, -1, -59, -32, -3, 51, -3]
[-4, 0, -5, -53, -1, -9, -28, -28]
[-14, -7, -1, 64, 60, 24, 11, -23]
[8, -6, -7, -27, -43, -5, 0, 27]
[-6, 3, -5, 0, -8, -2, -21, 4]
[0, -2, -8, -28, -28, 0, -31, 16]
[12, 15, 38, 0, 14, -13, -7, 4]
[-19, 0, 8, 21, 32, 1, -30, -60]
[2, -4, 3, 72, 18, 19, 31, 36]
[2, 3, 2, 32, 52, 10, 13, -8]
[1, 7, 50, 88, 13, 10, -24, -22]
[4, 3, -1, -49, 23, 6, 29, 47]
[4, 2, -19, -86, -60, -20, -23, -56]
[-6, -4, 0, 18, -75, -18, -19, 15]
[11, 3, -16, -21, 24, 14, 16, 63]
[-17, -1, 4, 19, 27, -1, -25, -100]
[2, -1, -8, -61, 72, 11, 6, -10]
[-4, -7, -13, 42, -21, -3, 8, -33]
[2, -11, -28, -73, -103, -17, -5, -1]
[-9, -11, -10, 0, 13, 0, -1, -1]
[17, 4, -12, -34, -57, -6, 17, 73]
[-3, 0, -4, -46, -43, -9, 15, 20]
[-8, 9, 17, 8, 23, 9, -24, -28]
[-3, -10, -28, -55, 32, -3, 2, -15]
[2, 5, 17, 51, 68, 15, -24, -34]
[10, 0, 5, -26, 25, 15, 32, 73]
[-6, -6, 3, -1, -76, 0, -4, -11]
[2, -17, -45, 24, 57, -14, -30, 1]
[3, 17, 68, 44, -2, 1, 14, 33]
[-2, -6, -51, -95, -2, -11, -11, -22]
[-5, -12, -10, 86, 54, 8, 13, 5]
[11, 32, 86, 64, 83, 2, -14, -15]
[-5, -18, -56, -27, 7, 6, 23, 23]
