[2, 10, 26, -63, -106, -19, -11, 1]
[2, -2, -16, -92, 16, 5, -3, -34]
[-11, -9, -11, 15, -22, -21, 4, 7]
[9, 0, 4, -71, -9, -7, 13, 66]
[-10, -5, -12, 38, 15, 14, 28, -82]
[-11, -12, -33, -64, -118, -27, -12, -65]
[16, 12, 2, -2, 12, -1, 22, 75]
[-15, -1, -4, -38, -79, -3, 14, -54]
[13, 11, 11, 59, 72, 24, 12, 23]
[4, 5, 16, 75, 96, 11, 17, 37]
[-4, -11, -34, -85, -108, -6, -29, -39]
[8, -2, -7, 9, 8, -4, -4, 5]
[-4, 9, 36, 59, 27, 17, 1, 15]
[1, -6, -24, -62, -23, -18, 1, 7]
[7, 9, 9, -30, 87, 5, -11, 12]
[-6, -11, -19, 99, 33, -1, -8, -6]
[15, 19, 52, 2, 29, 13, 5, 11]
[2, 0, -10, -21, -17, -13, -9, 6]
[-1, 4, 16, 92, 47, 28, 12, 22]
[-8, -4, -8, -81, -55, -17, -22, -60]
[-4, -9, -19, 36, 81, 20, 4, 0]
[-8, -14, 0, -15, -85, -35, 13, 56]
[-2, 4, 0, 18, -7, -5, -52, -60]
[3, 1, 17, -8, -7, 18, 86, 14]
[4, 2, -15, -12, -36, -16, -65, -22]
[-2, 8, -9, -45, -14, 5, 7, -15]
[-2, -8, 4, 69, 84, 21, 3, 9]
[0, 0, 12, 56, -29, -16, -5, 13]
[0, -6, -11, -50, 12, 19, -2, 13]
[-6, -5, -6, 40, -3, -15, -22, -29]
[11, 15, 36, 6, 0, 0, 31, 17]
[-4, -4, -18, -12, 8, 4, -21, -21]
[3, -1, -10, -58, -80, -25, 1, 16]
[-2, 8, 31, 85, 99, 24, -8, -32]
[-4, -5, -14, -36, -115, -22, 10, 38]
[-4, -10, -11, -11, 5, 10, -17, -1]
[-7, -1, -1, 2, 6, -5, 18, -14]
[-5, -7, -1, -6, -14, 9, 31, 60]
[-4, -10, -30, -94, -105, -22, -56, -50]
[3, 2, 19, 74, 127, 11, 4, 28]
[-1, -12, -18, -9, -8, 1, -4, 30]
[1, -1, 2, 14, 1, 2, -28, -13]
[-7, 4, 1, -4, 67, 3, 15, -11]
[0, 0, -9, -38, -33, -16, -18, 35]
[1, 5, 19, 84, 25, 4, 5, 3]
[-1, 0, -1, -17, 39, 4, 5, -16]
[1, -1, -10, 15, -46, -10, 6, 4]
[2, 5, 15, 13, 7, 11, -9, -16]
[-8, -18, -36, -64, -78, -27, 2, 12]
[4, -4, -21, -19, 9, 5, 1, 3]
[4, 9, 33, 45, -7, 8, 3, -3]
[2, 5, 3, -1, 32, 4, 2, -2]
[0, 8, 46, 57, 9, 6, 3, -7]
[3, 1, -7, -10, -23, 4, 1, 0]
[-5, -11, -20, -62, -7, -1, 2, -1]
[-4, 2, 4, 16, 3, -20, -12, -8]
[1, -4, -18, -39, -18, 0, 4, 10]
[-3, -6, -3, 49, 37, -2, -5, -18]
[1, -4, -4, -20, -27, -2, 10, -2]
[9, -1, 1, 17, 10, 2, 21, 66]
[-4, 1, -6, -16, -26, 1, -19, -85]
[5, 11, 27, 60, 94, -1, 11, 25]
[-4, -1, -10, -42, -44, -9, -9, -37]
[-1, -4, -11, -10, -18, 3, -7, -7]
[-2, -6, -3, 2, -26, -6, 1, 14]
[0, -2, -11, -50, -10, 4, -5, -10]
[0, -3, -3, 17, -21, -10, -1, 5]
[-1, 3, 20, -5, -22, 3, -1, -9]
[1, 6, 7, 58, 56, 5, 7, 3]
[-3, -5, -15, -58, -27, -2, -5, -6]
[-3, -9, -31, -17, 1, 1, 5, 18]
[0, 10, 32, 29, -11, -5, -6, -20]
[3, 5, 18, 2, 16, 1, 0, 13]
[-3, -6, -15, -20, -34, 3, 1, 0]
[-2, 1, 17, 39, 23, -1, -3, 2]
[1, 1, -6, -14, 4, -15, -7, -10]
[-4, -3, -8, -5, 23, 11, 8, 3]
[-3, 1, -2, -15, -19, 4, 5, 0]
[-3, -9, -19, -28, 0, 2, 3, -3]
[-5, -11, -20, -32, -55, -3, -7, -7]
[0, 5, 28, 46, 68, 3, 1, 9]
[1, 0, 1, 17, 6, -1, 0, -6]
[1, 1, 3, 16, 2, 2, 0, 2]
[1, -4, -12, -36, -20, -7, -4, -6]
[-2, -11, -27, -68, -51, -9, -4, 3]
[0, 0, -6, 10, 1, -1, -2, -3]
[0, 8, 20, -4, 11, 4, 2, 2]
[-3, -8, -21, 19, 12, -1, -2, -5]
[2, 11, 39, 55, 14, 5, 0, 2]
[2, 5, 6, -12, -5, -5, 3, -2]
[0, -2, -12, -6, -2, -2, 0, 5]
[-2, -3, -6, -15, 10, 6, 2, -2]
[-2, -9, -5, 2, -6, 2, 0, 3]
[-1, -2, -8, -12, -27, 1, -2, -1]
[1, 3, 14, 12, 4, 3, 2, 1]
[-3, 0, -3, 8, 23, 0, -6, -4]
[0, -7, -15, -5, -8, -11, -4, -2]
[2, 0, 5, -17, 0, -4, 2, 2]
[-2, -7, -21, 4, 12, 4, -1, -2]
[1, 5, 19, 14, 19, 0, -2, 1]
[-1, 0, 1, 9, -4, 2, 2, 3]
[-2, 3, 8, 13, -14, -6, -4, -3]
[-1, -1, -5, -9, 4, -5, -2, -1]
[-3, 3, 5, 9, -1, 5, 2, -1]
[-1, -2, -13, -9, -13, -3, 1, 1]
[-2, 0, 0, -5, -6, 0, 0, -1]
[-3, -2, 0, 5, 0, 0, 0, 1]
[0, -1, 1, 0, -2, 1, -2, -1]
[2, 0, 3, -11, -6, 2, -1, -3]
[1, -3, -4, -23, 4, 2, 0, -3]
[-2, -2, 3, 8, -6, -8, -3, -1]
[-1, -5, -1, -3, 8, 3, 0, -3]
[-1, 0, -12, -2, -6, -3, -2, 1]
[1, 4, 9, 1, -6, 0, 2, 2]
[2, 5, 13, 25, 6, 0, 2, -1]
[1, 2, 3, 0, -1, -1, 1, 1]
[-3, -3, -1, -6, -3, -2, 0, 1]
[0, -5, -7, -19, -11, -5, -3, 0]
[0, 1, 12, 12, 5, 3, -4, 2]
[1, -2, -8, -2, -4, -4, -5, -2]
[-1, -1, 2, -1, 4, -2, 1, -3]
[-2, -2, -1, -4, -1, -1, -2, -3]
[2, -7, -15, -9, 2, -3, 1, 0]
[-1, 0, 1, -2, 10, 3, 0, -1]
[1, 1, -1, -7, -4, 2, 0, -3]
[-1, 1, -2, 1, -2, -3, -3, -2]
[-1, 0, -4, -9, -1, 0, 0, 0]
[1, 1, 2, -11, -5, 2, -1, 1]
[2, 3, 1, 8, 6, 2, -1, 1]
[-1, 0, 4, 12, 4, 3, 2, 0]
[-2, -2, -10, -32, -1, 2, 5, -1]
[1, -2, 3, 35, -4, -2, 0, -1]
[0, 5, 12, 11, 20, 3, 2, 3]
[0, -2, -1, 6, 1, -4, -7, -2]
[-3, 0, 1, -9, -9, 0, 4, 1]
[-3, -1, -13, -22, -4, -2, -2, 0]
[-1, -2, -5, -10, -7, -2, -2, -1]
[2, 2, 1, 1, -15, -1, -2, 0]
[3, 1, 7, 12, 9, 0, -5, -1]
[-1, -2, 0, 3, 10, 0, -1, -2]
[-1, -6, -6, -3, -1, 4, 0, -2]
[0, -2, 8, 4, 1, -4, 1, 0]
[-2, -1, -5, -9, -9, -3, -1, -1]
[2, 1, 5, 8, -1, 1, 1, 0]
[0, -1, -8, -12, -1, -7, -3, 0]
[-2, 1, 8, 21, 23, 0, 2, 0]
[0, -1, 0, 18, -5, 6, 0, -1]
[-1, 4, 8, 12, 9, 1, 2, 1]
[-2, -1, -5, -15, -13, 3, 0, 0]
[0, 0, -6, -11, -13, -13, -3, -2]
[0, 1, 0, -3, 6, 3, -3, 0]
[-2, -3, -3, -10, -3, -3, 0, 0]
[-4, -2, -5, -3, -2, -1, -2, 0]
[0, 5, 6, -2, -7, -2, -3, 0]
[-1, 0, -10, -14, 2, -4, -2, -2]
[-2, -2, 2, 18, 5, 0, 0, 1]
[-2, 0, -4, -6, -1, 0, 2, 0]
[-2, -1, -5, 2, 4, 5, 4, 0]
[-1, 2, 5, -12, -7, -3, -3, 0]
[2, 1, 4, -2, -1, -1, -1, -1]
[2, -3, 2, 6, -4, -4, 0, -1]
[-2, -4, -5, -4, -13, 0, -2, -1]
[1, -4, -5, -1, 5, 0, 0, 1]
[0, 0, 4, -11, -1, -1, 0, -3]
[2, 3, 2, 21, 4, 0, 1, -1]
[-2, 0, 0, -10, -12, -2, -3, -2]
[-2, 0, -7, 10, 8, -2, -2, 0]
[-2, 3, 12, 14, 2, 1, 2, -1]
[-1, -2, -7, -18, -5, -2, -1, -1]
[1, -4, -2, 4, 3, 2, 0, 1]
[-1, 0, 1, 1, -3, -2, -3, -1]
[-1, -3, -11, -24, -2, 0, -3, 1]
[0, -1, 2, 7, -3, 0, 0, -1]
[-2, 1, 10, 14, 10, 0, 2, 0]
[-2, -1, -3, -4, -10, -4, -1, -1]
[-2, -2, -4, 0, -3, -2, -3, -1]
[-2, 0, -3, -21, -11, -2, -3, -1]
[1, -1, 6, 20, 10, 1, -1, 1]
[1, -3, -2, -6, 1, 0, 1, 0]
[0, 1, 4, -6, -9, 0, 1, 0]
[2, -2, 1, 5, 7, -3, -2, 0]
[0, -1, -2, -7, -1, 1, 1, -1]
[1, -2, 3, 7, -3, 0, -2, 2]
[-2, 0, -4, -6, -3, -1, 0, 0]
[-1, -1, -3, 1, -3, 1, 0, 1]
[-2, -3, -4, -7, -5, -2, -3, -3]
[-1, 0, 2, -4, 1, 0, 1, -2]
[1, 0, 0, 7, 4, 3, -1, -2]
[0, 0, 0, -1, -3, -5, -1, -2]
[-2, -1, -9, -5, -4, -1, -1, -3]
[0, 0, -4, -16, -4, 0, 2, -1]
[2, 1, 3, 16, 18, 1, 0, -1]
[1, 2, 7, 11, 1, 1, -1, 2]
[0, 2, 2, 4, 3, -1, -2, 2]
[-1, -3, -3, -6, -9, 2, -1, -2]
[-2, -4, -9, -11, -9, -4, 0, 0]
[0, 3, 9, 10, -4, 1, 1, 0]
[-2, -2, -4, -7, -5, -3, -2, -1]
[0, 1, -2, 3, 5, 0, 1, 0]
[1, 0, -3, -3, 0, 2, 0, -3]
[-2, -2, -2, -2, 0, -1, 2, 0]
[-3, 0, -1, 2, 4, 0, -1, 1]
[-1, 2, 4, 4, 2, -2, -1, -1]
[1, -2, -3, -3, 2, 1, -1, 0]
[1, 0, -3, -4, 0, 0, -2, 1]
[3, 1, -3, -3, -1, -3, -1, 1]
[1, -1, 2, 5, 11, -1, 1, 0]
[2, -2, 3, 3, -3, 1, 1, -1]
[-2, -5, -10, -13, -6, 2, -1, -3]
[-2, -1, 4, 13, 1, 0, -1, -1]
[-3, 1, 1, -3, -6, -3, -1, -2]
[-4, 0, 1, 1, -3, -1, 2, 0]
[-3, -1, -1, 8, 15, 0, -1, 0]
[1, 0, -11, -19, -3, 0, -2, -1]
[-1, 4, 5, 10, 4, -1, -2, 1]
[-1, -1, -3, -8, -3, -1, -1, 0]
[-1, -2, 0, -8, -2, -4, -1, -1]
[-1, -4, -8, -1, 4, -1, -1, -1]
[0, -2, 0, 0, -1, -1, 0, 0]
[2, 2, 9, 8, 5, 3, 2, 2]
[0, -2, -1, -5, -2, -1, -1, -1]
[0, 0, 3, 4, -1, 0, 1, 1]
[1, -1, -4, -8, -6, 0, -2, -1]
[-2, -1, -5, 3, 1, -1, -2, -2]
[-2, -1, 0, 6, 0, -2, 0, 1]
[-1, -1, 8, -3, -4, -4, -1, -3]
[-4, -1, 2, 3, 1, 1, 0, 0]
[2, 1, -1, 1, 2, -1, -2, -1]
[1, 0, -3, -10, -2, 1, -1, 1]
[0, 1, 4, 8, -10, -3, 0, 0]
[0, 0, 0, 7, -2, -1, -1, 0]
[0, 0, 4, -7, 0, -1, 1, 1]
[-1, -1, -3, -1, -1, 1, -3, 0]
[1, -2, -3, -9, -2, -2, -1, -2]
[2, -1, 1, -12, -11, 1, 3, -1]
[-2, -4, -11, -5, 22, 4, 1, -3]
[-3, 1, -5, 16, -4, -3, -1, -2]
[0, 3, 13, 14, 6, -3, -1, 2]
[0, -1, -1, -4, -6, -3, -1, 1]
[1, -3, 0, -4, -2, -1, 0, -1]
[2, -3, -8, -9, -3, -1, -1, 0]
[-1, -1, -9, -9, -4, 0, -1, 0]
[0, -1, 3, 7, 1, 0, -2, 0]
[-3, -3, -5, -3, 0, 1, -1, 0]
[-2, 0, 2, -4, -1, 1, 2, -1]
[-1, 0, -4, 0, -2, -4, 0, -2]
[0, 0, 5, 11, 0, -1, -1, 1]
[0, 3, 3, -1, 11, 1, -2, 0]
[0, -1, 3, 1, -7, 2, -2, 0]
[-2, -3, -5, -16, -26, -5, 0, -2]
[-2, -4, -7, -4, 9, 2, 1, -1]
[0, 0, 1, 3, -9, 1, 1, -1]
[0, -1, -2, -3, 1, -3, 1, -3]
[-1, 0, -3, 2, 6, 2, -1, -1]
[0, 2, 0, 0, -7, -7, -3, -1]
[2, 2, 2, 9, 1, -3, 0, 0]
[0, 0, 1, -3, 4, -2, 1, 0]
[-4, -5, -2, -3, -4, -1, -1, 2]
[-2, -2, -3, 6, 6, -1, -1, 0]
[3, 1, 8, 4, 0, 1, 0, 0]
[0, 1, 6, 2, -2, 1, 0, -1]
[-2, 0, -3, -2, 4, -2, -3, -2]
[1, -3, 0, -6, 3, 3, -2, 0]
[-1, -2, -7, -9, -9, 0, -1, -1]
[-2, -2, 1, 3, 3, 0, 0, -2]
[-3, -2, -4, -7, 0, -3, -2, -1]
[0, -1, -5, -6, -1, 0, -3, 0]
[-1, -1, 2, 11, 4, -1, 1, -1]
[2, -2, -1, -2, -2, 1, -1, 0]
[2, 1, 1, 5, -3, 1, 2, 0]
[-2, -4, 0, 8, 8, -1, 1, -1]
[-1, 0, -3, -5, -7, 0, -1, -1]
[-1, 3, 1, -3, 5, -1, 0, 2]
[-2, 0, -2, -13, 0, -1, 1, 0]
[-3, -1, 0, 5, -5, -2, -1, -2]
[0, -2, -1, 2, -4, -1, -1, -1]
[2, -1, -3, -7, 0, 0, -2, -1]
[3, 0, 6, 7, 0, -2, -2, 0]
[0, 1, 0, -3, -3, 0, -2, -2]
[-1, -2, -4, -7, -7, -3, -1, -1]
[0, 2, 6, 0, -4, -2, -1, -2]
[-2, -2, -4, -12, 3, 1, 0, 0]
[-2, -2, 3, 16, -11, -3, 0, -1]
[-2, 0, 2, 1, 4, -2, 0, -1]
[-3, -2, -4, 5, 9, 1, 2, 1]
[-2, -2, -4, -8, -8, -1, -2, -1]
[1, -2, 2, -16, -6, 1, 0, -1]
[2, -1, 4, 5, -5, 2, -1, -1]
[1, -2, 1, 6, -1, 1, 0, -1]
[-1, -3, 0, -5, -4, 1, 0, -1]
[-1, -2, -7, -6, 1, 0, -1, 2]
[0, -2, -3, 3, -4, -2, -1, 0]
[0, 0, -1, 1, 2, -2, -1, 1]
[1, 4, 0, 6, 9, -2, -1, 2]
[1, 1, -2, -11, -1, 1, 0, -2]
[-2, 1, 0, 7, 9, 1, 0, 1]
[0, -2, -2, -5, 2, -1, 0, -1]
[1, -1, -1, 1, -9, -2, 0, 0]
[1, -1, 3, 0, 5, -4, -2, -1]
[-2, -3, -7, -4, 3, 0, -1, 0]
[-2, 1, 1, -1, -2, 2, -1, -1]
[-1, 1, 3, 9, 1, 1, -1, -2]
[-1, 1, -3, -5, -2, 0, -1, 0]
[-1, 0, -4, 3, -3, 1, 0, -1]
[1, 1, -1, 3, 0, -2, -1, -1]
[-1, -1, 0, 1, 2, -3, -1, -1]
[1, 1, 0, -5, 2, -2, 0, -1]
[0, -2, -2, -8, 0, 2, 0, -2]
[0, -4, -1, -2, -9, -1, 0, -1]
[-1, 2, 1, -2, -6, -3, -1, -1]
[0, -4, 3, 7, 10, 0, -1, -2]
[0, 1, 0, -3, 0, 0, 1, 2]
[-1, -1, 4, 4, 3, 0, -1, 1]
[-1, -4, -6, -4, 6, 0, -3, 2]
[-2, -2, -3, 1, -8, -4, -1, 1]
[2, -2, -1, -18, -8, -3, 0, -1]
[-1, -3, -5, 10, 5, 0, -1, 0]
[-3, -1, -4, -1, 1, -3, -1, -2]
[-3, 3, 1, 3, -3, 1, 2, 0]
[1, -1, -3, -6, -8, 0, 0, -2]
[1, -3, -4, -14, 11, 0, 1, 2]
[-1, -1, 2, 7, -17, -4, -1, 1]
[-2, 1, 1, 2, 17, 2, 1, -2]
[1, -1, -3, -8, -11, -3, -1, -1]
[1, 1, 2, 2, -5, -1, -1, -1]
[1, -2, -1, 2, 2, 1, 0, -2]
[1, -3, -1, -5, -14, 0, 1, 0]
[-2, -1, -2, 2, 4, 2, -1, -1]
[-2, 0, -2, 1, -4, 0, -1, 0]
[2, 0, -1, -2, 0, -2, -2, -1]
[0, 6, 3, -1, -1, -1, -1, -1]
[0, -2, -1, -1, 8, 0, -1, -1]
[-3, -3, 0, -2, -6, -4, 0, 0]
[-1, -3, -1, -2, -5, -2, -2, 0]
[-1, -1, -1, 3, 5, 0, -1, 0]
[-1, 0, 0, -8, 3, 3, 0, 0]
[-3, 0, -10, 2, -8, -5, -2, -2]
[-1, 4, 14, 7, 6, 1, 0, 0]
[-1, -1, 1, 1, -4, -2, -1, -1]
[-2, -2, 4, 7, 4, -1, 1, -2]
[0, -2, -2, -9, -4, 1, 1, -2]
[-3, -5, -8, 0, 1, 2, -1, -2]
[0, -1, -2, -3, 4, 0, -3, 0]
[1, 0, 5, -6, -9, -1, -2, 2]
[0, 1, 7, 22, 2, 1, 0, 0]
[-1, 0, -5, 1, 3, -1, -1, 0]
[0, 0, 2, -3, -3, 1, 1, -1]
[-1, -3, -8, -1, 1, -1, 0, -2]
[-2, 1, 5, -3, 3, 1, -1, -2]
[1, 1, -1, -4, -4, -2, 0, -3]
[0, -2, -9, -9, -5, -2, 0, -3]
[-2, -3, -8, -1, -3, -3, -2, 0]
[-1, -2, 9, 17, 4, 0, -3, 1]
[-1, -2, -5, -8, 6, 1, -3, 0]
[1, 3, 8, 9, -7, -3, -1, -2]
[0, 3, 5, 7, 13, 2, 1, -1]
[-2, 1, -4, -9, -3, 1, -1, 1]
[0, 1, -3, -4, -5, -3, -2, 0]
[-1, -3, -4, -2, -2, -3, 0, 0]
[1, 0, -1, 1, -3, -1, 1, -1]
[1, 1, 0, -4, 6, 1, 1, -1]
[-2, -1, -1, -1, 0, -2, -2, 2]
[-2, 0, 0, -4, -17, -2, -2, -1]
[-1, 1, 1, 4, 3, 1, 0, -2]
[0, -1, -4, -11, -9, 2, 1, -3]
[0, -1, -3, -1, 5, 0, 1, -1]
[-1, 1, -2, 2, -3, -2, -2, 0]
[2, -3, 0, 2, 6, -1, -1, 0]
[0, -2, -4, -11, -10, -3, 0, 0]
[0, -1, -3, 6, 4, -2, 0, 0]
[-1, -2, 4, 9, 10, 2, -1, -1]
[1, 3, 6, 8, 2, 5, -1, 0]
[-2, -3, -1, -4, -1, -4, -1, -1]
[-1, -3, 1, -4, -9, -4, 3, -4]
[0, -3, -5, -6, -3, -1, 0, 0]
[2, 0, 2, 8, 33, 10, 3, -6]
[1, 2, 0, 6, -3, -2, 0, 11]
[0, -2, -5, -10, -28, -3, 1, 1]
[-1, -1, -4, -8, 5, -7, -8, -4]
[-3, 1, -7, -33, -33, -7, 2, 3]
[6, 4, 9, 15, -4, -1, 11, 15]
[-3, 0, 1, 27, 34, 5, -22, -34]
[-7, 3, 3, -14, -67, 2, 2, 19]
[6, 9, 7, 36, 53, 18, 12, -11]
[-8, -6, -13, -33, -52, -17, -3, 1]
[2, 3, 10, 16, 32, 5, 12, 7]
[2, -2, -3, 2, 35, 9, -11, -21]
[-1, -5, -8, -49, -105, -20, 13, 39]
[3, 3, 4, 15, 61, 18, 7, -37]
[-4, 2, -1, -10, -66, -18, -20, -15]
[-4, -4, -8, -2, 42, 2, -16, -10]
[0, -1, -1, -6, 20, -4, 4, 3]
[3, -3, -5, 17, -12, 3, -8, 5]
[0, -2, 1, 12, 42, 5, 24, 13]
[-7, -6, -1, -21, -71, -16, -4, -1]
[1, 0, 9, 17, 49, 7, -11, 6]
[-3, -4, 2, 7, 25, -1, -1, -5]
[-5, 1, 1, -24, -38, 0, 0, -9]
[3, 1, 3, 27, 46, 6, 25, 28]
[-4, -3, -2, -3, -19, -5, -12, -13]
[2, 2, 2, -16, 0, -5, 2, -3]
[1, -2, -3, -2, -5, 8, 8, 13]
[2, 0, -3, 12, 32, 4, 18, -3]
[-4, 1, -2, -1, -21, -8, -22, -10]
[5, 6, 4, 10, -29, 2, 6, 12]
[-3, -2, -4, -22, -11, -10, -13, -2]
[5, 3, 1, -12, 17, 9, -1, 6]
[-3, -1, 0, 45, 33, -1, 6, -3]
[-5, -3, -13, -42, 13, 3, -5, 0]
[3, 3, 2, 4, 18, 3, 8, 10]
[0, 3, 3, 17, -77, -15, -10, -15]
[2, -2, 0, 24, 8, 2, 0, 2]
[-2, -2, -2, -21, -24, -5, -12, 3]
[0, 1, -6, -25, -38, -7, -17, -11]
[4, 3, 4, 34, 74, 15, 2, 14]
[-2, 1, 3, -13, -30, 0, 12, 3]
[-4, -4, -1, -12, 22, -5, -25, -13]
[-1, -2, 2, 45, 82, 5, -10, -2]
[-1, -5, -12, -23, -86, -14, 18, 1]
[-3, -5, -3, -2, 20, -6, -16, -14]
[-2, -2, 5, 3, 3, 1, 3, -7]
[-1, 0, 5, 3, 10, 7, 17, 20]
[-1, 2, 0, -24, -25, -11, -5, -13]
[-4, -5, -4, 8, 35, 3, 5, 4]
[-1, 0, 2, 18, 29, 7, 0, -9]
[0, 0, -2, -17, -20, -6, -6, -4]
[-2, -3, 2, 31, 30, 6, -6, 1]
[-2, -2, -6, -59, -68, -5, 21, -6]
[-4, -1, -4, 12, -13, -6, -7, -3]
[0, -1, -3, 19, -5, 9, 15, 7]
[-6, 0, -1, -14, 24, -6, -11, -9]
[0, 1, 4, 19, 29, 7, -8, -2]
[0, -1, -6, -3, -32, -1, 14, 9]
[0, 3, 1, -6, -3, -4, 7, -6]
[3, -2, -6, -26, -29, -3, -5, 0]
[0, 3, 7, 25, 96, 15, 4, -10]
[0, -1, 2, 28, -4, -6, -8, 14]
[0, -7, -12, -41, -84, -22, -53, 12]
[-5, 1, 5, 40, 33, 2, -7, -34]
[-3, 0, -6, -35, -17, 1, 4, 7]
[0, -2, -6, -43, 22, 4, -5, -21]
[-1, 0, 1, 14, -23, -2, 26, -2]
[3, -4, -2, -46, 9, 5, 1, 11]
[-3, -3, 4, 103, 12, -13, -13, -5]
[3, 7, 5, -25, -3, 3, 4, -2]
[-2, -3, 3, -2, 30, 10, 20, 3]
[0, -2, -4, -15, -50, -2, 7, 3]
[6, 2, 2, -23, 33, 3, -2, -4]
[6, 6, 9, -16, -70, 6, -4, -12]
[9, 2, 8, 81, 40, -1, 25, 47]
[1, 8, 10, 64, 86, 21, -3, -17]
[-5, -4, -15, -51, -94, -22, -28, 1]
[-4, -2, -4, -16, 11, -4, 6, -8]
[2, -2, 11, 63, 83, 13, -24, 22]
[-6, 0, -4, -72, -19, -11, -9, -50]
[10, -1, 3, 43, 55, 25, 35, 47]
[-8, -10, -15, -20, 24, -22, -11, -10]
[-4, -1, 1, -23, -77, -5, -3, 0]
[12, 1, 7, 43, 86, 18, 3, 53]
[-8, -2, -7, -29, -78, -1, 7, -59]
[2, 5, 3, 29, -31, -7, -1, 55]
[-2, -5, -15, -98, 28, 4, 12, -47]
[-4, -4, 4, 79, 73, -7, -39, 12]
[-2, 0, -10, -61, -126, -34, -10, 3]
[2, -1, 1, -9, -55, -4, -23, 2]
[-1, 4, -11, -9, -13, 4, -3, 1]
[0, -7, -2, -18, -40, -3, 40, 58]
[-8, 4, 9, 50, -2, 5, -27, -107]
[0, -2, -6, -72, 18, 3, -12, 38]
[-4, -4, -6, 1, -86, -34, -4, 27]
[-7, -1, -14, -77, -16, 4, 2, -20]
[8, -3, 6, 51, 114, 14, 14, 43]
[2, 3, 7, -10, -47, -6, 15, -4]
[-6, 6, 7, 25, 107, 18, -18, -68]
[-3, -5, -17, -7, -73, -22, 8, 35]
[-3, -1, -6, -49, 24, -7, 2, 0]
[6, 0, 7, 75, 109, 23, 22, 16]
[-13, -8, -4, -6, -45, -17, 6, 0]
[6, 13, 22, 5, 72, 4, -9, -32]
[2, 4, 19, 49, -45, 0, -12, -9]
[7, -10, -9, -36, -93, -20, -29, -15]
[-2, 3, -10, 0, 20, 11, 31, 61]
[3, 2, -1, 38, 24, 0, 3, -18]
[26, 11, 11, 5, 112, 45, 31, 117]
[-34, -4, -5, -10, -1, -11, -28, -128]
[10, -11, 2, 78, -8, -20, -39, 93]
[-7, 3, -3, -88, -128, -13, 5, -43]
[-1, -2, 2, 68, 86, 19, 12, 22]
[1, -2, -2, 13, 19, 18, 28, 16]
[3, 5, 13, 6, -6, 3, 18, -12]
[6, -4, 3, 35, 13, 7, 13, 2]
[-17, -23, -46, 17, 48, 5, -7, -33]
[4, -5, -14, -34, -69, 4, 17, 16]
[7, 15, 29, -68, 18, 7, 15, -24]
[0, -3, -2, 108, -41, -2, 3, 4]
[-7, 17, 33, 2, -75, -4, -10, 5]
[13, -14, -41, -60, -53, -24, -2, 83]
[4, 7, 22, 108, 127, 53, -18, -51]
[-16, -12, -9, -84, -80, -31, 8, -48]
[10, 0, -26, -115, -71, -22, 20, 1]
[-9, -1, 31, 92, 30, 18, 12, 14]
[-1, -2, -17, -77, -83, -10, -42, -12]
[1, -4, -5, -37, 40, 16, -14, -17]
[1, -1, -3, 41, -112, -26, -12, -35]
[-7, 6, 27, 122, 85, 15, 7, 0]
[-3, -11, -22, -108, -119, -16, -1, -38]
[-3, 1, -17, -12, 59, 8, 18, 44]
[1, -3, 2, -63, -21, 9, -4, -1]
[10, 1, 7, 30, -6, -16, 6, 47]
[-6, 1, -13, 21, 42, -3, 12, -70]
[4, -1, 9, -78, -104, -29, -19, 21]
[-14, -6, 0, 51, 75, 6, -38, -90]
[1, 3, -13, -30, 55, 13, 11, 5]
[4, 7, 18, -27, 3, -13, 6, 15]
[7, 12, 37, 59, 28, 23, 1, 66]
[-5, -15, -37, -93, -49, -18, -34, -48]
[-5, 5, 16, -39, 65, -3, 12, -19]
[-2, 1, 0, 5, -15, -6, -7, 25]
[-2, -8, -10, -31, 31, 7, 19, 11]
[-8, 3, 16, 56, 7, -10, -45, -23]
[-4, -22, -47, -89, -38, -16, 7, 24]
[-1, -2, -11, -26, 7, 1, 14, 27]
[-4, -10, 2, 94, 48, 21, 20, -32]
[-2, -10, -21, -107, -30, 3, 58, 87]
[11, 21, 24, 93, 55, 9, -16, -18]
[-4, -9, -8, -24, -81, -19, -41, -15]
[4, -4, -25, -84, -24, -11, -26, -17]
[6, 5, 9, 15, 100, 14, 18, 26]
