[-7, -3, -13, -45, -90, -11, -10, -50]
[-1, 6, 38, 60, 1, 1, 35, 38]
[1, -3, -33, -28, -32, -6, -12, -1]
[6, 20, 90, 86, 12, -4, 2, 16]
[5, 4, 22, 63, 55, 23, 7, 2]
[3, -8, -16, 21, 57, 20, 7, -15]
[-8, -10, -28, -98, -46, -21, -5, 0]
[1, 5, -7, 52, 37, -8, -39, 21]
[-3, 0, 2, -7, 46, 4, -27, 0]
[-6, -4, -33, -95, -62, -29, -24, -7]
[6, 13, 28, 83, 84, 18, -32, -24]
[10, -10, -35, -68, -128, -22, 78, 100]
[-4, -2, 8, 24, -11, -13, -13, -41]
[5, -2, -10, 21, 40, 27, 24, -6]
[1, -3, 5, -55, -100, -37, -15, -12]
[-4, 0, 2, 12, 22, -3, 13, 3]
[2, 3, -6, -24, 50, 19, -5, 1]
[-1, 2, 5, -7, -75, -35, 16, 2]
[0, -2, 5, 61, 57, 26, 6, 31]
[-10, -5, -6, 25, 15, 11, -12, -71]
[1, 7, 26, 14, -88, -21, 12, -4]
[-6, 0, 14, 46, 27, 7, -13, -8]
[7, 7, 23, 39, 94, 21, 11, 26]
[-5, -14, -38, -128, -113, -33, -24, -8]
[-6, -5, -5, 50, 56, 11, 3, -6]
[4, -2, -5, -28, 25, 7, -4, -4]
[-11, -2, -5, -2, -48, -10, 16, -34]
[12, 2, -8, -61, 36, 23, 31, 51]
[-3, -4, -12, -8, -35, -5, 41, -2]
[2, 4, 10, 40, 103, 20, -47, -48]
[-4, -2, -17, -22, -41, -23, -3, -7]
[-1, 4, 11, 5, -37, 11, -13, -16]
[-7, -1, -10, -23, 52, 0, -6, 18]
[0, -4, -6, 21, 7, 2, 10, 13]
[3, 4, -3, -33, -30, -9, -4, 3]
[-3, 2, 14, 56, 43, 5, -18, -11]
[4, 3, 3, -20, -19, 7, 1, 9]
[-1, -9, -9, 11, -14, -6, 4, -3]
[-2, 0, -1, -13, -4, 0, -6, 2]
[1, 1, 2, -18, 20, -3, 7, 2]
[-6, -2, -17, -6, -3, -14, -6, -13]
[2, 6, 5, -46, -45, 0, 9, 11]
[3, -2, 3, 30, 37, 25, 5, 8]
[-2, -1, 3, 25, 33, -5, -4, -12]
[-1, -4, -3, -25, -54, -18, -3, -3]
[-2, -6, -10, -11, 16, -3, -4, 7]
[1, -2, 6, 33, -17, 1, -5, 1]
[-4, -3, -9, -20, -22, 1, -3, -12]
[0, 0, -5, -11, -21, 2, -6, -1]
[-3, 1, -6, -23, -23, -13, 4, 11]
[-2, 1, 10, 34, 38, -2, 0, -4]
[2, -2, -8, -25, -11, -1, -1, -4]
[-2, 5, 20, 59, 53, 11, 3, -10]
[1, -1, 0, 14, 29, 8, -7, 23]
[-3, -4, -17, -74, -37, -6, -4, 0]
[-4, -6, -16, -4, -19, -11, -7, -3]
[5, 4, 16, 0, 0, 6, 3, 0]
[-2, -5, -9, 15, 2, 4, 1, -9]
[1, 3, 21, 38, 13, 1, -2, -2]
[0, 2, -4, -23, 3, 4, -4, 0]
[-4, -12, -34, -21, -22, -4, -7, -2]
[0, 4, 20, -18, -24, -5, 5, -1]
[-1, -5, -18, 9, 10, 2, -1, 2]
[-2, 4, 12, 39, 11, -1, 2, -5]
[1, 0, 2, -4, -8, 0, 0, 5]
[-2, -9, -33, -42, -20, -2, -2, 0]
[2, 3, 8, 32, 10, 2, 0, 0]
[0, 4, 4, 0, 15, 7, 2, -2]
[-2, -8, -23, -60, -26, -4, -1, -1]
[-1, 2, 19, 41, 4, 4, 3, -3]
[-2, 1, 1, 2, 17, -7, 0, -2]
[1, 0, 6, 17, -9, 0, -2, 0]
[0, -1, 9, -5, 7, -5, -4, 1]
[-3, -4, -3, 2, -10, -4, 2, -3]
[-2, -3, -3, -3, 14, 2, -3, -1]
[-1, 0, 11, 16, -7, 0, 0, 0]
[0, 1, 0, -1, 2, -1, 1, -1]
[-1, -3, -5, -7, 2, -2, -1, 0]
[0, -1, 3, -9, -10, 7, 2, 0]
[1, 2, -7, 9, 17, 5, 2, 1]
[0, -2, -6, -19, -2, 0, -1, -1]
[0, 2, 7, 24, 6, -6, -1, -1]
[1, 2, 5, -11, 1, -2, 0, 1]
[1, -4, -14, -10, -2, -3, -3, -4]
[1, 0, -2, 13, -3, 2, -3, -1]
[5, 13, 41, 37, 8, 2, 5, 2]
[1, 2, -5, -11, 1, 0, -3, -1]
[-2, 1, 13, 18, 3, 0, -2, -2]
[0, 0, -4, -7, -8, -5, -3, -2]
[2, -3, -14, -26, -8, -2, -1, -1]
[0, -2, -2, -6, 1, 2, 0, 0]
[-2, -6, -4, -6, -1, -3, -1, -2]
[-3, -1, 3, -3, -5, -6, -1, 2]
[-4, 0, 0, -2, -7, -4, 0, 1]
[0, 0, 2, 5, 8, -1, 0, 0]
[0, -2, -3, -3, 0, 0, 1, 2]
[1, 1, 11, 12, -1, -1, 1, 2]
[0, -4, -6, -5, -9, -1, -1, -2]
[0, -1, -7, 2, -4, 1, 2, 0]
[-1, 1, 1, -3, -4, -1, 0, -1]
[-2, 3, 3, 6, 0, 1, 0, -1]
[-2, 2, -1, -15, 2, -1, -1, -2]
[0, -2, 3, 9, 1, -1, -1, 0]
[1, 2, 6, 1, 2, -1, -2, -2]
[0, 2, 13, 13, -6, -1, -3, 0]
[-2, -4, -20, -4, 11, 6, -2, -1]
[-4, -2, 12, 18, 7, 2, -1, -2]
[0, 3, 3, -9, 1, 1, 0, -2]
[0, 2, 2, -2, -7, -4, -1, -1]
[1, -5, -9, -18, -4, -1, -1, 0]
[1, 2, -2, -2, -6, 1, 0, -2]
[-1, -5, -5, 0, -1, -2, -4, -1]
[-1, -2, -1, -2, -1, -5, -1, 0]
[2, 0, 3, -2, -11, -5, 3, 2]
[1, -2, 1, 14, 16, 4, 2, 0]
[-3, 0, -1, -5, -17, -2, 0, -2]
[0, 1, -3, -5, 18, 3, 0, 1]
[-2, 0, -1, 4, 5, 0, -1, 0]
[0, -3, -2, -15, -22, -4, -1, 1]
[1, 0, -5, -1, -3, 0, 0, 1]
[-1, -2, 7, 6, -9, -3, -1, -1]
[0, 0, -8, -14, 0, 3, 2, 1]
[1, 2, 0, 11, 7, 3, -1, 1]
[1, 0, 2, 0, -1, -2, -2, -1]
[-1, -2, -7, -2, -10, -2, -2, -3]
[-1, 0, 4, 6, 7, 0, -4, -1]
[-2, -3, -8, -11, -3, -1, 1, -1]
[-2, 1, 10, 13, -1, -1, 0, -1]
[-1, -4, -5, -6, 5, 2, -1, 1]
[-1, -3, -6, -1, -5, -5, -3, -1]
[2, -1, -6, -6, 0, 0, -2, -1]
[2, 3, 11, 6, -4, 1, 1, 0]
[2, 2, -1, -18, -4, 0, 4, 1]
[-3, -4, -13, 1, 17, 2, -2, -3]
[0, 4, 11, -3, -3, -5, -2, -1]
[1, 0, -5, -6, 1, -1, -1, 0]
[1, -1, 3, 8, -1, -2, 0, 1]
[0, -3, 3, -6, -13, -3, -1, -1]
[-5, -7, -8, -2, 13, 0, -1, 1]
[0, -2, 0, -2, -8, -1, -1, 0]
[-2, -1, -9, -14, 8, -5, -1, -3]
[0, -3, 4, 25, 1, 0, -1, -1]
[1, 1, 5, 17, 6, 4, 1, 0]
[-3, -2, 3, 4, -7, -3, -1, -1]
[-1, 0, 4, 7, -2, -3, -2, 1]
[2, 1, 1, -12, -1, -1, -1, 0]
[1, -1, -1, 4, 5, 1, 1, -3]
[-1, -2, -7, -11, 16, 0, 0, 0]
[-2, -2, -6, 1, -10, -2, -1, -2]
[-2, 2, 9, -2, -4, 1, -1, -2]
[-2, -3, -1, -3, -11, 1, -3, -1]
[0, 3, 10, -2, 5, 0, -3, 0]
[-1, 2, 2, 12, 0, -3, -2, -3]
[1, -2, -4, -10, -2, -1, 0, -1]
[0, -2, -5, -11, -5, -2, 2, -1]
[0, -3, -8, 2, -4, 0, 1, 0]
[-2, -2, 1, -1, 2, 0, -3, 0]
[1, 4, 6, 4, -2, 0, -1, 2]
[1, -1, 0, 2, 6, 1, -1, -1]
[-1, -3, -10, -22, 0, -1, -2, -1]
[0, 2, 3, 8, -15, -2, -1, 2]
[-1, -1, -1, 12, 4, 0, 0, 0]
[-1, 1, 3, -2, -2, -2, -1, -1]
[-1, -3, -4, -2, 6, 0, 0, -2]
[1, -2, -4, -4, 3, 3, 0, -1]
[-2, -7, -17, -40, -9, -2, 0, 0]
[2, 3, 10, 30, 5, 0, -1, 0]
[-2, 1, 2, -3, -3, -3, -2, 0]
[-2, -1, 4, 6, 3, 0, 1, -1]
[-1, 2, 4, -3, -12, -1, -2, -1]
[-2, -2, -10, -13, 0, -1, -2, -2]
[-1, -3, -5, -5, -12, -4, 0, -2]
[-1, -4, -4, -1, 9, -1, 0, 0]
[-1, 0, 2, 9, 5, -1, 0, -1]
[-2, -3, -4, -5, 5, 4, 0, 1]
[2, 3, 1, 11, -13, 0, -2, -1]
[3, 0, 0, -2, 5, 0, 0, -2]
[0, -1, 1, 3, -4, 1, -2, -2]
[-2, -2, 2, 1, 3, 0, 1, 1]
[0, -1, 3, 3, 17, 4, 1, 0]
[-5, -2, -3, -3, -11, -3, -1, -2]
[-1, -1, 0, 6, 0, -2, 0, 0]
[0, -1, 0, -5, -9, -2, -3, -1]
[0, -2, -2, 1, 3, -1, -1, -1]
[1, 2, 0, 0, 4, -1, -1, 1]
[-1, 4, 1, 6, 3, -1, -1, 0]
[-1, 2, -2, -9, -7, -2, -2, 1]
[-1, 0, 1, -2, 3, 0, 0, -1]
[-3, -6, -14, -31, -7, -1, -1, -1]
[1, -1, 0, 26, 0, -3, 1, -1]
[3, 4, 17, 25, -2, 0, 1, 1]
[2, -1, -2, 4, 0, 0, 1, -1]
[-1, -1, -1, -6, -5, -2, -3, -1]
[-4, -6, -13, -13, 3, 0, 0, 0]
[-1, 0, 0, -18, -14, -1, 0, -3]
[-1, 3, 2, 15, 6, 0, 2, 1]
[-2, -2, 2, 3, 3, 2, 1, -1]
[0, -1, 1, -2, -1, -1, -3, 0]
[0, -1, -4, -3, 3, 3, -2, 0]
[-3, -2, -1, -5, -1, -1, -3, 0]
[-2, -1, -2, 0, -8, -3, 0, -3]
[-1, 1, 4, 0, -3, 0, 0, 0]
[-1, 0, -3, 0, 7, 0, -1, 0]
[0, 0, -6, -4, -1, -1, -1, -1]
[1, 0, 0, 4, -11, -4, -2, -2]
[0, -4, 0, 5, 17, 1, 0, -1]
[0, -2, 0, -9, -3, 0, 2, -2]
[1, -1, 0, -2, 10, 2, 0, 0]
[-1, 1, 2, 11, -11, -1, -2, 0]
[0, 2, 0, -7, -6, -1, -1, -1]
[1, -2, -10, -5, 2, 0, -3, 1]
[-1, 4, 0, 1, -6, 2, -2, -1]
[0, -1, 0, 4, 1, -1, 1, -1]
[0, 2, 1, -5, -3, -2, 1, -1]
[-2, -3, -2, -7, -2, -3, 0, -3]
[-2, -3, 3, 6, -4, 1, -1, -2]
[0, 1, 5, 0, 0, 0, 0, 1]
[0, -1, 3, 7, -5, -2, 0, -1]
[3, -2, 1, -1, 2, -1, 2, -1]
[-1, -5, -6, -9, -5, -2, 0, -1]
[0, -1, -2, 6, 6, 0, -1, 0]
[-1, 3, 1, -3, 4, -2, -1, 1]
[-2, 0, -4, -7, -17, 1, 2, -1]
[-1, -6, -7, -8, 11, 1, -2, -1]
[-3, -3, 3, 14, 5, -2, -3, 0]
[-1, 1, 2, -18, -10, 0, 0, 0]
[-2, 0, 2, 30, 20, 4, 3, -1]
[1, -2, -6, -13, -21, -4, -2, 1]
[1, -2, 2, -5, 4, -2, -2, -1]
[0, 1, 7, 5, -2, 0, -2, 0]
[-2, -2, -5, -11, 2, -1, -2, 0]
[1, 0, -2, 8, -1, -1, 0, -2]
[1, 2, -6, -11, 2, -1, -1, 0]
[0, -1, 6, 6, -15, 0, -1, 0]
[0, 0, 4, 8, 10, -3, -3, -1]
[-4, -2, -4, 1, 3, -3, -3, 0]
[-2, 0, -3, -2, -16, -3, -2, 1]
[-1, -3, -9, -7, 9, 0, -1, -1]
[-1, 0, -4, -2, -9, -1, -3, 1]
[1, 2, 7, 9, 0, -1, 0, 0]
[1, -2, 0, 1, 1, 0, 1, -2]
[-2, -2, -4, -11, -6, 0, 0, -2]
[-2, -2, -3, 2, 1, 1, 0, -2]
[-1, -1, -2, -14, -5, 1, 0, -1]
[-2, -1, 6, 9, 5, -1, 0, -2]
[1, -5, -1, 5, 2, -2, -1, -1]
[0, -4, -7, -7, -6, -2, 1, -1]
[1, 4, 12, 14, 1, 2, 3, 0]
[-3, 0, -6, -7, -3, -2, -2, 0]
[-2, -1, -1, 7, -2, -1, -2, -2]
[-2, -1, -1, -9, -2, -2, 1, -2]
[-1, -2, -6, 6, 18, 2, -2, -1]
[0, 3, 4, -1, 1, 1, 2, 0]
[0, 0, -1, 2, 5, 1, -1, -1]
[-1, -1, -6, -28, -10, -1, -3, -1]
[-1, -2, 2, 11, -7, -1, -1, -1]
[0, 0, -1, -4, 4, -2, -1, -2]
[0, 2, -1, 8, -4, -2, -1, 0]
[1, 1, -1, -7, 1, 1, 1, 2]
[-2, -3, -2, -6, -4, 0, 0, 0]
[0, -2, -3, -6, 0, -1, -3, 0]
[-2, -4, -2, -3, 2, -1, -1, 0]
[3, 1, -2, 4, 3, 1, -1, 0]
[0, 1, 5, 0, 2, -2, 1, 1]
[1, -2, -2, -1, -7, -1, 0, 1]
[-1, 0, -2, -1, 4, -1, -1, -1]
[-1, -1, -2, 6, 2, 0, -1, 0]
[-1, 0, 2, 2, 5, 0, -1, -1]
[-1, -2, 1, -5, -3, -4, -1, 0]
[-2, -2, 0, -3, -3, 0, -2, 0]
[0, 0, 4, 0, -6, -2, 0, -1]
[2, 2, -2, -5, 1, -1, 0, -1]
[-1, -1, -6, 0, -10, -3, -1, -2]
[-1, 1, -3, -3, 14, 0, -1, -1]
[0, 0, 5, 19, 3, 1, -1, 1]
[2, 4, 8, 0, 1, 1, 0, -1]
[0, -1, -2, -2, -1, 0, 0, -3]
[0, -2, -7, -8, -10, 0, 2, 0]
[-1, -1, 2, -5, 0, -1, 2, 1]
[0, -3, -3, 2, 5, -1, 1, 3]
[0, -2, -3, -21, -4, -1, 1, 0]
[1, -3, -4, 4, -4, -2, -1, -2]
[0, 1, 3, 3, 3, 1, -2, -1]
[-2, -1, -4, 6, -3, -1, -1, -1]
[-4, 0, 2, 5, 2, 0, -1, 1]
[-1, -2, -4, -7, -4, -2, 0, 0]
[-2, -1, 0, 0, 2, -2, 1, 1]
[-2, -4, -3, -5, -3, 1, -2, -2]
[0, -2, -6, -5, -4, -4, -2, -1]
[0, 1, 9, 9, -1, 0, 0, 0]
[0, 0, -4, -9, -5, 2, 0, -1]
[0, -2, -4, -5, 3, -2, -1, 1]
[-3, -1, -1, 3, 4, -1, 0, -1]
[0, 0, -2, -5, -6, -3, -1, 0]
[0, -2, 1, 1, 2, 2, -1, -2]
[-1, -4, -7, 0, 5, 2, 0, -1]
[1, 5, 11, 3, 0, 0, -2, -1]
[-1, 2, 1, 3, 1, 1, 1, -2]
[0, -1, 3, -2, -1, -3, 0, 0]
[-1, -2, -2, -2, -5, 0, -1, -1]
[1, -2, -3, 5, -1, 0, 0, -2]
[1, -2, 3, 0, 0, -1, 0, 0]
[-1, -1, -3, -12, 4, 1, -1, -1]
[-2, -1, -6, -5, -13, -2, -2, 0]
[-1, 0, 0, 13, 9, -4, -3, 1]
[-2, -3, -1, 0, -3, -2, -3, 0]
[-1, 0, 1, -4, -5, -1, 1, -1]
[-1, 0, 2, -9, 8, 2, 1, 0]
[-1, -2, -2, 9, -9, 0, -2, -3]
[0, 1, 2, 3, 3, 0, 1, -1]
[0, 0, -3, 6, -7, -3, 1, 0]
[-2, 0, 0, -6, -3, -2, 0, -1]
[-1, -2, -2, -2, 6, 0, 0, 1]
[-2, -2, -3, -3, -1, -2, -5, 0]
[2, -1, 3, 7, 2, -1, 0, -1]
[1, 4, 5, 0, -6, -2, 0, -1]
[-1, 0, 5, -5, -1, -2, 1, 0]
[-2, 1, -1, 3, 4, 0, -2, 0]
[-5, 1, -6, -3, 3, 0, -1, 0]
[-2, 0, 1, 1, 2, 1, -2, 0]
[-1, -1, -3, 1, -5, -1, -1, -1]
[0, -1, -4, -10, -1, -2, 1, 0]
[1, -4, 0, 1, 1, -1, -1, 0]
[0, 0, -3, 4, 1, -3, 0, -2]
[-2, 1, 2, 2, -6, 0, -1, 0]
[-2, 0, 1, -4, -1, 1, -2, 0]
[-2, -1, -3, -5, 0, 0, -3, -1]
[-1, -4, -1, -9, -12, -1, 1, -1]
[-1, -3, -6, 0, 17, 0, 0, -1]
[0, 1, 2, 2, -5, -2, 2, 0]
[-1, 0, -1, -3, -1, 0, 1, -1]
[1, -2, -5, 3, 2, 2, -2, 0]
[0, -3, -1, -1, -3, 1, -3, -2]
[-2, 0, -5, -10, -4, -2, -1, -1]
[-1, -1, 0, 9, -1, -1, -1, 0]
[2, 4, 16, 21, 14, 1, 1, 1]
[0, -2, -5, -15, -29, -3, -1, 1]
[-1, -2, 4, 20, 15, 4, 1, -2]
[-2, -3, -5, -3, 15, 1, 1, -2]
[-2, -2, -4, 1, -6, -2, -1, -1]
[-2, 2, -2, -1, 14, 2, 0, -1]
[-1, 1, 0, -10, -17, -2, 2, -2]
[0, 2, 0, -3, -25, -4, -1, 0]
[-1, -3, -2, 8, 21, 0, 0, 1]
[-3, -2, -1, -8, 1, -1, -2, 0]
[-2, -2, -4, -4, 8, 0, 0, -1]
[3, -1, 1, 0, 7, 1, -1, -1]
[0, -1, -4, -8, -3, 1, -2, 0]
[3, 0, 4, 7, -3, 2, 1, -1]
[-1, 2, -2, 4, -25, -5, -2, -1]
[2, -1, -3, -13, -12, -2, -6, -2]
[0, 1, -2, -5, 10, 5, 0, 2]
[-1, -3, -7, -16, -55, -9, -2, 1]
[-4, -3, 5, 44, 73, 6, 1, 1]
[0, 3, 5, -13, -49, -1, 5, 3]
[-2, -3, -7, -32, -25, -3, -2, -1]
[2, 2, 6, 34, 51, 3, 2, 4]
[3, 4, 3, 1, 18, 4, 17, 4]
[-6, -3, -7, -13, -25, -9, -10, -7]
[-3, -3, -3, -7, -1, -4, -6, -14]
[1, 0, -3, -13, 7, 1, 13, 21]
[0, -2, -2, -22, -45, -4, 4, 1]
[2, -1, -1, 30, 63, 3, 2, 6]
[4, 3, 3, -5, -37, -1, 15, -6]
[-2, -4, 1, 35, 57, 6, -1, -7]
[2, -1, -6, -13, -20, -9, -6, 1]
[-2, -1, -4, -14, -26, 2, 3, -1]
[-3, 1, -1, -17, -37, -3, -2, 4]
[1, 8, 13, 19, 20, 0, -5, -5]
[0, -3, -2, 7, 23, 1, -5, -2]
[0, -4, 0, 6, 27, 4, 1, 1]
[-3, -4, -6, 9, 24, -1, 1, 4]
[0, 1, 5, 5, 7, -1, 7, 4]
[-2, -4, -4, -38, -13, 2, -29, -19]
[-2, 2, 7, 18, -26, -8, 7, 5]
[1, -2, -3, 34, 7, 8, -4, 10]
[-10, -3, -7, -22, -28, -13, -4, -35]
[0, -2, -7, -14, -10, -7, 18, 31]
[4, -1, 0, -12, 4, 3, -11, -8]
[-2, 4, 4, 1, 17, -3, -22, -14]
[2, 0, -1, 7, -15, -3, 12, 13]
[1, 1, -1, -9, 44, 5, -10, -10]
[-1, -4, -3, -4, -12, 4, 23, 6]
[1, 3, 4, 23, 46, 1, 7, 11]
[1, -5, -15, -65, -50, -9, -33, -2]
[-2, 0, -6, -12, -21, -7, 15, -16]
[3, 0, 1, 8, -7, -4, 0, 0]
[-1, -2, 1, 4, 22, -1, -4, -13]
[3, 1, 2, 9, 47, 8, 5, 24]
[-6, -4, 6, 15, 0, 9, 3, -30]
[1, 0, -14, -123, -111, -16, -11, 5]
[-6, -1, 11, 99, 107, 14, 11, -2]
[-1, -5, -2, -37, -55, -10, 4, 0]
[0, -2, -5, 4, 4, 3, -1, 11]
[-5, -5, -10, -13, -36, -7, 1, -12]
[8, 0, -2, -16, 21, -1, -21, 42]
[-5, 0, -3, -16, -22, -1, 15, -23]
[-3, -1, 1, 14, -61, -2, -1, 1]
[1, 2, 10, 74, 127, 11, 7, -3]
[-1, -1, -1, 5, 12, -7, -14, -5]
[6, -4, -2, -37, -43, -4, -7, 20]
[-1, -5, -7, 0, 25, 5, 1, -16]
[-5, 2, 1, 36, 29, 0, 0, 7]
[3, 5, 15, -35, -65, 5, 18, -27]
[4, 7, 14, 55, 42, 2, -16, 18]
[-2, -2, 5, 2, 35, -9, -14, -6]
[0, -2, -18, -89, -34, 1, 12, 15]
[-6, -6, -5, 76, 28, -8, 34, -4]
[-1, -1, -12, -94, -103, -6, 1, -23]
[0, 7, 31, 104, 38, 17, 3, 9]
[-7, -8, -3, -22, -9, -7, 2, 6]
[6, -2, -8, -40, 45, 13, -40, -16]
[-4, 2, -7, -46, -75, -36, 15, -6]
[9, 3, 2, 78, 127, 30, -22, 12]
[-3, -9, -17, -63, -68, -21, -19, -4]
[-4, 2, 12, 36, 1, -17, 12, 3]
[4, 0, 2, 2, 116, 30, 18, 16]
[-2, 5, -1, -24, -30, -9, -16, -32]
[-2, 0, -3, -26, -38, -5, 2, -2]
[6, 2, 6, 47, 40, 14, 10, 26]
[-18, -6, -5, 22, -3, -5, -28, -80]
[11, -1, 2, -23, 36, -1, 51, 74]
[-1, 6, 12, 85, 74, 21, -19, -25]
[13, 8, 2, -7, -19, 10, 19, 14]
[0, 12, 31, 78, 15, 8, 1, 7]
[3, 4, -8, -83, -59, -8, 17, 10]
[-1, -1, 9, 97, 103, 3, -6, 6]
[1, 1, -13, -72, -79, -17, 45, 32]
[-8, -3, -3, -54, 2, 24, -47, -50]
[2, -3, -8, 30, -26, -14, -2, 23]
[6, 6, 20, 57, 77, 17, -11, -3]
[-11, -14, -35, -85, -128, -34, -16, -11]
[3, -6, -17, -38, 127, 43, 29, 15]
[-13, -7, -21, -29, -69, -51, -18, 17]
[-5, 7, 27, 62, 56, 22, -1, -52]
[6, -1, 12, -10, -18, -5, -17, 8]
[-1, 0, 0, 36, 69, 17, 5, 30]
[-16, -13, -23, -59, 17, 15, -1, -67]
[3, -6, -2, 24, -32, 1, 10, 16]
[-6, 1, -8, -71, -60, -15, -3, -17]
[8, 3, 24, 127, 82, 12, 0, 32]
[7, -3, -21, -98, -94, -10, 30, 32]
[-7, -12, -19, 2, 38, 2, 3, 3]
[-1, 9, 15, -41, 13, 16, -24, -49]
[6, 1, 4, 84, 29, -9, 8, 3]
[-3, -1, 3, 34, 82, 4, -17, -18]
[-5, -7, -10, -72, -59, -23, -28, 27]
[-7, -12, -30, 87, 22, 3, 12, 26]
[-9, -7, -12, 18, 23, -5, -33, -41]
[17, 21, 49, -70, -70, -9, -16, 58]
[-4, -7, 4, 7, 87, 16, 89, -5]
[-1, 14, 10, -77, -61, -25, -25, 36]
[4, -6, -39, -51, -79, -13, -14, 4]
[-5, -6, -24, 36, 14, 5, -22, -32]
[9, 9, 19, 65, -20, 9, -3, 7]
[-3, 0, 17, -70, -39, -14, 10, -16]
[-1, -1, -7, -20, -70, -23, 15, 22]
[1, -1, -6, -59, -79, -8, -16, -20]
[4, 11, 26, 31, 78, 29, 7, 25]
[-2, 1, 11, 59, 109, 10, 16, -36]
[-1, -4, -3, -63, -123, -27, -20, 37]
[-9, -7, 13, 123, 36, -1, -26, 9]
[-4, -13, -48, -110, -47, -26, -31, -44]
[9, -2, -10, -36, -60, 13, -37, -22]
[1, 0, 13, -13, 21, 0, 12, 66]
[8, -7, -27, -80, -16, 28, 109, 46]
[-1, 10, 8, 5, -34, -17, -71, -60]
[9, 1, -13, -41, -49, -10, -8, 1]
[-11, -11, 1, 36, 33, 5, -22, -30]
[-3, 1, 2, 20, 19, 11, 3, -25]
[8, 8, 28, 82, 4, 14, 9, 44]
[-12, -20, -33, -98, -124, -30, -15, 6]
[3, 6, -9, -72, -80, -1, -44, -102]
[-4, -2, 1, 99, 77, 10, -9, -14]
[13, 25, 40, 9, -5, -11, 24, 30]
[-8, -8, -5, 76, 127, 35, -10, -10]
