[-6, -7, -45, -128, -18, -18, 51, 11]
[7, 10, 60, 115, 51, 2, -20, 4]
[10, 7, 12, -128, -12, -6, -3, 29]
[-12, -2, 2, 14, 67, -9, -32, -68]
[-1, 1, 4, 13, 34, 7, -4, -14]
[7, 0, -24, -89, -31, -1, 4, 11]
[-12, -19, -41, -7, -116, -27, -6, 0]
[-7, 0, 26, 105, 127, 38, 15, 19]
[13, -1, -7, -32, -123, -4, 59, 43]
[-3, -7, -8, -54, -36, -18, -52, -25]
[-4, -2, 1, 87, 62, 14, -33, -7]
[2, 2, -7, -14, -13, -3, 30, -6]
[-8, 6, 40, 39, 49, -1, -25, -57]
[5, -1, 3, 8, 24, 9, 66, 78]
[-2, -4, -14, -36, -34, -5, 2, -9]
[-2, -18, -49, -115, -83, -9, -3, 26]
[4, 20, 69, 113, 53, 14, 2, -34]
[-4, 10, 48, -3, -7, -16, -40, -39]
[-2, -12, -29, -116, -113, -18, 7, 3]
[-2, 1, 1, 29, 49, 13, 13, 13]
[2, -10, -24, -59, -128, -28, -7, 24]
[2, 1, -24, -64, 9, 16, 18, 10]
[-9, -6, 8, 62, 85, 22, 14, 4]
[1, -2, -8, -4, -74, -18, -7, 13]
[2, -3, -12, -20, 19, 2, 4, 33]
[-5, 0, -11, -31, -80, -16, -6, -29]
[20, -2, -12, -30, -15, 2, 36, 94]
[-14, 10, 30, 89, 78, 11, -44, -86]
[-2, 1, -4, -9, 7, -5, -12, -1]
[-2, -3, -7, -39, -21, -10, -7, 12]
[2, 5, -2, -3, -38, -15, -6, -15]
[3, -7, -12, -14, -25, 4, 13, 9]
[4, 0, 1, -5, 62, 20, 21, 28]
[-6, -8, -8, 31, -9, -5, -15, -34]
[-3, 3, 4, -8, -15, 4, -1, -32]
[12, 19, 37, -16, -42, -11, 19, 39]
[-3, -2, -3, 29, 10, 3, -1, -4]
[-7, -17, -32, -30, -27, 2, 0, -4]
[-6, -11, -16, -40, -46, -10, -5, -3]
[0, 4, 1, -28, 11, 5, 11, -6]
[1, 3, 2, 34, 12, -7, 15, -3]
[3, 1, 7, 30, 22, 3, 2, 11]
[-1, -7, -10, 0, 1, 17, 43, 1]
[-8, -5, -3, 9, 45, 3, -22, -41]
[-4, -4, 0, -18, -47, -15, 11, 4]
[-5, 3, 3, 59, 36, -6, -37, -17]
[5, 12, 18, -30, -41, 6, 8, -1]
[5, 0, 1, 51, 64, 3, 15, 46]
[-5, -9, -27, -81, -15, -6, -7, -2]
[-4, -2, -15, 11, 82, 6, 5, -9]
[2, 6, 15, 16, -11, -15, -19, -16]
[2, 7, 24, 18, -2, 3, 5, 15]
[3, 4, 20, -1, -24, -10, -12, 8]
[0, 4, -5, 8, -15, 9, 11, 1]
[-4, -2, -13, -15, 54, 10, -11, -21]
[1, -7, -15, -4, -35, -7, 14, 26]
[1, -1, -8, 1, 8, 8, -11, 0]
[4, 1, 12, -27, -46, 1, 0, -20]
[3, 1, -3, 3, 33, 4, -1, 27]
[-11, -6, 7, 40, 52, -1, -14, -53]
[1, 1, -3, -21, -52, -1, 16, 19]
[-1, 2, 9, -8, 10, 3, 1, 0]
[-9, -9, -23, -11, -21, -11, -15, -16]
[1, -6, -26, -19, -46, -2, -12, 13]
[2, 12, 49, 83, 74, 13, 4, 4]
[0, -2, 2, 13, 14, 1, 2, -9]
[4, 3, 4, -7, 13, 11, 0, 0]
[2, -8, -28, -61, -18, 0, 3, 12]
[-1, 1, -6, 20, 21, 12, -1, -14]
[4, 4, 5, 11, -17, -2, 7, 11]
[-2, 6, 31, 16, 22, -1, -7, -12]
[-1, 0, 2, -17, -59, -7, 4, 7]
[-6, -9, -28, -16, 26, 1, -3, 0]
[-2, -2, -11, -45, -34, -1, 0, -2]
[-1, -3, -18, -5, 56, 0, 0, -6]
[1, -1, 7, -1, -22, -7, 1, 4]
[2, -3, -5, -8, -9, -3, -1, 3]
[0, -1, 3, 1, 5, 6, 4, 2]
[-1, -2, -6, 4, -8, -1, -5, -11]
[3, 1, 9, -3, -18, -2, 7, 11]
[2, 2, 2, -1, 9, 0, -4, 1]
[0, -3, -6, 4, 4, 2, -1, -1]
[-2, -7, -22, -44, -9, -2, -3, -5]
[-2, 0, -2, 28, 0, -8, -5, 2]
[-3, -6, -9, 0, 0, -2, -1, -1]
[4, 12, 19, 13, 5, 3, 5, -2]
[-1, 5, 17, 19, -13, -5, -1, 0]
[-2, -4, -15, -28, -17, -3, 0, 1]
[-3, -5, -9, -9, 1, -7, -5, -6]
[-4, -4, -12, -5, 1, 1, -2, 3]
[-1, 0, -8, 7, 6, 8, 4, -3]
[2, 2, 19, 17, 7, 0, 3, 1]
[0, 8, 17, 37, 13, -9, -4, 1]
[-1, -5, -10, -24, 0, -4, 1, 0]
[-3, -2, 1, 12, 2, 1, -4, -3]
[-2, -3, -9, -12, -15, -9, -5, 0]
[-1, -6, -6, 22, 5, 5, 1, -2]
[1, -3, -3, -15, 28, 7, 4, 1]
[-1, 1, 1, 34, 27, -5, -2, -2]
[-1, 5, 15, -14, -10, -2, 4, 1]
[-3, -2, -7, -9, -13, -1, -2, -2]
[-2, 2, 4, -3, -18, -5, -2, -2]
[-3, -1, 3, 6, -11, -3, 0, -3]
[-3, -1, 0, -6, 7, 0, -2, -1]
[0, -4, -7, -10, 5, 4, 2, -1]
[-1, 0, 10, 26, 5, -1, -3, -1]
[0, 3, 4, -1, 1, 2, -1, 1]
[0, 2, -1, -3, 4, 2, 4, 1]
[3, 0, -1, -7, 1, 1, 1, 1]
[0, 0, -3, -7, -5, 0, -1, -1]
[2, -4, -9, -10, -12, -8, -3, -3]
[3, 3, 2, 7, 17, -4, -3, -1]
[2, 1, 5, 5, -14, -9, -3, 0]
[1, 2, 10, 6, 0, 1, -1, -1]
[-2, -2, -8, -2, 0, -1, 2, -1]
[-1, -1, 7, 4, -6, 4, 2, 1]
[2, 4, 9, -12, 4, 2, 0, 2]
[0, 0, -3, -5, 5, -2, -1, 0]
[0, 1, 9, 14, 1, -6, -4, -3]
[-1, -4, -4, 3, -2, 8, 9, 1]
[-4, -4, -5, -19, -17, -6, -6, -4]
[1, -4, 1, 8, 4, 3, 0, 0]
[-2, -4, -2, -5, 4, -1, -2, 1]
[0, 0, -1, 9, -1, -3, -2, 0]
[-2, 0, -4, 6, 27, 5, 4, 2]
[1, 2, -3, -10, -35, -4, 0, -1]
[-1, 0, -4, -4, -3, -2, 0, 0]
[-1, 0, 1, 0, 9, -1, -2, -1]
[1, 1, 2, 0, -7, 0, -2, 0]
[-1, -1, 0, 8, 11, 0, -2, 1]
[0, -3, -3, -14, -5, -1, -1, -1]
[-1, 0, 9, 17, 1, -4, -1, 0]
[-1, -1, -9, -7, 4, 4, -3, -1]
[-2, -3, -8, -17, -7, -1, 1, -1]
[1, 4, 14, 35, 6, -1, -1, 0]
[2, 3, 4, 3, 5, 2, -1, 0]
[-2, -3, -3, 3, -19, -8, 0, -1]
[-2, -3, -3, -4, 19, 3, -2, -3]
[2, 0, 1, -23, -45, -6, -3, -2]
[0, -3, -7, 8, 18, 1, -2, 0]
[-1, 4, 11, 3, 4, 0, 2, 1]
[-3, -1, -1, 20, 6, 2, 1, -1]
[-4, -4, -3, -7, 1, -1, -1, 0]
[-1, -1, -3, -3, -8, -5, -3, -1]
[-2, -3, 2, 0, -4, 1, 2, -1]
[-2, -4, -3, -19, -8, -3, 0, -1]
[1, 1, 1, 23, 6, 4, -1, 0]
[-4, -3, -5, -27, -13, -3, -3, -1]
[-2, -2, -5, 2, 6, 2, -1, -1]
[2, 1, 5, 11, -10, -3, -2, 0]
[2, 0, -6, -12, 7, 0, 2, -1]
[-1, -1, -2, -6, -6, -4, -2, -2]
[-1, 1, -1, 0, 13, -2, -1, -1]
[-1, 4, 8, 17, -8, -1, -1, 1]
[0, -2, -2, -11, 1, 0, -1, 0]
[-1, -3, -10, -7, -12, -2, -2, -2]
[0, -1, 0, -7, 7, 1, -2, -1]
[0, 1, -1, 5, 14, 0, -5, -1]
[0, -3, -8, -6, -5, -3, 1, -1]
[1, 1, 2, -12, 0, -2, -1, 2]
[-1, -2, 0, 4, -19, -3, -3, -1]
[0, 2, 0, -1, 7, 1, 2, 0]
[-2, -2, -5, 2, 14, 2, 2, -2]
[-3, 1, 0, -1, -16, -3, 0, 0]
[0, 0, 0, 1, 3, 3, 1, -1]
[-1, -2, -1, -2, -5, -1, 1, -2]
[-1, -3, -1, -6, 8, 2, 0, 1]
[2, 0, 0, 11, -2, 0, -2, -1]
[1, 1, -3, 1, 2, 2, -1, -1]
[-1, -1, 2, -6, 17, 2, -1, -2]
[-2, 2, 4, 18, -6, -1, 1, -2]
[0, 3, -1, -9, -5, 1, 1, 0]
[-1, -2, -9, -7, 0, -2, -2, -2]
[2, 1, -1, -6, -5, -1, -1, 2]
[0, -4, -8, -9, -1, 0, -2, -1]
[0, 1, 6, 12, 9, 2, 1, -2]
[-2, -2, -1, -1, -3, -4, -1, 0]
[3, 0, -3, -7, -6, 0, 1, -2]
[-1, -2, -2, -6, -4, 1, 0, -1]
[-2, -1, -3, 9, 4, -1, -1, 0]
[0, 2, 2, -7, -16, -1, 0, 2]
[0, -2, 2, 3, -6, -1, 2, -3]
[0, 0, 0, -5, 1, 0, -3, 0]
[0, 1, -1, 5, 17, 2, 0, -1]
[-3, -3, -2, -6, -5, -1, 2, 0]
[0, -1, 2, 14, -1, 0, 3, 2]
[-1, -1, 2, -2, 0, 1, 0, -2]
[-2, -3, -1, -8, -11, -5, -1, 0]
[0, -2, -2, -6, 5, -2, -2, 0]
[-2, -4, -6, -12, -7, 0, -1, -3]
[1, 3, 12, 20, 7, 3, 0, 0]
[-1, 0, 4, -1, -12, -2, -1, -1]
[1, -1, -1, 11, 7, 0, 0, 0]
[-2, -4, -11, -17, -5, -1, -4, 0]
[1, 3, 5, 5, 2, 1, 2, -1]
[-1, -1, 2, 2, -1, -3, 0, 0]
[-1, 3, 1, 6, 1, 0, 0, -1]
[2, 0, -1, -2, 7, 1, 3, -1]
[-3, -1, -9, -24, -5, -3, 0, -1]
[-2, -3, -5, -5, -8, -1, -2, -1]
[0, 0, 2, 13, 9, -1, 0, -3]
[-2, 1, 5, 17, 2, 0, -2, 1]
[0, 0, -3, -5, -5, -1, 1, 0]
[1, 0, -3, -11, -2, -2, -1, 0]
[-1, -2, -1, 9, -10, -1, -2, 0]
[-3, 0, 2, 6, 19, 2, -1, 1]
[-2, -3, -1, -7, -15, 0, -2, -2]
[-4, -5, -8, -10, -10, -4, -3, -4]
[-1, 2, 3, -2, 2, 1, 1, -1]
[2, 2, 3, 2, 5, 3, -1, 0]
[0, 0, -5, 3, 9, 5, 3, 0]
[2, 0, -1, 2, 2, -2, 0, 0]
[-2, -4, -4, -10, -7, -3, -3, -1]
[-2, -2, -1, -6, -10, -2, 1, 0]
[-1, -3, -3, -5, 6, 0, -3, 0]
[-2, -4, -8, 0, -5, 1, 1, 0]
[0, 1, 9, 11, 0, -1, 2, 1]
[0, 1, 1, -1, 0, 2, 3, 0]
[0, -1, -4, -3, -5, -3, -2, 0]
[1, 3, 0, -1, -1, -2, -2, -2]
[-1, -1, -10, -3, 6, -2, 0, -1]
[-2, -1, -4, -7, -3, -2, -2, -1]
[1, 0, -5, -1, -3, -1, -2, -1]
[-2, 2, 20, 28, 1, -1, -2, 2]
[0, 0, 4, 8, 4, 0, -1, -2]
[0, 0, 0, -4, -8, -1, 0, 0]
[-1, -2, -3, -2, 2, -3, 1, -1]
[-2, -3, -7, -6, 4, -1, -1, -3]
[-1, -2, -2, -1, -1, -2, -1, 0]
[-2, -6, -4, -5, -4, -2, -1, -2]
[-1, 0, 7, 1, -3, 1, 2, -1]
[0, -2, 0, 4, 7, 0, -2, -3]
[0, 2, 10, 15, 9, 2, -1, 0]
[-1, -2, -6, -2, -1, 1, -1, 0]
[0, 2, -1, -4, -3, -1, 0, 0]
[1, 1, -1, -8, -3, -4, -1, 0]
[-2, -1, -1, -9, -3, -1, -2, 0]
[-1, 2, 3, 2, -2, -2, 1, -1]
[-2, -2, -4, -13, -7, -2, -4, 0]
[0, -3, -15, 8, 2, 1, 2, 0]
[2, 5, 13, 1, 11, -1, 0, -2]
[-2, -3, -3, -3, -10, -3, -4, -2]
[-2, -4, 1, 2, -9, -2, -2, -1]
[2, -3, -14, -20, -7, 0, -1, -1]
[-2, -3, -10, -4, 4, -1, 0, 0]
[0, 4, 6, 11, 6, -1, 2, 0]
[-1, -1, 2, 2, 5, -1, 0, 0]
[-1, -2, 0, -14, -4, -1, -1, 1]
[-1, -1, 4, 24, -1, 2, -2, -1]
[1, 1, -2, -10, -2, 2, 0, -1]
[0, 0, 3, 9, -2, -2, -6, 0]
[-1, 2, 5, 16, 14, 2, 2, 0]
[1, -4, -5, -10, -3, -2, -2, 0]
[2, -1, -4, -1, 0, -1, -1, -2]
[2, 1, 0, -1, -8, -1, 0, -1]
[0, 0, 1, -4, -4, 0, -2, 0]
[-1, 3, -2, -11, -9, -4, -2, -1]
[0, 0, -6, -8, -1, 0, -1, 0]
[-1, 0, 4, 9, 10, 1, -1, 0]
[1, 3, 3, 6, -2, 1, 1, -1]
[-1, -4, -6, -3, -2, 2, 1, -1]
[-2, 4, 5, -3, -2, 0, -2, 0]
[-1, -2, -1, -3, 1, 0, 2, -2]
[-2, -1, -6, -5, 3, -1, -2, 1]
[-2, 0, -1, -5, -7, 0, -1, 1]
[1, 0, 0, 3, -5, -1, 4, 0]
[-1, -1, -5, 1, -1, -2, -1, 1]
[-1, -1, 1, -4, 11, -3, 0, 0]
[0, -2, 5, 8, -6, -2, -2, -1]
[0, -4, 0, -6, 1, -1, -2, -1]
[-1, 0, -2, 4, 1, -3, -3, -1]
[0, 0, -5, -17, -10, 2, -3, -1]
[0, 0, 7, 17, 2, 2, -1, 0]
[0, -1, 0, 4, 7, 0, -1, -2]
[-2, 1, 3, 2, -4, -2, 1, 1]
[-2, -1, -5, -9, -10, -2, -2, -3]
[-1, 2, -4, -5, 9, 0, 2, 0]
[-2, 0, 2, 8, 3, 2, -1, 1]
[1, -1, -5, -17, -9, -1, -1, -1]
[-1, 0, 6, 15, 9, 1, -2, 1]
[-1, -5, -8, -11, -1, -2, -2, 0]
[-1, -1, -1, 0, -10, -1, -2, -1]
[-2, -1, -6, -4, 4, -1, -1, 0]
[0, 0, 7, 6, -2, -1, 0, -2]
[0, 1, -5, -10, -4, -2, -1, -2]
[-1, -2, 1, 4, 5, -1, 0, -2]
[0, 0, 3, -3, -12, -2, -2, -1]
[-1, 0, -3, 17, 17, 2, 2, -1]
[1, 0, 1, -3, 0, 0, 0, -1]
[-2, 0, -5, 3, 0, 0, -1, 0]
[-2, 1, 3, -1, 2, 4, 3, 0]
[-1, -3, -2, -3, -6, -2, -1, 0]
[-3, -2, -3, -3, -1, 0, 1, 1]
[2, 2, 2, -3, -9, -3, -1, -2]
[1, 3, 0, -4, 15, 4, 1, 0]
[1, 1, 10, 21, 5, -1, -2, 0]
[1, -1, -1, 4, 7, 0, 0, -2]
[-2, 2, 7, 10, -5, -2, 0, 1]
[0, -1, -2, 0, 4, -1, 0, -2]
[-2, -1, 0, -11, -6, -1, -1, 1]
[0, -1, -7, -9, -5, 0, -1, 0]
[-1, -2, -1, -1, 0, 1, 1, -1]
[-1, 1, 0, 4, -3, -2, -4, -2]
[-2, -1, -8, -9, -7, 0, -1, 0]
[-2, 0, 3, -5, -4, -2, -2, -2]
[-1, -1, -1, -7, 4, 0, 0, 0]
[-1, -3, 0, 5, -3, -3, -1, -1]
[0, 0, -3, -5, -8, -4, -2, 1]
[2, 0, 11, 11, 15, 3, -1, 0]
[0, -2, -3, -4, -3, -5, -2, 0]
[0, -1, -1, 3, 5, -1, -2, -1]
[1, -1, 0, -7, -7, 0, 1, 0]
[-2, 0, -5, -1, -6, -1, 0, -1]
[1, -1, -2, -5, -3, 0, -1, 0]
[0, -2, -5, 4, 3, -2, 0, 0]
[-1, -1, 0, -5, 1, 2, 1, 0]
[-3, 0, -1, -12, -6, -2, -4, 0]
[-1, 3, 3, 13, 2, 0, 0, -2]
[-1, 1, 4, 3, 0, 1, 1, 0]
[-1, -3, -11, -20, -6, -1, 0, -2]
[0, 0, 0, 11, -5, 0, -2, 0]
[-2, 1, 5, 1, 7, 2, 0, 3]
[-3, -2, -3, 2, -6, -3, -1, 0]
[1, 2, 5, 6, 6, -3, 1, 0]
[2, -4, -6, -8, 2, 0, 1, -2]
[1, -2, -6, -9, -10, -2, -2, -1]
[0, 1, 6, 6, 10, 0, -3, 1]
[-3, -2, -3, -3, -9, 0, -1, -2]
[-2, -1, 1, -5, 12, 0, 1, 2]
[1, -1, -2, 1, -8, 0, 0, 1]
[-1, -1, -2, 5, 11, -1, 2, -2]
[0, 0, -1, 6, -3, -1, 1, -1]
[1, -1, -2, -8, -12, -5, 0, -1]
[-2, -3, -6, -4, -16, -3, -3, -1]
[-2, 1, 1, 14, 14, 4, -3, -12]
[4, -1, -3, -15, -7, 2, 7, 23]
[0, 1, 2, 10, 10, 3, 3, 1]
[-2, -4, -3, -14, -6, -3, 0, 0]
[-1, -2, 0, -21, -21, -7, -10, 0]
[-2, -4, -7, 3, -29, -13, 25, -4]
[-1, 2, 4, 9, 22, 1, -28, -13]
[-1, -6, -6, 24, 61, 10, 12, 13]
[-3, -1, -5, -15, -55, -10, -13, -5]
[-3, -1, 1, -15, 5, -5, -7, -5]
[4, 1, -3, -25, -31, -4, 2, 2]
[-1, 1, 4, 15, 26, 4, 3, -7]
[-1, -3, -2, 1, 19, 4, -18, 5]
[0, 2, 2, 10, 14, 5, -1, -8]
[0, 0, 0, -3, -6, 1, 9, 2]
[3, 0, 1, -10, -19, -7, -8, -5]
[3, 1, 0, -22, 5, 4, 1, -1]
[-1, 0, 3, 23, -21, -1, 8, -3]
[3, 1, 1, 9, 24, 10, 20, 11]
[-3, -1, -1, 4, 13, -5, -28, -11]
[1, 1, 2, 7, 9, -2, 8, -1]
[-5, -4, 2, 12, 29, 0, -9, -8]
[-1, 0, -6, -29, -70, -1, 2, 2]
[-1, -2, 1, 38, 51, 6, 5, -3]
[-3, -1, -5, -26, -45, 0, 18, 6]
[3, 1, 6, 7, 48, -1, -26, 0]
[1, -2, -2, 12, 6, -2, 8, 8]
[1, 0, -2, -44, -72, 1, -22, -6]
[0, -2, -2, 52, 48, -1, -13, -7]
[2, 3, 2, 6, 14, 5, 16, 3]
[0, 0, -4, -13, -6, -2, -10, -5]
[-1, 1, -2, -11, -18, -2, 3, -1]
[1, 2, 4, 7, 12, 1, 8, 7]
[0, 0, -4, -10, -8, 3, 2, 0]
[-1, -4, -2, -2, 3, -4, -22, -8]
[3, 2, 4, 21, 48, 1, 6, 1]
[-3, -1, -5, -35, -47, -4, 1, -2]
[-1, -2, -4, 11, 35, -8, -14, -2]
[-1, 2, 11, 60, 19, 11, 18, -4]
[-1, -1, 1, -12, -52, -10, 7, 9]
[-1, 0, -3, -15, -8, 0, 11, 8]
[4, 0, 1, 4, 38, -1, 2, -6]
[-1, -1, 5, 0, -12, 5, -4, -2]
[0, 0, 1, 18, -3, 3, 21, 9]
[1, -2, -2, -19, -45, -19, -43, -8]
[-2, -2, -5, -22, -54, 2, 12, -5]
[3, 6, 4, 8, 85, 9, -6, -1]
[4, 5, 1, -32, -46, -4, 4, 2]
[0, 0, 3, 36, 82, 7, -13, -12]
[-4, -2, -6, -22, -21, 0, 39, 44]
[-5, 3, 5, 54, -15, 0, -2, -28]
[-2, -1, -3, -19, 9, -3, -4, -7]
[3, -1, 1, 9, -11, 1, 13, -3]
[-3, -4, -2, -4, -21, -7, -14, -13]
[2, -3, -2, -27, -26, 3, 25, 17]
[1, 2, 8, 36, 80, 7, -12, -7]
[-8, -7, -11, -15, -81, -25, 3, 15]
[-7, -5, -9, -49, 10, 8, -20, -29]
[-3, -1, 2, 18, 31, 5, 1, 3]
[-1, -4, -8, -53, -66, -19, -12, 1]
[4, 2, 1, -27, -45, 8, 27, 3]
[3, 3, 17, 40, 72, 19, 7, 21]
[-9, -8, -26, -75, -92, -26, -7, -23]
[-10, -4, -7, 22, 64, 3, 24, -13]
[-2, -3, -2, -5, 33, 3, 2, -22]
[10, 7, 5, 5, -69, -11, -44, 19]
[0, -1, -2, -12, 47, 0, 3, 26]
[1, -1, 4, 17, 47, 17, 8, -2]
[-3, -2, 5, 43, 47, -4, -1, -23]
[1, 1, 0, 54, 66, 18, 4, -8]
[8, 0, -1, -20, -91, -26, -1, 35]
[-7, -6, 0, 9, -9, 2, 8, -9]
[-1, 1, 3, 24, 94, 9, -7, 15]
[-2, 0, -7, -56, -94, -15, -4, -19]
[-2, -2, -8, -6, 48, -1, -2, -13]
[1, -7, -2, -50, -91, -11, -26, 17]
[0, 3, 3, 45, 26, 18, -1, 0]
[-2, -4, -10, -75, -76, -25, -22, -24]
[-3, 1, 7, 82, 78, 9, -14, -9]
[11, 8, 20, 65, 39, 18, 6, 19]
[-10, -5, -13, -74, -82, -7, 12, -12]
[5, 0, -3, 26, 3, -10, 37, 53]
[5, -2, -2, -28, 58, 41, -7, -10]
[3, -2, -9, 21, -104, -16, 2, 25]
[1, 1, -2, -12, -10, -25, -19, 33]
[-5, 5, 24, 51, 127, 57, 56, -60]
[3, 3, -7, -48, -80, -25, -11, 2]
[3, -2, -4, 2, 110, 5, 14, 22]
[-1, -5, -24, -34, -74, -12, -4, 3]
[8, 10, 39, 66, -43, -6, -11, 18]
[-5, -4, -11, -25, 68, -5, 13, 0]
[-7, -5, -10, -68, -102, -19, -29, -30]
[5, 10, 23, 40, 71, 3, 15, 24]
[-7, 5, 5, -78, -106, -16, -21, -42]
[2, -7, 7, 76, 63, 10, -1, 3]
[10, 8, 1, -4, 67, -5, 14, 24]
[-8, -12, -33, -66, -64, -13, 2, 10]
[-12, -9, 3, 94, 105, 14, 7, -28]
[-9, -7, -18, -81, -128, -34, -28, -51]
[3, 2, 8, 92, 118, 22, 47, -8]
[-4, 0, 4, -68, -7, 6, -15, 10]
[5, -2, -5, 51, 14, 0, 7, 33]
[-4, 5, 10, 29, 21, -1, 6, -4]
[-5, -6, -2, -105, -30, 3, 9, 0]
[7, 0, 16, 112, 45, 6, 18, 23]
[-9, 2, -17, -27, 6, -17, -30, -57]
[6, -2, 2, -23, 106, 29, 11, 35]
[-4, -2, -7, 58, -12, -8, 9, 23]
[-3, -8, -20, -126, -81, -12, -24, -43]
[13, -2, -5, 43, 94, 20, -11, 74]
[-11, -9, -16, -79, -90, -16, 3, -14]
[-8, -6, -9, 57, -43, 9, -17, -40]
[-7, 7, 59, -2, 47, -19, -16, -12]
[8, 0, -29, -57, 7, -4, 12, 28]
[4, 4, 29, -12, -95, -5, 14, 11]
[0, 11, 37, 33, 82, 33, -11, -29]
[-7, -17, -39, 4, 4, -19, 9, 48]
[0, -4, 1, -89, -89, -8, -29, -1]
[-6, -14, -52, -90, -25, -27, -7, 90]
[-21, -11, -10, 24, 23, 0, -41, -88]
[23, 10, 7, -42, -65, 14, 39, 60]
[-18, -7, -6, 20, 12, -13, -25, -66]
[3, 0, -7, -9, 86, 13, -4, -22]
[-3, 0, 1, 22, -57, -30, 10, -13]
[0, 1, -2, 9, 14, 10, -21, -18]
[-8, -6, 9, 84, 59, 9, 13, 20]
[-1, 4, 7, -30, -113, -2, 5, -25]
[9, 5, -11, -96, -53, -17, -1, 38]
[1, 0, 8, 60, 91, 11, -8, -45]
[-9, -8, -22, -50, -44, -19, -17, -4]
[4, 12, 32, 68, 1, 17, 26, 3]
[4, -4, -14, -55, 84, 14, -32, 0]
[3, 5, -2, -37, -126, -10, -4, 4]
[5, 7, 26, 96, 127, 23, 20, 8]
[0, -2, 5, 39, 12, -7, 2, -1]
[0, 21, 51, -9, -19, -11, 0, 10]
[2, -10, -13, 56, 78, 21, 21, 24]
[-1, 9, -6, -70, -125, -2, -9, -70]
[6, -8, -14, 3, 47, 6, 3, 62]
[11, -8, -31, -43, -58, 0, -12, -8]
[-12, 5, 13, 15, -24, 3, -58, -72]
[2, 1, -11, -54, -9, -4, 8, 21]
