[7, -2, -5, 0, 0, 1, 9, 41]
[1, 4, -2, 26, 28, 15, 1, -29]
[-10, -5, -13, -67, -71, -32, 15, 4]
[0, -7, -7, 3, -57, -19, -13, 35]
[-2, 4, 12, 28, 118, 34, 0, -37]
[-4, -11, -11, -37, -77, -18, 12, 22]
[1, 3, 6, -9, -30, -11, 0, -20]
[-3, -3, 3, 22, 37, 8, 6, 18]
[3, 3, -8, 4, 46, 0, -6, -18]
[-2, -8, -41, -15, 19, 13, 16, 12]
[1, 16, 46, 2, -17, -7, -11, -9]
[-1, 3, 3, 10, 64, -2, 2, 10]
[-4, -1, -1, 24, -90, -12, -1, -15]
[6, 2, -1, -19, 66, 19, -2, 27]
[-4, -10, -20, 20, -27, 6, 14, 3]
[5, -4, -7, -82, 17, 10, 14, -5]
[-10, -6, 5, 106, 47, 9, 12, -25]
[-2, 0, -11, -62, -19, -16, -49, -34]
[-3, 2, 0, -3, -1, -2, 7, 14]
[10, 3, 5, 13, -20, -4, 14, 30]
[1, -4, -11, -11, 72, -3, 1, -8]
[-8, -3, 10, -16, -82, -22, 21, 6]
[4, 2, 6, 63, 78, 11, -23, -4]
[-1, -4, -11, -36, -53, 1, -15, -20]
[2, 4, 15, 21, 31, 0, -12, -12]
[0, 3, 24, 121, 119, 17, 20, 25]
[-4, -10, -31, -83, -63, -11, 2, -8]
[0, -1, 6, -8, -40, -7, 5, -1]
[0, 2, 6, -20, -70, -10, -9, -12]
[6, 10, 26, 71, 84, 11, 8, 28]
[-5, -8, -28, 3, 0, 2, 7, -7]
[-5, -3, -4, -35, -46, -5, 1, 0]
[3, 5, 1, -23, 31, 4, 7, -8]
[0, -4, -13, -40, -94, -17, -5, -1]
[0, 2, -2, 35, 37, 10, 7, 2]
[-3, 0, 6, 6, -10, -1, 3, -1]
[-2, 0, 7, -10, -43, -4, -5, -1]
[-2, -6, -15, -24, -24, -11, -3, -1]
[1, -4, -7, -5, 50, 8, 2, -5]
[3, 2, 11, 52, 28, 0, -2, 8]
[-1, -3, -5, -47, -29, 0, -4, -1]
[-2, -6, -10, 19, -10, -2, -3, -3]
[2, 7, 28, 52, 30, 3, 7, 8]
[-2, -5, -29, -53, -7, -2, -8, -6]
[-1, 3, -2, -18, -36, -3, -6, 0]
[0, 6, 36, -3, -33, -5, 4, 4]
[1, -4, -9, -3, 34, 9, 3, -2]
[3, 7, 34, 55, 2, -8, 0, -1]
[-2, 1, -11, -3, -7, 4, -6, -1]
[-4, -5, -14, -41, -25, -6, -2, 5]
[1, -2, -3, -2, 26, 5, 0, 0]
[-3, -7, -14, -24, -16, -2, -4, -2]
[-1, -4, -1, 16, 5, -3, -1, 2]
[0, -3, 0, 5, -7, 0, -3, -7]
[-1, -7, -20, -21, -5, 1, -1, -5]
[-1, 2, -1, 6, -1, -6, -4, -1]
[-1, -4, -9, 14, -26, 0, 1, 0]
[0, 11, 27, -5, 9, 8, 0, 3]
[4, 12, 49, 63, 12, -5, 3, 3]
[0, -3, -5, -23, -8, -4, 3, 4]
[2, -3, -6, -18, 16, 16, 2, 0]
[-2, -9, -18, -18, 2, -6, -5, -3]
[-5, -11, -26, -29, -34, -2, -8, 0]
[-4, 0, -8, 25, 48, 3, 0, -2]
[1, 7, 18, 0, 18, -1, -1, 0]
[-4, -5, -22, -19, -26, 4, 1, -2]
[0, 1, -6, -20, 0, -1, 0, -2]
[0, 1, -1, 37, -14, 0, 1, 2]
[0, 2, 10, 7, 11, 3, 1, -2]
[3, 3, 3, 6, -3, -2, 3, -1]
[1, -4, -4, -10, 7, -3, 2, -3]
[-2, -4, -1, -21, -16, -7, -5, -2]
[-3, -4, -11, -11, 2, -3, -3, -1]
[-1, 1, -1, -2, -2, 3, 0, -2]
[-1, -1, 4, 19, 16, 0, 4, 1]
[-2, -2, -7, -17, -4, 0, 2, 0]
[-2, -2, 3, 15, 3, -3, -1, 3]
[0, 1, 3, 9, 11, -1, -4, -1]
[-1, 2, -1, -14, -12, -4, -3, 1]
[0, 1, -2, -12, -1, 1, -1, 1]
[0, 1, 4, 14, -2, -3, 0, -3]
[-1, 3, 12, 0, -10, -2, 1, -1]
[-1, -1, -4, 17, 30, 2, 2, -2]
[2, -1, 10, 6, -18, 0, -2, 0]
[0, -4, -7, -6, 6, -2, -5, -2]
[-2, -2, -2, 19, 20, 1, 2, 0]
[-4, -5, -12, -43, -4, -1, -2, 1]
[-1, 1, 6, 24, -10, -5, 0, 0]
[1, 1, -1, -6, -13, -5, -4, -1]
[-1, -2, -12, -3, 3, 4, 3, 0]
[-1, 4, 22, 22, 9, 0, 2, -2]
[-2, -1, -10, -18, 24, 2, 0, -2]
[1, 1, 4, 1, -32, 0, -1, 0]
[0, 2, 6, 5, 6, 1, -2, -1]
[-1, 0, -8, -3, -3, -3, -3, 0]
[0, 0, -3, -16, -7, -2, -1, -1]
[0, 3, 8, 14, 14, 2, 1, 0]
[0, -3, -6, -9, -7, -3, -4, 1]
[-1, -1, -4, 2, -10, -2, 1, -1]
[-2, -2, 1, 2, 0, 0, 0, 0]
[0, 0, -4, 1, 3, -4, -1, 0]
[0, -3, -9, -31, -11, 0, -1, 1]
[1, 1, 8, 13, -4, -3, -1, 2]
[-4, 2, 8, 8, 1, 1, -2, -1]
[0, 0, 1, 14, 7, 2, 0, -1]
[-1, 0, 0, 8, 12, 0, -2, -3]
[0, 1, -2, -8, 0, 2, -2, -4]
[3, 3, 0, -4, -10, 0, -3, 2]
[-1, -4, -4, -13, -2, -4, 1, 1]
[-2, -1, 13, 20, 10, -3, 0, 1]
[0, -4, -8, -1, 19, -1, 0, 1]
[-2, 0, 6, 0, -33, -9, -2, 0]
[0, 1, -7, -15, -28, -1, -2, -2]
[2, -1, -7, -10, -19, -1, 0, -1]
[1, -2, -2, 4, 13, 3, 0, 2]
[1, -4, -3, -6, 7, -2, -1, 0]
[-1, -1, 0, 5, 9, 1, 0, 1]
[-1, 1, -3, 5, 1, 3, 1, -1]
[-3, -1, -2, -3, -15, -1, -1, -2]
[-1, 0, -4, -4, 5, -1, -1, -1]
[2, 1, 13, -4, -8, -3, -1, 0]
[0, 0, -2, 10, 15, 2, 2, 1]
[0, -1, -2, -9, -6, -3, 0, -1]
[1, -1, -5, -5, 2, 0, -1, 0]
[2, 0, 1, 5, 0, -4, -2, -2]
[0, 0, -3, -10, 3, 1, -2, 0]
[-1, 4, 6, 8, -13, -2, -1, 0]
[0, -2, -1, 1, 5, -1, -1, 0]
[-2, -3, -6, -14, -8, 1, 1, 1]
[-3, -4, -3, 18, 17, -4, -3, 0]
[-3, -1, -5, -28, -26, -3, -4, -1]
[0, 2, 3, 17, 3, -1, -1, 0]
[-2, 2, -2, -8, 15, 2, 3, 0]
[1, 2, 3, 9, -4, 2, 0, -1]
[0, 1, 0, 2, -2, -3, -1, 1]
[-1, -1, -6, -2, 5, 2, -1, 0]
[1, -3, -5, 3, -3, -1, -1, 0]
[0, -2, 2, -8, -15, 0, 1, -1]
[1, -2, 4, 14, 19, -1, -2, -1]
[3, -2, -2, -16, -8, 1, 0, -2]
[-1, -1, 0, 14, 10, 1, 0, -1]
[0, -3, -9, -15, -19, -1, -2, 1]
[-1, -1, -1, 0, 14, 1, 1, -2]
[-5, 1, 1, -4, -3, 0, 0, 0]
[1, 0, -2, 1, 4, 0, 0, -1]
[0, 0, 3, 9, -4, -5, -2, 0]
[2, 5, 20, 19, -14, -4, -1, 0]
[1, -3, -2, -6, 15, 2, 1, -2]
[1, -1, -3, 7, -3, -1, 1, -1]
[0, 0, 3, -12, 2, -2, -2, 0]
[-3, -4, -4, -4, -2, -1, -1, -1]
[-1, 0, -4, -8, -15, -2, 2, 0]
[-1, 0, -4, -12, 6, 2, 0, 1]
[-3, 1, 0, 16, 19, -2, 0, 0]
[-5, 1, 3, -7, -31, -2, -1, 1]
[0, 1, 4, 20, 20, 4, -2, -1]
[2, -1, 2, -4, 4, 2, -1, 0]
[1, -2, -4, -10, 2, -1, -2, -3]
[1, -1, 0, 12, 5, -2, 0, -1]
[-2, -1, -3, -4, -2, -5, -1, -1]
[-2, 0, 3, -2, -2, -2, -6, 0]
[-1, -4, -2, -2, 0, 0, 0, -2]
[2, -1, -3, -7, -2, 0, 0, 1]
[3, -2, -4, -5, -6, -2, 0, 1]
[0, -2, 0, 4, 11, -1, -2, -1]
[-2, -1, 6, 4, -2, 0, -1, -1]
[-4, -3, -8, -11, 1, 3, 1, -2]
[-3, -6, -9, 12, -1, 1, 0, 0]
[0, 6, 20, 8, -2, 0, 1, 0]
[1, -2, -3, -5, -15, -3, 1, 1]
[3, 0, -3, 2, -7, 1, 1, -1]
[0, 0, -4, -5, 2, -5, -2, -2]
[-5, -5, -8, -12, -5, -2, -1, -1]
[-4, -3, -8, -6, -3, -1, -1, 0]
[0, 2, 6, 13, 11, 0, 0, 2]
[1, -3, -1, -6, -14, 0, -2, -1]
[0, 3, 14, 22, 10, 2, 2, 1]
[-1, 4, 1, -3, 5, -2, 0, 1]
[-1, -3, -8, -15, -7, -3, -3, -2]
[0, 3, 2, -3, -2, 1, 0, 1]
[2, -4, -9, -13, -9, -2, -1, -3]
[0, -5, -2, 2, 4, 1, -1, -1]
[-1, 1, 4, 11, 11, 1, -1, -1]
[0, 2, 3, -4, -7, -3, -1, 0]
[-2, -3, -6, -1, -1, 1, 1, 0]
[0, -3, -6, -8, -5, 0, -1, -2]
[-2, -2, -4, 6, -3, 0, -4, -1]
[-1, 2, 9, 1, 8, 0, 0, -2]
[-2, -2, -5, -2, -2, -2, 2, 1]
[0, 0, -2, -13, -11, -4, 0, -3]
[2, -2, -5, -3, 2, -2, 0, 2]
[1, -6, -1, -4, 1, 1, -2, 0]
[0, -2, -1, 6, 0, 0, -5, 1]
[-2, 3, 12, 8, 2, 0, -1, 1]
[-3, 1, -6, -8, -2, -4, -2, -2]
[-2, 0, -9, -21, -14, 0, 1, -2]
[-1, 3, 11, 23, 15, 0, 1, -2]
[-3, 0, -8, -5, -4, -1, 0, -1]
[2, 6, 15, 25, 17, 1, 4, 1]
[1, 1, 3, -3, -8, -2, 1, -1]
[1, -2, -8, -6, 12, 1, 0, -2]
[0, -1, -4, -3, -12, -4, -4, -2]
[-1, -5, -6, -14, -10, -1, -2, -2]
[-1, -1, -2, 4, -1, 0, 0, 0]
[-2, 0, 0, -5, -8, 1, -1, -1]
[0, -1, 2, 3, 5, 1, -2, 0]
[1, -3, -3, -9, -2, -2, -1, -2]
[0, -1, 2, 12, 9, 0, 0, -2]
[-2, -2, -6, -7, -9, -2, -2, 0]
[-1, 0, -2, 1, -1, 2, 2, -2]
[-1, 1, 4, 2, 1, -1, 0, 2]
[0, 0, -3, -3, 5, 1, -2, -1]
[0, 2, 2, -4, -8, -1, -1, 2]
[0, -2, -6, -5, -4, 1, 0, 1]
[0, -4, -3, -1, 6, -2, -1, -3]
[-2, 1, 6, 12, 19, 2, 2, 0]
[1, -2, -8, -4, 3, -2, 3, -2]
[-1, 2, 10, 1, -8, -2, -2, -1]
[0, -4, -7, -5, 3, 0, -2, 0]
[-1, -3, -3, -1, -10, -2, -1, 1]
[-1, -1, -2, -9, 4, 0, -1, 0]
[0, 4, 8, 21, 3, -1, -1, 0]
[1, 0, -1, -4, 0, -1, 1, 0]
[1, -4, -2, -2, 1, 2, 2, -3]
[1, -1, -3, -6, 1, 2, 0, -1]
[0, -2, -5, -11, -2, 0, -1, 0]
[0, 1, 0, -9, -6, 2, -4, 0]
[0, -1, -5, 6, -1, -2, -5, -3]
[-2, 3, 4, -7, -14, -6, 1, -1]
[0, -2, 0, 3, 12, -2, 1, -4]
[0, -1, -3, -1, -4, -3, 0, -2]
[-1, -2, -7, -12, -3, 0, 1, 0]
[0, -1, 5, 8, 1, -1, -2, 1]
[-2, 0, 0, 3, -1, -1, -2, -1]
[-1, -2, -3, -6, -7, 0, -2, -1]
[1, 3, 0, 0, 9, 3, -1, 1]
[0, -4, -6, 5, -3, 1, 1, -3]
[-1, -1, 3, 3, 6, -2, 2, 1]
[-3, -2, -4, -3, -9, -3, 3, 1]
[-2, 1, 7, 4, -3, 1, -1, 2]
[-1, -2, -1, -7, -12, -2, -1, 1]
[-2, -3, -4, 2, 15, -1, -3, 0]
[0, -1, -1, 7, 5, -2, 1, -1]
[2, 4, 3, 3, -3, -1, 2, 0]
[-2, -1, 2, -6, 0, 3, -3, -2]
[2, 1, -3, -6, -10, -1, -2, -1]
[0, 1, 2, 1, 7, 1, -1, -2]
[-2, -2, -5, -10, -6, -1, 0, 0]
[-3, -2, -7, 8, -3, -1, -3, -2]
[1, 1, 7, 3, -2, 1, 2, 1]
[0, 0, 5, 8, 1, 0, 1, 1]
[-2, -2, -3, 4, -1, 1, 0, -1]
[0, -3, -10, -23, -9, -4, -1, -3]
[0, 1, 5, 10, 0, -2, -1, 0]
[1, -2, -8, -10, -5, 2, 0, 3]
[-1, 1, 5, 4, -1, -2, -2, -1]
[-2, -1, 4, 7, -1, -2, 0, -1]
[-3, -7, -13, -11, 1, -2, -2, -2]
[-1, 0, -2, -6, -2, 0, 1, -2]
[2, 0, 1, 0, -3, -1, 3, 1]
[1, 1, -4, -1, 3, -2, -2, 2]
[-1, -1, -1, 3, -6, -4, 0, 0]
[-1, -2, 4, -2, -2, 1, -2, -1]
[-3, -3, -2, -4, 7, 4, 0, 1]
[-2, -2, -3, 2, -3, 3, -1, -1]
[0, -1, -4, 1, 10, -1, -2, 1]
[0, 3, 0, 9, 2, 1, -1, -1]
[1, -2, -2, 1, -4, 1, -1, -1]
[-1, -2, 2, 7, 13, -1, -2, 1]
[-2, -1, -4, -13, -17, -2, 0, 1]
[-3, -2, -2, -3, 11, -4, -1, -1]
[-1, 1, 10, 14, 0, 0, 0, 0]
[2, 0, 1, -4, -4, 0, 1, -1]
[2, 0, 0, -4, -4, 0, 1, -2]
[-2, -2, -3, 1, 4, -3, -1, -2]
[-2, -3, -6, -9, -4, -1, -4, -2]
[-1, 1, -1, -7, 4, 0, -3, -1]
[-4, -1, 4, -4, -7, -1, -1, 0]
[0, -2, -7, 3, -4, 0, -2, 0]
[0, 1, 10, 6, 1, 1, 0, 1]
[-1, -1, 0, 4, -2, 0, 0, -1]
[0, 1, -3, -6, 2, -2, -1, 0]
[-1, -1, 2, 0, -4, -1, 1, 0]
[1, 0, -5, -3, -1, 1, 2, 0]
[0, 0, -1, -2, -4, 0, 2, 0]
[-3, 0, 1, 8, 6, 2, 1, -1]
[-2, -4, -2, -9, -18, -1, 0, 1]
[1, 1, -7, -8, 2, -5, -1, -1]
[-2, 0, 2, -1, 1, 0, 0, 0]
[-1, 2, 0, -5, -10, -3, -1, -3]
[0, 5, -5, 8, 0, 3, -1, -2]
[1, 0, 7, 10, 15, 2, 1, 0]
[0, -3, -3, -2, -7, -1, 1, -1]
[0, -4, -1, 8, 13, -2, -2, 1]
[-1, -1, 2, -13, -7, -1, -1, -2]
[-1, -3, -6, -2, -1, 1, 0, -1]
[0, 3, 0, 4, -4, 0, 0, 0]
[-1, -2, 2, 1, 8, 0, 0, 0]
[0, -1, 1, -3, -1, -2, -2, 2]
[-1, 0, -2, -3, 1, -2, 0, 0]
[0, 2, 4, 5, 14, 4, 0, 2]
[-2, 0, -6, -18, -46, -9, -1, -2]
[1, 0, 4, 12, 29, 1, 0, -2]
[-4, -3, -1, -2, 7, -1, -1, 3]
[1, 0, 0, -2, -3, 0, 0, -1]
[1, -1, 0, -2, -7, 2, -4, -9]
[0, -2, -2, -3, -9, -2, 5, 17]
[-1, -1, -1, 3, 34, 6, 0, -1]
[-4, 0, 2, 4, -39, -5, -2, 0]
[-3, -4, -10, -28, -29, -8, -5, -2]
[0, 1, 2, 7, -1, -1, 1, -6]
[4, -2, -3, -19, -29, -1, -2, -1]
[2, 0, 1, 12, 32, 0, 0, 1]
[-3, 3, 3, 12, 14, 3, -2, 1]
[-1, 0, 0, -8, -14, -2, -3, -4]
[-3, -3, -5, 2, -9, 0, 2, 0]
[3, -1, 1, -3, 8, 0, 0, -5]
[2, -2, 1, 10, 6, 1, 2, 2]
[-1, 1, -2, 26, 54, 8, -6, 0]
[2, 4, 3, 1, -15, 3, 20, -1]
[-1, -3, -5, -13, -17, -7, -3, 2]
[0, 0, 2, 4, 5, 0, 3, -3]
[-2, -3, -1, -5, 2, 3, 2, -2]
[-3, 0, 0, 11, 56, 2, 3, 1]
[1, 1, -1, -8, -45, -2, -22, -4]
[-1, 0, -2, -21, 7, -2, 5, -2]
[-4, -4, -1, 5, -46, -7, -4, 3]
[-1, -1, 1, 6, -9, 1, -7, -14]
[-4, -4, -6, -7, 17, 0, 4, -1]
[-1, 1, 1, 13, 2, 3, 5, 1]
[-6, -1, -3, -15, 9, -2, -15, -9]
[-2, -1, -1, -5, -3, 2, 16, 7]
[0, 2, 2, -3, 6, 0, 7, 1]
[0, -3, -5, 1, -38, -4, -3, -2]
[-1, -5, -2, -4, 10, 1, 5, -3]
[-2, -2, -7, -21, -28, -4, -14, 1]
[-1, -2, -2, 24, 53, 3, 2, -4]
[5, 7, 12, 1, -8, -4, -1, 5]
[1, 1, -3, -10, -7, 0, 5, 1]
[0, 0, 3, 6, 0, -4, -3, -1]
[-1, -3, -5, 2, 12, 5, 4, 1]
[-4, -3, -5, -20, 7, -4, -7, -6]
[4, 2, 7, 46, 55, 11, 17, 24]
[-6, -4, -6, -46, -111, -19, -40, -26]
[0, 3, 4, 33, 34, 7, 7, 4]
[3, -3, -8, -9, 34, -3, 8, 20]
[0, 3, 0, -42, -82, 7, 3, -24]
[4, 5, 9, 15, 79, 15, -1, 13]
[-3, 0, 7, 38, -55, -3, -22, -14]
[2, 2, 5, 41, 75, 7, 9, 1]
[-1, 3, -1, -1, -4, -7, -6, -7]
[1, -6, -19, -63, -78, -6, 5, 11]
[-2, -1, -2, -24, -53, -15, -15, -5]
[-1, -2, -9, -11, -15, 3, 10, 12]
[6, 1, 6, 40, 106, 17, 2, 11]
[-18, -4, -3, 3, -39, -13, 15, -44]
[-3, -3, -4, -15, 16, -8, 6, -4]
[-1, -1, 6, 19, -22, 3, 17, 21]
[1, 3, -6, -84, -48, -23, -45, 10]
[1, 2, 1, 24, 54, 13, -17, -25]
[4, -7, -7, 4, -2, -5, 13, 53]
[0, 8, 11, 27, 35, 17, -17, -11]
[-4, -8, -7, -43, -84, -14, 31, -21]
[9, 5, 1, -32, 0, 1, 19, 31]
[-5, 2, 4, 27, 46, 15, -1, -27]
[-1, -1, -7, 50, 87, 2, -15, -7]
[0, -1, 8, -1, -43, -16, 10, 24]
[4, 2, 3, 57, 115, 13, -28, -11]
[-1, 2, 3, -41, -75, -6, 16, -1]
[-5, -3, -1, -33, -33, -13, -10, -5]
[14, 10, 29, 98, 74, 16, 11, 52]
[-14, 0, -1, 7, 23, -2, 5, -65]
[3, 2, -5, -52, -24, -7, -19, 14]
[-1, -5, -4, -4, -51, 1, 31, 3]
[-7, -11, -28, -33, -16, -14, -14, -5]
[7, 1, 8, -20, 25, 6, 19, 40]
[7, 10, 22, 1, -28, 3, -29, -22]
[-8, 1, 9, 38, 81, 18, 0, -39]
[2, -8, -26, -68, -87, -14, -1, 32]
[7, -6, -10, -3, -23, -4, -4, 24]
[-13, 3, 11, 51, 63, 12, 25, -28]
[3, 0, -6, -34, -44, -8, -41, 5]
[4, 0, 2, -9, 35, 11, -12, 6]
[-5, 1, 2, 86, 56, -1, 30, -21]
[5, -2, -11, -59, 74, 19, -26, 0]
[0, 1, -3, -45, -48, -10, 23, 39]
[-13, -7, -13, 16, 95, 0, 2, -63]
[0, -1, 6, 9, -97, -7, 9, 51]
[5, -3, -8, 6, 27, -7, 3, 2]
[0, 1, 18, 61, 38, 12, 23, 37]
[-6, 2, -1, 21, 22, -2, -51, -79]
[-2, -2, -3, -72, -74, 3, 0, -9]
[-7, -2, -1, 50, 59, 15, -16, -22]
[13, -4, -15, -87, -93, -24, -8, 61]
[-1, 15, 21, 89, 3, 3, 24, -37]
[-1, 0, -7, -14, 42, -3, -31, -37]
[1, 4, 10, 27, -8, 6, 8, -16]
[3, -4, -17, -73, 99, 10, -1, -24]
[-10, -2, -1, -13, -50, -17, 1, 49]
[-5, -11, -33, 13, 83, 7, 19, 11]
[0, -4, 3, -43, -64, -16, 22, 37]
[14, 29, 78, 23, 33, 21, 4, -13]
[-2, -9, 8, 31, -43, -1, 14, 8]
[5, -2, -17, -60, 65, -11, -39, 0]
[-13, -16, -23, 53, -114, -17, 4, -5]
[-6, -3, -6, 63, 41, -4, -6, -20]
[6, -1, -7, -38, 20, 14, 4, -1]
[2, -2, -1, -83, -93, -11, 3, 62]
[-12, -2, -11, 25, 75, 11, -19, -52]
[-8, -6, -21, -19, -70, -16, 9, -11]
[3, -1, -11, -17, -68, -31, -18, 33]
[1, 6, 32, 126, 90, 39, 34, 43]
[11, 5, -5, -62, -35, -24, -14, 10]
[-12, -18, -18, 66, 39, 11, 60, 21]
[-3, 9, 3, -56, -29, 2, -50, -89]
[6, 6, 36, 56, 14, -11, -6, 1]
[-3, -3, 7, 35, 70, -15, -4, 13]
[-2, -9, -21, -32, -34, -20, -14, -6]
[7, 3, -2, -59, 5, 8, 19, 24]
[-4, -3, -15, 59, 14, 7, 3, -16]
[16, 33, 92, 37, 38, 0, 0, 72]
[-15, -14, -51, -66, -115, -38, -51, -73]
[-5, -14, -22, -9, 98, 23, 11, -4]
[2, 17, 46, 26, -45, 9, -12, -24]
[3, -21, -53, -99, 20, -3, 6, 91]
[-9, 6, 38, 119, 76, 27, -14, -64]
[-5, -5, -11, -54, -75, -24, -7, 63]
[-1, -11, -27, -74, -11, -10, 18, 13]
