[3, 2, -6, -2, -2, -3, -8, -16]
[3, -4, 6, 6, 12, 5, 13, 35]
[-9, -3, -16, -20, -10, -14, -23, -38]
[4, 3, 19, 80, 78, 17, -37, -24]
[1, 3, -12, -99, -72, -1, 40, -6]
[-6, 2, -23, -17, 13, -27, -14, 20]
[13, 2, 11, -24, -56, -5, 29, 59]
[-12, 0, 8, 53, 71, 5, 17, -46]
[2, -5, -14, -27, -11, -5, -15, -26]
[-2, -10, -23, -53, -51, -2, -30, -7]
[-2, -1, 3, 32, 77, 15, 9, 6]
[8, 5, -15, -101, -67, -14, 0, 20]
[6, 8, 29, 102, 111, 39, 19, -7]
[4, 9, 5, -85, -67, -16, -4, 4]
[0, -8, -21, 51, -3, 6, -11, -12]
[-1, -10, -23, -55, -14, -5, -16, 39]
[-15, -5, -5, 49, 19, -5, 25, -56]
[11, 5, 15, 65, 91, 37, 28, 41]
[-10, 3, 18, -41, -36, -14, 9, -28]
[2, -1, -3, -19, -44, -4, -7, -13]
[-4, -1, 3, 2, -8, 21, -14, -11]
[9, -5, -10, -11, 14, -1, 10, 39]
[2, 1, 5, 42, 42, 13, 25, 18]
[-8, -1, -5, -64, -68, -19, -2, -70]
[1, -2, -9, -8, -14, -2, -22, 18]
[-13, -6, 5, 7, -13, -1, 3, -54]
[-1, 6, 6, -13, -48, -5, -2, -1]
[8, -1, -7, -35, 55, 7, 23, 42]
[-9, -13, -16, -8, -81, -14, -16, -6]
[4, 10, 36, -1, -21, -14, -2, 13]
[0, -11, -10, 6, -21, 11, -6, -21]
[4, 0, 5, 45, -6, 1, -9, 2]
[1, -1, -7, -103, -24, -4, 4, -7]
[7, 16, 27, 35, 47, 24, 14, 32]
[-4, -6, -23, -30, -21, -19, -24, -40]
[-1, 8, 38, 54, 77, 12, -23, -9]
[0, -3, -21, -30, -89, -19, 29, 21]
[-8, -11, -9, 31, -36, -9, -31, 27]
[-3, 5, 13, 49, 42, 3, 9, 37]
[-4, -10, -32, -9, 56, 16, 7, 1]
[-4, -8, -4, -31, -83, -18, 1, 4]
[7, -4, -14, -33, 12, -3, -17, -2]
[2, -1, 5, 19, 14, -2, 2, -12]
[0, -1, -8, -30, -75, -13, 12, 19]
[1, 5, 9, 62, 127, 23, 3, 14]
[-6, 1, 7, -15, -116, -17, -8, -35]
[6, 15, 41, 58, 109, 18, 3, 10]
[0, -5, 3, 46, -8, -4, -1, -4]
[-5, -9, -21, -94, -30, -3, -9, -8]
[-4, -5, -12, 46, -12, -14, -7, -14]
[0, 5, 18, -28, 41, 5, 16, -10]
[5, -6, -23, -76, -95, -8, -4, 11]
[-2, 4, 24, 73, 41, 0, 0, -3]
[5, 5, 2, -5, 30, 10, 11, 9]
[-7, -3, 5, 19, 0, 3, -6, -30]
[3, 0, -2, -22, -51, -7, -15, 26]
[-5, -4, -8, 32, 67, 24, 52, -10]
[-7, 0, -9, -82, -16, -7, -20, -58]
[6, 2, -5, 34, 23, 8, -35, 4]
[-8, -5, -18, -66, -53, -20, -4, 1]
[6, 6, 7, 24, 39, 17, 1, 10]
[-3, -6, -7, -48, -28, -5, -4, 4]
[-4, -11, -28, -3, 19, 0, 14, 0]
[4, 11, 40, 59, 17, 6, 12, 5]
[4, 3, 7, -17, -27, -3, -7, 1]
[-5, 1, 7, 34, 41, -6, 3, -7]
[-1, -4, -17, -20, -2, 2, -4, 13]
[0, -5, -17, 32, 16, 4, 3, -4]
[0, 6, 13, 9, -25, -14, -9, 0]
[1, -2, 0, 12, 15, 7, -4, -2]
[2, 6, 21, -12, -59, -9, 5, 6]
[-1, 1, 5, 20, 35, 6, 4, 0]
[-3, -8, -15, -6, 3, -1, -5, -7]
[1, -2, -21, -35, -22, -9, -1, 4]
[-2, -6, -9, -20, 3, 1, 3, 1]
[-3, -5, -5, -8, -7, -3, 3, -6]
[2, 2, 13, 5, -20, 1, -7, 3]
[-2, -5, -6, -7, 0, 5, -3, -1]
[0, 5, 17, 13, -11, -3, 4, 5]
[-5, -1, -9, -6, 19, -1, -7, -6]
[-2, -5, -15, 6, -6, -5, -7, -3]
[3, 2, -5, -4, 9, 1, -1, 4]
[4, 3, -6, -28, -7, 5, 10, 5]
[0, 2, 12, 25, -8, 4, 6, 3]
[0, 0, 11, -4, -9, -9, -4, 1]
[-1, -3, -8, 13, 8, -2, -2, -3]
[-2, -4, -4, 14, -9, -4, -6, 3]
[-1, 2, 2, -6, 4, -2, -2, -1]
[-3, -3, -11, -16, -14, -9, -7, -2]
[-2, 1, 4, 12, 3, 1, -3, -1]
[1, -5, -8, 0, 5, -1, 0, -1]
[0, 1, 8, 4, 7, 0, 2, 0]
[1, 0, 4, 6, -2, 1, -3, -2]
[1, -2, -5, -3, 5, -1, 1, 1]
[0, 1, 6, 4, 4, 3, 1, 1]
[1, -2, -5, -6, -6, 5, 3, -2]
[2, 0, 4, 16, 12, 0, 4, 0]
[-2, 1, 8, -5, -4, -4, -4, -3]
[-2, 2, -4, -4, 4, -1, -3, 0]
[0, -1, 0, 9, -2, 0, 5, 0]
[-1, 5, 6, 2, 2, 2, 1, 2]
[-2, -2, 2, -1, 4, -5, 3, 0]
[-2, -3, -5, -5, -2, -4, 1, 0]
[-1, 0, -3, -8, -4, -3, -3, -1]
[-3, -6, -16, -8, -2, 0, -4, -2]
[-1, 2, 7, 5, 1, 3, 2, -1]
[-1, -1, 0, 3, -9, -4, -4, 0]
[0, 0, 0, -4, -3, -1, -1, 0]
[1, -1, 0, 1, -3, 2, -2, 1]
[0, -2, -2, -2, 7, -2, -2, 1]
[0, 7, 15, 1, 2, -2, 2, -1]
[-3, -2, -1, -5, -8, -1, 0, 0]
[1, 0, -6, -21, 4, 2, 1, -2]
[-1, -5, -8, 8, -4, -2, -3, -1]
[0, -1, 10, 10, -7, -3, -1, 1]
[1, -3, -8, -18, 2, 0, -4, -1]
[0, 0, 9, 30, -5, -1, -3, 0]
[0, 0, -4, -20, -2, 2, 0, -2]
[-1, 1, 13, 34, 12, 3, 0, -1]
[-3, -1, -4, -10, -6, -6, -2, -2]
[-3, -6, -13, -21, -4, -5, 0, -1]
[1, -2, -4, -4, 3, 0, -1, -1]
[0, 0, -6, -4, -1, 2, 2, -1]
[-3, 3, 6, -2, 3, 1, -2, 0]
[-2, -1, -15, -13, 3, -1, -3, -1]
[-1, -1, 3, 11, -5, -1, -1, 0]
[1, 0, -6, -14, -5, 0, 2, 2]
[0, -1, -4, 8, 3, -1, -1, -2]
[-1, 1, 4, 0, 4, -5, 0, -1]
[-1, 0, -1, -8, -13, 1, -3, 1]
[1, -4, -17, -20, 10, 1, 2, 2]
[-1, -2, 4, 17, -1, 1, 2, -2]
[-1, -1, -3, -8, -10, -5, -4, -2]
[0, -1, 4, 17, -1, -3, -2, 0]
[-1, -1, 5, 1, 2, 0, -1, 0]
[-3, -4, -16, -9, 1, 0, -1, -3]
[-1, 3, 28, 30, 0, -1, 0, -1]
[-4, -3, -4, -12, 5, 2, -1, 0]
[-2, -2, 0, 8, -11, -5, -2, 1]
[1, 3, 0, -7, 2, 0, -1, 2]
[-3, 3, 0, -4, 2, 0, 0, 2]
[0, 3, -1, -9, -13, -1, -1, -2]
[-1, -5, -5, -4, -4, -1, -3, -1]
[-1, -2, -2, 3, -7, -4, -3, 0]
[0, -3, -4, 1, 3, 0, -1, 0]
[2, 1, 2, 6, 24, 3, 1, 1]
[0, -1, -6, -9, -14, -1, -2, -2]
[-1, -3, 0, 2, 9, -1, 0, -1]
[0, -2, -5, -6, -3, -2, -1, -1]
[0, 1, 7, 1, 4, -2, 1, 1]
[0, -1, 0, -3, 4, 1, -1, -3]
[0, 1, 1, -1, 1, 1, -1, 0]
[-1, 0, -6, 15, -6, -1, 2, 0]
[-1, 3, 9, 3, -2, -1, 1, 2]
[-1, -2, 0, -4, -11, -4, -2, 0]
[-1, -6, -9, -9, 0, 0, -2, 0]
[-1, 4, 15, 19, -1, -2, -1, -2]
[1, 0, -5, -8, -7, -2, 0, -2]
[1, 1, -3, 3, 15, 2, 0, -1]
[1, -3, -7, -6, -2, 1, -1, -2]
[-4, -4, -7, -19, -17, 0, -1, -2]
[0, -3, -2, 8, 8, 1, -2, 0]
[-1, 4, 1, -3, -1, -1, 0, 0]
[-3, 3, 0, 2, -1, -2, 2, 0]
[1, -2, -2, -1, 11, 3, 1, 2]
[-1, -4, 0, -1, -11, -4, -2, -1]
[0, -2, -10, -14, 2, -1, -2, 1]
[1, 3, 8, 9, 7, -1, -1, 0]
[1, -2, -3, -4, -10, 0, -1, 0]
[-2, -2, -3, -10, 3, 2, 1, 0]
[-1, -3, 0, 6, 3, -1, 0, 0]
[-2, -2, 0, 3, -9, -3, -2, 0]
[-3, -3, 0, -2, 7, -1, -2, -4]
[-2, 0, -2, -6, -16, -3, -2, -2]
[2, 2, 4, 11, 14, 3, 2, -1]
[0, 2, 5, 5, -1, 1, 1, -1]
[1, -2, -10, -17, 4, 2, 2, -1]
[0, 1, -1, -2, -1, -1, 0, 0]
[-2, -1, 2, 5, -9, -2, -1, -1]
[0, 2, -1, 1, -1, 0, 2, -1]
[-1, 0, 7, 13, -1, -2, -2, 2]
[-1, 0, -3, -7, -5, -3, -1, -2]
[-1, -2, 0, -8, -6, 1, 0, -2]
[-1, -1, 2, 7, 9, 4, 0, -2]
[-2, -3, -5, -7, -11, -2, 1, 0]
[1, -2, -5, -1, -2, 1, 0, 1]
[-2, -2, -4, -4, 5, -2, -3, -2]
[0, 0, 1, 0, -8, -3, -2, -1]
[0, -1, -3, -11, 0, 0, -2, 0]
[0, -2, -4, 2, 1, -2, -2, -1]
[-1, -1, -5, 1, -10, 0, -1, 0]
[1, 2, 7, 8, 15, 4, 1, 0]
[-2, 0, 1, 12, 3, -2, -1, -1]
[-1, 2, 2, -3, 8, 0, 1, -1]
[3, 1, 2, 0, 2, 0, 1, 0]
[0, -2, -1, -1, -11, 0, 1, -1]
[-1, 1, -5, -10, -3, -2, -2, 1]
[1, 0, -2, -2, 5, 2, -2, 1]
[-1, -3, -3, -2, -9, -1, -2, 0]
[-1, 0, 3, -4, 7, 0, -1, 0]
[-4, -2, -6, -4, 1, -2, 0, -1]
[-3, -3, -3, 3, -8, -2, -2, 0]
[-1, -1, -7, 3, 10, 1, 2, -3]
[2, 3, 13, 10, -1, -1, 1, -1]
[0, -1, -2, -17, -13, -3, -1, 1]
[-4, -2, 2, 20, 3, 0, 1, 1]
[2, 1, 2, -10, -4, 1, -1, -1]
[0, -3, -6, -7, 2, -2, -2, -1]
[1, 0, 0, -4, 0, -1, -1, 0]
[0, 0, 1, 1, -3, -1, -2, 0]
[-2, -2, -2, 0, -2, 1, 0, -1]
[-2, 0, 3, -2, -4, -1, 0, -2]
[0, 0, -4, -5, 8, -2, -1, 0]
[-1, 0, -7, -6, 0, -1, -1, -2]
[2, 0, 3, 3, -1, 2, 1, 1]
[1, -1, 2, 3, -7, -4, -2, 0]
[-2, -4, -7, -3, -5, -1, -2, -1]
[-2, 3, 13, 0, 1, 0, 1, -1]
[-1, -1, -1, -1, 2, 1, -1, -1]
[-1, -1, -4, -4, -7, -2, 0, 0]
[-1, 2, 0, 3, 4, -1, 1, 0]
[1, -2, -6, -5, 4, 1, 2, -1]
[1, -3, -2, -2, 5, 0, -1, 1]
[-1, -2, 0, 1, -7, -3, -3, 0]
[0, 0, 0, 8, 8, 2, 0, -2]
[-1, -5, -5, -9, -11, -2, -1, -3]
[0, 3, 6, 3, 1, -1, 1, 1]
[-1, -5, -11, -16, 4, 4, -1, -2]
[-1, 0, 1, 10, 7, 2, -2, -2]
[0, 0, 6, 1, -17, -14, -2, 0]
[-1, -1, -1, 5, 5, 2, 1, -1]
[0, 1, -4, 2, -1, 0, 0, 0]
[0, 2, 10, 0, -3, -2, 0, 1]
[1, -2, -5, 1, 9, 3, -1, 0]
[-2, 0, 1, 8, -2, -1, -3, -2]
[-2, 2, 0, -5, 1, 1, -2, -1]
[-2, -2, -2, -6, -12, -4, -2, 0]
[-1, 1, -3, 3, 17, 2, -1, -1]
[-1, -1, 0, -8, 0, 0, 0, 0]
[1, -4, -6, -3, -4, -1, 0, -1]
[0, 0, 2, 2, 3, -2, 0, -1]
[-1, 2, 1, 3, -1, 2, 0, -1]
[-2, -1, -3, -4, -6, 1, 0, -1]
[-1, 1, -2, -3, -4, -1, 1, -2]
[-1, -4, -7, -7, -7, -3, -2, -1]
[0, -1, 6, 9, 2, 2, -1, -1]
[-1, -3, -7, -3, -3, 1, 0, 0]
[-1, 0, 8, 8, -2, -2, 0, 2]
[-2, 0, 1, 6, 0, -1, 1, -3]
[-1, 0, -6, 2, 4, 4, 1, -1]
[0, 0, 4, -4, 0, -1, 2, 0]
[0, 1, -2, 2, 2, -1, -1, 0]
[-2, 0, -3, -8, -2, -4, -5, 1]
[-2, -4, -7, -3, -10, 1, -3, -1]
[0, 4, 11, 19, 16, 4, 0, 3]
[-1, -2, -1, -2, -2, 0, 1, -1]
[1, -1, 7, 8, 4, 2, 1, -1]
[1, 2, -3, -9, -3, -4, -2, -2]
[-2, -2, -7, -2, -6, -1, -3, -3]
[1, 2, 10, 11, 3, 0, 1, 0]
[-1, -3, -5, -6, -6, -3, -3, -1]
[-1, -3, 4, 5, 1, -1, -1, -1]
[0, -1, -2, -8, -1, 1, 2, 2]
[-2, 0, -4, -2, 2, 0, -1, 1]
[-1, 0, -2, 2, -9, -4, -1, -2]
[-3, 0, -3, -18, -3, 0, 2, 0]
[-2, 1, 2, 11, 6, 0, 0, -1]
[-3, -4, -9, -10, -4, 1, -2, -2]
[0, -1, 0, 1, -3, -3, -3, -1]
[0, 1, 7, 0, 4, -1, 0, 0]
[-1, -2, -4, -8, 2, 0, 1, -1]
[-1, -2, 0, 3, -9, -2, -1, -1]
[0, -2, -4, -4, -1, 2, -2, -1]
[2, 0, 5, 8, 0, 0, -2, 0]
[1, 1, -1, -1, -1, 0, -2, -2]
[-1, -3, -10, -28, -10, 0, -2, 0]
[0, -1, -5, 7, 1, -5, -2, 1]
[-2, -2, -7, -9, 0, -4, -3, -1]
[-1, -2, 3, -1, 2, -2, -1, -3]
[-2, -2, -2, -1, 2, 0, -1, -1]
[-3, -3, 1, -4, -4, 1, 1, 0]
[-1, 1, 1, 3, -3, 1, 0, 0]
[0, 0, 0, -2, -1, 1, 1, -1]
[-1, -1, -4, 0, 5, 1, -1, 1]
[-2, 1, -1, 0, 2, 0, 1, -2]
[-2, -2, -5, -4, 1, 0, -4, 0]
[-1, 0, -1, -2, -3, 0, -4, -1]
[-1, 3, 3, 6, 1, 0, 0, 0]
[1, 1, -3, 1, 4, -1, 0, 1]
[1, -1, -4, -5, -5, -3, 0, 0]
[2, -3, -9, -4, -2, -3, -3, -1]
[0, 0, -4, -1, 3, -2, -1, 1]
[-2, 1, 5, 4, -6, -3, 0, -2]
[0, -2, -5, -21, -2, 1, 1, -1]
[-1, -2, 0, 11, -7, 2, 1, 1]
[1, 1, 3, 11, 7, -2, -1, -1]
[-1, -3, -9, -13, -8, 0, -2, -2]
[-1, -1, -4, -13, 16, 2, 1, 1]
[0, 2, 4, 21, -1, -1, -2, 0]
[1, -2, 3, -8, -3, 0, 0, -4]
[-2, -2, 2, 2, -5, -2, -1, -1]
[-2, -3, -3, 6, -8, -1, -1, 0]
[-1, 2, -1, -14, 5, 1, 0, 3]
[-1, -1, 1, 7, 0, 0, 0, 1]
[2, 1, 4, -2, 1, -1, -1, 2]
[-1, -5, -5, -2, -4, -2, 0, -1]
[-2, -2, -3, 0, 2, -2, 1, -1]
[-2, 0, 0, 0, -3, 0, 1, 0]
[-2, 0, -3, 0, 4, 0, -2, -1]
[0, 0, 3, 9, -4, -1, -1, -1]
[0, 2, 6, -5, -4, 2, 0, -2]
[0, 0, -1, -1, -1, 1, -3, 0]
[-3, -4, -7, -9, 1, -1, 0, -2]
[1, 0, 2, 13, 2, -2, -1, 0]
[0, 0, -1, -2, 1, 0, 1, 0]
[0, -1, -4, -22, 2, -1, 0, -1]
[-2, -1, -2, 14, -3, -1, -3, 1]
[-2, 1, 3, -20, -9, 0, -1, -1]
[1, -2, -2, 18, 1, 1, 0, 0]
[2, 2, -1, -6, 6, 0, 0, 1]
[-2, 0, -2, 7, -3, -2, -1, -1]
[-2, 1, 2, 6, 2, -2, 0, 1]
[0, -2, -3, -14, 3, -2, 0, -1]
[-2, -4, -5, 3, 0, -1, -1, -1]
[-2, -1, 0, -4, -4, 0, -1, -2]
[-2, -3, -4, 2, -6, 0, -1, -2]
[-2, -1, -1, -4, -2, 1, 0, -1]
[-1, 0, -1, 7, -6, -1, 2, 0]
[-1, 2, 2, -4, 14, -2, -1, -1]
[-1, 1, 3, 5, 0, -3, 0, 1]
[0, -2, -5, -4, -1, -2, -2, -2]
[0, 0, -1, 4, 4, 1, 0, 0]
[0, 0, -1, -9, -14, 0, -1, 2]
[-1, 1, -2, 7, 3, -2, -4, -1]
[2, 5, 8, 12, 10, 0, 3, 2]
[-1, -5, -4, -5, -21, -4, -2, -1]
[0, -2, 2, 7, 26, 1, 0, -2]
[-2, 0, -2, -13, -28, -1, -2, -2]
[0, 2, 1, -21, -18, 0, -1, -7]
[-4, -1, 1, 29, 25, 2, 0, 0]
[-1, 0, -1, -10, -6, 0, -1, -3]
[-2, -1, -1, 4, 4, -5, 1, 0]
[2, -5, -4, -7, 4, 2, 1, 4]
[1, 2, 5, 1, -2, -2, -6, -6]
[1, -1, 3, 21, 31, 2, 9, 6]
[-2, -1, -3, -3, 17, -1, -21, -8]
[-2, 1, -7, -22, -44, -6, 6, -3]
[1, 0, -3, -11, -56, -4, -15, 2]
[2, 6, 8, 19, 61, 10, 17, 0]
[0, -1, 4, 7, 35, 5, 9, 3]
[-2, -2, -6, -32, -88, -14, -18, -6]
[3, 0, 8, 30, 86, 11, -2, 5]
[0, 2, 0, 0, -54, -11, -22, -4]
[-1, -1, -7, -39, -33, 0, 24, 8]
[-2, -1, -2, 13, 54, -4, -20, -11]
[0, 0, -4, -24, -37, 3, 13, 3]
[-2, 0, 2, -21, -24, -5, -17, -9]
[3, 1, 5, 9, 9, 6, 9, 8]
[-1, -2, -4, 34, 29, 9, 15, -6]
[-2, 2, -4, 18, 16, 4, -18, 1]
[-6, -7, -3, -7, -11, -2, 9, 0]
[0, -1, -6, -31, -39, -23, -23, -13]
[3, 0, 11, 29, 44, 11, 8, 7]
[-2, -4, -4, -22, -17, -5, 15, -4]
[8, 0, -5, -43, -62, 2, 33, 40]
[-11, -1, 3, 26, 61, 7, -8, -40]
[-4, -5, -3, 2, -16, -7, 0, 1]
[4, 3, 0, 1, 23, -1, 4, -5]
[-4, 1, -9, -32, -50, -10, -12, -11]
[7, 2, 12, 59, 48, 21, 23, 20]
[-2, 0, -1, -7, -30, -7, -8, -5]
[-2, 0, -5, -45, 1, -8, -5, 0]
[-2, -3, -5, 13, 3, -6, 6, 12]
[-5, 2, 4, 33, 22, -2, -53, -36]
[5, 1, 1, 8, 37, 5, 11, 26]
[-1, 0, -4, -16, -46, -2, 2, 10]
[4, -2, 4, 15, 20, 14, 8, 9]
[9, -6, 1, -27, 19, -3, -13, -22]
[-25, 0, -3, 3, -73, -14, 3, 15]
[6, -3, -7, 3, 14, 1, 2, -10]
[-3, 5, 2, -23, -27, -7, -11, -3]
[16, 0, 10, 71, 65, 14, 16, 27]
[-10, 0, -9, -46, -22, 1, 2, -10]
[-11, -3, 0, 0, 22, 0, -8, -13]
[1, -8, -8, -10, 78, -1, -4, 8]
[-7, -3, -7, 1, -52, -6, 14, 11]
[16, -2, 0, -49, 22, 2, -1, -2]
[-5, -1, -3, 7, -32, 0, 14, 12]
[-3, -2, -2, 47, -2, -1, -49, -32]
[-5, -1, -6, -60, 77, -6, 23, 12]
[6, 3, 11, 95, 49, 25, -7, -5]
[-3, -5, -11, -48, -53, -19, 0, 3]
[3, -6, 0, -47, -81, -14, 0, 11]
[-7, 3, 1, 66, 55, 12, -4, -15]
[5, 0, -3, -14, -117, -17, 0, 0]
[0, -4, 2, 2, 30, 13, -3, -23]
[3, 2, -11, -4, 21, -3, 6, 9]
[2, 6, 21, 61, 44, 17, 10, 42]
[-1, -2, -7, -57, 11, -16, -16, -8]
[-2, -4, 1, 10, -18, -5, 41, -10]
[1, -3, -27, -117, -79, -8, 9, 1]
[14, 22, 74, 60, -11, 33, 17, 42]
[-18, -15, -27, -39, -5, -22, 9, -23]
[7, 5, 3, 5, 30, 14, -3, -13]
[1, 10, 28, 66, 105, 16, 2, -15]
[-5, -7, -29, -96, -95, -23, -12, -16]
[-4, -6, -4, -53, -25, -5, -1, 12]
[-1, 3, -3, -18, -85, -12, -39, 20]
[-6, -3, -4, 42, -5, 0, -10, -35]
[9, -7, -14, -16, 39, -2, -3, 52]
[10, 12, 30, 80, 113, 23, 17, 12]
[-14, -5, -12, -25, 51, -6, -41, -86]
[-2, -4, 5, -5, -68, -12, -13, -16]
[-15, -8, -19, -50, -84, -23, -18, -13]
[15, -1, -7, 8, 64, 6, 24, 66]
[2, 2, 3, -9, -22, -5, -5, 25]
[2, 8, 20, 41, 82, 19, 28, -7]
[-3, -11, -28, -58, -68, -24, -18, -17]
[-10, -12, -6, 34, 116, 21, 4, 1]
[-1, -3, -13, -81, -109, -46, -8, 2]
[-3, 1, 0, 59, 45, -1, -11, -6]
[7, 3, 1, -30, -59, -13, 4, 24]
[-5, -3, -23, -89, -74, -11, -21, -36]
[3, 21, 74, 127, 91, 39, 12, 15]
[1, -4, -25, -114, -103, -24, -5, 12]
[-8, -4, -7, 29, 52, 7, 10, -47]
[4, -5, 0, 34, 14, 0, -6, 13]
[13, 7, -10, 9, 108, 20, 15, 15]
[-13, -6, -14, -54, -52, -14, -42, -28]
[6, 0, -1, -35, -4, 9, 11, 16]
[-3, 0, 8, -5, -77, -7, -5, -30]
[0, -7, -16, -15, -27, 8, 0, 19]
[22, 1, 7, 16, 71, 11, 49, 114]
[-15, 4, 5, 39, 73, -4, -13, -109]
[-5, -7, -12, -33, -66, -12, -8, -18]
[0, -5, 28, 113, 76, 20, 33, 14]
[-2, 11, -10, -100, -10, -11, -11, -10]
[2, -4, 0, 67, 29, 5, -2, 19]
[-1, -1, -10, -70, -70, -21, -5, 12]
[-4, -5, -11, -66, -54, -14, -7, -9]
[-1, -2, 13, 48, 78, 18, 5, -6]
[-2, 1, 6, 94, 37, 10, 6, 6]
[2, 4, -2, -9, 89, 18, -5, -17]
[1, -9, -28, -84, -63, -17, -2, 13]
[-7, 1, 18, 54, -62, -5, -1, -20]
[1, 2, -7, -101, -111, -15, 6, 5]
[1, 6, 24, 127, 122, 27, -2, 16]
[-3, -3, -18, -62, 1, -13, 1, -3]
[-2, -9, -22, 23, 29, 4, 5, -4]
[1, 4, 6, -20, -77, -11, -5, 12]
[-4, -1, 3, -29, -31, -5, 8, -21]
[4, 6, 5, 33, 45, 14, 5, 11]
[-6, -1, 4, 17, -13, -7, -9, -25]
[0, -7, -11, -31, 83, 11, 15, 41]
[5, 4, 12, -12, -100, 5, 1, -2]
[-4, -4, -1, 20, 103, -9, -8, 4]
