[6, 17, 4, 20, 19, 12, 74, 46]
[10, 23, 12, 3, 12, -14, -39, -35]
[-14, 7, 2, -2, 9, 2, 11, 67]
[3, -9, -4, 0, -4, 9, -28, 15]
[-33, -7, -4, -11, -26, -13, -54, -107]
[10, 4, -12, 10, 28, 18, 19, 46]
[-24, -9, 21, 6, 8, 21, 47, -66]
[-10, -5, -1, 17, 31, -8, -55, -10]
[-23, -57, -42, -36, -59, -20, -23, -40]
[-1, 14, 16, -5, -15, 7, 43, 15]
[8, 0, -20, 1, 7, -3, -72, -128]
[-8, 21, 24, 30, 52, 10, 13, 48]
[34, 16, 5, 9, 11, -5, 49, -49]
[-23, -11, -2, -10, 0, 0, -52, 9]
[-31, -20, -20, -7, 5, -15, -10, -44]
[5, -22, -11, -17, -42, -18, -18, -75]
[-14, -11, 2, 13, 55, 14, -24, 26]
[-25, 9, 0, -18, -70, -4, 18, -63]
[-47, 4, 5, -2, -20, 16, 57, 32]
[59, 25, -3, -1, 22, -1, -6, 95]
[12, -12, 8, -5, -9, 11, -23, 21]
[26, 4, -37, 15, 53, -3, 67, 127]
[-22, 24, 56, -1, -27, 25, 52, -33]
[-26, 39, 14, 4, -16, -18, -10, -48]
[27, -16, -4, -1, 15, -6, -5, 63]
[-3, -13, 1, 3, -2, 2, 5, 1]
[5, -1, -25, 9, 19, -8, -58, -24]
[-3, -14, -10, -7, -12, -9, -31, -54]
[-24, 23, 21, 6, 33, 6, 47, 22]
[-19, -31, -18, -12, -72, -16, -25, 74]
[49, 7, -6, 5, 45, 11, 30, 31]
[15, 4, 0, -8, -28, 14, -12, -59]
[-63, -60, -14, 6, 17, 16, 12, 38]
[-42, -3, -20, -12, 26, -22, -38, -107]
[46, -21, 4, -12, -60, 14, 8, 44]
[34, 92, 20, 4, -4, 6, 42, 115]
[-4, -6, 28, 4, -10, -19, -30, -76]
[-25, 11, 29, 11, 44, 4, -3, -10]
[8, 1, -31, 6, -24, -2, 31, 54]
[-6, -49, -13, -19, -6, -17, -8, 75]
[10, 23, -17, 2, -18, 0, 18, -55]
[-1, 8, 28, 5, 12, 6, -7, -10]
[-5, 13, 18, 17, 38, 2, -24, 5]
[0, -16, 9, 14, 2, 11, 1, -1]
[15, -2, -16, -12, -18, -12, 23, 113]
[-4, -9, -12, 3, 11, 9, -14, -32]
[-13, -35, -31, -22, -16, -7, -85, 8]
[12, 13, 10, 6, 18, 14, 72, 53]
[22, 4, -8, -6, 8, -11, -10, 75]
[28, 28, 6, 0, -29, -8, -40, -40]
[-28, -29, 0, -8, -6, -9, 15, -62]
[-29, -4, 7, 8, 25, -11, 45, 21]
[-11, 16, 16, -8, -40, 15, 6, -33]
[5, -12, -38, -3, 11, -18, 26, 34]
[22, 13, 11, -3, -19, 9, 44, 10]
[-47, -23, -2, 15, 57, 6, 0, -44]
[14, 26, -2, 9, 24, -1, 45, 23]
[23, 8, 24, 1, -19, -10, -43, 40]
[9, -14, -6, 10, 35, -1, 0, -27]
[-26, -55, -36, -21, -26, -13, -45, 12]
[-27, 35, 29, 3, 0, -5, -24, -122]
[21, -16, -10, -18, -17, 10, -1, 19]
[-21, -19, -8, 2, -20, 8, 36, 34]
[13, 15, -19, -13, -14, 18, 19, 27]
[48, 11, 29, 1, -31, -9, 44, 62]
[24, 6, 14, -1, -8, 4, -35, 4]
[-56, -19, -26, 1, 22, 11, -5, -81]
[-8, 23, 37, -1, -38, -14, -52, -22]
[17, 16, -13, -1, 22, -2, -26, 29]
[-5, 15, 17, 5, -15, 8, 32, -40]
[22, 1, 8, 7, 9, -2, -26, -32]
[-1, -15, -43, 1, 0, -1, 26, 1]
[5, -11, -10, -23, -36, -21, -77, 10]
[10, -4, 22, 12, 23, 13, 56, -2]
[-19, 0, -16, -13, 12, -11, -16, -59]
[46, -13, -56, -9, -43, -7, -12, 40]
[-21, -1, 17, 4, 5, -8, -50, -26]
[13, -4, -17, -13, -30, -5, 6, 41]
[24, 63, 79, 13, 26, 12, 23, 24]
[-30, -1, 21, 7, 18, 10, 9, -12]
[12, -9, -20, 7, 5, -12, -31, -3]
[12, -3, -18, -2, 4, 1, 36, 33]
[21, 41, 5, 1, -8, 27, 28, -53]
[-12, -20, -20, -6, 13, -14, -21, -53]
[-10, -20, 7, 2, 8, 8, 43, 25]
[-4, 18, 9, -1, 1, -7, -31, -39]
[-17, -13, -14, -6, -13, 2, -22, 4]
[2, 0, 14, 6, 10, 2, -36, -23]
[-20, -7, -23, -19, -24, 7, 38, -24]
[5, -16, 1, -4, -7, -15, -33, 4]
[-14, -11, -23, -11, -18, -6, -16, 5]
[-12, 2, -3, 8, 12, 5, 31, 6]
[9, -8, 25, 16, 29, -8, -40, 27]
[-18, -9, 11, 16, 23, 12, 52, -85]
[-19, 9, 0, 1, 17, 2, -18, -1]
[33, -16, 14, 8, 7, 7, 11, 24]
[-19, -11, -20, -31, -78, -9, -7, 20]
[-1, 12, 7, 1, 2, -1, -8, 21]
[29, -15, -18, 6, -8, -7, -2, 39]
[-19, -15, -3, 11, 44, 15, 16, -42]
[14, 2, -18, 9, -11, -35, -6, -18]
[8, 11, 29, 6, 9, 7, -29, 95]
[40, 20, 16, -7, -4, -6, 18, 42]
[-6, -1, -12, -3, 30, -1, 9, 33]
[2, 21, 11, 7, -15, 10, -23, -32]
[-9, -3, -10, 3, 0, 2, 74, 91]
[-9, -17, -15, -12, -11, -1, 8, -33]
[11, 5, -1, -7, -5, 13, 19, 8]
[-46, 13, -5, 1, 12, -12, -2, -19]
[36, 10, 16, 6, 14, 4, 15, 0]
[-7, -4, 11, 12, 27, 6, -54, -63]
[-23, -36, -21, -14, -20, -7, -22, -17]
[50, 61, 4, 1, -11, 10, 18, 18]
[-10, 0, -1, -1, -6, -13, -48, -21]
[4, 30, 11, 12, 3, -2, -6, 22]
[-12, -31, -18, -11, 0, 5, 24, 23]
[-16, -18, -11, -6, -3, 5, -19, -35]
[-3, -6, -4, -1, -15, -2, -29, -88]
[19, 1, -9, 0, 17, 0, 45, 99]
[-18, 18, 18, 4, 1, 2, -12, -33]
[0, 4, 15, -2, -13, -12, 36, 12]
[22, -16, -4, 0, 11, 12, 0, 7]
[-34, -45, -26, -3, 4, -8, 0, -12]
[6, 30, 33, 14, 35, -5, -16, 31]
[13, -15, -11, -3, -8, -2, 0, -21]
[-10, -6, -21, -17, -8, -14, -6, -19]
[20, 14, 8, 5, 1, 11, 6, 11]
[5, 15, 23, 1, -32, -3, 2, 13]
[2, -13, -14, -6, 30, 13, -27, -18]
[-21, -13, -6, 4, 0, -4, 1, 31]
[9, 14, 5, 3, -1, 6, -62, -65]
[-7, -2, 7, -6, -23, -13, -9, 1]
[-2, -8, -14, 1, 27, 4, 4, 47]
[-15, -10, 8, -4, -20, 5, -8, -45]
[-3, -4, 2, -4, -18, 7, 16, 10]
[17, 7, 3, 1, -10, -8, 7, 14]
[-8, -19, -21, 9, 22, 0, -5, -6]
[-8, 7, -5, -7, 14, -1, 37, 32]
[-3, -3, 5, 1, -21, -9, 5, -1]
[22, 26, 22, -4, -3, 11, 5, 13]
[-11, -12, 1, 6, 21, -3, -8, -25]
[-3, -1, -13, -11, -30, -16, -6, 9]
[-5, -1, -1, 2, 2, 0, 14, 5]
[4, -3, -10, -3, -6, -1, -9, -11]
[-3, -17, -21, -3, 9, 3, 9, 9]
[-11, 24, 29, -5, -12, -3, 0, 5]
[22, 14, 15, 6, 15, 2, 7, 11]
[-4, -6, -7, -2, 19, 0, 1, -3]
[-4, -14, -1, -11, -56, -13, -3, -8]
[-8, -29, -22, -3, -2, -5, -8, -4]
[-3, -1, -23, -4, -12, -3, 1, -8]
[6, 17, 27, 4, 5, 1, 6, 6]
[-1, 26, 10, 8, 13, -1, 4, -2]
[-5, 0, -15, -6, 2, -5, -10, -5]
[-3, -16, -12, -2, 10, 7, 10, 11]
[4, 11, -2, 2, -16, 0, 5, -1]
[-6, -11, 8, -11, -9, -8, 0, -2]
[6, -22, 11, 8, 7, -2, 2, 1]
[-5, -3, 1, -2, -1, 5, 3, -1]
[-1, 1, -11, 1, -13, 10, -3, -1]
[-9, 11, 3, 8, 4, -8, -4, -7]
[1, 19, -10, -3, -1, -8, -2, 2]
[2, -6, -2, -7, -1, -1, 0, 1]
[0, 1, 14, 3, -13, -2, -8, -6]
[0, 13, 9, 6, 9, -3, -1, 0]
[-2, 16, -9, -2, -3, -7, -2, 3]
[-4, -15, -6, -5, 6, -2, -1, 0]
[3, -23, -4, -1, 0, 8, -2, 1]
[0, 7, -4, 9, 10, 0, -2, -2]
[2, 41, 20, 0, -5, -6, -3, 2]
[2, 11, 4, 8, 12, 7, -1, 0]
[1, 14, -2, -9, 9, 13, 0, 0]
[1, -15, 0, -4, -7, 1, -3, -2]
[-2, -48, -12, -1, -13, 2, -6, -2]
[2, -15, 4, -7, -5, 11, 3, 3]
[0, -20, -7, 10, 16, -2, -2, 0]
[-2, 1, 4, 6, 38, -3, 0, 0]
[2, 11, 0, -3, -25, -10, 0, -1]
[-6, 3, 3, 5, 6, 3, 0, -1]
[-3, 3, -16, -7, 4, -1, -2, -1]
[-1, -1, 6, -5, -1, -5, -1, -2]
[3, 0, 1, 6, 27, -3, 2, 2]
[4, -1, 4, 4, -8, 5, -1, 0]
[0, -3, -2, -2, 10, 11, -1, -1]
[-3, -12, -9, -11, -8, -7, -3, -4]
[-1, -3, -7, 4, -9, -3, 3, 1]
[0, 9, 10, 10, 27, 1, 1, 0]
[-2, 6, 1, -2, -60, -6, -4, -3]
[-6, -5, -1, 1, 23, 3, -1, -2]
[-5, -4, -13, -5, -11, 3, 0, -2]
[-1, 9, 10, 16, 40, 6, 5, 0]
[-3, 1, 8, 2, 2, -2, 4, 0]
[-6, -7, -3, -16, -74, -18, -6, -4]
[-4, -12, -13, -17, -23, -5, -2, -2]
[-1, -3, -22, -27, -12, 0, -1, -2]
[3, 8, 12, 6, 6, 7, 5, 3]
[-1, 1, 6, 12, 34, 3, 4, 2]
[1, 1, 2, 0, -6, -3, -1, 2]
[-1, -4, 8, 10, 5, 0, 1, 1]
[1, -2, -9, -4, 0, -1, 1, 0]
[0, -3, -9, -21, -14, -5, -5, -3]
[3, 4, 9, 17, 64, 13, 3, 1]
[-4, -2, -8, -4, -36, -2, -1, 0]
[1, -1, 1, -2, 15, -7, -1, -2]
[3, 1, 4, -11, -29, 9, 1, 0]
[1, 4, 8, 16, 6, 3, -3, 0]
[2, 7, 2, -7, 14, 9, 1, 2]
[-1, 3, 8, 30, 28, 4, 2, 0]
[-2, -2, 4, 25, 18, 6, 4, -1]
[-1, -2, -9, -22, -8, -6, 1, -4]
[-8, -4, -11, -24, -39, -20, -8, -6]
[9, 5, 9, -15, -67, -5, -2, 0]
[-5, -7, -10, 8, 21, -13, -3, -3]
[3, -1, -9, 1, -8, -6, 3, 2]
[-11, -9, -6, -21, -89, -29, -5, -2]
[6, 0, -16, 12, 47, -2, 3, 1]
[-1, 13, 30, 2, 18, 10, 2, 3]
[-1, 0, -2, -4, -13, 10, -1, 1]
[2, 3, 2, 6, 39, 8, -1, 2]
[-8, -11, -12, -5, 33, 5, -1, -2]
[-1, -7, -7, 1, -34, 2, -2, -3]
[0, 4, 6, 0, -3, 5, 0, -2]
[7, 7, 11, 8, 20, 12, 4, 0]
[-4, -5, -8, 12, 34, 8, -3, -4]
[1, 6, 0, 7, 36, 6, 1, -1]
[-4, -6, -8, -38, -23, 9, -2, -3]
[5, 3, 13, 47, 45, 10, 1, 2]
[-5, -3, 0, -12, -72, -8, -3, 0]
[-1, -1, -2, -24, -52, -4, -1, 0]
[-4, -4, 12, 31, 47, 5, 1, -2]
[7, 9, -1, -30, 3, -13, 4, 5]
[1, 2, 4, 14, 58, -8, 3, 3]
[-6, -7, -9, 9, 10, -10, -4, -1]
[-8, -8, -11, -9, -63, -10, -5, -2]
[9, 11, 2, 17, 20, -1, 3, 0]
[-5, -2, -3, -19, -16, -15, -2, -3]
[4, 3, -6, -22, -14, -3, 0, 0]
[-1, -2, -1, 23, 32, 4, 1, -2]
[-6, -8, 3, 2, 10, -5, 0, -3]
[2, 4, -2, -3, -15, -5, -3, -1]
[-4, 0, -7, -14, -12, -4, -5, -5]
[4, 8, 20, -1, -6, 3, 0, 1]
[-1, -3, -3, 4, 15, 2, -2, 1]
[-3, -2, -10, -23, -47, -10, -2, 0]
[-4, -7, -5, 7, -3, 1, -2, -1]
[-2, -5, -7, 3, 23, 6, 1, 1]
[0, 6, 11, -4, 1, -4, 0, -1]
[-3, -6, 1, 4, 8, -10, 0, -1]
[3, -4, -4, -10, -5, -2, -5, -1]
[11, 13, -2, -28, -55, 2, 2, 5]
[-1, -3, -6, 23, 6, 0, 1, -3]
[2, 2, 1, 12, 52, 0, 2, 0]
[-7, -8, -5, -15, -33, -1, 1, -3]
[0, 2, 3, 8, 24, 3, -1, -1]
[-1, 0, -5, 14, 12, 1, 3, 2]
[-3, 1, 5, -6, -53, -10, 0, -2]
[-1, 2, 7, 4, 18, 4, 0, -1]
[1, -4, -4, 2, 15, 1, -3, -2]
[2, 1, 3, -22, -30, -7, 1, 0]
[0, -1, 1, 5, -7, 2, -2, 1]
[0, 0, -5, 2, -7, 4, 1, 1]
[-5, -5, -8, -9, -20, 2, -1, 0]
[0, 6, 3, 12, -13, 0, -3, 2]
[-2, -1, 6, 6, 39, 3, 0, -5]
[1, 2, -10, -25, -38, 1, -1, -1]
[-3, 2, 19, 21, -34, -6, -3, -3]
[-2, -12, -15, -20, 1, -4, -3, -1]
[0, 1, 0, -6, -6, -2, 0, 1]
[6, 3, 4, 27, 31, 8, 2, 0]
[0, 1, -5, -8, 6, 7, -1, 0]
[-1, -3, -3, -11, 0, -2, 2, -1]
[0, -5, -7, -7, -8, -7, -2, -1]
[-3, -2, 0, -2, -16, -4, -4, -1]
[1, 0, -2, -3, 7, 5, 0, 2]
[-2, 1, 3, 3, 5, -3, 0, -2]
[-1, 0, -3, 0, -1, 1, -1, -1]
[0, -2, 0, 0, 12, 2, 3, -3]
[-3, 0, -3, 7, 25, -1, 1, -2]
[0, -3, -9, 10, 1, 1, 0, -1]
[-1, -2, -1, -13, -17, -4, -3, 0]
[-2, -1, -1, 4, -2, -1, 0, 2]
[-2, -2, 0, 2, 5, -2, -1, -1]
[-3, -4, -3, -8, 13, -4, 0, 0]
[2, 2, 6, 7, 33, 0, 2, -1]
[1, 3, 6, -12, -67, -2, -1, -2]
[2, -3, -4, 11, 68, 12, -1, 0]
[-2, -1, -2, -13, -52, -9, -5, -2]
[1, 0, -6, 15, 4, -2, -2, -2]
[1, 1, 3, -3, 10, -3, -2, 0]
[0, -1, -2, -8, -6, 4, -1, 0]
[1, 2, -10, -5, 13, 1, -5, -1]
[-1, 3, 19, -3, -1, 0, 0, 1]
[0, -2, 1, 39, 66, 10, 1, -3]
[-2, 2, -3, -25, -71, -11, -2, -1]
[-1, -1, 2, 14, 33, 7, 5, 2]
[-4, -1, -9, 6, -5, -1, -2, -4]
[-3, -3, 0, -1, 9, -1, -2, -2]
[0, 0, 0, 13, 13, 1, 1, 1]
[1, 3, 8, 4, -22, 0, 0, 2]
[1, -2, -7, -15, -24, -1, 0, 1]
[0, -4, 4, 7, 38, 2, -1, -1]
[-1, 0, -10, -16, -38, -7, -2, -2]
[1, -2, 11, -9, 0, -2, 0, 0]
[-1, 0, 5, 10, -4, 0, 1, -2]
[-6, 3, -3, 4, 1, -4, -1, 0]
[-3, 1, 0, -1, 30, 5, 0, 1]
[-1, -1, -4, -18, -32, -1, 0, -1]
[-1, -7, -10, 6, -5, 0, -4, -1]
[0, -1, 2, -28, -65, -4, -2, 0]
[-4, -5, -12, 17, 15, -9, -6, -3]
[1, 1, 12, 7, 15, 3, 0, 2]
[1, 1, -5, 2, 16, 0, -1, 0]
[1, -5, -13, -3, 4, 0, 1, 1]
[1, 0, 0, 5, 3, 4, 2, 1]
[2, 1, -1, 10, 4, 3, 0, -2]
[-2, 0, 0, -2, 4, -2, -1, 1]
[0, 1, 5, 1, 31, 2, 1, 1]
[0, -2, 5, 15, -8, 1, 2, 0]
[0, -1, -6, -21, -35, -6, -2, -3]
[-3, 0, -1, 2, -12, -4, 1, 0]
[-1, 5, 1, -1, 6, 3, 1, 0]
[0, 4, 2, 10, 48, 6, 2, 1]
[-2, -5, -4, -5, -8, -3, 0, -2]
[-3, -2, -1, 3, -3, -1, -2, -1]
[-3, -11, -16, 2, 19, 0, -1, -1]
[5, 10, 24, -12, -19, -7, -1, -1]
[9, 8, 4, 7, 19, 4, 3, 1]
[1, 2, -3, -7, -1, 1, 1, -2]
[-1, -3, -6, 5, -22, -7, -3, -1]
[-3, -4, -4, -12, 33, 4, -3, 2]
[-5, -4, -2, -13, -91, -5, -3, 1]
[4, 4, 3, 13, 61, 8, 1, -2]
[1, -3, 0, -14, -35, -9, -3, -2]
[-2, -4, -3, -16, -17, -2, -3, 0]
[-3, -1, -1, 2, 20, 3, 1, -1]
[0, 2, 9, 13, -1, 1, 1, 0]
[-1, 0, 3, -3, 2, 1, 1, -1]
[-2, -3, 1, 3, -10, 1, -2, -2]
[2, -5, -8, -12, 0, -4, -4, 1]
[0, 1, -6, 35, 35, 4, 2, 2]
[-3, 1, 13, -15, -62, -7, -2, 0]
[1, -4, -6, -12, 4, 0, 3, 1]
[-4, 0, 3, 27, 17, 3, 1, -3]
[-1, -2, -1, -12, -5, -3, 0, -3]
[-1, -1, -8, -9, 10, -6, -2, -2]
[-1, -5, -7, -19, -26, -2, 0, -1]
[-2, 0, 0, 0, 20, 0, -2, -1]
[-2, -2, -5, -19, -17, -1, -2, 1]
[1, -2, 0, 17, 18, 4, 0, 1]
[2, -5, 1, 1, -16, -1, 2, 0]
[4, 8, 1, 7, 58, 3, 0, -1]
[4, 7, 2, 6, -9, -4, -2, -1]
[-3, -1, 0, -20, -40, -2, -2, 0]
[0, -1, 1, 22, -1, -1, -2, 1]
[-4, -5, 4, 26, 45, 6, 1, 1]
[-4, -9, -6, -20, 7, 2, 1, 0]
[1, 3, 5, 2, 6, -1, 0, -1]
[-1, -2, -10, -31, -64, -11, -2, -3]
[-1, 0, 2, -6, -11, 3, 0, 1]
[-1, -2, 3, 3, -13, -1, -1, -1]
[2, 4, -5, 15, 15, 4, 3, 1]
[0, 4, 2, 10, 15, -1, -1, -2]
[0, 5, 7, -1, -20, 3, -2, -1]
[-1, -2, -5, -15, 9, -3, -2, -1]
[0, -6, 0, 10, 2, 2, 0, 1]
[-3, -2, 0, 28, 47, 5, 0, 1]
[1, -1, -10, -20, -8, -7, -1, -2]
[0, 1, 0, -5, -19, 2, 0, -2]
[0, 2, 1, 7, 36, 4, 0, -2]
[6, 7, 2, -14, -40, -3, 0, 0]
[-3, -8, -3, -1, 6, 0, -3, 1]
[-4, 6, 1, -23, -28, -3, -2, 1]
[5, -2, -3, 4, -17, -1, 1, -1]
[-5, -1, 2, 20, 41, 4, 2, -3]
[0, -5, -2, -15, -15, -3, 0, 0]
[-4, -11, -8, -6, -18, -5, -6, -4]
[4, 7, 3, -1, 15, 1, -2, 0]
[3, 4, 10, 4, -5, 5, 2, 0]
[-3, -4, -10, -4, 18, -5, -2, -6]
[-1, -4, 0, 8, 5, 1, 2, 0]
[-1, -1, -2, -17, -16, -6, -1, -2]
[-3, -1, 1, 7, 2, 2, -1, 1]
[-2, 0, -1, -6, -1, 3, 2, 2]
[-1, 1, -1, -16, -7, -4, 1, -1]
[1, -3, -10, 21, 31, 4, -1, 1]
[3, 6, 5, 0, 27, 4, 1, 1]
[3, 6, 7, 0, -26, -1, 0, 0]
[-4, -3, -6, -7, -11, -7, -2, -2]
[-3, -2, 2, 17, 26, 3, 1, 0]
[0, -3, -5, 0, -11, 4, 0, 0]
[-2, -2, -2, 17, 30, 8, 1, -1]
[-7, 1, 1, -23, -17, -11, -2, -1]
[2, -1, 2, -8, 4, -2, -1, -1]
[9, 7, 2, 16, 8, 1, 1, 4]
[3, -2, -1, -22, -23, 0, 1, 0]
[3, -5, -6, 1, 25, 2, 2, 0]
[-6, -6, -3, 11, -31, -5, -3, -3]
[-4, 0, 3, 7, 10, 3, 1, -2]
[-2, 0, -1, 0, 4, 0, 2, 0]
[-1, 1, -2, -7, -4, -2, 1, 2]
[0, -1, 1, 5, 33, 0, -3, 2]
[0, -4, 1, 3, 3, 0, -3, 0]
[-4, -3, -4, 0, -16, -1, -2, -2]
[-3, -2, 1, -10, -15, 3, -2, -2]
[1, 4, 2, -15, -12, -7, -3, -3]
[1, 1, -15, 17, 24, -4, -3, -4]
[4, 7, 20, 15, 1, 5, -1, -1]
[4, -1, 1, -4, -51, -9, -1, -3]
[-3, -3, -3, -9, 7, 4, 4, 0]
[-7, -7, -7, -11, 9, -7, -4, -4]
[0, 1, -4, -13, 1, -6, -3, 0]
[2, 1, 0, 26, 1, 3, 0, 0]
[0, 1, -1, -6, 3, -3, -2, -1]
[1, -3, -2, -8, -8, 3, 0, -2]
[-1, 2, -2, 14, 19, 2, 0, -1]
[-3, -3, 0, -5, 6, -2, -1, -1]
[-2, -3, -3, 18, -3, -2, -1, -2]
[5, 1, 6, -24, -16, 0, 0, 4]
[0, -4, -3, 5, 6, -1, 1, -3]
[-4, -2, -1, 3, -5, -2, 0, -1]
[0, 0, 0, -8, 0, 0, -1, -3]
[1, 8, 2, -13, -3, 1, -1, -1]
[1, -3, -1, 9, -26, -2, -1, 2]
[-2, 0, -2, -9, 13, 3, -3, -2]
[0, -2, 2, 25, 23, 6, 1, 1]
[0, -1, -3, -16, -19, -4, -2, 3]
[0, 1, 2, -5, -37, -5, -4, -2]
[2, 5, -1, -2, 0, -5, -1, -1]
[-5, 1, -3, -6, 5, -1, -2, -2]
[-3, 0, 1, -8, 22, 6, 2, -2]
[-5, -5, -11, 5, 6, 1, -2, -1]
[-4, -4, -12, -11, 6, 3, 1, -2]
[1, 8, 23, 5, -15, -1, 0, 2]
[-3, -7, -1, 21, -1, 0, -2, 1]
[0, -4, 1, -6, 3, 1, 0, 1]
[-2, -5, -4, -11, -5, -4, -7, -5]
[1, -4, -11, -23, -16, -2, 0, -3]
[-1, -2, 4, 5, 31, 5, 5, 1]
[0, 2, 5, 11, -6, -2, -1, -1]
[1, 1, 1, -3, -11, -1, -2, -3]
[-3, -2, -2, -1, 6, -1, -2, -2]
[-2, -3, -3, -10, -29, -3, -2, 0]
[-3, -3, -8, 12, 50, 6, 4, 1]
[0, -3, 7, -6, -4, -10, -4, -1]
[1, -4, 0, 26, -33, 2, -3, -1]
[2, -4, -5, -14, 1, -3, -5, -1]
[2, -3, -4, -13, 0, 0, -3, -1]
[-2, 0, 3, 13, -24, -6, -3, 0]
[0, 0, 0, -14, 8, 0, 0, 3]
[-1, -1, 2, 7, 9, 4, 1, -2]
[1, 1, 3, -1, -4, -5, 0, -2]
[-3, -1, -2, 0, -6, 0, 0, -3]
[1, -2, -3, -5, 18, 4, 1, 0]
[-2, 1, -1, 17, 0, -2, 0, 0]
[5, 5, 2, -18, 6, 1, 1, -2]
[-3, -2, -2, 9, -5, -10, -4, 0]
[-4, 0, -5, -10, -6, -3, -1, 2]
[-2, -3, -3, 2, 11, 1, 1, 1]
[1, 1, 1, 9, 2, 1, 0, 0]
[-1, 1, 1, -8, -34, -7, -2, -1]
[-2, -3, -5, 21, -10, -2, -5, -2]
[-1, 3, -2, -28, -11, 3, 0, -1]
[-8, -8, -1, 11, 23, 2, 0, 0]
[5, 0, 5, 15, 2, 7, 1, -1]
[3, -1, 1, -13, -7, -7, -5, -1]
[4, -4, -4, 1, 6, 5, -1, -2]
[0, 5, 0, 0, -23, -2, -1, -1]
[-2, -3, -2, 10, 50, 2, 2, -1]
[-3, -3, 3, -5, -19, -1, 3, -2]
[4, 1, 2, 12, 16, 4, 0, -1]
[3, -4, -9, -14, -11, -5, 0, -1]
[0, -4, -2, -11, -26, -4, -2, -1]
[-3, -2, 0, 0, 5, -4, 0, -2]
[-1, -3, 3, 4, 0, 1, -2, 1]
[-2, -3, 0, 8, 9, -1, -2, 1]
[-2, 1, -1, -1, -3, 1, -2, 0]
[2, 8, -2, -7, 0, 1, -1, -1]
[-1, 2, 5, 14, 10, -1, 2, -1]
[3, -2, -3, -11, -9, -1, 2, 2]
[-3, -6, -6, -11, -2, -7, -2, -1]
[3, 6, 3, -6, -2, -6, 0, 0]
[-4, -2, -3, -5, -16, 0, -1, -3]
[1, 2, -1, 13, -6, -1, -2, -3]
[0, 1, 4, 17, 33, 5, 0, -1]
[-4, -3, 4, -26, -17, 1, -1, -4]
[-3, -1, 3, 31, 23, 3, -2, -1]
[-7, -3, 3, -11, -26, -4, -2, 0]
[1, -3, -2, 5, -6, 0, 0, 2]
[0, -5, -10, -10, 6, -4, 0, -1]
[4, -2, -4, -4, 3, -2, 2, 0]
[-1, -5, -2, -10, -25, -4, 0, -4]
[-1, 4, 2, 5, 6, -4, 1, 0]
[0, -1, 1, 8, 6, 4, 0, 0]
[2, 0, -2, -8, -5, 0, -3, 3]
[1, 3, -1, 13, 28, 4, -2, 1]
[0, -1, -1, -28, -21, -8, -5, -3]
[0, -3, 3, 19, 15, 4, -2, -1]
[-2, -2, -4, -6, 4, 4, 1, 1]
[-3, 9, 4, -1, 2, 0, -3, 0]
[-1, 3, -5, -17, -47, -16, -3, -3]
[1, -3, -4, -1, -9, -3, 3, -4]
[5, -5, -2, -13, -7, -4, 0, -5]
[2, -3, -4, 6, 42, 7, 1, 0]
[-2, 1, 3, 20, 28, 5, 0, 0]
[1, -2, 2, 3, 2, -1, -3, 0]
[2, 2, 1, -1, -10, -1, 1, 3]
[0, -3, -4, -9, 18, -1, 1, -2]
[1, -3, -1, 5, -12, 0, 3, -2]
[-2, -2, 1, 10, 21, -5, -3, -1]
[4, 1, 3, -3, -44, 1, -2, 3]
[0, -5, -1, 19, 11, 1, -2, -1]
[1, -1, 1, 9, 21, 3, 0, 1]
[1, 0, -1, -13, -29, -2, -1, -3]
[-1, 0, 1, -12, -1, 6, 0, 0]
[-2, -2, -3, -3, -13, 0, -1, 0]
[-2, 0, 3, 9, 5, -2, -1, -3]
[0, 0, -1, -9, -5, -3, 4, 2]
[-1, -3, 1, 17, 36, -2, 1, -3]
[-1, -4, 2, 1, 1, -3, -2, -2]
[0, 1, -2, -4, -7, 3, -4, -1]
[-3, 0, -7, 4, 19, 1, -2, -1]
[-2, 11, -8, -33, -68, -4, -1, -1]
[-1, 7, 10, 28, 21, 3, 1, -1]
[-3, -4, -5, 12, 1, -7, -2, 0]
[-2, -2, 2, -3, -2, 0, -1, -2]
[0, -4, 8, 19, 34, 2, 0, -1]
[2, -2, -1, -23, -55, -6, -3, 0]
[-2, 2, -1, -13, -2, -1, -1, 1]
[-1, -3, -2, 2, -5, -4, 0, 2]
[-2, -3, 0, 7, 32, 3, 2, 0]
[-3, -2, -4, -29, -44, -1, 1, 0]
[-3, -4, -3, 5, -7, -7, -2, -2]
[1, 2, -7, -6, -12, -7, -6, -1]
[-3, 1, -1, -13, 11, 3, 0, -2]
[1, 2, 2, 11, 9, -1, -2, -1]
[2, -1, -1, -1, 0, -1, 2, 2]
[-1, 3, 2, 5, 12, 4, -1, 1]
[0, 3, 4, 14, 5, 1, -1, -2]
[2, 2, -3, -9, 15, -1, -1, -1]
[1, 4, 6, 2, 14, 1, -1, 0]
[-2, 1, -2, -15, -46, -5, 0, 1]
[2, -6, -6, 0, 2, 1, 0, 0]
[0, 3, -5, 12, 35, 4, 3, 2]
[-2, 4, 5, -3, -4, -2, -1, -1]
[1, -3, -2, -6, -10, -2, 0, -2]
[-1, 4, -4, -3, 9, 6, -1, 3]
[-4, -3, -3, -13, -41, -11, -4, -4]
[-1, 4, -6, 0, 11, 2, -1, -1]
[-4, 1, 2, -4, 8, 4, 2, -2]
[3, -3, 2, 12, -1, 1, 0, 1]
[2, -2, -1, 3, 22, 5, 2, 3]
[-1, -5, -4, -25, -15, -1, -1, -1]
[-2, 2, 0, 34, 6, 1, -2, 4]
[-1, 1, -2, 2, 9, -1, -2, 4]
[-1, -2, 1, 8, -30, -5, 0, -2]
[-2, -1, -1, -1, -15, -5, -7, -4]
[1, 3, -1, -2, 17, 2, 3, 1]
[1, 1, -3, -6, 19, -2, 2, -1]
[5, 2, 5, 1, 30, 1, -2, -1]
[-2, -2, 0, -13, -49, -5, -1, -4]
[-5, 1, -3, 2, -11, -4, -7, -1]
[-3, 2, 2, -2, 9, 2, -2, 2]
[-2, -2, -3, 8, 54, 5, 2, -2]
[-1, 1, 0, -6, -59, -5, -3, -2]
[2, -6, 4, 4, 17, -2, -1, -1]
[-1, -5, 0, -5, -25, -4, -1, -2]
[2, 2, 2, -13, 0, 2, 1, 2]
[2, -1, -1, 9, 17, 1, 2, 0]
[-2, 2, -4, -3, -7, 1, 5, 1]
[3, 2, -3, -8, -8, 2, 4, 0]
[-2, -2, -1, 21, 12, 3, 0, -1]
[-4, -5, -7, -6, 12, -1, -3, -1]
[-3, -1, 0, -6, -12, -4, -4, -4]
[-1, 4, 1, -7, -11, 1, 1, -1]
[-5, 3, 6, 8, 11, 1, 0, 0]
[-3, -1, -1, 15, 8, -1, 1, 2]
[2, -3, -3, -4, 13, 3, 0, 2]
[0, -4, -5, -2, 4, 1, -1, -2]
[2, 2, -2, -18, -60, 0, -2, 2]
[1, -2, -2, 0, -15, 1, 0, -3]
[-3, -2, 4, 4, 11, 0, -3, -2]
[2, 1, 4, 6, -29, -7, -5, -2]
[-3, -1, 0, 0, 7, -2, -1, -1]
[0, -2, -3, -3, 22, 1, 1, 1]
[-2, -2, -1, -10, -4, -4, 2, -1]
[-3, -3, -2, -4, -13, 1, 3, -1]
[1, -7, -3, -2, 31, -5, -2, -1]
[0, -2, -5, -15, -17, -4, -2, 2]
[-1, 2, -4, 14, 22, 3, -2, 0]
[-1, 4, 1, 13, 6, 2, -1, 4]
[0, 2, 0, -42, -30, -1, -2, -1]
[-3, 2, 5, 25, 36, 4, 1, -2]
[-3, -6, -5, -21, -9, -12, -1, -2]
[2, -1, 6, 1, 5, 3, 1, -2]
[2, 0, 1, 4, -39, 0, 1, 1]
[2, -3, 2, -5, -3, -2, -2, -4]
[0, 0, -1, 4, 4, 4, 1, 0]
[-1, -2, -3, 6, 3, -3, -3, 3]
[-4, 0, -11, 4, 4, -1, -2, -1]
[0, 3, 5, 4, 47, 6, -1, -3]
[0, 3, 4, -8, -32, -4, -3, -2]
[3, 1, 1, -2, -42, -3, 3, 0]
[0, -5, -1, 1, -4, -6, 2, 0]
[-2, -6, 0, 0, 7, -3, -2, 0]
[1, 1, 1, 8, -2, 1, -2, -1]
[-1, 2, -2, -6, 7, 2, 1, -1]
[0, 6, -2, -10, -9, 1, 2, -1]
[-2, 4, -1, -5, -3, -2, 0, -1]
[-2, -1, 3, 6, 24, -1, -1, 1]
[-5, -2, -1, 0, 5, -5, -3, 3]
[-3, -6, -2, 23, 46, 4, 3, -1]
[0, -3, -5, -31, -73, 1, 0, 0]
[2, 1, -5, -4, -6, -1, 1, -2]
[1, -3, -2, 4, 3, -1, -1, -1]
[2, 0, 4, -2, 14, 0, -3, -3]
[0, 2, -6, 6, 14, -3, -5, -2]
[-4, -1, -3, -7, -39, 3, -3, 3]
[-1, 4, 2, 6, 19, 5, 0, 0]
[-1, 0, 0, 1, -8, 1, -2, 0]
[0, 1, 4, 1, 14, -3, 1, 0]
[-1, -1, 0, -12, -1, -7, -1, 0]
[-3, 1, -1, 13, 13, 0, 0, -3]
[-3, -3, -2, -3, 28, 4, -1, -3]
[-1, -3, -6, -6, -65, -10, -3, 0]
[2, -1, 4, -4, 1, 3, 5, 1]
[4, 4, 1, -7, 5, 4, 0, 0]
[5, 2, 2, 12, 16, 0, 1, 0]
[-1, 1, -4, -1, -2, 0, 1, -1]
[2, -2, -7, -1, 6, -2, -4, 1]
[-1, -5, 0, -10, -5, -2, -3, -1]
[1, -4, -2, -3, -14, 1, -2, -1]
[-5, -6, 3, 5, 23, -1, -2, -3]
[-4, -2, -2, -6, -15, 1, -1, -3]
[2, 2, -4, -7, -11, -1, 0, -3]
[0, 6, 1, 14, 16, 0, 3, -2]
[-1, 3, 1, 3, 5, -3, 0, 2]
[-2, 1, -3, -2, 15, 0, 0, 3]
[-4, -4, -2, 12, 26, -4, -4, 2]
[-2, -7, 1, -21, -32, -5, -3, 2]
[3, 0, 7, 8, 14, 0, -1, -1]
[2, 4, 3, 5, 4, -4, -3, -2]
[-2, -1, -3, -11, -11, 5, 2, -2]
[-4, 7, 0, 0, -9, -4, -2, -1]
[-2, 1, 0, 8, 20, 2, 3, -2]
[3, -3, 3, 3, 6, 2, 1, -2]
[-1, -4, 1, -2, 8, 0, 0, -1]
[-4, -2, -4, -7, -3, -5, 0, 0]
[-5, 2, -4, 4, 11, 0, -3, 1]
[0, 0, 0, -11, -18, 0, 0, -1]
[3, -1, 0, 18, 15, 2, 1, 1]
[-1, -4, -4, -16, -36, -5, -3, -2]
[-2, 0, 0, -2, -1, -3, 0, 1]
[2, 1, 0, 10, 18, 5, 1, 0]
[2, 1, 2, 5, 26, 4, 0, -2]
[4, -1, -2, -8, -37, -4, 0, -1]
[1, -2, 1, 3, 26, 6, -1, -1]
[-1, -5, -1, -23, -30, -3, -3, -3]
[1, -1, -2, 9, -2, 0, 1, -2]
[-4, 2, -1, 11, -1, 2, 2, -3]
[-1, -1, 0, 7, 2, 0, 0, 0]
[-2, 1, 2, -4, -5, -3, 2, -1]
[-2, 1, -4, -12, -17, -3, -3, 2]
[0, -5, 2, 13, 42, 5, -2, 1]
[-1, -2, -4, -18, -89, -20, -7, 0]
[-2, 0, -3, 9, 18, -1, 1, -2]
[-2, 0, -1, -5, 4, -1, 1, 0]
[0, 4, -1, 5, 7, 0, 3, -1]
[4, -3, 1, -6, -16, 4, 0, 0]
[1, -4, 0, 1, 13, 4, 5, 0]
[-1, 0, 3, -3, -21, -1, -2, 0]
[-5, -4, -1, 5, 11, 1, -6, -1]
[-1, -1, 3, 2, 24, -6, -6, -3]
[-3, 1, -5, -3, -13, -4, 2, 0]
[-4, -6, -3, 6, 14, 1, -1, 1]
[2, 3, -2, -33, -18, -4, -3, 1]
[1, -3, -4, 15, 11, 3, -2, 0]
[3, 4, 4, -1, 7, 1, -3, 0]
[-2, 1, 0, 6, 8, -3, 3, -4]
[3, 3, 2, 7, 2, -2, 2, -2]
[-4, -2, -8, -14, -3, 0, 1, -2]
[-1, -2, -1, 10, 6, 1, 0, 1]
[-1, -6, -1, -13, -6, 0, 0, 0]
[-1, 0, 0, 1, 12, 2, -4, 1]
[1, 1, -1, 1, 5, 2, 0, 1]
[-2, -3, -4, 3, 5, 2, -5, 2]
[1, 0, 0, -6, -25, -4, -2, 0]
[0, 0, 0, -8, -6, -1, 0, 0]
[-2, 0, 2, 1, 20, 3, 3, -2]
[-2, -1, 2, 10, 13, -2, -1, -2]
[-1, -5, -4, -3, -9, 4, 1, -1]
[-1, -6, -3, 0, -7, -7, -3, -1]
[2, 1, 2, -1, 24, 2, 1, -1]
[1, -3, -5, -9, -14, -6, -1, 0]
[0, 1, 3, 3, 9, -1, -3, -4]
[-1, -1, 1, -2, -17, 0, 4, -3]
[-1, 3, -1, -3, 12, 4, 1, 2]
[-2, -3, -6, -1, -7, 1, -2, -1]
[-2, 4, -3, -2, 2, 0, 0, 3]
[-2, -2, -7, 3, -16, -6, -3, -3]
[-2, -6, 0, -1, -14, -4, 0, -1]
[1, -4, 4, 13, 28, 7, 0, -2]
[3, 3, 2, -24, -54, -4, -2, -3]
[0, 3, 7, 26, 38, 2, -1, 1]
[-2, 3, -1, 13, -1, 0, 0, 2]
[-2, -1, 1, 1, -1, 4, 2, 3]
[-1, 0, 2, 4, 9, -2, 4, -1]
[-4, -3, -4, -8, -8, -4, -3, -2]
[1, -2, -5, -17, -6, -2, -5, -2]
[0, 0, -1, 8, 9, -2, -5, -2]
[0, 0, 1, -7, 8, -1, 0, -1]
[-5, 1, -4, -13, -22, -9, 2, -2]
[1, -1, 1, 7, 3, -1, 3, -4]
[3, 1, 0, -13, -14, 0, 3, 0]
[-2, -6, -2, 3, 7, 0, -2, -1]
[0, -5, 0, 10, -1, 1, 0, 2]
[1, -5, -6, -6, -12, 0, 0, -1]
[4, 4, 2, -2, 14, 4, 0, 0]
[1, 3, 2, 31, 29, 6, -5, -1]
[-7, 1, 1, -1, -2, -2, -1, -1]
[-2, -2, -1, -9, -22, -8, -2, 1]
[0, 1, -2, -7, -10, -1, 1, 0]
[1, 4, -3, 10, 24, 1, 4, 0]
[5, 2, -1, 2, -1, -2, 0, 0]
[0, -4, -4, -1, 6, -2, 2, -2]
[0, -4, -2, 7, -2, 1, -3, 0]
[3, 3, 6, 1, 9, 4, -1, -1]
[-1, -3, -3, -30, -16, -1, -2, -2]
[-1, -3, -1, -8, -8, -5, -1, 0]
[-2, 4, -1, 5, -3, 2, -2, -3]
[0, -1, 0, -3, -10, 0, 0, -1]
[-2, -3, 3, 5, 9, 3, 1, 0]
[-1, 3, 3, 1, 5, 1, -2, -2]
[-1, -3, 3, -14, 6, 2, 2, 0]
[0, -1, -2, 4, -5, -5, -2, -2]
[-3, -5, -5, 4, -23, -8, -2, 0]
[0, -4, -2, -7, -6, -2, -3, 3]
[1, 0, 0, 10, 23, 2, -2, 2]
[1, -5, -4, -13, 0, -3, -1, -1]
[-1, 2, 0, 1, -13, 1, -2, -4]
[-1, 2, 2, 4, 10, 0, -2, -2]
[1, 6, 0, 0, -16, -1, 3, 1]
[-3, 1, -3, -1, 4, -2, 0, 0]
[-2, 1, 5, 3, -3, 0, -1, 0]
[-4, 3, 2, 1, -1, 8, 0, 0]
[-2, -6, -1, -8, -1, 0, -2, -1]
[-1, -7, -3, -15, -17, -2, 1, -1]
[1, -5, -2, -4, 7, -2, -1, -2]
[-1, -3, -3, 21, 28, -6, -4, -1]
[4, 0, -3, 1, -1, 2, -1, 0]
[-1, 1, 3, 10, 10, 3, 0, 0]
[-2, -2, -3, -17, -22, -4, -3, -1]
[-1, -3, -5, -15, -35, -3, 1, -2]
[-1, 1, -1, 5, -3, 2, 2, 1]
[0, 3, 0, 4, -2, -2, 1, 0]
[0, -2, 1, 0, 2, 2, 0, 1]
[-2, 3, 3, 3, 15, 4, 0, -1]
[1, 6, -1, 5, -6, 1, 3, -3]
[-2, -1, -3, 4, 8, -1, -1, 0]
[-2, -3, -10, -10, 1, -3, 0, -1]
[0, -1, 5, -7, 5, -2, -2, 1]
[-1, -5, 2, -5, 3, -3, 1, -1]
[4, 2, 5, 0, -8, 0, -2, -2]
[-2, 0, -1, 1, -11, -3, -5, -1]
[-2, -2, -2, 0, 4, 6, -1, -1]
[2, 0, 1, 8, 28, 5, 0, -1]
[0, -6, -13, -40, -52, -10, 0, -3]
[2, 0, 0, 29, 24, -2, 0, -1]
[3, 1, 3, -2, -8, -2, 5, 1]
[-1, 2, 4, 15, 27, -2, 0, 1]
[-5, 0, 0, 7, 11, 2, -3, -1]
[-1, 2, -2, -13, 5, 0, -1, 0]
[0, 0, 2, 13, -1, 3, -2, -2]
[-2, 0, 1, -10, -17, 0, -2, 1]
[-1, -1, -4, -2, 3, 0, -1, 1]
[-2, -1, -4, -1, -29, -4, -3, -3]
[1, -1, -2, 2, 17, 0, 3, 1]
[-3, -6, -4, -9, -17, -2, 2, -1]
[3, 2, 4, -6, -25, -4, -1, 1]
[-1, 1, 2, 8, 20, 1, -1, -2]
[-5, 2, -5, -1, 5, 4, 0, 2]
[-2, 2, 2, 10, -1, 2, 1, 0]
[-2, 0, 4, 9, 21, 1, 1, 0]
[4, 0, 0, -3, 15, 3, -1, -2]
[2, -1, 0, -7, -12, -6, -4, -4]
[3, -2, -3, -9, -14, 0, -2, 0]
[-1, 0, -1, 5, 1, -2, -2, 0]
[-3, -4, 0, 11, 14, -4, 0, -1]
[-1, -3, -6, -16, -20, -2, -1, -1]
[2, 2, -4, 11, -4, -1, -1, 1]
[1, -1, -5, -8, -7, -2, 1, -2]
[-1, 7, 6, 10, 36, 2, -1, 2]
[-2, -1, 1, -20, -43, -6, -3, -1]
[1, -4, 1, -8, 4, 5, -2, -1]
[-1, 0, 1, 11, 3, 3, -2, -1]
[-8, -7, -8, -6, -10, -7, 0, -3]
[1, -1, 2, 9, 16, -4, 2, 2]
[1, -1, -1, -5, -20, -1, 1, 0]
[-1, 0, -3, 6, 46, 2, -3, -2]
[0, -1, -5, -1, -17, -2, 0, -1]
[0, 0, 0, -5, -3, -2, 2, -3]
[0, 3, 4, -4, -2, 0, 1, -1]
[1, 0, 3, -3, -6, 2, -1, 0]
[-2, 0, -1, -5, -24, -1, -2, 0]
[0, -4, -4, 11, 28, 1, -4, -3]
[1, 1, 1, -1, -17, 1, 2, -1]
[0, -2, -4, -16, 0, 1, 0, 0]
[-1, 1, 4, 5, 19, 0, 1, 3]
[-2, -3, -1, -9, -66, -9, -1, 0]
[-2, 0, -1, 14, 39, 5, 1, -2]
[-3, 0, 2, 3, -6, -2, 0, 0]
[-1, 0, -4, -8, -27, -3, -2, -3]
[-1, 0, -1, 21, 30, 2, 1, 1]
[0, 0, 1, -5, 20, 2, -1, 1]
[2, -7, -5, -4, 0, 0, 0, -2]
[2, 3, 1, -5, -19, -5, -3, -4]
[-1, 0, -3, -11, 5, -3, -2, 0]
[3, 2, 5, 7, 0, 3, -2, 1]
[1, -2, 3, -1, 15, 1, 2, 1]
[-1, -1, -2, -12, -48, -7, 0, 1]
[0, -1, 1, 7, 4, 0, -1, -1]
[-2, -4, -10, -3, -9, -3, 1, 1]
[-2, 0, -2, 1, 30, 2, -2, 0]
[-3, 0, 0, 5, -10, -3, -3, -2]
[-3, -1, -6, 1, 18, 2, 0, -3]
[-2, -3, -1, -9, -25, 0, -1, -1]
[1, 2, 3, 19, 7, 1, -2, 4]
[1, 0, 4, 0, 19, -6, -3, -3]
[-2, 1, 0, -9, 8, -1, -4, 0]
[-4, -1, -1, 1, 4, -1, -4, -3]
[-2, 0, 1, 5, -14, 3, -1, -1]
[2, -5, -5, -2, -7, -2, 0, 1]
[4, 1, -2, -12, 13, 2, -1, 1]
[0, -2, -4, 12, 17, 1, 1, 2]
[-4, 2, -4, -14, -26, -3, -2, 1]
[-4, 0, -1, 7, 21, 2, -1, -2]
[-4, -1, 2, 8, 2, -1, 1, -2]
[-4, 1, 1, -13, -36, -1, -1, -4]
[1, 2, 3, 8, -2, -1, 0, -2]
[2, 1, 2, -16, -11, -3, 1, -2]
[2, 2, 1, 17, 30, 3, 1, 0]
[0, -2, -1, -3, -13, -4, -1, 0]
[0, -2, -3, 0, -18, -1, 2, -2]
[-3, -4, -5, -9, 2, -3, -6, -2]
[0, -1, 2, -1, -5, -4, -2, 0]
[2, 5, 1, 2, 20, 4, 4, 2]
[0, -3, 1, 0, 1, 0, 2, -1]
[1, -3, 0, -1, -5, 3, 0, 1]
[-2, 0, -2, 8, 6, 2, -5, 0]
[1, -2, 0, 4, 13, -4, -2, 1]
[-2, 2, -2, -5, 1, -2, -1, -2]
[-4, -1, -1, -3, -50, -5, 0, 0]
[-3, -2, -4, -13, -8, 0, 2, 0]
[0, -2, -1, -2, 11, 5, 3, -1]
[-2, -4, 0, -5, -10, -3, 0, -3]
[-1, -1, 0, -4, 16, 0, -2, -2]
[-1, 0, 1, -5, -14, -2, -2, -1]
[2, -1, 0, 9, 23, 2, -1, 0]
[0, -1, -4, -15, -24, 1, 0, 1]
[-1, 0, -1, 13, 29, 1, 2, -1]
[-1, -1, -5, -4, -38, -3, 0, -2]
[1, -2, -1, 5, 42, 2, 0, -1]
[2, 0, 5, 2, -7, -4, -3, -1]
[0, -1, -2, -6, 3, -3, 0, 0]
[0, -1, 0, 13, -5, -2, -2, 0]
[-4, -7, -8, -12, 25, -4, 0, -1]
[1, 1, -2, -8, 8, 3, 2, 0]
[-3, -1, -3, -1, -18, -5, -2, 0]
[0, 4, 2, 2, 5, -1, 1, 2]
[0, 9, 2, -1, -30, 2, -2, 2]
[-1, 2, 0, 8, 16, 7, -1, 1]
[-2, 0, 1, -12, 2, -4, -4, -2]
[2, -6, -3, -1, -12, -6, -2, -3]
[1, -7, -1, 2, -14, 3, -1, -3]
[1, 0, 1, 22, 53, 2, -2, 0]
[-1, -5, -2, 7, -14, -4, -3, -3]
[-1, -2, 1, -10, -2, -3, 0, 1]
[-1, -3, 2, -11, -16, -4, -2, 1]
[0, -4, 1, 11, 9, -3, -1, 0]
[2, 1, -1, -15, -5, 2, 0, -1]
[1, 6, 5, 3, -21, 0, -1, -2]
[-1, 5, -4, -2, 5, 7, 2, 0]
[-3, 2, -4, -3, -12, -2, 1, -2]
[-2, 0, -2, -4, 12, 0, 0, 1]
[-2, -1, -2, 0, -3, -2, -2, -1]
[0, -2, 1, 3, -6, 6, 1, 0]
[-4, -5, -2, 6, 5, -3, -3, -1]
[-1, -4, 0, 1, -1, -2, 0, -2]
[-1, 0, -3, -16, -6, -1, -3, 2]
[0, 1, 2, -1, 1, -3, 1, 1]
[3, 3, 3, 0, -9, -3, 2, 1]
[-1, 2, 2, 4, 32, 1, -2, 0]
[0, 0, -3, -12, -36, 0, -1, -2]
[1, -4, -2, 7, 41, 4, 0, -2]
[-4, -4, -5, -14, -62, -7, -1, -5]
[-1, 3, -2, -10, -20, -6, 0, 1]
[-2, -5, -11, -3, 5, -4, -2, -2]
[1, 0, -1, 1, 14, 1, 0, -1]
[1, -2, 3, 5, 3, 1, 2, 1]
[-3, -2, -3, 15, 34, 2, 1, -2]
[-2, -1, 2, -1, -24, -7, -1, -2]
[1, 0, 0, -17, -18, 1, 1, -1]
[1, 0, 0, 0, 15, 5, 2, -1]
[-1, 1, -1, -8, -9, 1, 1, 5]
[-2, -2, 0, 2, 23, 1, 0, 4]
[1, -1, 2, 3, -2, 0, -1, 3]
[0, 0, -2, 2, 14, -1, -3, 0]
[-2, 0, -2, -5, -4, -1, -2, -3]
[-2, 0, -1, 21, 11, -1, 3, -4]
[1, 2, 0, -6, -20, -4, 1, 3]
[0, -2, -2, -10, 6, 5, 0, -1]
[2, -1, 1, -2, -35, -3, -3, -3]
[0, -1, -3, -9, -4, 1, 0, -3]
[1, -3, 1, -1, -16, -2, -1, 0]
[2, -2, -6, 0, 2, -1, -3, 0]
[-4, -2, 2, 1, 17, -2, -1, -1]
[1, -1, 3, 10, 18, 1, -1, -3]
[-2, -1, -3, 1, 18, 0, 0, 0]
[0, 2, 1, -7, -25, 2, -1, 1]
[-4, 1, -5, 6, 7, -2, -5, -2]
[-4, 0, -3, -10, -23, -2, -2, 0]
[-2, 1, -4, 4, 7, -1, -2, -1]
[1, -1, 7, -6, 4, -1, 2, -1]
[1, -5, -3, -4, -4, -1, 0, -3]
[3, 4, 7, 13, 28, 0, -3, 0]
[0, 4, 4, 2, 18, 4, 1, 0]
[-3, 0, 0, -7, -34, -3, -1, 0]
[0, -2, 2, 8, -15, 1, 5, 1]
[0, -5, -9, -3, 11, -1, 1, 1]
[1, -3, -3, 8, 11, 1, 0, -1]
[0, 4, 1, 3, 20, 2, -3, -3]
[2, -4, -2, -12, -21, -2, -5, 0]
[-1, 1, 0, -1, 12, -2, -1, 0]
[0, 1, 2, 10, -12, -1, 1, -1]
[-3, -6, -5, -12, -3, -1, -1, 1]
[-2, -2, 2, -5, -1, -1, -1, 1]
[-1, -3, 0, 0, -5, -4, -3, 0]
[-1, 1, -2, -8, -6, -3, 0, -2]
[0, 0, 2, 15, -2, -2, -2, -4]
[0, 0, -1, -1, 9, -1, 1, -3]
[0, 1, 0, 4, 20, 2, 0, -3]
[-1, -1, 0, -8, -17, 1, -1, 1]
[2, 2, -1, 7, 29, 5, 2, 2]
[-1, 2, -3, 0, 18, -1, 2, -1]
[-3, 1, 3, -6, -48, -10, 3, 1]
[0, -3, -1, -3, -8, -2, -3, -2]
[-1, -2, 0, -1, -3, 2, -4, 1]
[2, -1, -2, 4, 6, 1, -3, 2]
[3, -1, -2, -4, 18, 4, 0, 0]
[0, -2, 0, 2, 0, 3, -1, -2]
[1, -4, -4, 3, 12, -5, -1, -2]
[-1, 0, -1, -10, -15, -2, -1, -3]
[-1, 2, 4, 5, 1, 1, 2, -1]
[-1, 3, 0, 3, -5, 0, -4, 0]
[-5, -4, -5, 0, -17, -2, -1, 2]
[-5, 3, -1, -7, -6, -3, 0, -2]
[1, -3, -2, -3, 5, 1, 3, -1]
[1, -3, 0, 5, 4, -1, -1, 1]
[0, -1, -1, -11, -16, 0, -1, -2]
[-1, 1, 5, 0, -2, -9, -3, -1]
[-3, -1, -1, -4, 3, 0, -3, -1]
[-2, 1, -1, 2, 1, -1, 0, -1]
[-1, -3, -9, -10, -20, -2, 1, 1]
[0, 1, -4, -9, 5, 2, 0, 0]
[2, 5, 2, 1, 13, 7, 1, -1]
[0, 1, 2, -1, 1, -3, -5, 0]
[0, -1, 3, -14, -42, -5, -5, -1]
[-1, -5, -4, 27, 29, 3, 0, 1]
[-3, -4, -1, -1, 8, -3, -1, -1]
[0, -5, -6, -11, -22, -8, 1, -2]
[1, 4, 3, 5, 28, -3, 1, -2]
[-1, -3, 3, -1, -21, -3, -4, -5]
[3, 2, -5, -5, -5, 3, -2, 2]
[-2, -2, -3, 1, 2, 5, 1, 2]
[-3, 0, 0, -1, 12, 1, 0, 3]
[-2, 2, 1, 7, -3, -3, 1, 2]
[-4, -2, -2, -1, 1, 3, 3, 1]
[1, -1, -1, -14, -9, -2, 0, -3]
[2, -2, -1, 4, -9, -3, 0, -3]
[-3, -1, -1, 5, 16, -1, -1, -2]
[5, -1, 0, 0, -1, -6, -1, -1]
[-1, 0, 4, 2, -1, 5, 0, 0]
[-1, 0, -1, 11, -4, 3, -1, 0]
[-1, -2, 2, -1, 2, 4, -1, -1]
[-1, -1, -2, -11, -23, 2, 1, -1]
[-1, 0, -4, 3, 2, -2, -4, 0]
[-1, -2, -1, -9, 1, 2, -2, -1]
[2, 4, 0, 11, 4, -2, 3, 2]
[1, 2, 2, 0, 2, 2, 2, 4]
[-3, -4, 1, 0, -4, -8, -2, -2]
[-1, -2, -2, 1, -6, -4, -2, -2]
[2, 1, -4, -5, -3, -3, -7, -3]
[-2, -5, -2, -9, 2, -4, 0, -4]
[3, -2, -1, 9, 16, 1, -2, -1]
[-2, -2, -1, 1, -4, -1, 1, 0]
[-1, -2, 4, -7, 2, 0, 0, 1]
[0, 3, 1, 7, 3, 2, -2, 1]
[-2, -1, -3, -12, -14, 0, 0, -1]
[2, 3, 2, 14, 13, 2, 0, -4]
[-1, -1, -3, 1, -19, -3, 2, 2]
[1, 0, -5, -4, -6, -4, -10, -4]
[0, 1, -1, -12, -15, 5, 13, 1]
[2, 0, -5, 0, 50, 11, 15, 7]
[-1, 5, 4, 4, -34, 3, -9, -1]
[-2, -3, -3, -7, -32, -15, -22, -5]
[0, -2, -1, 11, 5, -6, -7, -2]
[-1, -5, -2, -29, -3, 2, 25, 7]
[-4, -7, -3, 15, 61, 9, 5, -2]
[-8, -12, -1, 5, -24, -1, 7, -1]
[-2, 21, 6, 1, -34, -1, -13, -6]
[0, -5, 4, 3, -12, -19, -27, -12]
[11, 14, 5, -6, -3, 17, 31, 12]
[1, -4, 0, 1, 11, -6, -13, -1]
[10, -6, 4, 3, 23, 1, -8, 0]
[-11, 3, -2, -1, -16, -3, 18, 4]
[1, -4, -2, 8, 44, -21, -15, -8]
[10, 0, -4, -17, 4, 26, 42, 13]
[-13, -16, -8, 26, 19, 8, 6, -3]
[-8, 1, -2, -25, -58, -38, -36, -12]
[-3, -4, 5, 15, -9, 17, -18, -3]
[11, 20, 4, -11, -2, 11, 29, 21]
[-16, -11, -6, -5, 24, 2, -22, -7]
[8, 1, 1, 32, 36, 3, 10, 5]
[-1, -3, -1, -16, -40, 4, -25, -18]
[6, 18, 8, 13, 23, 12, 12, 0]
[4, -5, 8, 15, 55, 82, 58, 5]
[5, 2, 4, 1, 20, -31, -28, -2]
[-6, -1, 7, 1, 10, -2, 24, 17]
[-16, -16, -15, -9, 32, -92, -64, -26]
[21, 14, 8, -2, -6, 31, -4, 16]
[-26, -11, -23, -30, 28, 37, -23, -32]
[2, -28, -9, 13, -3, 56, 79, 16]
[20, 22, 15, 44, 62, 41, 44, 19]
[-25, 17, 6, -5, -5, -54, -98, -4]
[42, 30, 25, 13, -9, 51, 118, 50]
[-42, -58, -50, -101, -87, -87, -86, -55]
[36, 26, 18, 66, 98, -2, -81, -10]
[25, 30, 8, -18, -120, 53, 99, 41]
[-14, -8, -13, -44, -36, -45, -76, -23]
[12, 25, 20, 75, 24, 125, 101, 30]
[-27, -33, -16, -51, -51, -66, -61, -20]
[6, -12, -3, 3, 57, 2, 26, -4]
[-19, -9, 2, 21, 8, -60, -44, 6]
[17, 12, 0, -16, -10, -9, 0, 2]
[-34, -8, -7, -16, -2, 19, -35, -9]
[20, -15, 0, 48, 43, -16, 20, 3]
[-34, 7, 0, -35, 66, 115, 98, 15]
[-16, -9, 4, 39, -19, -114, -128, -37]
[28, 13, 3, 45, 47, 115, 107, 32]
[27, 9, 8, -8, 3, 22, 68, 37]
[-2, -7, -10, -13, -96, 18, -33, -36]
[-3, 15, 2, -19, 31, -60, -70, 10]
[7, -14, 3, 42, 25, 39, 83, 19]
[-20, -17, -10, -62, -117, -107, -128, -50]
[14, 4, 2, 28, 65, 10, 61, 14]
[-67, -17, -48, -80, -12, 34, 53, -37]
[28, 16, 40, 58, 20, 17, -7, 43]
[69, 10, 15, 5, -14, -8, -10, 21]
[2, 5, 36, 105, 42, -16, -42, 4]
[-2, 4, 16, 22, 35, -40, -89, -30]
[-49, -9, -17, -42, -21, -32, -7, -37]
[-59, -6, -19, 2, 91, 75, 69, -17]
[59, 2, -11, -41, -128, -75, -94, 32]
[19, -1, -10, -18, -8, 8, -45, 27]
[6, -5, -15, -30, -3, -20, -33, -30]
[-55, 2, 1, 9, -22, -47, -53, -60]
[25, -25, -55, -104, 18, 3, -11, 4]
[10, 18, 44, 104, 34, 57, 117, 65]
[33, -13, 21, 17, -37, -41, -15, 4]
[-47, -13, -27, -29, 2, 34, -13, 7]
[43, 28, 38, 51, 48, 30, 68, 11]
[42, -8, -21, -62, -20, -47, -68, -54]
[-87, -10, -18, -14, -13, 52, 27, -27]
[39, -31, -103, -57, 13, -8, 20, -52]
[-83, 77, 87, 105, 12, 52, 49, 86]
[127, 19, -28, -24, -5, -38, -9, 77]
[-87, -27, -25, -75, -51, -47, -80, -86]
[-5, -6, -21, 55, 11, -11, 11, -50]
[65, 8, 9, 12, -20, -41, -105, -30]
[9, 13, -5, -71, -23, 5, 34, -46]
[3, -12, 34, 59, -3, 62, 88, 124]
[43, 19, 50, 7, -14, -24, -99, 13]
[-109, -49, -24, -13, -10, 18, 63, -39]
[14, 12, 22, 7, 24, 27, -55, -36]
[6, 2, -69, -86, 2, 32, 49, -31]
[-39, -13, 14, 35, 9, -25, -58, 58]
[-31, -23, 10, 6, 28, 31, 53, 45]
[28, -1, -19, -66, -9, -24, -14, 83]
[54, -2, -69, -80, -19, -2, -35, -117]
[-50, 43, 111, 98, 50, 0, 63, 85]
[-37, -13, -38, -94, 6, -51, -52, -80]
[-103, -37, -23, -47, -31, -22, -28, 1]
[50, -3, -12, 22, -11, -5, 61, 98]
[-16, 38, 7, -44, 11, -37, -104, -128]
[55, -67, -111, 51, -31, -109, 22, 103]
[47, 53, 119, 35, 52, 107, 13, -36]
[80, 44, 15, -29, 14, 49, 65, 28]
[33, -2, -27, -80, 0, 15, -15, -5]
[-70, -52, -2, -18, 1, -58, -67, -124]
[-71, -20, -39, 30, -17, 19, 106, -13]
[66, -9, 33, 48, -13, -23, -27, 111]
[-20, -25, -7, 11, 1, 14, -23, -3]
[-68, 8, -35, -76, 3, -37, -91, -88]
[-33, -52, -44, -57, -35, 49, -35, 79]
[32, 44, 40, 87, -10, -10, 38, 21]
[10, -28, -21, -84, -3, 107, 103, 125]
[82, 23, 7, -32, -42, -71, -101, -77]
[12, 26, 42, 88, 23, 7, 31, -47]
[-65, -12, 49, 59, 34, 25, 6, 70]
[127, 57, -2, -3, 5, -48, 35, -81]
[62, 8, 26, -43, 8, 77, 77, 54]
[-47, -25, -44, -20, -52, -115, -103, -54]
[-29, -6, -46, 19, 4, 3, -66, -68]
[48, 22, 84, 0, 36, 45, 49, 68]
[-105, -44, -82, -67, -53, 6, -110, -100]
[20, 58, 113, 123, 41, -50, 42, 78]
[73, 36, 15, -72, 18, 54, -6, 60]
[-110, -86, -59, 57, -43, 5, 24, 73]
[-76, -11, -21, -34, 16, 65, -9, -71]
[91, -18, -46, -121, -18, -17, 15, 91]
[14, -16, -2, 97, 14, -5, 16, 67]
[6, -11, -15, -91, 15, 33, 49, 41]
[-56, -11, -15, 57, 11, 56, 77, 7]
[13, -38, -25, 20, -44, -26, -37, -31]
[-76, 4, 14, -90, -3, -47, -57, -128]
[-92, -19, -100, -93, -57, -12, -60, -105]
[127, 42, 45, 117, 50, 58, 96, 122]
[40, 21, 40, -4, 1, 1, 24, 18]
[-88, -38, 13, 36, 13, 56, 10, -87]
[13, 3, -46, -67, -31, -73, -118, -50]
[-117, 78, 104, 65, 43, -4, -35, -128]
[94, -8, -41, -71, 37, 38, 108, 105]
[-99, -13, -3, -73, -44, -73, -86, -89]
[-105, -11, -38, -8, 23, -44, -33, -115]
[127, 36, 22, 0, 10, 91, 70, 127]
