[2, 29, 22, 49, -4, -1, 20, -29]
[17, 6, -10, -54, 19, 6, -38, -32]
[-77, -15, -13, 51, -6, 12, 62, -45]
[-4, 8, -40, -128, -5, 1, -106, -97]
[-11, -20, 5, 42, 13, 27, 83, 90]
[13, 15, 22, 42, 7, 14, 6, 56]
[86, 12, 14, -9, 0, -9, 18, 19]
[45, -19, -39, -82, -7, 49, -8, 27]
[-127, 22, 66, 104, 4, -23, -72, -113]
[-20, 2, -14, -38, 9, 25, 100, -28]
[-116, -41, -22, -75, -15, -7, -30, 6]
[90, 31, 44, 121, 25, 37, 110, 60]
[-59, -26, -28, -29, -4, -6, -36, 39]
[-72, 18, -11, -28, -17, -27, -74, -90]
[0, 13, 0, -41, 1, -19, -68, -31]
[106, 35, 7, -75, -15, 39, 82, 87]
[-102, -27, 28, 95, 10, -94, -62, 25]
[48, -4, 6, 35, 0, 49, 61, -18]
[-88, 19, -46, -63, -16, 10, -58, -127]
[68, 2, 41, 69, 5, 7, 24, 86]
[29, 24, -4, -37, 13, 57, 78, 48]
[-75, -28, -35, -25, -24, -33, -37, -41]
[-50, 7, 1, 58, 5, -50, -80, -116]
[-53, -26, -45, -41, -16, -48, -66, 14]
[100, 25, 59, 48, 22, 59, 68, 42]
[98, 26, 13, -40, 0, -38, -21, 65]
[56, -64, -61, -40, -39, 68, 107, 82]
[-128, 33, 26, 79, 12, -37, -83, -128]
[77, -22, -9, -25, -17, 12, 27, 76]
[55, -25, 21, 40, 20, 23, -24, 6]
[66, 20, 12, -26, -2, -77, -34, 50]
[-74, -5, -31, -70, -15, 7, -34, -111]
[14, 8, -27, -1, -8, 31, 58, 22]
[-58, 1, 8, 49, 11, 23, -26, -41]
[-15, 18, 11, -31, 11, 13, -10, -68]
[13, -57, -28, -19, -5, -99, -78, -42]
[-98, -33, -16, 26, -3, 87, 25, 43]
[65, 0, 23, 53, -26, -30, 40, 80]
[-12, 23, 46, 23, 6, -11, 39, -3]
[5, -10, -20, 26, 4, -1, -36, -61]
[14, 21, -57, -80, -16, -35, 51, -99]
[77, -6, 23, -15, 25, 28, 8, 100]
[-20, -5, 30, 107, -3, 36, -3, -27]
[-104, 2, 9, 16, -4, 8, 48, -58]
[-116, -31, -38, -119, -37, -115, -128, -128]
[33, -22, -38, -20, 6, 43, 48, 50]
[50, 35, 20, 62, 23, 17, 91, 78]
[16, 16, 26, -26, -9, 9, 11, -45]
[-79, -17, -2, -11, -2, -2, -35, -48]
[-128, -36, -16, -29, -21, -63, -105, -128]
[12, -18, -69, -114, -22, 39, 41, 76]
[78, 22, 82, 127, 74, 34, 80, 127]
[123, 27, -12, -121, -15, -54, -31, 113]
[-35, 5, -6, 60, 6, -39, -48, -40]
[-87, -14, 9, -59, -2, -31, -32, -57]
[-4, 23, 18, 4, 1, 90, 53, -43]
[-19, -15, 38, 68, 24, 40, 1, 68]
[57, 20, -15, -31, -28, -57, 5, 43]
[-20, -11, 23, 53, 7, 36, -21, -75]
[0, -17, -21, -54, -7, -13, -16, 15]
[-56, 1, -4, 19, 10, 34, 51, -72]
[99, 4, -8, -60, -18, -29, -47, 85]
[-14, 10, 20, 70, 17, -7, 33, 45]
[-57, 44, -12, -3, -16, -65, -31, -76]
[-12, -74, -95, -110, -31, -26, -67, -24]
[-51, -2, 86, 118, 90, 75, 54, 46]
[127, 56, -32, -128, -50, 34, 51, 79]
[-76, -16, 17, 20, -8, -87, -71, -70]
[-56, 31, 15, -10, -8, -3, 1, -72]
[-111, -50, -128, -128, -97, -26, -63, -128]
[-78, -7, 45, 127, 53, -38, -26, -13]
[118, -18, -27, -89, 7, 42, 103, 127]
[64, 35, 17, -10, 41, 33, 27, 76]
[0, 6, -2, -87, -9, 24, -23, -8]
[-28, -30, -70, -93, 0, 3, -5, -60]
[-104, 5, 48, 102, 36, 66, -5, -76]
[18, 34, 9, -5, -49, -101, -73, -94]
[89, -9, 5, 18, 5, 62, 127, 81]
[-83, 39, -17, -39, -7, -64, -128, -104]
[77, -35, 11, 20, 34, 127, 104, 102]
[-51, -41, -24, 0, -14, -6, -51, 2]
[-23, 35, 17, 66, 17, 10, 28, 5]
[-76, -10, -5, -91, -3, 11, -18, -66]
[112, 22, 13, 75, 10, -46, -27, 53]
[-28, 22, 29, -28, 9, -4, -24, -31]
[-121, -1, -46, -21, -28, -105, -128, -128]
[103, -2, 68, 73, 27, 62, 107, 112]
[48, 43, -9, -24, -29, -71, -37, 19]
[25, -20, -8, 0, 18, 22, 90, 66]
[26, 10, 14, -26, 13, 46, -15, 40]
[-46, -20, -42, -31, -42, -7, -31, -60]
[-103, -53, -38, -50, -33, -21, -53, -83]
[-16, 32, 23, 53, 15, 10, -28, -97]
[-7, 6, 9, 0, 32, 31, 70, 20]
[-52, -36, 20, 43, 7, -57, -40, -20]
[8, -15, -39, -47, -31, 12, -5, 77]
[16, 16, 6, 19, 11, 51, 67, 8]
[-4, 33, 19, 10, 3, 4, 2, -56]
[46, 13, -22, -40, -14, -26, -8, 48]
[-32, -19, -13, -35, 1, -18, -17, -29]
[16, 0, 43, 116, 23, -24, -14, 5]
[2, -5, 7, -26, 11, 5, 23, 21]
[12, -1, -4, -28, -10, 3, -22, 0]
[-32, -7, -13, -44, -4, -21, 0, -33]
[21, -9, -17, -19, -2, 43, 25, 23]
[-7, -5, -3, 2, -11, -25, 1, -11]
[-6, -16, 3, 39, 11, 5, -12, -4]
[14, -13, -9, -7, -9, 4, 26, -39]
[22, -18, -3, 0, -2, -13, -7, 65]
[-5, 21, 7, 17, -7, 5, 11, -1]
[15, -5, -10, -4, -1, -14, -47, -5]
[1, 5, 6, 12, 1, -2, 20, 12]
[2, 21, 10, -10, -5, -5, 11, -17]
[-6, -1, -1, -3, 5, 5, -2, -8]
[22, -3, 10, 14, 3, -2, 21, 17]
[-27, -15, -5, -3, 4, -16, -19, -17]
[-20, -10, -7, -15, -8, -8, 3, -10]
[-3, -14, -8, 11, 15, -14, -13, 7]
[4, 6, 8, 0, -10, 9, 16, -4]
[-17, -2, -9, 7, -9, -5, -22, 2]
[11, 2, -6, -21, 18, 10, 2, -9]
[-7, -3, 4, 26, 6, 13, 13, -2]
[10, -1, 3, 16, -41, -6, 9, 26]
[2, 16, 7, -22, 30, 6, 3, -21]
[-17, 7, -6, 12, -7, -6, 9, -7]
[-4, -36, -12, -16, 53, -13, -3, -17]
[6, 18, -12, -38, -83, -9, -33, 6]
[11, -20, -1, -12, -24, -2, 20, 1]
[14, 23, 16, 20, 32, 3, -2, -4]
[5, 24, 13, 30, 48, 4, 10, 11]
[5, -4, 2, -3, -13, -1, 4, -2]
[-3, 3, 1, 1, 9, 2, -9, 4]
[-4, -6, -8, -17, -29, 1, -7, -5]
[-14, -3, -7, -8, -13, 1, -7, -6]
[-6, -10, -1, 1, 8, 13, -1, 2]
[-5, 9, 4, 17, 45, 2, -10, -4]
[-6, -15, -2, 28, -2, 13, -10, -11]
[-7, 12, 5, -11, -36, 13, -1, 11]
[-6, -13, 0, 42, 88, 17, 43, 6]
[-4, 0, -4, -27, -24, -15, -17, -6]
[-9, 7, -6, -14, -31, -24, -14, -31]
[14, 17, 0, -13, -20, -8, -6, 21]
[-10, -16, -1, -8, -16, 1, -5, 6]
[16, 17, 4, -7, 33, 1, -9, -3]
[2, 14, 5, -2, -7, -4, 2, -5]
[-15, -17, -14, -46, -85, -12, -19, -40]
[18, 31, 15, 34, 79, 10, 16, 2]
[-21, -27, -15, -20, -35, 4, 9, 22]
[11, -2, -8, -12, -29, -12, -6, 8]
[-11, -4, 3, 26, 59, 10, 17, 1]
[-12, -1, -11, -22, 3, -12, -36, -8]
[11, -7, -3, -40, -82, -6, -14, -5]
[1, 6, 6, 37, 92, 4, 13, 13]
[3, -9, 0, -40, -65, -11, 6, 5]
[0, -12, -1, 44, 55, -6, -2, -7]
[-15, 3, 1, 7, -28, -3, -12, -3]
[3, -10, -4, -19, -28, -3, 3, -10]
[-3, -15, -2, 6, 4, -4, -11, 8]
[-3, 4, -5, -70, -76, -11, 11, 8]
[-1, -1, 0, 13, 55, 0, 1, -3]
[12, 4, 4, 31, 55, 9, 11, 17]
[-11, -5, -8, -16, -33, -1, 11, -8]
[-3, -2, -4, 11, -13, 6, -24, -13]
[13, 4, 12, 56, 35, 6, 8, 16]
[-2, -9, -1, -25, 0, 4, -18, -5]
[2, 8, 3, 13, -6, 3, 0, -2]
[4, 2, 6, 32, 29, 13, 12, -2]
[6, 14, -1, -5, 19, 2, 9, 5]
[-8, -9, -3, 11, -22, -7, 1, -1]
[-8, -5, 6, 4, 41, -1, -5, -5]
[1, -2, 3, 19, -37, -6, 7, 1]
[2, 4, -1, -8, 0, -2, -8, -4]
[-1, 1, -1, 4, -13, -2, 9, 6]
[-2, -8, -10, -32, -38, -11, -7, -7]
[7, 6, 5, 25, 55, 9, 3, 0]
[2, 1, 5, 22, 57, 16, 10, 1]
[-6, -2, -6, -40, -90, -10, -5, -2]
[3, 5, -1, 0, 17, -1, -5, -2]
[5, 1, 8, 44, 43, 2, 1, -7]
[-1, -1, -8, -50, -50, 0, -7, -2]
[2, -1, 5, 4, 72, 14, 16, 8]
[-6, -3, -5, -34, -117, -29, -13, -5]
[6, -4, 0, 4, 27, 1, 1, 1]
[0, 7, 5, 29, 103, 11, 18, 4]
[7, 11, -4, -36, -95, -13, -16, -5]
[-6, 5, -2, 11, 18, -5, -22, -11]
[-5, -5, -1, -26, 9, 4, 14, 1]
[-5, -5, 1, 18, -36, 0, 9, 10]
[-6, -2, 4, 48, 68, 18, -3, -12]
[2, -3, -1, -3, 6, 5, 0, -6]
[1, -9, -6, -8, -14, -7, 3, 2]
[6, 13, 7, 15, -14, 4, -1, 2]
[-3, -10, -9, -42, 32, 1, 6, 5]
[2, 11, 7, 81, 25, 2, -2, 2]
[-4, -2, -6, -29, -55, -10, -14, -3]
[0, -8, -1, 9, -8, 5, 4, -1]
[4, -4, -2, -42, 17, -5, -7, -8]
[-7, -9, -4, -1, -27, -4, 22, 5]
[10, 11, 1, -24, -27, -7, -2, 1]
[0, 0, 0, 15, -4, -2, -7, -3]
[1, 3, -2, -15, -50, -5, 6, 5]
[-2, -7, 5, 32, 53, 13, 7, -3]
[-7, -9, -4, 6, 7, 2, 0, -3]
[0, 13, 3, -14, -25, -9, -6, -3]
[-2, 6, 2, 27, 52, 10, 23, 6]
[3, 1, -3, -30, -44, -3, -3, 5]
[3, -1, -3, -23, -18, -2, 1, 1]
[-6, -9, 0, 6, 18, -10, -14, -4]
[3, -4, 2, 8, 1, 2, 3, 7]
[3, -2, -3, 8, 23, -1, -9, -4]
[-4, 0, -11, -40, 3, -7, -8, 0]
[0, -3, 3, 5, -47, -1, 4, 0]
[2, 4, 2, 38, 19, 6, -1, -2]
[0, 2, 3, 15, 49, -4, -2, -4]
[-1, -3, -3, -8, -72, -11, -10, -2]
[2, -2, -7, -50, 10, 3, 3, 1]
[-2, -4, 3, 10, 76, 10, -4, -2]
[4, 2, -1, 11, 87, 4, -5, 1]
[-6, -7, -10, -48, -64, -36, -2, -3]
[-1, -1, 1, 7, 43, 3, -12, 0]
[-5, 0, -4, -18, -28, -9, -2, -2]
[-8, -4, -5, 12, 8, -3, -3, -8]
[-15, -5, 3, 20, 41, 10, 10, 6]
[18, 5, -3, -13, -30, 0, 13, -1]
[3, 0, 4, 23, 1, -1, -7, 1]
[2, 10, 2, -36, -41, -2, 4, 3]
[0, 3, 2, 24, 11, 8, 1, -6]
[-4, -7, -3, 8, -1, 4, 3, -1]
[2, -2, -2, -13, -44, -1, 4, 0]
[1, -3, -1, 34, 4, -3, -7, 0]
[0, 5, -1, -20, 36, 8, 3, 1]
[-1, -2, 0, 29, -10, 0, -2, 2]
[0, 0, 3, -7, 4, -2, -5, -2]
[-2, -4, -3, -41, -38, -4, 1, -5]
[2, 2, -3, -8, -10, -5, -7, 4]
[-4, 1, 0, 30, 7, 1, -2, -3]
[0, 0, 2, -21, -9, -1, 3, 3]
[-2, -3, 5, 11, 5, -1, -7, -1]
[0, -3, -1, -5, 11, 7, 5, -5]
[-1, -4, -1, -3, 20, 4, 6, 1]
[-1, -2, -4, 6, -6, -6, 1, 4]
[1, 4, 2, -3, -21, -2, -8, -5]
[1, 1, 1, -1, -5, -2, -8, -7]
[-4, -3, -2, -18, -15, 2, 0, 2]
[-2, -1, -5, -6, -4, -2, -10, -7]
[1, -2, 1, 38, 72, 6, 5, 8]
[1, -1, 2, -4, -66, -7, 3, -7]
[-4, -3, -1, -48, 1, 0, -7, 6]
[0, -1, 6, 35, -29, -1, 3, 0]
[0, 0, -2, -14, 10, 2, -7, 0]
[-3, -1, -2, 10, -8, 1, 20, -1]
[0, 1, -1, 16, 61, 3, -4, -5]
[-1, 0, -7, -40, -58, -4, -6, -5]
[-2, 1, -2, -11, -43, -4, 0, 1]
[1, 0, 0, 6, 8, -2, -7, -2]
[-2, -2, -2, 0, 20, -2, 3, 0]
[-3, -5, -2, 7, 12, 2, -1, 0]
[0, -2, -5, -10, -22, -1, -1, -4]
[4, 1, 6, -6, 42, 6, -4, 2]
[-1, -2, -1, 24, -12, -5, 1, -5]
[-3, 2, -1, -16, 3, -3, -2, 1]
[-4, -1, 0, 18, 21, 1, 12, 2]
[1, 1, -1, -9, 11, 0, -10, -1]
[-1, -3, 5, 16, -15, 4, -6, -7]
[4, 3, 0, 17, 11, -2, -3, 4]
[-2, 5, 0, -10, 2, -2, 1, 0]
[0, 4, 0, 23, 18, 3, -1, 0]
[2, -1, 0, -17, -15, 1, 1, -2]
[2, -2, -3, -1, 26, 1, 3, -1]
[1, -7, -4, -8, -30, -6, 0, -1]
[1, -1, 1, -2, 10, 3, 6, 5]
[-2, -3, -4, -15, -16, -10, -27, -8]
[-2, 0, 4, 15, -1, -1, 1, -1]
[-2, -2, -2, -19, 26, 2, -2, 2]
[-5, 0, -2, 12, -2, -6, -4, -12]
[0, -4, -7, -3, -54, -3, 8, 11]
[1, 1, -3, 0, 0, 1, 0, -1]
[-1, 0, 7, -6, -17, -4, -4, -2]
[3, 2, 6, 28, 43, 7, 2, 6]
[-2, 1, -3, -26, 0, -7, -5, -8]
[-2, -2, -3, -2, 15, 3, -1, -1]
[1, -3, -6, -11, -27, -6, 5, 2]
[-1, -2, 0, 3, -19, 0, 0, -2]
[1, 1, 1, 17, 45, 2, -5, -1]
[-1, -2, 0, 0, 1, 0, 1, 1]
[-3, -3, -3, -15, -3, -3, 0, -1]
[0, -1, 1, -5, -45, -4, -3, 0]
[0, 1, -2, 12, -30, 2, 7, 3]
[0, 0, -5, -8, 18, 1, -1, -4]
[0, 0, 0, 3, 4, -1, -3, 0]
[0, -2, -5, -6, 8, -5, -4, -2]
[2, 2, 2, 9, 14, 4, 2, 0]
[-1, 0, 1, 2, -6, 1, 7, 5]
[-1, 1, 2, -7, -18, -1, -5, -2]
[-1, -2, -4, -9, 8, 5, 0, 1]
[0, -5, 1, 7, 16, 7, 4, -2]
[-2, -1, 0, 8, 0, -6, -5, -1]
[-2, 0, 2, 1, -28, -5, 12, 3]
[-1, -3, -3, -30, -18, -10, -10, -4]
[0, 4, 5, 6, 27, 5, 2, 3]
[-2, -2, -4, -15, -3, 3, -2, -6]
[-1, -1, -6, 12, -18, -3, 3, 1]
[-3, -1, -2, 17, 40, 5, -1, 0]
[-2, 0, -1, -14, -18, -5, 0, -1]
[-1, 2, 3, -5, -5, -2, 3, 1]
[0, -2, 6, 32, 47, 3, -4, -5]
[1, 2, -4, -7, -32, -2, 1, -1]
[0, -3, -4, -5, 10, 0, -2, -2]
[-1, 3, 6, 11, -2, -3, 0, 0]
[-1, -2, -1, 4, 23, 7, -5, -6]
[-3, -6, -4, -11, -68, -13, -3, 4]
[-2, -2, 2, 0, 8, 0, 5, 3]
[3, -1, -4, -9, -8, 1, -5, -5]
[1, -1, -9, -18, -23, 0, -2, 1]
[1, 1, 3, 18, 73, 5, 2, 0]
[0, -4, -2, -15, -26, -7, -1, 0]
[-1, -1, 5, 13, 26, 1, -2, -1]
[-6, 0, 4, -10, -20, -8, -15, -8]
[-1, 1, 1, -8, -3, 2, 11, 8]
[0, -2, -5, -4, 12, 1, 0, 1]
[1, -1, -2, 3, -7, -1, 2, 1]
[1, -2, -5, 5, 9, -2, -3, 1]
[1, 4, 2, 12, 19, -1, -4, -5]
[-1, 2, 3, -26, -27, 2, 3, 4]
[1, -1, 1, 11, 47, 9, -3, -1]
[1, -6, -4, -3, -40, -4, 1, -1]
[-2, -4, -2, 7, 3, -1, 1, -1]
[-1, 1, -3, 11, 4, 2, 4, -4]
[-1, -2, -3, -6, 11, -1, -1, 0]
[-2, 0, -1, -1, 6, 0, 3, 4]
[4, -1, -1, -1, -38, -4, 0, -1]
[2, 1, 4, 4, 15, 10, 11, 4]
[-3, -3, -3, -10, -29, -11, -26, -10]
[0, 1, -2, -22, 7, -4, 2, 1]
[-3, -1, 0, 15, 1, 0, -7, 0]
[-1, 0, -2, -2, -13, -1, -1, -1]
[-4, 0, -4, 7, 5, 3, 4, 0]
[-2, 0, 1, 2, 5, -3, 0, -1]
[0, 0, -1, -12, 3, 3, -1, -1]
[-8, -3, 0, 10, -13, -3, -2, -3]
[16, 2, 0, -16, -3, 1, 4, 2]
[-2, -1, -7, -8, -4, -8, 2, -1]
[2, 1, 13, 36, 65, 10, 7, 2]
[-3, -2, -2, -21, -70, -9, -3, 1]
[-1, 0, -6, -2, -9, -1, -1, 3]
[0, 1, -1, 3, -38, -2, -6, 0]
[-3, 1, 0, 1, 20, 3, -1, -3]
[1, -2, 2, 14, 25, 0, -5, -4]
[-2, -1, -2, -20, -23, 0, -1, -2]
[1, 1, 1, 9, 35, 5, 0, 0]
[-4, -4, -3, -11, -10, -1, -3, -2]
[0, -3, -1, 13, 18, 2, 0, 0]
[3, -1, -1, 0, -19, -3, 0, -1]
[-2, -3, -1, -1, 25, -2, 1, -3]
[5, 2, 3, -1, -17, -1, 0, -1]
[0, 2, -5, -35, -5, -2, -1, -2]
[-7, 3, 8, 37, 22, 2, 3, -1]
[-4, 1, 1, 7, 11, 1, 2, -5]
[-1, 0, -4, 0, -32, -7, 1, 6]
[2, 1, -3, -16, 7, 0, 2, 1]
[-3, -3, -3, -12, -36, 3, 3, 1]
[0, 2, 4, 17, 20, 3, 0, -2]
[1, 1, -5, -21, -12, -10, -4, -13]
[2, -1, -4, 9, 12, 3, 6, 1]
[0, 2, 1, -3, -19, -3, 1, -1]
[3, -2, -6, -21, -22, -1, -2, 0]
[-3, -4, 2, 11, 23, 1, -1, 1]
[-1, 0, 8, 7, -12, 3, -3, -2]
[-3, -4, -8, -11, 3, -5, -3, 0]
[-1, -1, 0, 6, -14, -4, 0, 5]
[-1, 3, 0, 5, 32, 0, -6, -6]
[0, 3, -1, 5, -5, 0, -3, -5]
[-2, -1, 2, -4, -8, 2, 2, -1]
[-2, -4, 3, 2, 15, 2, 0, 0]
[-3, -3, -5, -18, -16, -4, 2, 3]
[1, -2, -4, 7, 8, -3, 2, 2]
[-2, -2, 0, 4, 35, 0, 2, 1]
[-3, -5, -1, -12, -29, -5, -1, -2]
[1, -2, -1, -9, -2, 3, -2, 1]
[1, 0, 0, 4, -25, 0, -5, 1]
[-2, -1, -6, 3, 24, 2, -2, 0]
[2, 3, -1, -2, -3, 0, -7, 1]
[-2, -4, -2, -7, -2, 0, 9, -3]
[0, 3, -2, -4, 16, -3, 0, -2]
[-1, 1, -3, -2, -22, -2, 3, -1]
[0, -1, 2, 11, 27, 1, -4, 2]
[0, -2, -4, -6, -37, -5, -5, 4]
[1, -3, -3, -3, -1, -2, -1, -1]
[-2, -6, 2, 9, 15, 1, 0, -1]
[-2, -2, -2, -15, -14, -5, 0, 2]
[1, 2, -3, 8, 1, -1, -1, -1]
[-4, -2, -1, -5, 12, 1, -3, 1]
[3, 6, 10, 17, 22, 10, 4, 3]
[-2, -3, -7, -14, -3, -8, -2, -3]
[3, 1, 0, -8, -5, 0, -2, -3]
[-1, -1, 1, 8, -10, -4, -3, 0]
[-2, -1, -4, -15, -20, -7, -5, -5]
[0, 0, 2, 14, 18, 0, 1, -3]
[0, 1, 1, 5, 2, 0, 3, 2]
[2, -1, 1, -7, 11, 0, -4, -4]
[0, -2, -2, -5, -11, -5, 2, 0]
[-1, 3, -2, 2, 2, 2, -2, 2]
[-3, 1, 0, -11, -7, 2, -5, 0]
[0, -6, -4, -8, -3, 0, -4, 4]
[-2, -3, 3, 20, 18, 5, 2, 0]
[-2, 2, 2, -1, -25, -2, 0, -2]
[3, -2, 0, -13, -8, 0, 6, -1]
[-3, -1, 0, 18, -4, -2, 2, -2]
[0, -1, -1, -20, -26, -8, -6, -2]
[-2, -2, -3, 3, 6, 4, 2, 2]
[1, 4, 4, 9, 6, 5, -3, 0]
[0, 5, 1, 6, 29, -1, -1, 0]
[-1, 1, -2, -5, -9, -6, 0, 1]
[-3, -3, -4, -4, 1, -1, 0, 2]
[-1, -4, -3, 15, 9, 0, -7, -2]
[-1, 2, 2, -7, 6, 4, 4, -3]
[-3, -2, -3, 7, -1, -1, -12, -3]
[-1, -3, -3, -13, 19, 2, 4, -1]
[-1, -2, 0, 13, -38, -3, -9, 2]
[-2, -1, -1, -14, -17, -2, 0, 1]
[-4, -1, -3, 3, 0, -5, 1, -1]
[2, -1, -3, -5, -12, -2, 0, -2]
[0, 0, 2, 3, 6, 4, 10, 1]
[1, -1, 1, 13, 36, 3, 4, -3]
[0, 2, 0, -30, -58, -9, -7, -5]
[-3, 5, -1, 24, 21, 5, -2, -3]
[-6, 1, -1, -4, 0, 4, -7, -1]
[0, 0, 0, 1, -7, -1, -14, 0]
[3, -5, -2, 3, 11, 1, 10, 2]
[0, 0, -1, -20, -6, -8, -5, 0]
[-2, -4, -2, 4, 1, 9, 14, -7]
[0, 7, 1, 0, 18, -15, -33, 2]
[-1, -5, -1, 2, -10, 7, 8, 4]
[1, -3, 4, -1, -4, 2, -8, -2]
[-2, -1, -1, 12, 17, 8, 12, 6]
[14, 7, -1, -6, 7, -7, -5, -9]
[-4, 9, 3, -17, -47, -5, 24, 4]
[6, 5, -7, -20, -49, -15, -15, -3]
[-9, -8, -4, -9, -14, -12, -6, 5]
[-2, -5, 1, 23, 23, 11, 15, 4]
[-2, -3, -3, 1, 22, -8, -14, -2]
[-1, -4, -1, -4, 3, -3, -5, -8]
[-8, -5, -5, 10, 28, 16, -9, -9]
[-7, -2, 2, -8, -54, -15, 0, -1]
[-5, -3, -6, -6, 43, -8, -9, 2]
[1, -2, 4, -1, -25, 1, 13, 5]
[20, 4, 9, 8, 59, -9, -10, 5]
[-16, -16, 2, -1, -7, 52, 21, -3]
[2, -7, -1, -3, -36, -55, -16, -15]
[-11, -3, -9, -42, -87, -17, 18, 12]
[17, 9, -2, 18, 34, 20, -47, -9]
[5, -3, 3, 15, 95, 22, 47, 9]
[1, 2, -1, -22, -73, -6, -14, 0]
[-4, -6, -13, 15, -16, -35, -3, -9]
[-13, 1, -5, -27, -67, 46, 7, -8]
[8, 3, 1, 27, 70, -102, -66, 7]
[8, 7, 9, 12, -38, 78, 57, 18]
[-11, -19, -19, -22, -5, 30, -13, -32]
[-1, -1, -3, -25, -24, 21, 9, 5]
[21, 15, 11, -28, -24, 27, -1, 18]
[-2, -13, -13, 45, 59, 51, 90, 7]
[-16, -4, 2, 0, 46, 32, -27, -9]
[-17, -5, 4, 1, -10, -44, -3, -1]
[8, -17, -5, 34, 18, 25, 4, -3]
[7, 19, -1, -30, -2, -63, -50, 2]
[-1, 17, 23, 48, 80, -12, -31, 4]
[17, -2, -7, -62, -69, 37, 82, -7]
[0, 11, -8, -9, 0, 3, -1, 27]
[-14, -14, 3, 37, 82, -14, -38, -13]
[32, 15, 21, 34, 38, 127, 101, 33]
[-23, -13, -8, 8, -5, -105, -64, -37]
[-23, -18, -24, -40, -109, -66, 28, -9]
[0, -6, -14, -44, -55, -14, -42, -18]
[-8, -2, 6, 10, 37, -7, -36, -11]
[12, 7, 3, 18, 126, 2, -4, 17]
[-34, -7, 8, 9, -128, 56, 81, 6]
[38, 5, 8, -36, 19, -6, -52, 11]
[-8, -1, 1, 50, -9, -43, 19, 0]
[35, 10, 21, 49, 75, 14, -37, 0]
[-22, 5, -6, 20, 44, 16, 19, -21]
[-6, 8, -1, -23, -4, -13, -6, -8]
[7, -8, -8, -35, -31, 12, 16, 13]
[-15, -13, -14, -3, 6, 5, 5, -10]
[12, -8, -11, -4, -30, -30, -20, -6]
[-16, 6, 4, -14, 9, -17, -41, -19]
[-25, 4, 4, -2, -35, 10, 28, 4]
[31, -1, -3, 13, -20, -12, 17, 19]
[13, 3, -21, -41, 3, -38, -73, -1]
[-4, -12, -17, -3, -4, 34, 62, 6]
[-45, 4, 31, 7, 33, -12, -9, -24]
[38, 8, -13, 50, -37, 9, 24, 38]
[-12, 14, 37, 13, 15, -7, -57, -19]
[5, -10, -24, -25, -6, -8, -22, -15]
[-26, 3, 11, 2, 20, -13, -17, -45]
[-80, -6, 4, 1, -17, -6, 8, -2]
[111, 17, 7, -27, 12, 23, 57, 40]
[-34, 0, -7, 28, -6, -1, -11, -21]
[21, -6, -10, -38, -19, 20, 45, 41]
[-19, -13, -9, -46, -43, -8, -8, -6]
[11, 2, 20, 71, 31, -10, -65, -8]
[28, 21, 23, 3, 2, 33, 96, 8]
[54, 16, -17, 8, 1, -19, -18, 3]
[-111, -20, -2, -19, 7, 3, -15, -49]
[64, -1, -3, -23, 6, -8, 5, 48]
[14, -2, -10, 12, -3, 4, 20, -29]
[-41, -4, -17, -31, -4, -16, -36, -4]
[103, 35, 15, 21, 4, 21, -2, 3]
[-114, -14, 40, 66, 4, -16, -3, -39]
[24, -4, 0, 13, 23, 21, 29, 65]
[0, -11, -26, -40, -13, -20, -36, -76]
[-32, 3, 23, -28, 11, -5, -45, -34]
[-31, -15, -33, 24, -11, 27, 24, 55]
[-104, -12, 6, 10, 12, -18, -39, -100]
[119, 27, 6, -1, 12, 7, 44, 127]
[-21, -20, -25, -47, -5, -16, 32, -1]
[87, 42, 27, 74, 10, 13, -10, 63]
[-125, -16, 7, 22, 14, -8, -9, -30]
[67, -8, -31, -60, -8, -8, -41, -9]
[-18, 10, 22, 48, 3, -18, -22, -48]
[15, 13, -34, -117, 1, 11, 9, -29]
[-6, -26, -1, 74, 4, -4, -8, 22]
[-112, -28, -27, -50, -23, -6, -13, -117]
[52, -1, 13, 103, 17, -14, -20, 94]
[0, -2, -4, 5, 9, 23, 52, 13]
