[71, 15, 3, -86, -25, -38, -69, 48]
[-2, 14, 56, 85, 20, 74, 123, 79]
[41, 23, -11, -36, -14, -31, -6, -74]
[-55, -46, -45, -47, -15, 4, -22, -36]
[27, -1, -12, -34, -2, -12, -18, -2]
[-20, -9, 27, 76, 11, -14, -11, 16]
[-23, 5, 6, -3, 13, 49, 11, 4]
[11, -12, -17, -42, -6, -25, -17, -25]
[-10, 5, 13, 3, -13, -6, -20, -32]
[43, -1, 17, 6, 5, -13, -10, 71]
[7, 15, -10, -56, -17, -36, -48, -67]
[-71, -11, 39, 59, 18, 42, 18, 13]
[43, -8, -29, -7, 8, 48, 76, 70]
[39, 10, 0, -18, -1, -17, -6, 60]
[10, 10, 8, 2, 18, 35, 67, 31]
[-63, -11, -23, -9, -17, -11, -98, -74]
[-22, 18, 15, -45, 5, 39, -5, -32]
[2, -8, 10, 50, 4, -26, -20, -18]
[-55, -22, -31, -102, -43, -74, -68, 11]
[81, 12, 8, 33, 19, -5, 81, -8]
[-1, 10, 65, 105, 45, 102, 48, 62]
[-67, -23, -43, -87, -53, -90, -85, -74]
[-94, -20, -6, -11, 5, 22, 37, -103]
[19, -8, -15, 11, 18, -9, -31, 32]
[89, 28, 6, -37, -14, -19, 67, 106]
[73, 1, 0, 47, 10, 59, -9, 14]
[22, -16, -36, -8, -13, 66, 13, 27]
[-91, -1, 16, -15, -11, -67, -19, -106]
[-50, -11, -37, -33, -16, -67, -23, -33]
[20, 41, 60, 95, 26, -1, 4, -34]
[3, -29, -11, -57, 20, 92, 113, 52]
[61, 8, -52, -1, -60, -60, -102, 42]
[-47, -22, 20, 43, -1, 10, 3, 9]
[-8, 17, -21, -62, -11, 4, 22, -59]
[7, -16, 28, 50, 24, -19, -21, 53]
[-81, 7, -8, -113, 19, 43, -4, -82]
[29, -34, -41, 39, -5, -66, -5, 84]
[-21, 25, 5, 3, -37, 6, -44, -26]
[-54, 28, 22, 4, 8, 58, 77, -35]
[-13, -21, -10, 1, 8, 40, -4, -78]
[-102, -28, -20, -72, -34, -10, -64, -128]
[-58, -12, 67, 58, 31, -6, 6, 31]
[68, -5, -29, -59, -26, 3, -50, 38]
[-56, 19, 18, -2, 2, 10, 61, -64]
[16, 0, -23, 2, -3, -17, -46, -112]
[11, -14, -55, -77, -15, -18, 62, 75]
[33, -19, 21, 44, 11, 76, -6, -15]
[-6, -10, 19, -57, 4, -41, 77, 113]
[-98, -2, -41, 14, -13, -63, -81, -116]
[91, 36, 8, -119, 9, 97, 81, 29]
[25, -25, -43, 85, -40, -107, -63, 60]
[27, -7, 79, 84, 36, 46, -7, -17]
[37, 7, 19, -25, 8, 34, 15, 95]
[-93, -9, -32, -34, -34, 16, -124, -128]
[-24, 9, -15, -63, 23, 19, 45, -4]
[-54, 22, -12, 18, -2, -13, 24, -106]
[-20, 2, -26, 4, -6, -60, -93, -37]
[64, -20, -20, -83, -6, -14, 46, 74]
[53, 28, 34, -30, 35, 120, 111, 23]
[-65, -43, -37, -36, -58, -55, -89, -52]
[-18, 23, -12, -17, 4, -36, -58, 4]
[-128, -27, 22, 68, 7, 100, 66, -46]
[-8, -2, -22, -49, -3, -87, -1, 10]
[89, 27, 60, 67, 7, 6, 19, 36]
[31, 4, 4, -118, 19, 40, -11, 41]
[-73, -11, -14, -9, 2, -86, -94, -114]
[48, 19, 58, 92, 54, 3, 33, 99]
[73, 58, -11, -57, 7, 112, 44, 81]
[106, -38, -36, -46, -43, -38, 78, 15]
[-34, -5, 7, 30, -4, -64, -128, -84]
[-24, -1, -20, -33, -19, 2, -3, -70]
[-21, -21, -13, 59, 0, -27, 6, 5]
[-48, -2, 63, 123, 29, 36, 32, -10]
[65, 10, -27, -87, -4, 4, 42, 13]
[21, 20, 10, 80, 1, -94, -66, 8]
[53, -17, -23, -67, 0, 58, 18, 85]
[-100, -11, -16, -14, 1, 28, -10, -111]
[11, 3, 15, 12, -19, -51, 28, 97]
[-47, 5, 3, 53, 29, -26, -120, -44]
[3, -31, -31, -17, -19, 41, 33, 59]
[105, -1, 10, 34, -78, -37, -9, 74]
[-38, 14, -12, -31, -5, 33, -23, -94]
[-42, -12, 8, 12, 3, -2, -32, -72]
[-76, -3, 7, -57, 3, -59, -61, -68]
[5, 4, -5, 2, 15, 40, 3, -105]
[-30, 1, -45, -18, 12, -52, -36, 5]
[47, 33, 68, 10, -5, 32, -5, 37]
[-97, -8, -44, 28, 5, 18, -78, -128]
[104, 33, 20, 35, 46, 53, -10, 127]
[-77, 6, 26, 18, 6, 106, 66, 57]
[29, -2, -15, -37, -16, 32, -27, 7]
[-13, -19, -2, -6, 12, 1, 11, 6]
[-25, 5, -1, -88, -21, -42, -41, -56]
[20, 4, 9, 61, 28, -12, 33, 20]
[-60, -25, -21, -8, -6, -20, -8, -33]
[76, 23, 15, -72, 2, 34, 54, 45]
[-65, 2, 36, 93, 32, -11, 9, -40]
[67, -7, -5, 5, 0, -8, -10, -2]
[-50, -8, -68, -83, -47, 2, 23, -55]
[49, 7, 59, 12, -13, -92, -32, -31]
[29, 3, 8, 27, 12, 91, 66, 80]
[56, -17, -7, 32, 17, 80, 79, 89]
[-25, -2, -21, -98, -28, -61, -71, -63]
[-24, 14, -9, 12, 6, -9, -79, -38]
[-24, -3, 5, 25, -29, 36, 81, 3]
[-60, -39, -38, -96, -41, -28, -56, -70]
[52, 21, 20, 127, 25, 21, 63, 61]
[-88, -6, 0, -23, 9, -49, -35, -61]
[-8, 12, 6, -44, 37, 114, 98, 13]
[5, 20, -44, -102, -57, -118, -109, -87]
[37, -34, 34, 74, 34, -20, 50, 82]
[109, 55, 48, 58, 17, 2, 57, 127]
[-120, -26, -10, -36, 3, -27, -103, -125]
[97, -4, -30, -61, -11, 5, 89, 125]
[-19, 9, -21, -128, -33, -102, -128, -120]
[-81, -4, 34, 85, 37, 127, 127, 70]
[127, 64, 43, 4, 13, -14, 37, 127]
[-128, -24, 6, 38, 50, 35, 10, -128]
[-91, -20, -17, -30, -37, -39, -65, -59]
[-55, -17, -39, -70, -7, -28, -45, -64]
[-70, -5, -41, -128, -21, -73, -67, -86]
[-32, -4, 65, 127, 27, 6, -58, -50]
[47, 38, 57, 48, 68, 127, 127, 103]
[25, -20, -15, 1, -36, -60, -62, -14]
[-8, -30, -36, -58, -24, 1, -3, 12]
[8, -5, -34, -94, -54, -23, -31, -27]
[-84, -8, 12, 102, 45, 24, 27, -28]
[65, -15, -20, -74, -18, -20, -14, 50]
[1, -28, -13, -13, -16, -29, -15, -19]
[-12, -10, 8, 11, 15, -3, 23, 38]
[-8, 32, -13, -33, -18, -25, -15, -39]
[12, 25, -1, 3, 22, 34, 12, 6]
[16, 31, 25, 51, 0, -6, 7, -6]
[8, 22, -3, 12, -11, -14, -22, -18]
[-5, -25, -10, -22, -19, 10, -10, 4]
[-1, -9, -13, -7, -9, 3, 2, -10]
[-10, -2, 3, 17, 3, -12, 8, -7]
[-7, -13, 1, 32, 14, -10, -11, 0]
[33, -7, -11, -26, -6, 17, 5, 34]
[-12, 7, 8, 7, 24, 7, 15, -15]
[-28, -9, -5, 20, 1, -33, -27, -14]
[4, -5, 8, 5, -20, -52, 31, 28]
[11, -1, 1, -22, -2, -4, -24, -12]
[-16, 2, -12, -20, -23, 5, -5, -33]
[-12, -3, -2, 12, 8, 6, -4, 6]
[17, 11, 8, 23, 52, 28, 5, 16]
[1, -10, -2, -31, -56, 4, -17, -11]
[-8, -23, -9, -15, -69, -6, -3, -3]
[3, 4, -1, 5, 8, 14, -5, 2]
[22, 17, 11, 4, 15, 4, -14, -2]
[4, 11, -12, 7, 11, -3, -8, -17]
[8, 10, 0, 5, 29, -8, 24, 28]
[-14, 5, 2, 8, -14, -43, -7, -1]
[-4, -9, -5, 0, -34, -3, -18, 8]
[3, 12, 7, 35, 71, 32, 14, 5]
[6, 0, 0, -1, -11, 6, 8, 9]
[-23, -18, -3, 16, 28, -4, 35, -12]
[-3, -22, 1, -13, -2, 29, -41, -6]
[9, 3, -3, -41, -66, 25, 10, 7]
[-2, 1, 5, 2, 20, -5, -23, -13]
[-19, -10, -5, 44, 24, -33, -9, -29]
[-3, -32, -16, -50, -73, -21, -36, -8]
[-25, -42, -13, -13, -24, -22, 13, 18]
[35, 52, 11, 23, 46, -9, -1, 37]
[29, 35, 14, 10, -14, -8, 24, 5]
[-1, 10, 6, 13, 20, -3, 7, -15]
[-4, 1, -1, -6, 20, 14, -8, -17]
[-16, -17, -4, -3, 37, 9, 7, -4]
[-2, -13, -1, -15, -16, 27, -20, -5]
[6, 12, -8, -3, 13, 29, 14, 15]
[-4, -3, -7, -22, -44, 5, -8, -8]
[-14, -13, 6, 41, 85, 25, 0, -4]
[15, 10, 5, 26, -29, -21, 18, 6]
[-9, -13, -1, -45, -13, -13, 13, -12]
[8, 1, -10, 6, -2, -18, -16, -7]
[-7, -14, -13, -37, -63, -6, -5, -19]
[-18, -10, -1, 5, 47, 27, 14, 18]
[17, 36, 9, -37, -32, 9, 16, 1]
[12, 4, 9, 73, 105, 4, -1, 16]
[-13, -13, 4, 0, 0, 8, -3, -13]
[1, -2, -8, -19, -93, -21, -44, -22]
[-8, -12, -2, 12, 25, 10, 30, 25]
[4, 19, 18, 31, 64, -1, -15, -4]
[1, -9, -14, -61, -107, -32, -7, -9]
[0, -7, -1, 22, 76, 18, -7, 1]
[-6, -6, -8, -27, -71, -32, -10, -5]
[-1, 6, 3, -4, -11, -2, 10, 0]
[-8, -9, -5, 23, -6, -1, -1, -10]
[3, 3, 1, -8, 32, 15, 7, 3]
[8, 4, 0, 22, -11, -1, 4, 5]
[-1, -4, -1, 0, 52, 3, 0, -2]
[-4, -1, 1, -4, -60, 1, 3, 1]
[5, -1, -4, -33, -5, 1, 0, 2]
[-7, -2, 14, 60, 85, 17, 2, 2]
[3, 11, -9, -81, -70, -15, -1, -6]
[7, 4, 3, 26, 55, 6, -1, -1]
[7, 7, 4, 5, -28, 9, 5, 12]
[-3, -2, -1, 19, 9, -8, -7, 6]
[-13, -11, 1, 11, 25, 1, -1, -6]
[-2, -2, -8, -1, 8, 3, 4, -3]
[3, 0, -2, -30, 5, 6, -1, 1]
[5, 1, 5, 41, 10, 0, 5, -1]
[-3, -9, 0, -18, -45, -19, -4, 2]
[2, 6, -3, -10, -36, -5, 1, -1]
[-6, -1, -4, -11, 12, -4, -3, -3]
[3, 6, 1, -1, 44, 8, -6, -4]
[0, -5, -4, -2, 16, 3, 1, 0]
[-6, 2, 8, 41, 34, 3, -7, -5]
[2, -2, -5, -11, -19, -6, 4, 4]
[-1, 5, 4, 2, -55, -12, 1, -1]
[2, 1, 0, -17, -14, 0, 0, 4]
[2, 3, -7, -33, -2, -12, -4, -5]
[0, -7, -1, 9, 7, 2, -11, -4]
[4, 4, 4, -4, -17, 3, 18, 18]
[-1, 1, 0, -6, 13, -6, -32, -22]
[2, 1, -5, -8, -32, -5, 5, 9]
[3, 3, 12, 55, 43, 14, 16, 0]
[-1, -4, -6, -1, 12, -12, -23, -5]
[-4, -8, 0, 1, -18, 0, 10, 4]
[-2, -3, -4, -40, 5, 4, 1, -1]
[-3, 0, -2, 13, -7, -12, -10, -2]
[-3, -3, 4, 32, 85, 6, 9, -2]
[-2, -3, -9, -13, -104, -15, 1, 3]
[-1, -3, -1, -10, 9, 1, -5, -7]
[-3, -5, -13, -73, -82, -8, 3, 0]
[3, 3, 5, 69, 91, 15, 2, -2]
[-3, 3, -7, -52, -80, -6, 1, 3]
[-3, 0, 6, 49, 47, -1, -7, 0]
[-2, 0, 3, -13, 15, 3, -4, -2]
[0, -2, 2, 6, -16, 0, -1, -4]
[0, -2, 0, -11, -5, 2, 2, 12]
[-3, -6, -2, 13, 62, 6, 4, -6]
[-1, 3, -3, -9, -66, -12, -3, 6]
[1, 1, 2, -25, -23, 1, -5, -3]
[-2, -4, 4, 32, 44, 6, 20, 2]
[-3, -4, -3, -19, -14, -4, -3, -5]
[1, -2, -1, 14, 16, 2, 2, -1]
[4, -3, -7, -16, 3, 1, 0, 0]
[-3, 2, -2, 10, 15, 4, -2, 1]
[-3, -1, -3, 5, 30, -3, 8, -2]
[-6, -2, -2, -12, -74, -7, -5, -6]
[0, 3, -5, -26, -31, -5, -3, 2]
[5, 6, 8, 18, 50, 8, 0, 0]
[0, -1, -5, -7, -30, 0, 4, -2]
[2, -2, 1, 9, 46, 6, 2, 2]
[2, -2, -1, -7, -5, 2, 1, -2]
[5, 1, 2, 5, -13, -3, 4, -1]
[-2, -2, 4, 25, 4, -2, -1, -5]
[-1, -5, -3, -12, -4, 0, -4, -3]
[1, 0, -1, -11, -5, 2, 4, 3]
[-2, 0, 0, 3, 6, -1, 0, -4]
[-2, 4, -5, -12, -38, -10, -12, -2]
[3, 3, 6, 45, 121, 13, 1, 3]
[-4, -1, -2, -16, -73, -7, 0, -2]
[-3, -1, -2, -6, 11, 10, 3, -10]
[-1, -3, 0, -11, -51, -5, -1, 12]
[0, -1, -2, 2, 19, -1, -7, 0]
[1, -3, -2, -19, -38, -6, 15, 1]
[0, -3, 0, 19, -7, 0, -5, 0]
[-5, 2, 4, 9, 43, 3, -2, -5]
[3, 4, 2, -23, -11, -4, -3, 2]
[0, -4, -2, 9, 29, -1, -5, 1]
[-2, -4, -3, -2, 9, -2, -1, -1]
[1, 1, 3, -7, -25, -4, 3, -4]
[-2, 2, 2, 5, -7, -1, 3, -2]
[-1, 2, -4, -6, -6, 3, -6, -6]
[0, -4, -4, 12, 13, -2, -1, -1]
[3, 0, 5, 26, 38, 5, -2, 2]
[-2, 0, -4, -15, -20, -5, -1, -2]
[1, 1, -2, 2, -6, 3, -2, -1]
[-1, 1, 0, -7, 0, 0, -1, 2]
[-4, 3, -1, 14, 12, 0, 1, 0]
[-2, -1, -2, -4, 0, -1, 0, 0]
[-2, 3, 4, 9, 17, 4, 1, 0]
[-3, -3, -1, -13, -25, -5, -1, 4]
[0, -5, -4, -8, 2, 1, -2, -5]
[-2, -5, -8, -4, 4, 3, 2, 1]
[-1, -4, -4, -13, -29, -3, -4, -1]
[0, 0, 6, 3, 28, 3, 1, -1]
[-2, 0, -1, -2, -11, -1, 3, -3]
[0, -2, -1, -21, -77, -8, -4, 2]
[5, 2, 0, 2, 26, 2, 1, 1]
[2, 4, 0, 4, -12, -2, -6, -2]
[-1, -1, -5, -18, -12, -4, 0, 0]
[0, -2, 1, 18, 43, 0, -6, -2]
[0, 1, 4, 16, 35, 5, 2, -2]
[-2, -2, -1, -7, -23, -4, 4, 3]
[-2, -4, -2, -13, -44, -3, -3, -1]
[4, -3, 1, -16, -9, -1, -1, 0]
[0, 0, 3, 34, 26, 3, -1, 2]
[1, 2, -1, 1, 20, 1, 1, 0]
[1, 1, 3, -2, 1, 1, -4, -2]
[-3, -4, -4, 14, 22, -2, 0, -3]
[-1, 0, 0, -19, -12, 2, -1, 0]
[-1, -4, -3, -1, -26, -1, -2, -1]
[-1, -1, -2, 2, 34, 1, -2, -1]
[-1, 2, 2, 4, -17, 0, 5, 3]
[1, 0, 0, -14, -19, -1, -3, 0]
[0, 1, -4, 7, 18, 8, -3, -3]
[1, 2, -3, 2, -23, -2, -1, -2]
[-1, 1, -7, -4, 6, -3, 2, -3]
[0, -4, 3, 13, 44, 1, -1, 1]
[-2, 0, 4, -23, -57, -9, -4, 0]
[-1, -3, 0, 2, 4, 0, 2, -2]
[-2, 0, 1, 10, 3, -2, 0, -2]
[0, 0, -4, -12, -4, 3, 0, -3]
[3, 1, 4, 17, 60, 5, 1, 0]
[-1, -2, -2, -24, -48, -11, -4, 0]
[-3, -2, 0, 14, -3, -4, -3, -2]
[2, 1, 1, -7, 2, 2, 0, 2]
[-1, -4, -5, 3, 13, -3, -2, -1]
[0, 2, 0, -16, -7, -1, 1, 1]
[2, 2, 3, 6, 10, 3, 0, 0]
[-2, -3, 0, 11, -19, 0, 3, -1]
[-2, -5, 0, 8, 18, 1, 0, -1]
[-4, -4, -6, -7, -7, -3, -4, -6]
[0, -2, -4, -23, -27, 1, 5, 6]
[-3, 2, -3, 13, 18, 2, -3, -3]
[3, 2, -2, -2, 9, -1, 2, 3]
[0, -1, 0, 10, -4, -1, -4, 0]
[0, -2, -8, -12, -3, -3, -5, -3]
[2, 0, 2, -17, -12, -3, 0, 0]
[-1, -1, 0, 4, 10, -4, -1, -4]
[-1, -3, 1, 3, 5, -1, 0, -3]
[0, -1, 3, 5, 5, 5, 2, -2]
[-4, -3, -8, -13, -15, -3, -3, 0]
[-1, 4, 1, 2, -21, 1, -1, 2]
[1, 1, 3, -9, 26, -2, 1, 2]
[1, -2, -1, 16, 6, 0, -2, -2]
[1, -4, -8, -1, 4, 2, -1, -1]
[-1, -1, 1, -1, 4, 7, 0, -2]
[0, 1, -4, -4, -10, -6, -2, -1]
[-2, 0, 0, -5, 10, 0, 0, -2]
[2, 0, 4, 13, 39, 2, -2, -1]
[-1, -5, -5, -12, -13, -6, -2, 1]
[-1, 2, -4, 2, -9, 1, -2, 0]
[-4, 1, 2, 2, -20, -6, -2, -2]
[0, 0, -2, 1, 35, 7, 3, 1]
[1, 0, -2, -3, -5, 0, -2, -1]
[0, -6, -1, 2, -1, 0, 2, -1]
[0, -2, -2, -2, 5, -1, 1, -2]
[-2, 1, 2, -3, -34, -1, 0, -1]
[-4, -3, 0, -9, 11, 0, -1, -2]
[1, -1, -1, 16, 27, 3, 0, -1]
[0, -1, 3, 19, 3, 0, 0, 0]
[0, -2, -8, -35, -9, 0, -1, 1]
[-3, -3, -6, -19, -36, -6, -6, -4]
[1, 1, 2, 22, 28, 3, -2, 1]
[-2, -3, 0, -11, -25, -5, -4, -2]
[2, 1, 2, -7, -38, -5, 1, 2]
[-3, -1, -5, -10, -22, -4, -1, 2]
[-4, -6, -1, 15, 4, 0, 1, 0]
[-2, -1, -3, -9, 10, 2, 0, 0]
[4, 1, 1, 7, 9, 3, 1, -3]
[2, 3, 2, -1, 4, 1, -1, -1]
[-1, 1, -4, -4, -16, -6, -2, -2]
[-2, 1, -2, 6, 11, 1, -1, 0]
[0, 2, 1, -1, 7, -2, -1, 1]
[1, -2, -2, 5, -13, -1, 1, -1]
[-2, -6, 1, -3, 12, -1, -1, -2]
[1, -3, 1, 9, 29, 0, 0, -2]
[-3, -2, 0, -1, -6, 4, 2, -3]
[0, 3, 4, 19, 27, -2, 1, 0]
[-2, 4, -2, -28, -35, -4, -2, 3]
[0, 2, 3, -7, 22, 2, 0, -1]
[0, -1, -3, -13, -36, -3, -2, -3]
[0, -3, 1, 19, -14, -1, -1, -2]
[-1, -3, -4, -15, -20, -1, 0, 1]
[0, -1, 1, -3, -1, 2, -1, -1]
[-2, -3, 0, -3, 18, 1, -2, -2]
[-2, -2, -3, -3, 14, 1, 1, 0]
[0, 0, -1, 0, -5, -3, 0, 0]
[3, 1, -5, -6, -6, -2, 1, 3]
[0, -2, -5, 7, -5, -1, 1, 1]
[1, 1, -1, -1, 10, 3, 1, 0]
[-1, -2, 4, 9, 10, -1, 1, 0]
[-2, -1, 2, -15, -18, -3, -3, 0]
[-3, 0, -2, 5, -3, 1, -2, -1]
[1, 4, 4, 19, 23, 0, 1, -1]
[2, 2, -3, -8, 5, -2, -3, -1]
[3, 1, -3, -1, -9, 0, -1, 1]
[1, 0, -3, -6, -13, -4, 0, -1]
[0, 1, 4, 20, 30, 6, -1, 0]
[-4, -2, -6, -11, -8, -2, -1, -3]
[-5, -5, -8, -13, -33, -7, 0, 0]
[0, 0, -1, 4, 22, 5, 1, 4]
[-1, -2, -4, -12, -13, -6, -2, -3]
[4, 2, 2, 10, 13, 0, -2, -1]
[0, 3, 3, -5, -1, -3, 3, -1]
[-1, -2, 1, 16, 7, 1, 3, -1]
[-2, -3, -5, -14, -3, 0, 0, -2]
[-2, -3, -3, 10, 2, -1, -5, -1]
[-3, 1, 3, 2, -19, -3, -4, -2]
[1, 7, 6, 7, 10, 3, 0, 4]
[-2, 1, -1, 2, 8, 6, 2, 3]
[-1, -2, -7, -6, -12, -5, 0, -2]
[1, -2, -5, -5, -5, -3, -6, -4]
[3, -2, 1, 2, 8, -1, 4, 0]
[1, 0, 0, -5, -9, 3, 6, 3]
[-1, 1, 4, -3, -5, -4, -2, 1]
[0, -3, 2, 22, 26, -1, 1, -1]
[1, 0, 4, -15, -33, -3, -4, -2]
[0, 1, 2, 3, 20, 1, 7, -3]
[-4, 1, 0, -12, -14, 0, -5, 0]
[-2, 1, -5, 10, -9, 1, -6, 0]
[1, 0, -1, 12, 11, 3, -1, -2]
[2, -3, -3, 4, -9, -3, -5, 0]
[-5, 0, -1, -8, 2, -1, 0, 2]
[-4, -2, -3, 0, 2, -3, 1, -2]
[0, -2, -4, -4, 2, 2, 2, 0]
[1, 3, 0, -4, -2, 0, 0, 1]
[-2, 1, 2, 1, -7, 1, 1, -6]
[1, 0, -2, -9, -4, 2, 2, -1]
[-3, 2, 3, 7, 6, 1, 0, 0]
[-4, -3, -3, -10, -20, -6, -10, -2]
[2, 0, 3, 8, 13, 0, 2, 0]
[0, -4, 1, 4, 6, 5, 5, 1]
[4, 1, 0, 8, 35, 5, 3, 1]
[-1, -1, 0, -21, -43, -7, -8, -3]
[-3, -1, -2, 0, -22, -9, -3, 0]
[-1, 0, 1, -1, 9, -1, -3, -3]
[2, -1, -2, 3, 6, 1, 1, -1]
[2, -1, -4, -6, 15, 3, 2, 1]
[1, -1, -3, -2, -3, 1, -1, 1]
[0, 1, -1, -10, -24, -1, 3, 1]
[-2, -4, -1, 9, 26, -2, -9, -2]
[-7, -1, -3, 3, -22, -7, -10, -6]
[-3, 0, 5, 9, 11, -1, 16, -7]
[1, 4, 1, -12, 11, 7, -12, 2]
[5, 3, 5, 3, 6, 6, 23, 6]
[1, 1, -3, 1, 34, 0, 2, 2]
[-2, -9, -10, -24, -67, -3, 2, -2]
[-9, -11, 3, 5, -27, -9, -21, -20]
[-6, 8, -1, -8, -34, -9, 8, 14]
[9, 13, 3, -1, -4, 2, -8, 7]
[7, 8, 6, 35, 85, 21, -4, 7]
[9, 1, -2, -2, 26, -22, -11, -2]
[0, -5, -3, -19, -78, 2, 3, -12]
[-12, -7, -1, 7, 48, 12, 20, 3]
[1, -1, -5, -19, -21, 0, -9, 0]
[9, 1, 0, 13, 5, 12, 17, 8]
[-16, -4, -4, -7, 26, -9, -16, -2]
[4, -1, -1, 4, -12, -17, -24, -4]
[2, -2, 3, 0, -6, 1, 8, 0]
[-2, 1, 1, -20, 30, 8, 17, 2]
[8, -5, -1, 19, -20, 1, -20, -3]
[-6, 1, -1, -2, -13, 6, 29, 8]
[-1, -1, 1, 19, 57, -23, -24, -13]
[-11, 6, -1, -15, -42, 22, 25, 1]
[4, -5, -5, 13, -9, -14, -8, -1]
[-6, -8, -2, -30, -23, -3, -12, -10]
[0, -2, -2, 26, 49, 5, -1, -16]
[-2, -6, -11, -24, -53, -20, -25, 6]
[-6, 11, -3, -22, 39, 19, 16, 7]
[0, 4, 13, 97, 70, 19, -7, -18]
[1, 0, -9, -75, -81, -13, 17, 34]
[4, 0, 3, -7, 4, -8, -14, -12]
[0, -8, 0, -20, 51, 10, 15, 1]
[5, -3, -5, 6, -83, -4, 17, 1]
[0, -1, 7, 85, 101, 20, -5, -9]
[-6, -9, -6, 12, -30, -8, -4, -2]
[-6, 0, -4, -19, -15, -11, -30, -14]
[-10, 0, 1, -58, -65, -25, 7, 5]
[-1, -5, -3, 27, 63, 4, 3, -3]
[4, 3, 7, -7, -11, 12, 15, 13]
[1, -5, -1, 10, 7, 4, 22, -3]
[-3, 0, 4, -42, 13, -7, -35, -3]
[-16, -5, -14, -19, -30, -34, -39, -17]
[13, 7, 6, 24, 73, 23, 20, 6]
[15, 11, 6, 21, -37, 10, 50, 25]
[4, -6, 3, 64, 70, 26, 27, 21]
[-1, -1, 0, 15, -30, -10, 1, -7]
[-8, -1, -7, -43, 3, -13, -22, -12]
[5, 5, 1, -21, -28, -10, -29, -1]
[11, -12, 1, 31, 7, 5, 3, 1]
[-27, 15, 8, -3, 13, 10, 33, 8]
[5, 16, -1, -7, 10, -24, -13, -27]
[-1, 1, 0, 6, -53, 14, 25, 15]
[9, 7, 5, -2, 90, -6, -55, 8]
[1, -7, -4, -29, -22, 17, -4, -6]
[-8, -14, -5, 26, 7, -22, -7, -1]
[-7, -5, -6, -69, -51, -11, 6, -11]
[0, -3, -8, -21, -48, -7, -1, -4]
[6, -5, -11, -23, -59, 6, -2, 4]
[-16, 0, 0, 0, 51, -35, -59, -16]
[13, -2, 5, 62, 87, 15, 7, 21]
[-6, 1, 11, 58, 47, 13, 21, -11]
[-3, 9, 3, -65, -100, -26, -43, -7]
[3, 5, -10, -23, -4, 17, 39, 32]
[6, -11, -18, 11, 50, -5, 10, -5]
[12, 9, 27, 3, -47, -3, -18, -3]
[3, 0, 17, 75, 106, 19, 37, 1]
[-13, -3, 13, 23, -54, 9, -11, -15]
[-22, -10, -15, -51, -15, -15, -87, -36]
[18, 1, -25, -18, -3, -8, 52, 36]
[-6, 3, 23, -38, 17, 20, 29, 1]
[37, 7, 3, 69, -28, 14, 11, 25]
[-41, -11, 7, -13, -7, -30, -6, -26]
[-47, -3, -34, -43, -3, 20, -12, -28]
[68, -3, 12, 16, -29, 29, 39, 51]
[6, -4, -12, -26, 27, 1, 27, 24]
[21, 2, -35, -9, -54, -51, 9, 21]
[-9, 2, 48, 43, 29, 1, -37, -18]
[-63, 4, -31, -62, -87, -30, -39, -61]
[46, 0, 25, 49, 38, 42, 38, 40]
[-51, -12, 3, -11, 13, -15, -25, -49]
[14, -18, -42, -63, -44, -51, -91, -9]
[15, 10, 37, 53, 26, 49, 96, 46]
[38, -4, -28, -23, -2, 4, 34, 25]
[8, 11, 17, -1, 43, 8, -25, -6]
[-25, -2, -22, -23, -34, 54, 93, 12]
[-40, -2, -7, 23, 19, -36, -76, -53]
[-8, 12, 63, 20, 1, -29, -47, -23]
[40, 3, 3, 71, -40, 28, 32, 40]
[-1, 23, 5, -30, -32, -31, -24, -24]
[27, -11, -44, 4, -17, -23, -36, 31]
[-40, -17, -7, -46, -12, 22, 68, 32]
[32, 3, 20, 32, 34, 25, 33, 46]
[-12, -7, 1, -11, 1, -8, -25, -35]
[-16, -10, -35, -44, -11, -20, -32, -49]
[-46, -15, -35, -13, 1, -7, -8, -34]
[20, 17, 42, 77, 66, 48, 20, 45]
[77, 1, -3, -6, 0, 1, 60, 31]
[-80, 3, 6, -38, 17, -49, -54, -29]
[36, -10, -3, 20, 2, 63, 55, -28]
[-52, -18, -64, -83, -15, -66, -109, -98]
[28, 12, 101, 109, 43, 17, 28, 27]
[72, 36, 8, -2, 3, 80, 97, 99]
