[-48, -5, 10, 6, -11, -76, -65, -11]
[31, -5, -18, -56, -11, 60, 20, -4]
[-32, 0, -47, -27, -14, -11, -52, -53]
[-83, -18, -7, 15, 13, -27, -35, -89]
[106, 33, 13, 8, 14, 17, 31, 82]
[33, -3, 25, 54, 15, 10, 34, 34]
[-23, -15, -14, -77, -7, -29, -50, -4]
[28, 31, 8, 35, 9, -19, 8, -7]
[-32, -8, 7, 25, -8, 15, -12, -29]
[22, -17, -24, -115, 0, -34, 2, -32]
[-3, 21, 39, 111, 17, 44, 24, 30]
[24, -23, -11, -47, -30, -70, -57, -53]
[-13, 7, -16, -77, -4, 47, 20, 63]
[38, 22, 39, 58, -4, 33, 30, 71]
[-4, -32, -54, -96, -19, 5, -24, 13]
[3, -4, 30, 12, 12, 0, -42, -84]
[-45, -5, -6, 49, 13, -32, -87, -37]
[-9, 30, -20, -65, 17, 45, 103, -30]
[-33, -6, 3, 69, 27, 16, 12, -17]
[-11, -5, 16, -42, -23, 19, 14, 77]
[54, 7, 29, 21, 24, 33, 84, 31]
[23, 0, 11, 86, -4, 66, -98, -13]
[-64, -31, -55, -93, -41, -86, 58, -63]
[80, -2, 6, 17, -39, -28, -79, 82]
[-65, -14, -24, -95, -22, 8, -52, -89]
[-86, -21, 0, 114, 25, -29, -31, 33]
[79, 13, 3, 14, 11, 12, 50, 57]
[-20, 10, 33, 45, 49, 61, 76, 33]
[55, 13, -3, -2, -3, -14, 2, 44]
[-78, -2, -15, -67, 1, -73, -76, -99]
[-83, 3, -2, -27, 28, 37, 38, -27]
[-15, -22, -45, -76, -19, -73, -46, -37]
[-7, 4, 3, 84, 23, 111, 72, 79]
[89, -32, 26, 21, -23, 35, 90, 105]
[-38, 0, -19, -93, -65, -69, -77, -34]
[-84, -22, -21, 33, 10, 11, -42, -37]
[-30, 12, 1, -25, 13, 47, 80, -47]
[59, 51, 27, 82, 4, -118, -93, 7]
[34, -12, 18, -7, -6, 11, -23, -5]
[16, 10, -13, -49, -3, 47, 38, 29]
[0, -2, -3, 48, -13, -93, -128, -51]
[-100, 19, -11, -16, 11, 49, 55, -38]
[127, -30, -14, -18, -11, 36, 31, 110]
[-22, -7, 1, 17, -25, -61, -16, -33]
[-27, 14, -30, -70, -8, -65, -72, -58]
[-12, -5, -7, -45, 53, 110, 107, 53]
[11, 69, 95, 124, -11, -17, -29, 28]
[22, -28, -2, -23, 13, 64, 76, 45]
[-46, -12, -1, -16, -3, -38, -67, -84]
[-3, 10, -28, -86, 24, 66, 73, 49]
[39, 11, 30, 57, 17, 42, -10, -43]
[76, -9, -28, -30, -18, 20, 15, 127]
[33, 22, 2, 64, -22, -7, -18, -54]
[-59, -50, 45, 24, 12, -63, -56, -51]
[-31, -20, -52, -62, -19, 6, 20, 0]
[-21, 9, 5, 60, -12, -21, 20, -17]
[10, 4, -29, -117, -2, -16, -3, -25]
[12, 15, 16, 45, 1, 41, -76, -27]
[-8, -13, -6, -31, -18, -80, -48, 18]
[-53, -3, 7, 3, 8, 63, 26, -50]
[-44, 14, -4, -46, 2, 0, -65, -37]
[-6, -17, -10, 66, -20, -41, -3, 51]
[73, 34, 9, -18, 4, 21, 30, 21]
[-74, -1, -10, -41, -7, -49, -42, -35]
[-9, -16, 23, 94, 20, 9, 15, 64]
[-39, 4, 11, -34, -38, -47, -9, -38]
[30, 27, -36, 57, 18, 0, -19, 22]
[-25, -17, 1, -45, -3, -24, -1, 14]
[-106, -32, -33, 13, -13, 30, -60, -69]
[55, -18, -17, -3, 15, 37, 89, 57]
[-2, 2, 40, 103, 11, -30, -18, 42]
[10, 12, 15, 4, -17, -32, -104, -33]
[11, -9, -7, -57, -25, 8, -1, -23]
[-28, 1, -54, -128, -26, 61, -25, -86]
[-85, -2, 0, 59, 28, 40, -4, -31]
[61, -10, 59, 68, 38, 66, 65, 23]
[0, -13, -7, -67, 7, -22, 13, 24]
[-39, 12, 6, -38, -31, -83, -82, -117]
[-74, -52, -58, -67, -14, -18, 38, 40]
[34, 43, 31, 83, 20, 22, 45, 51]
[33, -18, 20, 12, 14, 7, 23, 4]
[72, 2, 3, 23, 2, 98, 56, 79]
[-14, 5, -14, -60, -19, -16, -22, -85]
[-85, -14, -39, -62, -21, -87, -74, -100]
[-4, -1, -26, -54, -22, 89, 47, 69]
[11, 47, 76, 93, 27, -81, -7, -88]
[63, -41, -14, -42, -9, -18, 7, 76]
[19, 25, -39, 36, -4, 32, 11, -56]
[35, -6, 21, -9, 16, -39, 57, 47]
[-62, 6, 10, 2, 10, 16, -33, -93]
[-19, 13, 23, -17, 1, -44, 19, 10]
[-57, -22, -53, -100, -34, 21, -67, -80]
[123, 39, 41, 102, 15, -24, 41, 101]
[63, 12, 6, 13, 10, 9, 16, 69]
[-50, -2, 29, 43, -3, -26, -59, -45]
[26, -1, -1, -32, 9, 25, 16, 28]
[-17, 14, -33, -33, 6, 43, -4, -60]
[-43, -37, 6, 34, 6, 15, 5, 107]
[52, 40, 28, 8, 1, 8, 0, 24]
[-5, -3, -2, 17, 8, 25, 54, 32]
[21, -8, 2, -1, 16, 36, 18, 36]
[-12, 11, -7, -30, -14, -54, -7, -34]
[-32, 32, -23, -51, -2, -16, -16, -59]
[-10, -45, 14, 10, 9, 51, -13, 18]
[-7, -8, -7, 12, -9, -58, -50, -16]
[-9, -4, 6, 51, -24, 7, -6, -38]
[-32, -19, -18, -24, -9, 10, 4, 1]
[22, 20, 13, 10, 18, -23, 3, 8]
[-42, -11, -26, -56, -12, -28, -13, -49]
[31, -1, 8, 28, -2, -25, -13, 26]
[-26, -7, 2, 12, 3, 66, 34, 7]
[26, 6, 8, 3, -10, -32, 6, 15]
[-6, -10, 9, 3, -1, 3, 1, -3]
[7, -16, -29, -52, -7, 2, -4, 11]
[-27, -23, -15, -3, -11, -22, -4, -40]
[33, 24, 7, 7, 5, -8, -13, 9]
[-48, -20, 7, 32, -3, -12, 7, 5]
[16, -15, -24, -36, -8, 4, -2, -14]
[6, -3, -1, -4, 8, 21, 23, 0]
[12, 21, 4, 3, -6, 1, -11, 0]
[10, 16, 18, 15, 4, 4, 3, 14]
[-13, 3, -2, -12, 3, -28, -7, 3]
[4, -26, -10, -11, -6, 7, -36, -18]
[-3, 1, -5, -8, -9, -2, 16, -8]
[-2, -3, 5, 36, 7, -6, -11, 11]
[22, 5, -5, -10, 3, 3, -3, 22]
[-24, 0, -1, 2, 5, 17, 0, -24]
[5, -5, -1, -2, -2, 0, 11, 8]
[-2, 12, 3, 9, 17, 1, 5, -4]
[-17, -10, -9, -17, 3, -16, -18, -14]
[11, 19, 1, -7, -38, -2, 0, -7]
[-6, -15, 1, 19, 13, -10, 3, 12]
[-5, -20, -3, 6, 20, 3, 11, 5]
[-5, 19, -4, -35, -69, -17, -17, -6]
[-8, -23, -2, 4, 5, 17, 3, 16]
[17, 18, 2, -6, -16, -8, -4, -4]
[0, 7, 7, 10, 44, 1, 12, -1]
[1, 8, -1, -5, -19, 10, 3, 9]
[1, 8, -8, -39, -79, -17, -4, -8]
[-4, -25, -8, 16, -2, 10, 4, 0]
[-5, -7, 0, 5, -12, 2, -4, -4]
[-7, 2, -3, -1, 42, 2, -12, -4]
[-14, -12, -5, -9, 38, 19, 5, -1]
[7, -14, -5, 4, -13, 3, -6, 7]
[-23, 6, 7, -5, 26, 10, -1, -2]
[5, -28, -5, 44, 85, 24, 3, -11]
[26, 41, 9, 12, -9, 14, -13, 4]
[2, 20, 4, 4, 1, -11, -16, 4]
[6, -22, -3, -31, -46, -8, -19, -16]
[-4, 25, -1, 10, 4, -7, 3, -10]
[-10, -2, 6, 13, 14, -9, 13, -16]
[-1, -4, 2, -14, 12, -11, 4, -4]
[-3, -6, -6, -1, -19, -11, -7, 18]
[0, 4, 7, 10, 11, -4, 12, 0]
[-3, -16, -8, 1, 12, -7, 1, -23]
[1, 12, 2, 17, 21, 13, 12, 6]
[-6, -3, -4, -33, -62, -8, -4, 2]
[-2, 0, -2, 1, 6, 5, 10, 15]
[-2, 4, -1, -8, 45, 1, -12, -2]
[21, 19, 8, -9, -14, 2, 39, 3]
[-16, -4, 2, 44, 61, 11, -4, -12]
[8, -2, -8, -27, -90, -30, -28, -5]
[-1, 5, 7, 32, 22, 16, 52, 26]
[-11, -20, -13, -35, -18, -19, -18, -7]
[21, 42, 11, -11, 7, 12, 8, 8]
[-15, -4, 8, 15, 1, 2, -9, -1]
[-5, -6, -11, -62, -57, -19, -19, -14]
[-9, -9, -1, 30, 26, 5, 1, 0]
[-2, 2, 4, 6, -8, 7, 3, -7]
[-1, -15, -11, -2, -56, -20, 1, 10]
[5, 12, 13, 32, 68, 12, -5, -6]
[-2, 0, -5, -45, -86, -9, 3, 2]
[2, -3, 1, 5, 22, 6, 3, -4]
[-2, -4, -7, 4, 53, -4, -5, -5]
[3, -12, -4, -16, -14, 3, 4, 10]
[0, 1, 11, 53, 65, 21, -8, -6]
[3, 3, -8, -15, -55, -20, -13, -5]
[4, -13, 0, -33, -19, -3, -2, 3]
[1, 5, -1, 10, -17, -11, -14, 0]
[-3, -6, -2, 18, 57, 18, 6, 4]
[-1, -1, -1, -12, 21, 0, 2, -3]
[-2, 6, -1, -8, 19, 5, 4, -6]
[-28, -23, -9, 30, -15, -11, -15, -1]
[18, 3, -4, -37, -11, -1, 1, 4]
[7, 7, 12, 56, 29, 6, 1, 12]
[-2, -1, -8, -76, -49, 1, 14, 2]
[3, 4, 7, 38, -8, -1, 2, -1]
[-10, -10, 3, 49, 34, 5, -3, -4]
[2, -4, -1, -35, -4, 0, -2, 1]
[-3, 0, 2, 8, -41, -8, -2, -3]
[3, 2, -3, -44, 5, 0, -5, -5]
[0, 0, 0, 43, -7, -2, -2, 2]
[1, -1, -3, 3, 63, 3, 6, -1]
[-6, 3, 6, 23, -41, 2, -7, -5]
[3, 2, 0, -31, -20, -1, -1, 5]
[-8, -4, -5, -29, -44, -9, 13, 4]
[1, 1, -7, -4, 39, 8, -18, -11]
[-4, 0, -1, -3, -13, 1, 5, 3]
[5, 4, -1, 3, -11, 3, 3, 3]
[-2, 2, 3, -9, 88, 1, -14, -9]
[-5, -9, -8, -45, -128, -24, 1, 1]
[0, -1, 0, 3, 76, 6, -5, -2]
[5, 0, 6, 34, 17, 1, 2, -1]
[-2, -6, 2, 10, 74, 10, 4, 6]
[1, -8, 0, 19, -33, -1, 5, -2]
[8, 8, 1, -9, -28, -3, -6, -1]
[-2, -5, -7, -5, -37, -7, 2, 11]
[4, 15, 0, -23, -9, -4, -4, -1]
[2, 3, 4, 2, -10, 3, -1, 4]
[-1, 1, 0, 27, 38, 3, 3, -1]
[-1, -2, 2, 1, 40, 5, -5, -8]
[-4, -5, -1, 6, -67, -12, -1, 1]
[-1, 2, -1, -7, 3, 6, 7, 1]
[0, 0, 3, 49, 60, 2, -4, 2]
[5, 5, 2, 11, 40, 7, -1, -5]
[-2, -6, -12, -31, -63, -12, -1, 0]
[-1, -2, -7, -35, -81, -13, -1, -9]
[-2, -5, 2, -20, 1, 3, 11, 4]
[-4, -4, 1, 25, 25, 0, -5, -8]
[2, -3, 3, 13, -8, 3, 12, 11]
[-5, -4, 0, 19, 70, 6, 6, -2]
[-2, 1, -3, -5, -36, 2, -4, 3]
[-1, 0, -10, -45, -55, -18, -3, -5]
[0, 1, -1, 7, 18, 1, -2, -4]
[1, 2, 4, -3, -25, 5, 4, 3]
[3, -3, -4, 2, 35, 6, -4, -1]
[0, 2, 0, 0, 0, -2, -2, -2]
[-2, 1, 0, -13, -16, -6, -4, -3]
[2, 4, 4, 14, 28, 3, 1, 4]
[-3, -4, -2, -4, 2, -2, 0, -9]
[-2, -2, -1, -4, -4, -1, -1, 10]
[0, -5, -2, -4, 11, 0, -4, -1]
[-4, -3, 0, -1, -21, -2, -3, 0]
[-3, -2, 9, 21, 41, 6, -4, 1]
[2, 4, 1, -36, -90, -5, 4, -3]
[1, 5, 4, 45, 96, 13, 3, 3]
[-6, -3, -8, -14, -27, -12, -8, -1]
[1, -2, -9, -17, -9, -3, -2, 2]
[-2, -3, -2, 6, 19, -2, -2, -8]
[1, 1, 2, -29, -39, 2, -2, 6]
[1, -3, 0, 24, 24, 5, -8, -6]
[-4, 4, 4, 14, 5, -1, 20, 1]
[-1, 0, -1, -8, 15, -1, -1, -3]
[-2, -2, -3, -7, -13, -3, 3, -5]
[1, -5, -2, -5, 18, -3, 0, 1]
[1, -1, -2, -16, -20, -4, -8, -3]
[1, 3, 3, 20, 19, -2, -4, -2]
[-2, -1, -2, -11, -5, 0, 2, 0]
[2, 2, 3, 11, -2, 2, 1, 1]
[0, 0, -4, -7, -12, 4, 4, 5]
[-1, 1, -4, 3, 12, -6, -24, -6]
[-4, 0, -4, -11, -52, -9, -1, 1]
[0, -2, -2, -6, 18, 7, 5, 2]
[-1, -2, 1, -25, 15, 0, -7, -2]
[-1, -3, -2, 28, -10, 1, 5, 2]
[-3, -5, -2, -16, -10, -5, -1, -4]
[0, -1, 2, 27, 6, -1, 2, 0]
[1, 0, 1, -7, 6, 3, -1, 0]
[-5, -4, -1, -3, 1, -2, -1, 0]
[-1, -1, 0, -11, -21, -4, 0, -1]
[1, 4, 0, 7, 19, 4, -7, -1]
[-1, -1, -4, 3, -3, -1, -3, 8]
[2, 3, 5, -1, 11, 8, 5, 1]
[0, 0, 1, -8, -46, -7, -10, -4]
[1, 0, 2, 8, 48, 4, 20, -2]
[0, 2, -2, 13, -16, -6, -6, -5]
[1, -2, 1, -10, -4, 2, 3, 1]
[1, -5, -3, -9, 1, -2, -2, -3]
[0, -1, 4, -10, -30, -4, -5, -1]
[-3, -3, -5, 6, 10, -4, -2, -2]
[1, 3, -1, 21, 21, 4, 7, 2]
[0, -2, -3, -4, -8, -1, 0, -1]
[0, 2, -1, 4, 12, 5, -1, 4]
[1, 0, -3, -5, 3, -1, -2, -2]
[-1, 0, -4, 0, -25, -5, -5, -4]
[-1, -1, -3, 4, 10, -4, -1, 0]
[0, -2, 4, 3, 1, 5, 0, 0]
[-2, -3, 0, -10, -12, -3, -5, -4]
[0, -2, 1, 12, 18, 4, 2, 2]
[-3, -1, -1, 7, 16, 3, 2, -1]
[-3, -3, -6, -11, -69, -7, -1, 1]
[-3, -2, -3, -4, -7, -2, -1, -2]
[1, -1, -4, -24, 27, -4, -2, -1]
[-2, -2, -5, 6, 0, -1, 3, 2]
[0, 3, 3, -22, -48, -5, -23, -7]
[0, 0, 3, 33, 23, -4, -7, -2]
[1, 0, -2, -7, 0, -1, 3, -2]
[2, 2, 5, 13, 8, 3, 1, -2]
[-2, -2, -7, -20, 24, 0, 7, 1]
[-2, -3, -3, -5, -16, -2, 0, -1]
[-2, 0, 2, -3, -7, -1, -4, 0]
[-1, -1, -2, -7, -7, -3, -3, -4]
[2, 1, 4, 30, 28, 5, 3, 2]
[1, 2, 0, -10, 4, -4, -1, 0]
[0, -1, -2, -1, -26, -5, 4, 0]
[0, 1, 5, 9, 6, 2, -2, -1]
[-2, -2, -3, -4, -6, -1, 0, -2]
[1, 1, 2, -3, 3, 2, 2, 0]
[0, 2, 2, 0, 34, 14, 2, 2]
[-6, -3, -8, -18, -50, -17, -9, 0]
[0, -2, -3, -5, -2, -3, 1, 1]
[-4, -1, 0, -4, -35, -2, -4, -4]
[1, 1, -1, -8, -6, 3, -2, 0]
[0, -3, -1, 2, 24, 5, 1, 0]
[2, -4, 2, 8, 25, 0, 1, 2]
[1, -6, -6, -10, -5, -4, 2, -3]
[0, -4, 2, 4, -10, -4, -1, 0]
[2, 3, 1, 17, 24, 7, -5, -2]
[-1, 4, -3, -27, 32, 0, 2, -3]
[-1, 4, -1, 14, -56, -7, -2, -1]
[-2, -1, -3, -7, -1, -6, -4, 1]
[1, 0, 2, -4, -10, 1, 3, 4]
[-2, 0, -2, 7, 24, 2, 0, -1]
[-3, -1, -2, -2, 14, -1, 2, -2]
[-1, -3, -2, 0, -5, -6, -1, -2]
[1, 0, 2, -12, -3, -1, 1, -2]
[0, 2, 0, 9, -5, 2, 3, 1]
[2, 0, 0, -5, -17, 0, -2, 1]
[-5, 0, 6, 28, 46, 6, -4, 0]
[2, 2, 2, 11, 33, 7, 4, 3]
[-3, -3, -6, -4, -20, -4, -4, -3]
[-2, 0, -4, -19, -41, -5, -2, 2]
[0, -3, -3, -18, -19, -8, -4, -3]
[-1, -1, 4, 12, 23, 5, 2, 1]
[1, -4, -5, 5, -4, -2, -1, 1]
[0, 3, 14, 14, 35, 1, 1, -1]
[-2, 3, -5, 5, -5, 0, 3, 2]
[-1, 0, -3, -6, -25, -2, -5, -5]
[-1, -2, -2, 3, 10, 0, -1, 1]
[-1, -3, -2, 1, 12, 0, 3, -2]
[-1, 0, 3, 0, -3, -4, 4, -2]
[1, -3, 1, -1, -3, -2, 0, -1]
[0, 1, 4, 16, 16, 4, 2, 2]
[0, -2, -4, -11, -17, -2, -2, 0]
[-1, -2, -3, -11, -22, -1, -2, 2]
[-1, -2, -4, -29, -14, -3, -2, 0]
[-3, -1, 2, 25, 20, 1, -3, -2]
[-4, -1, -1, -4, 15, 0, -2, -2]
[-4, 0, -3, -4, -17, -4, -3, 0]
[2, 1, 2, 7, 11, 4, 1, 1]
[0, 0, -1, 5, 13, -1, -1, 2]
[-2, -1, -2, 14, 16, -2, 0, 0]
[0, -3, -2, -9, 2, 3, -1, -4]
[1, 0, 2, 5, -9, 4, 2, -2]
[0, 1, 3, -13, -8, 0, 1, -4]
[-4, -4, 0, 16, 14, -2, -1, -1]
[0, -1, -2, -15, -11, -1, -1, 0]
[-2, 0, 1, -7, -3, -1, 0, 3]
[0, 2, 3, 16, 8, 1, 1, -2]
[0, 0, -2, 0, 18, -1, 0, -1]
[0, 0, -2, -4, -29, -4, 0, 1]
[1, -2, -5, -1, 11, 1, -1, 0]
[0, 2, 0, -10, -25, -4, -1, 1]
[0, -1, -5, -9, 5, -2, -2, -1]
[1, -1, 0, 3, 38, 7, 3, -4]
[-1, -4, 0, 11, -3, -9, -1, -4]
[-1, -4, 3, -18, -21, -7, -3, -2]
[-1, 0, -4, 0, -17, -3, -1, 0]
[0, 2, 1, 14, -5, -2, 0, 2]
[-1, 1, -1, -15, -2, 3, 2, 2]
[-5, -2, 3, 11, 12, 5, 2, -2]
[-2, -3, 0, -25, -12, -2, 0, -1]
[-1, -3, -1, 10, 17, 1, -1, -2]
[3, 0, 1, 18, 22, 7, 0, 2]
[1, 2, -6, -3, -19, -3, -1, -1]
[-2, -1, -2, -8, 5, -1, -1, 0]
[-1, 0, -2, 16, -1, -4, -2, -1]
[0, 0, 0, -10, -2, 1, 0, 0]
[-2, -2, -1, -20, -11, -1, -2, 1]
[-3, -3, -1, 18, 62, 2, 3, 0]
[-3, 0, 0, -23, -78, -12, -2, -1]
[1, 1, 0, 8, 16, 1, 3, -1]
[0, 0, -3, -9, -10, -2, -2, -1]
[0, -1, 0, 4, 9, -3, -2, -2]
[1, -4, 0, -3, 12, 2, -2, 0]
[-2, 1, -3, -7, -21, 2, -4, -2]
[1, -1, -5, -1, 5, 2, -7, -3]
[0, 0, 1, 3, 6, 2, 2, 3]
[0, 1, 2, 1, -14, 0, 4, 2]
[-2, 1, 3, -3, -3, -1, 4, 1]
[1, 0, -4, -11, -6, -2, 0, 1]
[-2, 1, -2, -1, -43, -5, -7, 1]
[-3, -2, 2, 19, 45, 1, -4, -1]
[-1, -3, -1, 2, 28, 4, -1, -1]
[-3, -6, -2, -24, -61, -10, 0, -4]
[-3, -2, -1, -7, -21, -1, -2, -3]
[2, 3, -2, 3, -6, 2, 2, 0]
[1, 2, -2, -11, 2, -2, 0, -2]
[1, 0, 3, 10, 16, 3, 3, 0]
[1, -1, -1, 1, -5, 0, -1, -1]
[0, -3, -5, -7, 23, 1, -4, 0]
[0, -2, 0, 9, -3, -1, -3, -1]
[2, 2, 3, 8, 13, 2, 2, 1]
[-2, -3, -5, -10, -14, -2, -1, 1]
[-1, -1, -2, 13, 19, -4, -2, -2]
[1, 1, 2, -9, 5, 0, -1, -1]
[-2, 0, 2, -10, 2, 1, 0, 0]
[-3, 0, 2, 12, -9, 1, 9, 2]
[-1, -1, -3, -10, 9, -1, -3, -1]
[-2, -2, -2, 12, 5, 1, 4, -1]
[-2, -5, -7, -24, -27, -5, -7, -5]
[0, 1, -3, -2, 3, -7, -6, -3]
[2, 2, 0, -4, -9, 1, 12, 5]
[-1, -1, 2, 6, 6, 4, 1, -2]
[-1, -2, 0, 5, 8, 2, 0, -1]
[-2, -3, -4, -3, 7, -5, -15, -6]
[3, 2, 9, -9, -15, -1, 0, 0]
[3, 0, -4, -2, -4, 9, 18, 9]
[-4, -3, -1, 69, 68, 4, -11, -4]
[-2, -3, -2, -35, -39, -7, 1, -3]
[-3, 0, -1, 1, -6, -7, -21, -5]
[4, 1, 1, -1, -14, 2, 9, 10]
[-4, -4, -7, -20, 1, 6, 9, -5]
[-2, -2, -3, -2, -13, -8, -2, 2]
[-9, -6, -2, 11, 12, -4, -5, -11]
[0, 7, 5, -7, -5, 0, 19, 10]
[3, 2, 6, 14, 2, -1, -14, 6]
[0, 0, 0, -8, -4, 8, 11, -3]
[3, -3, -4, -1, 21, -2, 9, -1]
[3, -1, 3, 27, 82, 10, -3, -4]
[-3, -5, -10, -34, -118, -16, -7, -7]
[1, 0, 2, -6, 12, 5, 3, 0]
[7, 1, 0, -5, -16, 5, 11, 19]
[-3, -5, -5, 14, 36, -24, -36, -13]
[2, 8, 7, 11, 64, 26, 14, 3]
[-11, 2, 8, 11, -53, -27, -8, -10]
[3, -7, -11, -18, 1, 12, 2, 2]
[-5, -4, -3, -8, -33, -14, 0, -1]
[-3, -2, 19, -7, 20, 34, 11, 6]
[-1, -8, -3, 61, 43, -1, -16, -11]
[-11, -4, -3, -20, -25, 4, 13, -7]
[-3, -7, -7, -22, -29, -4, -9, -7]
[3, 10, -2, 5, 22, -26, -9, 10]
[2, 1, -11, -80, -75, -10, 3, -3]
[17, 17, 9, 65, 65, 15, 15, 18]
[3, 9, -1, 2, -23, 15, -9, 4]
[7, -9, -2, 45, 42, -2, 9, 11]
[-2, 6, 11, -3, 7, 13, 17, 8]
[-1, -2, -2, -10, -25, -47, -41, -11]
[-1, 1, 0, 1, 31, 51, 33, -9]
[-15, -10, -4, 3, -1, -44, -62, -16]
[7, 9, 11, 57, 112, 47, 55, 23]
[-33, -25, -15, -55, -93, 20, -24, -31]
[13, 1, 1, 11, 21, -40, -22, 14]
[-7, 5, 3, -2, -36, -9, 11, -7]
[13, -3, -6, -13, 49, 16, -19, -6]
[7, 10, 8, 15, 25, 29, 38, 7]
[-20, -19, -12, -29, -52, -9, -18, -6]
[15, 5, 4, 2, 0, -75, -8, 11]
[-17, 6, 2, 29, 6, 73, 11, 2]
[-3, -1, 2, 52, 50, -30, -34, -16]
[-1, -4, -14, -73, -90, -18, 10, 7]
[-8, -5, -12, -20, 34, 32, 3, -20]
[10, 1, -12, -80, -88, -33, 20, 26]
[0, -11, -4, 27, 14, -32, -32, -25]
[21, 27, 18, 55, 79, 41, 40, 29]
[-15, -6, -16, -83, -91, 7, 19, -5]
[-1, -11, -7, 54, 76, -8, -17, -8]
[-9, -3, -1, -21, -36, 9, -3, 9]
[-10, -6, 3, 3, 32, -41, -2, -22]
[10, 3, -4, 1, 25, -5, -9, 1]
[-14, -5, -8, -62, -67, 7, 39, -10]
[0, 4, -8, -24, 27, -1, -18, -6]
[-5, -4, 3, 6, -37, -26, -58, -13]
[6, 1, 3, -3, 51, 18, 15, 5]
[-7, -7, 7, 69, -25, -30, 6, 9]
[5, -1, -4, 34, 79, 0, 16, 3]
[17, 11, 15, -66, -65, 51, 30, 5]
[-12, -11, -2, 48, 16, 8, 7, 0]
[-17, -6, 4, 13, 27, -23, -45, -17]
[13, 14, 14, -9, 9, 35, 96, 19]
[34, 21, -6, 64, 21, 8, -28, 29]
[-2, 1, 1, 22, 14, -22, -52, -26]
[18, 4, 1, -20, 39, 41, 34, 17]
[-7, 0, -3, -23, -68, -40, -77, 2]
[-9, -7, 12, -11, 17, 0, 59, -8]
[-3, -1, -5, -4, 26, 60, 58, 1]
[-5, -7, -16, 5, -4, -47, -57, 4]
[-15, -18, -14, -36, 14, 26, 3, -26]
[-11, -9, -7, 1, -55, -59, -39, 14]
[-12, 2, 0, 12, -5, 9, 3, -6]
[8, -3, -7, 18, 8, 12, 23, 0]
[38, 28, 74, 72, 15, -1, 14, 34]
[-27, -11, -8, -24, -23, -13, -17, -17]
[6, -12, -29, -62, -25, -14, -4, -15]
[-6, 30, 29, 39, -30, -15, 10, 15]
[22, -6, -12, -11, 16, 0, -21, 9]
[-1, -5, -13, -28, -27, 6, 30, 1]
[-1, 8, 33, 65, 52, 16, 22, 3]
[-24, -10, -11, -69, -73, -32, -29, -47]
[19, 6, -8, -10, -37, -15, -5, 12]
[-12, -9, 2, 34, 44, -2, -62, -44]
[-23, -13, -10, -35, -28, 39, 64, 46]
[42, 3, 4, 23, 63, -5, -17, 6]
[-9, 5, 5, -15, -92, 6, 29, -13]
[19, -15, -45, -59, 32, -12, -23, 17]
[23, 21, 7, -14, -15, 6, 42, 38]
[0, -11, -5, 10, 18, -1, -30, -12]
[-39, 1, 6, 29, 4, -8, -6, -4]
[-27, -6, -9, -17, 4, 9, -18, -12]
[48, 15, 20, 61, -5, 5, 41, 20]
[-17, -11, -9, -23, -22, -7, -7, 0]
[9, -29, -37, -19, -32, -10, -30, -18]
[3, 4, 0, 9, -16, -8, 2, -29]
[0, 20, 27, 56, 36, 30, 41, 52]
[14, 4, 0, -50, 4, 2, -13, 13]
[13, 2, -14, 5, 13, 9, -3, -23]
[-27, -5, 7, 80, 26, 5, 17, 19]
[-57, -11, -20, -62, -32, -49, -103, -61]
[50, -7, -7, -4, -9, 22, 38, 36]
[5, 3, -15, -51, 19, 18, 35, 10]
[16, 11, 31, 36, 30, 30, 11, 4]
[28, 8, -27, -30, -25, -48, -73, -66]
[-64, -14, 0, 19, -18, 10, 25, 13]
[-53, 5, 12, 7, 41, -5, -60, -21]
[14, 4, 0, -21, -14, 48, 87, 23]
[90, 14, 11, 9, 5, 1, -10, 36]
[-56, -19, -24, 31, 7, -21, 1, -51]
[65, 21, 9, -15, 9, -9, -7, 26]
[-65, -12, 10, 16, 14, -19, -4, -29]
[-1, -9, 7, 0, 6, 8, -9, 12]
[11, 10, -21, -39, 0, -30, -24, -28]
[-94, 1, 28, 33, 13, -6, 8, -3]
[105, 6, -9, 24, -1, 16, 25, 40]
