[-23, -10, -4, -48, 1, -10, 9, 41]
[88, 15, 8, 14, -22, -21, -12, 51]
[-44, -14, -16, -7, -35, -23, -24, -67]
[-37, -21, -21, -44, -7, -14, -27, -14]
[-58, -16, -8, -40, 9, 33, 21, -23]
[43, 22, 28, 63, 6, 6, -21, 3]
[31, 4, -9, 2, 15, 15, 36, 38]
[-22, 8, 7, 16, -14, -19, -24, -27]
[-11, -14, -23, -33, -20, -11, -22, -42]
[-60, 3, 16, 49, 4, -5, -28, -15]
[48, -11, -19, -24, 0, 29, 58, 33]
[38, 23, 40, 16, 24, 4, -30, 13]
[-37, -28, -6, 1, -4, -10, 17, 0]
[13, 6, 0, -4, -3, 0, 23, 19]
[-98, -24, -45, -52, -15, -22, -43, -55]
[107, 33, 23, 79, 41, -6, -43, 69]
[-31, -5, -15, -58, -28, -3, 32, -39]
[-1, 3, 39, 57, 20, 32, 42, 66]
[-12, -4, -12, -68, -18, -27, -7, -31]
[-88, -12, -3, 2, 6, -12, -10, -13]
[-11, 4, 24, 107, 29, 15, -34, -1]
[47, 3, -31, -61, -20, 16, 35, -8]
[-3, 17, 46, 75, 15, -4, 19, -10]
[-103, -36, -43, -109, -18, 21, -34, -59]
[58, 4, 26, 76, -9, -33, 18, 47]
[17, -14, -10, -49, 4, -55, -102, -25]
[22, 44, -11, -34, 2, 49, 80, 54]
[-77, -47, -28, 19, 14, 67, 33, -49]
[-33, -41, -7, -53, -50, -99, -79, -21]
[26, 4, 16, 11, 15, -7, 23, -7]
[-11, -18, -32, -75, -22, 2, -33, 6]
[-60, 26, 29, 82, 22, -6, -21, -47]
[37, 16, 38, -59, 62, 62, 45, 66]
[-14, -6, -18, 60, -38, 22, 43, 65]
[107, -3, 18, -13, 6, -13, -5, 127]
[-21, -37, -80, -92, -66, 1, 74, -46]
[-115, -13, -20, -13, 11, 43, -83, -122]
[59, 1, -4, -14, -12, -40, 38, 58]
[-2, -19, 1, 26, 15, 92, 9, -10]
[-21, 23, 7, -4, -32, -77, -55, -4]
[-12, 32, -31, -87, -18, 10, 49, -83]
[-128, 14, -41, -78, 3, -13, -61, -96]
[102, -13, 67, 122, 30, 21, 31, 66]
[127, 22, 51, 28, 23, -20, -31, 60]
[-45, -17, -25, -61, -12, 75, 62, 0]
[-78, 25, 43, 49, 18, -20, 33, -100]
[-9, -34, -73, -70, -51, -49, -82, 13]
[-53, 5, 35, 96, 20, 43, 72, -42]
[110, -8, -16, 20, 4, 47, 23, 98]
[6, -36, 2, -11, -7, 38, -2, 99]
[-23, 4, -12, -94, -10, -30, -20, -46]
[46, 9, 15, 66, 15, -7, 36, 40]
[-75, -18, -27, 17, -27, -59, -124, -95]
[-10, 13, 38, 9, 27, 75, 21, -28]
[-55, 23, 18, 45, -15, -63, -13, -37]
[0, -4, -30, -128, -15, -26, -50, 19]
[50, 25, 29, 100, 44, 58, 103, 64]
[-1, 7, 8, 1, 4, -1, -1, 1]
[-51, -15, 11, -21, 15, 71, 45, -13]
[49, 15, -30, -49, -21, 23, 64, 0]
[-16, 5, 32, 40, -2, -28, -27, 15]
[-22, -40, -19, -35, -21, -24, -49, -17]
[6, 11, 16, 31, 32, 18, 30, -29]
[-45, 17, -45, -71, 2, 13, 19, -56]
[84, 23, 77, 81, 5, 19, 34, 97]
[-3, -9, -47, -49, -13, -20, -15, -16]
[4, 5, -7, 84, 0, -17, -20, -2]
[41, -5, 25, -27, 13, -42, -15, 13]
[71, 20, 2, -47, -16, 15, 22, 5]
[-104, -54, -40, -20, 37, 115, 5, -76]
[70, 37, 36, -8, -34, -49, -5, 47]
[-27, -5, -17, -48, -30, -24, -73, -30]
[-13, 23, 9, 17, 0, -7, -42, 12]
[53, 13, -8, -60, -20, -14, 67, 23]
[-90, -38, -46, -71, 14, 41, -50, -77]
[53, 22, 31, 109, 38, 41, 47, 60]
[0, -19, 21, -35, -8, 8, -1, -15]
[3, 27, -32, -45, -20, -111, -48, -30]
[-5, 35, 87, 127, 48, 29, 46, -75]
[-66, -57, -45, -55, -10, 50, 0, 68]
[16, 11, 1, 63, 6, -97, -88, -26]
[73, 15, 44, 16, 3, 20, 36, 48]
[4, 2, -14, -17, -10, -40, -9, 6]
[-5, -11, -10, -36, -16, 13, -3, -14]
[-60, -3, -22, -32, 26, 8, 0, -52]
[34, -30, -15, -26, -3, -52, -86, 2]
[-5, 36, 9, 7, 17, 64, 80, 49]
[105, 25, 58, 43, -1, -20, 5, 63]
[-22, -16, -35, -33, -36, -25, 25, 6]
[6, 10, 14, 7, 14, 40, -18, -12]
[-64, -26, -50, -118, -39, -68, -75, -100]
[-47, -9, -1, 37, 34, 29, 18, -23]
[101, 36, 48, 52, 5, 17, 27, 104]
[-50, 5, -6, 5, -4, 62, 63, -57]
[1, -14, 2, -9, 7, 2, 2, 89]
[-41, 5, 1, -43, -12, -36, -42, -54]
[-67, -36, -66, -72, -19, -30, -36, -57]
[52, 26, 28, 35, 10, 15, 0, 26]
[-48, -10, -9, 35, -4, -49, -23, -34]
[37, -10, 21, 25, -8, 18, 23, 16]
[-2, 8, -16, -28, -8, 14, 0, -19]
[-84, -31, -15, 8, -5, -33, -35, -4]
[72, 6, -2, -19, 2, 1, 2, -11]
[23, -5, -3, 19, 3, -4, 3, 68]
[24, -8, 12, 34, 21, 19, 32, 18]
[-110, 9, -26, -61, -25, -9, -33, -71]
[100, 22, 45, 63, 0, -41, 6, 80]
[-25, -1, 6, 18, 8, 35, 7, -35]
[-16, 1, -21, -37, -6, 2, 3, 2]
[-9, -3, 17, 32, 7, -17, 5, -10]
[-33, -30, -54, -105, -18, 23, 2, -16]
[19, 15, 36, 82, 24, -16, -2, -2]
[-23, -7, -20, -4, -21, -39, -28, -19]
[20, -4, -2, 36, -2, -6, -11, -8]
[30, 9, 20, 12, 11, 34, 21, 51]
[-17, -2, -16, -50, -10, 0, -3, -8]
[-20, -8, -2, -6, 0, 1, 0, -15]
[-22, -17, -15, -32, -5, -9, 2, -33]
[-21, -3, -17, -8, 3, -2, -48, -6]
[57, -6, 18, 19, 4, 3, 48, 43]
[-22, -8, -8, -11, 0, 17, 0, -20]
[28, -31, 1, -4, -7, 5, 15, 52]
[-16, 33, 9, 31, 11, -3, 20, -35]
[-3, 37, 7, -19, 4, -31, -42, -33]
[16, 8, 8, 10, -8, -19, 20, 30]
[19, 13, 16, 4, 6, 6, 3, 6]
[-28, -34, -12, 12, 6, 21, 10, -13]
[-6, -5, -7, -13, -6, 9, -13, -12]
[-2, -5, 1, 16, 0, -1, -4, -4]
[1, 0, 5, 3, -2, 2, 0, 6]
[0, -13, -16, -28, -18, 4, -15, -10]
[-7, -5, -14, -2, 19, 14, 24, 1]
[-15, 5, 23, 6, -48, -20, -19, -10]
[16, 3, 7, -7, 15, 2, -2, 9]
[5, 14, 6, 37, 13, 4, 11, -6]
[-18, -6, -12, -5, 4, -8, -29, -8]
[-9, -10, -8, -15, -3, 4, 40, 21]
[20, 17, 3, -7, -6, -2, -30, 3]
[4, -21, -5, -8, -5, 8, -12, 3]
[0, 13, 6, -1, -32, 5, 20, -8]
[15, 16, -2, 15, 73, 7, -18, -2]
[10, 6, 7, 22, -1, -11, 12, 9]
[-7, 0, 7, 10, 60, 13, -13, -17]
[-38, -27, -13, -22, -56, -6, 7, -6]
[29, 15, 2, -19, -49, 0, 13, 36]
[6, 18, 3, 9, 35, 14, 3, -3]
[-3, -5, -4, 4, 5, 3, 10, 1]
[-5, -6, -11, -37, -52, -17, -23, -18]
[-24, -33, -4, -3, 30, -4, 7, -13]
[13, 4, -7, 2, -62, -29, -39, 6]
[-12, -1, 0, 3, 42, 7, 30, -2]
[9, 6, 4, 5, -8, -3, -21, 3]
[-16, -6, -8, -36, -19, 1, -23, -38]
[8, -4, 7, 29, 49, 13, 18, 28]
[-11, -4, -5, -47, -62, 3, 0, -13]
[2, -2, -3, -7, 1, -2, -25, 8]
[8, 5, 0, 28, 16, 5, 17, 15]
[4, 19, 7, -14, -10, 3, -16, -39]
[-9, -11, -6, 5, 13, -3, 3, 36]
[-7, -7, 7, 12, 10, 9, 7, -14]
[-14, -19, -8, 0, -20, -10, -30, -13]
[18, 34, 11, -22, 21, 8, 15, 19]
[-6, 2, 3, 3, -54, -10, -13, -11]
[19, 12, 4, 21, 66, 3, 7, 8]
[-9, 2, -4, 21, 42, -5, -6, -6]
[-10, -23, -2, -24, -51, -3, 5, -4]
[0, -3, 5, 68, 105, 12, 1, -8]
[-12, -14, -13, -80, -89, 1, -4, -2]
[-5, -16, -10, -6, -92, -4, -7, -16]
[4, 9, 0, -11, 14, -3, -2, 1]
[0, -10, -8, -26, -54, -21, -15, -11]
[6, 17, 10, 53, 99, 5, 44, 23]
[-18, -6, -6, 5, 28, 0, -4, -5]
[6, -18, -9, -11, -36, -4, -11, 6]
[19, 40, 16, 42, 65, 12, 14, 7]
[-6, -3, -14, -86, -106, -23, -51, -25]
[8, 10, 2, 14, 31, 0, 17, 7]
[-3, -6, 0, 16, -23, -2, -1, -4]
[5, -6, 2, 11, 18, 6, -3, 5]
[4, -5, -4, 22, 64, 11, 15, 9]
[1, 6, 0, -18, -10, -12, -1, -3]
[-9, -11, -6, -3, -34, -4, -5, -3]
[0, -5, -3, -10, -28, -7, -7, -3]
[-6, 0, 0, 19, 4, -6, 1, 0]
[4, 1, -5, 5, 16, -3, -12, -4]
[1, -3, 0, -40, 53, 17, 14, 0]
[-5, -4, -5, 22, -61, -6, -2, 6]
[-8, -11, -3, 22, -15, -6, 21, -6]
[4, 14, 12, 32, 60, 15, -11, -3]
[-5, -4, -6, -3, 16, -3, 2, -2]
[1, -2, 7, 5, -22, 1, -9, 0]
[3, 4, 11, 24, 34, 15, 11, 4]
[0, -1, 5, 25, 63, 5, -3, -4]
[-1, -4, -11, -29, -24, -7, -1, 5]
[7, 8, 1, -38, -2, 7, 7, 2]
[-3, 0, 5, 79, 64, 5, -14, -8]
[-4, -1, 2, -30, -67, -14, 6, 2]
[-10, -7, -4, -11, 0, -4, -6, -5]
[6, -3, -4, -14, 29, 2, 14, -3]
[5, 8, 5, 3, 12, -1, -5, -4]
[-7, -2, 6, 32, 6, 2, 0, 4]
[-1, -6, 1, 12, 46, 4, 6, 5]
[-7, -6, -10, -27, 2, -3, -12, -11]
[-10, -9, -3, -24, -63, -11, -6, 8]
[4, -13, -9, -7, 26, -2, -1, -5]
[4, 22, 4, 23, -25, 7, -1, 0]
[-2, -8, -11, -67, -35, -9, -3, -2]
[-5, -10, 4, 38, 32, 8, -3, 5]
[-2, -2, 0, -15, -21, 3, 6, 1]
[-1, -6, 0, 3, -2, -8, 4, 2]
[6, 9, 0, 1, 9, -2, -4, 2]
[1, 2, -2, -18, 3, -7, -9, -5]
[-2, 3, -2, -2, -38, -1, 1, -1]
[-5, -1, 4, 46, 85, 11, -4, -6]
[-2, -5, 0, -25, -61, -5, -1, 5]
[-2, -5, -5, 0, 21, -2, 5, -1]
[0, 5, -4, -48, -76, -6, -2, 5]
[2, 2, 5, 35, 21, -1, 1, -1]
[-2, -6, 1, 27, 65, 11, 0, -5]
[1, 0, -2, -24, -67, -2, 16, 16]
[1, 4, 2, 27, 34, -5, -48, -20]
[-3, -6, -11, -63, -55, -7, 3, 3]
[-5, -2, 0, 29, -16, -12, -5, -3]
[-3, 1, 1, -12, 11, 8, 7, -3]
[4, 2, -2, 2, -37, -5, 3, -4]
[0, -5, -3, -5, 31, 3, 14, 11]
[2, -4, 1, 10, -29, -5, -17, 0]
[1, -4, -6, -14, 2, 2, -7, -8]
[-1, 1, -5, -21, -18, -5, 8, 4]
[-1, -2, -1, -6, -11, -5, -6, -7]
[3, 7, 4, 38, 40, 13, 12, 4]
[1, -1, -9, -41, -34, -6, -6, 0]
[-3, -5, -2, 6, 47, 2, 5, -4]
[-3, -5, 1, 18, -4, -2, 7, 5]
[1, 0, 1, 1, 47, 7, 0, -4]
[2, -2, 0, -26, -93, -10, -7, -5]
[2, 3, 0, 9, 56, 2, 7, 1]
[-4, 1, 5, 12, -44, -6, -5, -2]
[-3, 2, 0, 5, 13, -2, 3, 3]
[0, 2, 2, 32, 75, 6, -5, -3]
[-1, 0, 0, -10, -38, -1, 1, 1]
[-3, -5, -3, -13, -29, 2, 11, 1]
[2, -1, -1, 1, -3, -2, -3, -1]
[4, 5, 1, 7, 15, 4, -2, -7]
[2, 4, 0, 2, -20, 0, 15, 17]
[2, 1, 1, 27, 54, 7, -25, -7]
[-5, -4, -1, -4, -42, -1, 0, 2]
[1, 0, 0, -11, 2, -3, -2, -2]
[-4, -5, -4, -9, -11, 0, -6, -4]
[0, 4, 4, 19, 28, 5, 3, 1]
[0, 0, -4, -39, -36, -6, 2, -6]
[3, 3, 2, 35, 17, -1, 0, 8]
[-1, 0, 2, -12, 6, -3, 3, -3]
[-3, 0, 0, 19, 52, 2, 2, 1]
[1, -2, -4, -14, -60, -8, -1, 1]
[0, -4, -4, -18, 14, 0, 4, -2]
[-4, -4, -4, -2, -9, 2, -3, -2]
[-1, -4, -2, 0, 4, -4, -1, -2]
[0, -2, 1, -5, 18, 5, -7, 0]
[0, 3, 4, 4, 3, 1, 0, -3]
[-1, 3, 3, 6, -9, -4, 1, 0]
[0, -2, -7, -33, -34, -6, -9, -1]
[0, -2, -4, 4, -10, 2, 13, 2]
[1, -1, 0, 24, 90, 10, -1, 1]
[-2, 1, -4, -24, -69, -17, -2, -4]
[-1, -3, -1, -10, -19, -6, -1, 1]
[4, 2, -2, -11, 19, 0, -1, -1]
[1, 0, 2, -9, -30, -5, -1, -5]
[0, -4, 1, 4, 7, -4, -3, -5]
[1, 1, -1, -3, -10, 3, 4, 1]
[-2, -4, -1, 1, 32, 4, 0, 4]
[-5, -1, 0, -9, -28, 0, 7, -2]
[-2, 1, 0, 9, 43, 5, 0, 1]
[-2, -1, -2, -2, -20, -1, 1, -2]
[-1, 1, -3, -37, -11, 2, -1, -2]
[-4, -3, -2, 41, 40, 0, 0, -2]
[2, -4, -4, -19, -23, -2, 0, 4]
[-3, 0, 0, 17, 10, -2, 2, 0]
[1, -1, 2, 1, -6, 3, 1, 1]
[-1, -2, -4, -15, 10, -1, -6, -3]
[1, 2, 4, 4, -13, -1, -8, -8]
[0, 1, 1, 1, 10, 0, -4, 5]
[1, -1, 0, 2, 6, -4, -7, 3]
[-2, 1, -1, -5, -33, -2, -1, -1]
[-1, -4, -1, 6, 21, 4, 3, -1]
[0, 1, 2, -12, 9, -2, 2, -3]
[0, -1, 1, 19, -7, 2, -1, -2]
[1, -2, -6, -10, -27, -7, -5, 2]
[1, 2, -2, -1, 16, 2, 3, 0]
[0, 0, -2, 0, -18, -4, -2, -5]
[-1, 2, 3, 1, 43, 8, 3, -1]
[2, -1, 0, -12, -24, -2, -2, -1]
[-3, -7, -4, -10, 0, -5, -5, -4]
[-1, -4, -2, 11, -10, -2, 2, 5]
[-1, 2, 3, 9, 2, -1, 4, -1]
[0, -1, 0, -5, 15, 4, 2, 2]
[0, -1, 0, 0, -7, 2, -2, -1]
[-1, -1, -2, 4, 11, 0, -2, -1]
[-2, -3, -6, -1, 11, -2, 3, 1]
[-3, 1, 2, -13, -30, -6, -2, -2]
[0, 1, 0, -5, -2, -6, -2, -1]
[3, 2, 4, 7, -2, 1, 1, -2]
[3, 0, -5, 1, -5, -1, 11, 5]
[-2, -2, -2, 6, 0, -1, -30, -11]
[-2, -2, -6, -7, 5, -1, -5, 7]
[-2, 1, 3, -8, -28, 1, 4, -2]
[-1, -1, 3, 4, 23, 1, -3, -1]
[-2, -1, -2, -8, 2, 0, 6, 2]
[4, 1, -1, 6, 4, -2, -7, -7]
[1, 0, -1, 3, -5, -1, 2, 9]
[-4, -1, 0, 14, 14, 1, 1, 1]
[4, -2, -3, -10, 9, 4, 4, 2]
[1, 1, 1, 16, 10, 2, 2, 0]
[1, -2, -2, -4, 1, -2, 4, -2]
[0, 1, 3, 7, 12, 0, -4, -3]
[-2, 0, 0, 2, -39, -3, 1, 0]
[-3, 0, 1, 13, 12, -1, 3, 2]
[-1, -4, -3, 0, -14, -4, 0, -4]
[-3, -2, -2, -1, 28, 3, 0, 1]
[-3, 1, 0, 10, 12, 2, 3, -1]
[-1, -4, -2, -35, -39, -4, 0, -1]
[2, 0, 4, 15, 7, 2, -5, -1]
[3, 2, 0, -10, -43, -2, -2, -4]
[4, -3, -1, -11, 16, 1, 2, -1]
[-3, 1, -3, 25, 2, 0, 7, 2]
[2, -2, -2, -6, 24, 4, 0, 0]
[-1, -5, -7, -12, -35, -5, 0, 0]
[-1, -2, 1, 10, 42, 2, -1, 2]
[0, -1, 7, 4, -22, -4, 7, -2]
[-3, 0, -3, -8, -6, -4, -6, -5]
[3, -1, 4, 0, 7, 6, 4, 6]
[-4, 0, -2, -5, -14, -3, -5, -2]
[0, -1, -1, -9, 14, 3, 3, 3]
[-1, -1, 1, 7, -7, 1, -1, -6]
[-1, 1, 0, 6, -6, -1, -5, -2]
[0, 1, 1, 8, 18, 0, 6, 3]
[-2, -2, -4, -1, 1, -3, -7, -1]
[-3, -4, -3, -20, -28, -3, 2, 1]
[-2, -3, 2, 22, 21, 2, -2, -3]
[0, -2, -9, -28, -35, -5, 2, -4]
[0, 0, -2, 6, 5, 2, 4, -3]
[0, 1, 2, 1, 14, -3, -4, -3]
[-1, -2, 1, -6, -9, -3, -2, -3]
[-1, 2, 2, 6, 5, 2, -1, 5]
[0, 4, 9, 29, 29, 5, -2, 0]
[-4, -1, 0, -13, 20, -2, -2, 0]
[-2, -3, -5, -4, -29, -2, -4, -4]
[0, 0, -1, 5, 4, 0, 3, -1]
[-2, 2, 1, -15, -25, -2, -6, -2]
[-1, -3, -3, -9, -16, -4, -1, -1]
[0, -2, 0, -4, 11, -1, 5, 1]
[2, -5, -2, 15, 7, 2, -1, -2]
[0, 0, -3, -2, 13, -1, 0, 1]
[-1, -1, 0, 0, -8, 1, -3, -2]
[-3, -1, 3, 12, 31, 2, 1, 0]
[0, -1, -5, -18, -34, -2, -2, -2]
[-2, -3, 0, -4, -3, 0, -2, -1]
[1, 2, 0, 0, 26, 3, 1, 2]
[-5, 3, -3, -4, 1, 0, -4, -2]
[-1, 2, 4, 11, 14, 0, 1, -1]
[-2, -1, -3, -5, -28, -7, -7, -2]
[0, 0, -4, 0, 1, -1, 20, -1]
[3, -4, -2, -2, -13, 4, 0, -2]
[-2, 0, 1, 10, 11, 1, 4, -1]
[0, 0, -1, -15, 1, -4, 0, -2]
[-1, -1, 0, 2, -9, -1, -3, 3]
[-3, 1, 3, 9, 18, -1, -6, 0]
[-2, -2, -3, -13, -41, -3, -2, -2]
[1, -2, 1, 4, 4, 7, 0, 8]
[-3, -2, 0, 24, 26, -2, -6, -1]
[-2, 1, -6, -3, -3, -2, 2, -5]
[-2, 4, -1, -22, -16, -4, -4, -3]
[3, -1, 1, 11, 21, 0, 0, -5]
[4, 0, 0, -10, -30, -3, -4, 1]
[0, -3, -1, -6, -12, 0, 0, 0]
[-3, -3, -1, 15, 12, -1, -3, -2]
[-3, 0, -5, -12, -15, -3, 1, 0]
[0, -3, 0, -7, 4, 0, 0, -2]
[0, -3, 4, -3, -23, -1, -3, -2]
[-1, 1, 6, 6, 25, 1, -1, 0]
[-5, 2, 1, -21, -56, 0, -5, -2]
[4, 3, 1, 12, 40, 8, 1, 1]
[-2, 1, 1, -6, -28, -4, 5, 3]
[0, -3, -4, -22, -26, -4, 3, -1]
[-3, -3, 0, 26, 22, -5, -2, -2]
[-2, -1, -3, -6, 8, 0, -4, -1]
[1, -1, -4, -3, 4, -1, -3, 1]
[-2, -2, -3, -7, 8, -3, -1, 3]
[-1, 1, -3, 12, 5, 2, 0, -2]
[1, 2, 1, -6, -18, -3, -3, 1]
[-1, 0, -4, -2, -9, -5, -1, -1]
[-2, -3, -3, 9, 2, 1, -3, -1]
[1, -4, 2, -16, 4, 4, 2, -2]
[-2, -5, 1, -6, -20, -4, -3, -1]
[2, 3, 2, -4, -8, -2, -1, 0]
[3, 0, 0, 9, 16, -1, 0, 0]
[-3, -2, -5, 0, 14, -2, 1, 0]
[-3, -2, -4, -11, -37, -6, -3, 0]
[-1, 0, -1, 0, 13, 4, -2, -1]
[-2, -3, 0, -6, -14, 0, 0, -1]
[4, 2, 4, 20, 40, 3, -2, 3]
[-2, 2, 0, 5, 9, 0, -1, 1]
[-1, -4, -1, -2, 0, 1, -4, -1]
[1, 0, -1, 2, 8, 2, -2, -2]
[1, -2, -3, -8, -1, -5, -2, -4]
[3, -1, -2, -16, -23, -4, -2, 2]
[1, 2, 3, 4, 3, 0, 8, -1]
[-4, -1, 0, 12, 0, -2, 1, -1]
[-1, -2, -5, -9, 1, -6, -2, -2]
[1, 1, 0, 12, 33, 5, -4, -4]
[-1, -4, -2, 0, 3, -1, 0, 0]
[-4, -2, -1, -16, -35, -3, -8, 1]
[0, -2, 0, -4, -9, 5, 12, 2]
[1, 0, 1, 4, 18, 4, -4, 0]
[1, 0, -3, -3, -5, 1, -3, 3]
[3, 0, 0, 4, 29, 2, 1, -1]
[-3, -5, -3, -2, -30, -10, -12, -3]
[-1, 1, 4, 12, -6, 0, 4, 1]
[-2, 2, 4, -7, -11, -3, 2, -2]
[-4, 3, -1, -4, 6, -6, 8, 0]
[1, 1, -5, -15, -19, 0, 3, 0]
[-1, 3, 4, 31, 55, 11, -1, 2]
[1, -2, 0, 1, 17, -1, -6, -4]
[3, -1, -2, -3, -20, -10, -11, -3]
[1, -3, 3, 0, -6, 2, 4, 0]
[2, -5, -2, -8, -18, 4, 3, 1]
[-1, -2, -5, -2, 2, 3, -2, 1]
[2, -2, -2, 12, 51, 6, 1, -3]
[-6, 0, -1, -3, -37, -2, -7, -5]
[0, 5, -5, -9, -33, 0, 7, 0]
[-4, 3, 0, 6, 20, -4, -1, -1]
[-2, -3, -3, 9, -12, -2, 4, 0]
[3, 5, 0, -20, 3, -2, 3, 6]
[-2, 1, 2, 1, 17, -6, -12, -4]
[0, -5, -5, -14, -21, -1, 24, 3]
[-2, -5, 0, 9, -5, 2, 1, -4]
[-7, -4, 0, 8, 29, 6, -3, -2]
[8, 2, 2, -8, -15, -3, -8, 0]
[4, 5, 1, 8, 16, -5, -3, -3]
[2, -1, -3, 2, 10, -7, -6, 8]
[-16, -1, 1, 15, 9, 12, 27, -3]
[5, -6, -3, -3, 8, 11, -26, 3]
[2, -9, -5, -15, -53, -20, 3, -2]
[6, 0, 1, -2, -18, 2, 11, 9]
[3, 4, 4, 11, 8, -4, -8, -4]
[-6, 5, 2, -7, 40, 14, 8, -1]
[-4, 4, -1, 23, 22, 2, -18, -5]
[-4, 3, 4, 7, -20, -17, -16, -7]
[-12, -13, -5, -40, -24, 7, 26, -6]
[3, 6, -1, 12, -14, -6, -5, 10]
[0, 0, -2, -32, 5, 8, -6, -6]
[3, -6, -5, 18, 16, 9, 16, 5]
[-8, 8, 5, 41, 43, -7, -26, -7]
[0, -2, -1, -27, -21, -13, -8, -14]
[-15, 11, 9, 10, -4, -6, 17, 1]
[-5, -1, -9, -38, -57, -12, -16, -3]
[13, -10, -17, 18, 26, 26, 41, 16]
[-1, -11, -7, -7, -25, -6, -5, -10]
[-14, -8, -1, 22, 92, -4, -58, -22]
[-2, 3, 8, -23, -66, -31, 3, 16]
[10, 3, -2, -30, 49, 21, 26, 10]
[-9, -5, 3, 24, -2, -15, -13, -13]
[-4, -6, -12, 17, 14, 9, 27, 21]
[1, -3, -3, -13, -45, 9, -23, -22]
[-10, -4, -3, -20, -28, -24, -72, -7]
[6, 8, 8, 8, 2, 6, 73, 17]
[-10, -10, -6, -49, -89, -14, -42, -21]
[15, 0, 4, 37, 37, -36, 35, 28]
[15, 5, 2, -25, -16, 54, 59, 13]
[-21, -10, -6, 33, 37, 23, -25, -39]
[-7, 7, 3, 31, 13, 12, 1, 41]
[0, -11, -9, -48, -79, -26, -46, -16]
[24, 35, 15, 42, 20, -56, -65, 11]
[3, -7, 0, -12, -32, 7, 38, 10]
[14, 3, -4, -100, 14, 36, 45, 13]
[-8, -1, 5, 88, 106, 53, -5, -4]
[-18, -13, 3, -8, -71, -50, 3, -43]
[-10, -9, -12, -20, -42, 41, -12, -1]
[11, 12, 18, 56, 6, 40, 21, -2]
[9, 5, -9, -39, 67, 31, 30, 26]
[-9, -15, -19, -45, -61, -89, -107, -27]
[24, 20, 17, 22, -31, 22, 66, 28]
[4, -12, -8, -25, -6, -11, -4, 2]
[-9, 7, 11, 48, 75, 14, 5, -21]
[-3, -8, -8, -18, -33, 7, -6, 9]
[5, -12, 3, 20, 59, -38, 4, -1]
[8, 15, 12, 44, -35, 46, 11, 4]
[-36, -17, -25, -120, -77, -51, -17, -20]
[17, 13, 8, 42, 119, 27, 3, 9]
[5, 10, 4, -33, 2, -48, -81, 1]
[15, 0, 4, 31, -68, 8, 80, 12]
[-18, -6, 5, 2, -74, -10, -57, -37]
[-2, 2, 3, 5, 2, 9, 34, 11]
[-2, -9, -19, -19, 10, 1, -21, 0]
[9, 7, -3, -19, 97, -1, 0, -11]
[5, 12, 6, 87, 2, -22, -30, -7]
[13, 2, 22, 17, 29, 37, 72, 39]
[-18, -1, -22, -58, -70, 13, 5, -3]
[24, -11, -2, -24, -1, -49, -46, -5]
[-30, 3, 4, 57, 54, -1, 23, -25]
[18, 1, 9, 4, -52, 27, -30, 10]
[67, 22, 26, -3, 37, 16, 80, 50]
[-50, -19, -36, -1, -27, 17, 8, -30]
[20, 5, 17, -35, 33, 3, -9, 2]
[-19, -13, -7, 55, 50, 0, -14, -11]
[-25, 6, 21, 12, -87, -12, -14, -29]
[13, 9, -2, -20, -7, -53, -62, -13]
[-44, 6, -4, -7, 69, 64, 47, 18]
[37, -20, -33, -18, -18, 12, 0, -4]
[-37, -2, 0, -15, 29, -9, 1, -23]
[5, 9, 11, 21, 18, -12, 36, 17]
[9, -20, -10, -4, -32, -7, -31, -1]
[-32, 8, 7, -3, -5, -5, 4, -13]
[20, 6, -13, -45, 34, 29, 40, 25]
[26, 6, 39, 86, -13, 6, 19, 12]
[5, 11, 30, -6, -13, -5, 13, 21]
[-16, -20, -24, -11, -18, -24, -24, -20]
[-41, -31, -27, -80, -2, -1, -52, -31]
[-7, -1, -34, -12, -8, -22, -92, -56]
[66, 23, 48, 64, 9, 33, 126, 105]
[-1, 12, 12, -19, -4, 5, 8, -25]
[-56, -6, -14, 34, -8, 0, 3, 29]
[24, 4, 19, -21, 8, -14, -24, -13]
[-49, -20, -49, -38, 9, 6, -18, -25]
[7, 9, 26, 26, 4, -32, -13, 7]
[32, -6, -9, 21, 20, 23, 32, 11]
[-27, -9, 1, -12, 24, 9, 12, -13]
[-9, 13, -4, -15, -7, -20, -24, -18]
