[36, 10, 1, -12, 11, -6, 13, 10]
[-15, -6, -10, -8, 4, -14, -28, -30]
[10, -1, 16, 14, -5, -10, -30, 23]
[-14, -12, -9, -28, -8, 7, 15, -10]
[4, -15, -52, -79, -27, -16, -31, -15]
[-28, -13, 30, 89, 2, -32, -7, 0]
[55, 27, 10, -2, 13, 46, 55, 54]
[10, 1, -10, -60, -33, -13, -21, -33]
[21, 18, -21, -50, -16, -30, -54, -60]
[-55, -31, 13, 94, 38, 10, -3, 3]
[-98, -31, -21, 2, -2, -8, -1, -40]
[42, 15, 17, -62, -14, -11, -15, 28]
[19, -7, -8, 29, -2, -1, 14, 22]
[6, 18, 12, 44, 24, 1, 2, -17]
[-42, -20, -23, -23, -9, -23, -60, -15]
[101, 21, -1, 16, -9, -18, 71, 33]
[-82, -12, 5, 0, -12, 7, 14, -13]
[72, 24, -5, -28, 15, 19, -13, -9]
[-106, -26, -23, -4, -1, -12, -37, -95]
[68, -6, 7, -38, -6, 37, 10, 70]
[-87, -11, 25, 76, 12, 10, -16, -31]
[89, 23, 24, -20, -5, 50, 76, 55]
[30, 9, -3, 1, -24, -40, 3, 23]
[-111, -6, -8, -21, 20, 13, -65, -58]
[104, 42, 30, 94, 4, 62, 127, 119]
[-14, -37, -17, -61, -17, -18, -67, -32]
[-42, 1, -3, 9, 13, -33, -36, -21]
[-128, -14, -89, 17, 5, -33, -19, -128]
[105, 7, 72, -10, 16, 66, 68, 110]
[-34, 28, 34, 55, 5, -8, -13, -97]
[33, 11, 4, -36, -5, 38, 73, 82]
[-33, -11, -5, 30, -22, -31, -89, -90]
[-124, -31, -62, -98, -26, -47, -64, -93]
[24, 0, -22, -83, 6, 12, 55, 66]
[109, 31, 33, 46, 17, -53, -34, 56]
[39, 25, 8, 40, 27, 104, 107, 45]
[-27, -8, 19, 23, -3, 4, 5, -47]
[-27, 3, -8, 5, -28, -5, -59, -118]
[-33, -37, -15, 15, -11, -40, -4, 54]
[127, 19, 4, -101, -27, -18, 21, 52]
[-106, -8, -3, 31, 20, 11, -21, -6]
[70, 35, -36, 34, -11, -45, -25, -4]
[47, -17, 9, -32, -2, 30, 20, 23]
[-22, -12, 16, 33, -13, -10, 26, 9]
[-60, -1, -55, -128, -12, -4, -46, -110]
[-99, -42, 38, 72, 52, -13, 3, 52]
[93, 44, 30, -9, -7, 19, 69, 30]
[-94, 16, 7, -45, -17, -35, -126, -75]
[11, -82, -35, 70, 19, -15, 102, 108]
[55, 26, 8, -67, 18, 102, 85, 81]
[-33, 19, 12, -22, -2, 20, 5, -113]
[-84, -38, -30, -49, -13, -17, -71, -88]
[-80, -57, -43, -54, -26, 4, -8, -25]
[71, 13, 62, 73, 36, 56, 76, 93]
[27, -17, -14, -3, -15, 62, -33, 36]
[-14, -2, -36, -91, -35, -62, -63, -39]
[-56, 11, -37, -61, -24, -50, -45, -65]
[-45, 32, 40, -7, 11, 24, -59, -99]
[0, -37, 24, 94, 37, -3, 80, 42]
[59, 5, 24, 83, -1, 57, 43, 81]
[13, -9, -7, -82, -17, -7, -34, -22]
[-60, 0, 1, 56, -4, -14, -31, -105]
[-102, -4, -47, -115, 10, -25, -50, -105]
[19, 22, 57, 127, 14, -50, -39, 36]
[77, 21, 22, -10, 1, 70, 75, 48]
[-36, -4, -39, -36, -26, -56, -61, -18]
[-43, -16, -45, -22, -9, -48, -42, -28]
[69, -10, 20, 15, 30, 87, 109, 98]
[5, 64, 16, -59, -13, -42, -94, -94]
[-13, -32, -23, -110, 3, 21, 80, 53]
[42, 6, 74, 93, 44, 43, 16, 93]
[42, -1, 14, -49, 11, 18, 63, 16]
[4, 26, 11, 23, -4, -30, -56, -18]
[-6, -5, -35, -81, -19, -35, -55, -34]
[-46, 16, -51, -121, -26, 38, 27, -54]
[5, 5, 71, 91, 23, -63, -13, -7]
[18, 14, -5, -48, 2, 1, 5, 2]
[3, -34, -5, 95, 17, -20, -28, 34]
[48, 20, 23, -16, -5, 39, 46, 6]
[-39, -18, -30, -9, -39, -81, -108, -38]
[-58, -20, -24, -37, -11, -3, -26, -66]
[88, 44, -1, 34, -13, 9, 48, 88]
[-35, 0, -10, 15, 9, -1, -17, -44]
[77, 42, -20, -54, 13, 11, 28, 17]
[-78, -44, 59, 100, 14, -34, -27, -40]
[19, 8, -27, -45, -21, 18, 29, 15]
[29, -9, 1, 36, 2, -4, -12, 1]
[-65, -62, -27, -45, -6, 10, 18, -19]
[13, 20, 9, 12, 0, -16, -20, -20]
[39, 12, -3, 5, 2, -17, -20, 49]
[-98, -27, -44, -83, -43, -29, -58, -81]
[64, 39, 46, 49, 9, 30, 39, 32]
[-20, -20, -31, 27, -4, -11, -2, 18]
[30, 4, 61, 70, 39, 2, 3, 15]
[-22, 9, -19, -64, -2, 18, -11, -18]
[-66, -12, -9, -13, 10, 17, -3, -47]
[65, 20, 7, 25, -7, -22, 12, 42]
[-75, -10, -11, -39, 4, 25, 6, -61]
[-6, -11, 13, 30, -7, -10, 16, 5]
[6, -12, -24, -14, -16, -29, -22, 17]
[56, 12, 22, 36, 20, 47, 45, 52]
[-69, -29, -37, -68, -22, -27, -72, -64]
[13, -2, 15, 7, 10, 10, 8, 25]
[-23, 3, 18, 38, 1, 29, 34, 2]
[27, 16, 16, 7, 0, 24, 43, 22]
[-9, -26, -16, -57, -28, -32, -26, -32]
[15, 21, -14, 47, 15, 13, -10, -3]
[-42, -7, 8, 9, 8, -17, -19, -21]
[23, -1, -3, -51, 1, -4, -29, -11]
[-69, -12, 0, 15, -1, -8, 27, -4]
[102, 3, -13, -25, -3, 30, 41, 83]
[-29, 5, -12, -11, -3, -2, -26, -39]
[13, 6, 14, 38, 5, 2, 28, 24]
[-35, -16, -11, -19, -3, -7, -25, -29]
[-19, 9, 5, -2, -7, -21, 7, -15]
[3, -8, -18, -7, -5, 16, 14, 2]
[-2, -3, 2, 5, 9, 13, -12, -9]
[2, 4, -5, 1, -5, -15, -12, -12]
[0, -6, 10, 25, 5, -3, -8, 2]
[-5, 20, -5, -11, 2, 6, 38, -2]
[23, 27, 8, 8, -1, 2, 4, -1]
[20, 1, -3, -4, -6, 4, 17, 21]
[15, 32, 24, 16, 0, -9, -11, -7]
[-18, -2, -13, -18, -14, -10, -9, -9]
[8, -4, -9, -19, 9, -1, 5, 20]
[19, -4, 5, 38, -6, -8, -6, -5]
[-23, -12, 1, 0, -2, -1, 0, -13]
[-1, -15, -12, 0, -3, -8, -7, 0]
[3, -8, -1, 0, 17, 0, 0, 11]
[14, 7, -1, -14, 27, 5, 4, 9]
[-24, -1, 7, 2, -5, 3, -6, -12]
[-10, -10, -8, -23, -65, -7, -14, -10]
[0, -15, 3, 44, 64, 12, 7, 6]
[12, 4, 1, -10, -27, 9, 13, 18]
[-12, -3, -3, 13, 35, -1, -25, -33]
[18, -4, -3, -10, 20, 3, -11, 8]
[10, 16, -3, -20, -64, 15, -2, -6]
[9, 3, 2, -18, -22, -2, -6, -9]
[-24, -22, 2, 45, 67, -7, 36, 18]
[-14, -16, 0, 8, 51, 0, -16, -4]
[15, 37, 11, -5, -41, 16, 0, 5]
[8, 14, 1, 0, 26, 8, -1, 8]
[-1, -4, 2, -22, -107, -15, -14, -6]
[-9, -2, -5, -3, 46, -8, 6, -5]
[-10, -14, -4, -12, 29, -21, 2, 11]
[1, -4, -2, -17, 16, -5, 8, -3]
[-13, 3, 3, 53, 36, 9, -13, -13]
[-6, -31, -4, 15, -8, 23, -4, 1]
[1, 7, 5, 1, -46, 10, -2, 23]
[8, -4, 2, 16, 69, 16, 6, 7]
[17, 20, 0, -23, -18, -9, 10, 2]
[-8, -7, -4, -17, -39, -7, 1, -18]
[-6, -27, -3, 5, -7, -6, 8, 54]
[12, 15, -1, -18, 15, 11, 10, 6]
[10, 11, -3, 31, 49, 15, -27, -10]
[0, 14, -3, -8, -11, 8, 2, -9]
[-3, -1, 5, 24, 53, 2, 0, -19]
[-4, -7, 3, 14, 8, -11, -8, 4]
[0, -7, -1, -37, -55, 8, 4, 1]
[3, 8, -4, -12, -46, -13, -4, -9]
[-5, -10, -5, 12, 85, 3, 10, 2]
[-4, 7, 1, 7, -49, -18, -3, -13]
[-4, -13, -3, 18, 50, -9, 0, -11]
[-9, -7, -10, -70, -63, -10, 2, 11]
[-3, 11, 7, 47, 36, -6, 8, -3]
[3, 16, -7, -18, -43, -10, -18, -5]
[10, 19, 5, -25, -53, -1, 14, 6]
[-4, 4, 9, 23, 80, 14, -1, 8]
[4, -1, -4, -15, -55, -24, 0, -22]
[-17, -12, -1, 14, -39, -3, -12, -3]
[-9, -19, -12, -77, -22, -8, 3, 6]
[-2, 3, 4, 60, 44, 10, 3, 2]
[3, -5, -2, -61, -70, -5, 5, -2]
[-2, -8, 1, 31, -13, -1, -8, -3]
[0, 3, 4, 6, 45, -2, -4, 6]
[5, 3, 2, 14, 43, 2, 10, 8]
[-3, -4, -1, 10, -12, 13, -6, -7]
[-1, -5, -12, -76, -84, -12, 4, -3]
[-4, -4, -1, 4, 35, -5, -6, 1]
[-5, -8, -5, -9, 25, -2, 3, 5]
[2, 1, 2, 11, -8, 5, -12, -6]
[-10, -11, -1, 15, 74, -1, -4, -11]
[7, 16, 1, -14, -48, -1, -1, 4]
[4, 5, 9, 44, 60, 13, 22, -1]
[-7, -10, -10, -45, -84, -18, -10, -5]
[4, 3, 2, 41, 69, 9, 4, 8]
[0, -8, 0, -17, -85, -16, 3, -3]
[3, 2, -1, 18, -6, -11, -16, 1]
[-1, 5, -3, -17, 13, 9, 0, 1]
[-6, -4, -1, -20, 9, 2, -2, -1]
[-3, -4, 0, 52, 26, 3, 1, -5]
[6, -3, -9, -44, -16, -12, -3, 3]
[1, 3, 8, 37, 51, 16, 10, 6]
[-2, -4, -2, -19, -49, -17, -36, -17]
[9, 15, 4, 16, 43, 11, 3, 1]
[-7, -7, -7, -33, -112, -22, -7, -7]
[2, 0, -1, -12, 107, 8, -2, 4]
[-5, -9, -2, 8, -10, 6, 13, 2]
[-4, -4, 2, -6, -20, -1, -1, -1]
[-2, 8, 6, 23, 73, 12, 1, -3]
[7, 8, 10, 26, -42, 3, -5, 6]
[2, -1, -5, -28, -13, -2, 2, 2]
[-1, -11, -9, -11, -13, -4, 0, -2]
[5, 3, -2, 25, 22, 5, -6, -3]
[-7, 1, -2, -10, -16, -4, 3, -3]
[1, 4, 6, 21, 15, 2, 0, 0]
[-1, -5, 3, 3, 35, -2, 4, 3]
[2, -4, 0, -16, -29, -2, 2, 0]
[4, -2, -1, 19, 34, 6, -2, -2]
[0, 2, 3, 9, -40, -9, 1, 1]
[-6, -1, -3, -15, 1, -2, 0, 0]
[1, 2, -2, -20, -28, 1, -4, 2]
[1, 1, -8, -23, -15, -8, 0, -4]
[0, 3, 7, 34, 56, 16, 6, 1]
[-5, 1, -3, 14, -2, -7, -6, -4]
[4, 3, 1, -12, -13, 0, -1, 0]
[7, -1, 3, -12, 35, 10, 10, 15]
[-2, 3, -1, 19, -25, -9, -24, -7]
[-4, -9, -5, -9, 2, -4, 0, -2]
[2, 2, 1, 0, 6, -3, -4, -1]
[-2, 0, -3, -7, -51, -5, -2, -4]
[6, 3, 3, 3, 63, 7, 1, 3]
[-2, -3, -1, -1, -48, -6, 1, -4]
[-5, -6, -7, -31, -7, -6, -5, -1]
[-1, -3, 0, 31, 28, 2, 3, 0]
[1, -2, -7, -29, 20, -1, 0, 1]
[-4, -6, 0, 4, -3, -4, -4, -5]
[3, 2, 5, 26, 15, 6, 12, 7]
[1, 2, 2, 11, 29, 8, -4, -1]
[-5, -6, -5, -26, -95, -16, 4, -1]
[-4, -3, -3, -23, -3, -3, -2, 0]
[-3, -1, 1, -11, -43, -7, -1, -2]
[1, 3, 3, 7, 15, 5, -3, -8]
[1, 0, -4, 13, 4, 8, 10, 10]
[-4, -1, 2, 14, 26, 3, -3, -11]
[0, 7, -4, -8, -33, 0, 3, 11]
[0, -3, -4, -16, -15, -5, -2, -1]
[-3, 2, 3, 11, 31, 3, 4, -4]
[4, 5, -2, 4, 20, 3, -1, 3]
[0, -3, -4, -4, -5, -8, 5, -7]
[0, -3, -1, -6, -57, -5, -18, -4]
[1, -2, -5, -22, -28, -4, 8, -1]
[1, 0, 0, 7, 38, 2, 0, -1]
[4, 4, 1, 10, 10, 3, 4, 0]
[2, 2, 5, 11, 7, -2, 3, 2]
[-1, -6, 3, 5, -14, 0, -1, -2]
[-4, -2, -4, -23, -35, -6, 4, 5]
[0, -1, 4, 23, 32, 8, -2, -1]
[-1, -3, -7, -10, -11, -4, 0, -1]
[0, 4, 7, 11, 34, 8, -3, -3]
[-3, 0, -3, 0, -25, -6, -4, 0]
[-2, -3, -2, -21, -35, -3, -5, 0]
[-3, 1, 7, 24, 33, 5, 2, 0]
[1, -1, -4, -9, 16, 2, 2, -1]
[1, 3, 1, 7, 5, 0, -3, 0]
[-2, -5, -6, -20, -5, -4, -3, -3]
[-3, 0, -1, 7, 20, 2, 2, -3]
[-2, 1, 2, 7, 7, 1, 0, 1]
[1, -3, -1, -26, -16, -5, -5, 1]
[1, -1, -1, 13, 13, 2, -5, -5]
[4, -2, -5, -3, -11, -2, 1, 5]
[1, -1, 3, 22, 29, 5, 5, 2]
[-5, -2, -1, -2, 9, 0, -3, -4]
[0, 0, 5, 9, -11, 1, 0, 0]
[-2, -4, -7, -34, -16, -11, -3, -5]
[1, -1, 1, 35, 43, 0, -9, -1]
[-1, -3, 1, -7, -47, -6, -1, -1]
[-1, -1, -5, 3, 32, 2, -5, -2]
[-1, 3, 2, -3, -30, 6, 18, 4]
[-2, 2, -5, -18, -20, -5, -3, -3]
[-3, -3, 1, 12, 8, -3, -3, -3]
[-3, -5, 2, 16, 20, 0, 2, 1]
[2, -2, -1, -3, 7, 3, -2, 3]
[1, 5, -4, -17, -11, 0, 16, 2]
[1, 2, -7, -6, 0, -6, -7, -5]
[2, 0, 0, 0, -19, -4, -3, -2]
[-1, 1, -1, -4, 5, 4, -4, 0]
[-1, 2, -1, -16, -20, -1, 3, 1]
[2, 0, -2, -2, 1, 1, -3, 1]
[-2, -3, 0, 8, 8, -1, -3, -1]
[1, 0, 6, 26, 54, 9, 2, -1]
[-2, 0, -4, -21, -30, -3, -4, -3]
[0, 3, -2, 5, -13, -2, 4, 2]
[0, -1, -3, -26, -1, -3, -1, -3]
[-2, -4, 1, 18, -26, -2, -3, -3]
[1, -4, -6, -17, 10, -2, -6, -1]
[-4, -1, -3, -3, -19, -3, 2, -1]
[-1, 1, 0, -3, -2, -3, -1, 9]
[0, -2, 1, -12, 8, -2, -7, -2]
[-1, 1, 6, 20, 12, 1, -4, -5]
[-2, -3, -1, -1, 9, 3, -1, 11]
[0, 0, -6, -5, -15, -2, 0, -5]
[2, 0, -6, -10, -8, 0, -6, 1]
[1, 0, 2, 6, 4, 0, -3, -3]
[0, -2, 2, -5, 1, 3, 4, -3]
[1, 1, 1, 19, 26, 7, 0, -1]
[-3, -3, 4, 5, -10, -3, 2, 1]
[-1, -2, -2, 7, 29, 3, 0, 2]
[-2, 2, 2, 15, -11, -4, -3, -3]
[-2, 1, -1, -6, 6, 4, 2, -1]
[0, -1, 2, -4, -29, 3, 2, -3]
[3, -3, 0, -8, -5, -3, -1, 0]
[0, -3, -6, 7, 15, -2, -2, -1]
[0, -2, 2, 13, -29, -4, -2, -1]
[-1, -2, -2, 8, 33, -1, 2, -2]
[-3, -1, 0, -11, -2, 3, -1, 0]
[2, -1, 2, 23, 60, 5, 0, -3]
[0, -2, -4, -60, -54, -9, -3, -1]
[0, 1, -1, 11, 19, 1, -2, -1]
[0, -1, -6, -11, -54, -5, 4, 6]
[-2, -1, -1, 9, 37, 1, -28, -9]
[-1, -1, 1, 14, 10, -1, -1, 2]
[2, -3, -2, -10, -17, 1, 1, 1]
[-2, -3, 0, -9, 11, -4, -2, -1]
[-1, 2, 1, 4, -2, 0, 7, 2]
[-2, -1, -3, -24, -35, -5, -1, 0]
[-3, 2, -2, 17, 15, 1, -2, -2]
[-2, -1, -1, 5, -5, 1, 1, -1]
[0, 1, -1, -11, -7, -3, 3, -1]
[1, 3, 3, 24, 53, 3, 1, -1]
[0, -2, -10, -63, -84, -9, -4, -1]
[1, 4, 5, 9, -17, -2, 2, 2]
[-5, -3, 2, 30, 3, -1, -2, -2]
[-2, -3, -5, -4, 4, -2, 0, 3]
[2, 1, 3, 20, 23, 6, 6, 0]
[-1, 0, -4, -11, -2, 2, -4, -2]
[1, -5, -4, -24, -30, -9, 0, -2]
[0, -1, 2, 16, 10, 5, 3, -2]
[0, 3, 6, 1, 23, 5, -5, 1]
[1, -4, -4, -9, -38, -4, -4, -5]
[2, 0, 2, -2, 10, 2, 6, 2]
[-2, -1, 0, 23, 18, 0, 2, 1]
[-3, -3, -3, -10, -27, -3, 0, 1]
[-2, -3, -3, -8, 17, 0, 0, -1]
[-2, 2, 0, -8, -12, -4, 0, 0]
[1, 0, -1, -7, -9, -1, -3, -3]
[0, -1, -3, 2, 2, 1, 0, 0]
[-1, -2, -1, 1, -4, -3, -3, -6]
[-4, -3, -3, -2, -16, -6, -2, -1]
[-4, 1, 0, 10, 5, 0, 2, 0]
[1, 0, 3, 16, 45, 5, 5, 0]
[2, -1, -2, -4, -17, 0, -1, 1]
[-2, -1, -5, -18, -5, -1, 2, 1]
[-1, -2, -1, -1, -6, -4, -4, -4]
[-1, 0, -1, -1, 0, -2, -2, 0]
[2, 2, 3, 28, 35, 3, 0, 1]
[-3, -2, 4, -7, -33, -5, -1, -1]
[-1, -2, 0, -11, 8, 0, 0, 0]
[-1, -2, 0, -1, -1, 2, 0, -2]
[0, 0, 3, -8, -5, 2, -2, -1]
[-1, -2, 1, 11, 35, 6, 1, 1]
[1, -1, 1, -8, -30, 2, 1, -2]
[-2, -1, -3, -10, 2, -11, -4, -3]
[-2, -3, -4, -3, -11, -4, -2, 1]
[-1, -2, -6, -9, -2, -3, -3, -2]
[2, -1, 2, 21, 26, 0, -2, -1]
[0, -1, -4, -17, 0, -1, -1, -1]
[-3, 3, 5, 16, 2, -2, -1, 1]
[1, -1, 1, -10, -13, 2, 1, 2]
[0, -2, -2, -3, 7, -2, 0, 0]
[2, 1, 0, 13, 14, 2, 1, 1]
[1, -2, -5, -16, 0, 2, 1, -2]
[-1, 1, -2, -1, -8, 2, 1, -3]
[-3, -1, -3, -18, -8, 0, -5, -5]
[-1, 0, 3, 15, -6, 1, -1, -1]
[-1, -2, 2, -3, 6, 2, 2, 3]
[0, 0, -1, 11, 2, -3, -3, -2]
[2, 1, 1, -2, 4, -2, -7, -2]
[-2, -3, -6, -27, -44, -5, 18, 0]
[2, 0, -4, -16, 21, 3, 0, -1]
[-2, -3, -5, 11, -17, -8, 0, 1]
[-2, -1, 3, 4, 18, -4, 0, -2]
[-2, -4, -1, 3, 1, 2, -6, -1]
[-1, -1, -1, 1, -25, -1, -1, -2]
[0, -1, -3, -3, 1, 2, 1, -1]
[-2, 2, 0, 5, -1, -3, -1, 0]
[0, 2, 4, -4, 8, 1, -3, -1]
[0, -2, -2, -4, 18, 3, 1, 2]
[1, 0, 4, -3, -7, -1, -4, 0]
[-1, -2, -2, 4, -16, -1, 1, 0]
[-1, -2, -5, 8, 13, 1, -3, -4]
[-2, -1, 1, 21, 15, 1, -3, -4]
[-2, -2, -5, -26, -32, -8, 0, 0]
[2, 1, -2, 1, 7, 1, 2, 3]
[4, 0, 2, 13, 2, 2, 1, 1]
[1, 0, 5, 8, 27, 6, -3, 1]
[-1, 2, 4, 9, 9, 0, -2, -2]
[0, 2, 1, -12, -34, -4, 2, 1]
[-1, -4, -4, 4, 6, 2, -7, -3]
[-2, 0, -6, 0, 1, -2, -1, -2]
[-2, -3, -3, -9, -19, -3, 4, -2]
[0, -6, -4, 7, 26, -1, 1, 0]
[2, 3, 3, -8, -19, 0, -3, 0]
[2, 0, -2, 6, -9, -4, -4, -4]
[0, 1, -2, -6, -4, 2, 1, -1]
[-5, -2, -6, -3, 6, -3, -5, -2]
[0, 3, 9, 5, 1, 1, 4, 6]
[-3, -1, 0, 3, 6, 1, 3, 2]
[-1, 1, 0, -7, -21, -5, -5, 0]
[1, 4, 1, -18, 12, 3, 3, 0]
[-3, -2, 3, 27, -10, 2, 0, -2]
[0, -2, 1, -8, -20, 0, 2, 1]
[1, -4, -1, -16, -1, -4, -8, -1]
[0, -1, -4, 7, -16, 0, -1, 0]
[2, -1, 0, -5, 18, 1, 0, 2]
[0, 0, 0, -11, -2, 4, 3, -1]
[-3, 0, -5, 8, 13, -1, 0, -3]
[-3, -3, -5, -16, -22, -8, -8, -4]
[1, -2, -8, 2, 6, 0, 0, 0]
[3, 3, 8, 22, 2, -2, 3, 3]
[-1, -3, 0, -1, 14, 5, 1, -3]
[-3, 3, 3, 16, -5, -1, 4, -1]
[-1, -3, -11, -22, -17, -4, -10, -4]
[-4, -4, -5, -7, 8, -7, -3, 0]
[-3, -2, -3, -9, -33, -4, 3, -1]
[-5, -6, 2, 7, 16, 1, -2, 6]
[4, 2, 0, -15, -11, -4, 7, 4]
[2, 9, -1, -1, 6, 3, -9, -3]
[-4, -3, -9, 3, 26, 1, 2, -1]
[0, -2, 3, 2, -9, 2, 1, -5]
[1, 8, 38, 42, 10, 6, 1, 2]
[-1, -6, 0, 13, 28, -5, -4, -5]
[-1, 1, 7, -10, -40, -9, -2, -3]
[1, 0, -8, -26, -19, 0, -7, 0]
[-2, -8, -18, -7, 7, -2, 0, -4]
[-1, -2, -3, -6, 2, 5, 4, -1]
[-2, -2, -4, -4, 14, -4, -5, -3]
[-5, -5, -3, 3, -37, -11, -8, -1]
[1, 3, -4, 6, 73, 9, 8, 4]
[-3, -5, -1, 2, -62, -1, 12, 0]
[-4, -10, -13, -29, -14, -11, -26, -3]
[7, 7, 11, 14, -11, 5, -2, -5]
[-4, 5, -4, -9, -15, -10, 0, 2]
[0, 4, 4, 9, 45, 17, 15, 5]
[4, -8, 5, 1, -2, 0, 3, 1]
[7, -8, -1, 28, 29, -4, -7, -5]
[-9, 2, 4, -13, -48, -2, -13, -4]
[16, 9, 0, -12, 12, 0, -7, -1]
[-4, -1, 3, 23, -20, -5, 15, 11]
[0, -2, -4, -10, 8, 9, -12, -1]
[-7, -7, -10, 19, 74, 7, 5, 0]
[-4, -10, -4, 0, -50, -4, -4, 4]
[-3, 6, 0, -13, 11, 12, 10, -9]
[2, 3, -4, -19, 10, -10, -6, 3]
[4, 1, 0, 14, 17, -3, -12, -7]
[-13, -12, -8, -51, -44, -22, -12, -6]
[8, 3, 1, 2, -5, 5, 12, 2]
[-16, -4, 3, 65, 33, -9, 0, -8]
[10, 0, -1, -28, 11, 25, 30, 8]
[-2, 3, 4, 47, 63, -6, -20, -7]
[0, -3, -4, -27, -63, 4, 5, -5]
[-3, 9, -4, -50, 32, 12, 18, 15]
[21, 23, -3, -47, -128, -12, -14, -6]
[-29, 5, -12, -6, 66, -16, -1, -2]
[8, 19, 21, 79, 32, 7, -23, -11]
[3, -16, -3, -21, -20, 2, 15, 14]
[-16, -26, -6, 16, 63, 13, 15, 3]
[21, -3, 6, 17, -12, 2, 3, 3]
[-6, 11, 0, -81, -43, -22, -12, 0]
[2, 1, -3, 51, 9, 18, 21, -14]
[-9, -8, -5, 16, 13, 2, 15, -8]
[-8, -3, -9, -40, -12, -17, -30, 7]
[5, -3, 7, 58, 106, -5, -11, 5]
[16, 0, -1, -55, -118, -18, 3, -1]
[-10, -1, 2, -25, -14, 9, 7, 2]
[8, 1, 6, 67, 46, 17, 15, -2]
[-5, -4, 0, 0, -10, -22, -35, -17]
[0, -4, -2, 3, 103, 17, 11, 9]
[-7, -4, -8, -15, -50, -19, -16, -3]
[23, 29, 13, -2, -40, 4, -10, -12]
[-9, -12, -8, -26, -29, -12, 41, 29]
[16, 23, 22, 67, 46, 15, -11, -5]
[-54, -87, -36, -28, -15, -15, -29, -9]
[6, 9, 3, -11, -2, 14, 12, 3]
[56, 60, 24, 41, 33, 20, 10, 10]
[-11, -6, -20, -89, -75, -24, 14, 29]
[14, 10, 9, 6, 24, -4, -30, -32]
[-34, -49, -12, 6, -85, -22, 1, -2]
[-4, 17, 1, 16, 22, -7, -17, -27]
[44, 20, -3, -65, -28, -32, -25, 23]
[-13, -1, -5, 12, 33, 18, 33, 17]
[17, -15, -2, -21, -13, 34, 16, 1]
[-33, -21, 5, 56, -15, -24, -40, -19]
[-13, -12, -1, -52, -54, -4, -19, -25]
[-9, 11, 6, 1, 32, -49, -66, -28]
[-18, -5, -23, -12, -23, -31, -18, -32]
[16, -5, 21, 45, 127, 112, 99, 48]
[-34, -42, -25, -14, -13, 5, 4, -5]
[18, 59, 37, 47, -9, -69, -79, -31]
[27, 23, 4, -34, 52, 62, 95, 67]
[-27, -38, -27, -3, -73, -15, -88, -17]
[25, 25, 15, 46, 51, 7, 62, 12]
[3, 3, -6, -18, -20, 36, 63, 19]
[-17, 2, 0, -9, -21, -37, -60, -30]
[27, 3, -2, 10, 90, -39, -22, -6]
[1, -3, -25, -28, 0, 9, 1, 5]
[19, 15, 41, 40, -33, -40, -40, -11]
[-2, 7, 17, 47, 80, 23, -12, 12]
[-21, -18, 16, 7, 15, 33, 31, -15]
[-5, 2, -3, -34, -34, -28, -38, -33]
[-23, -11, -31, 26, 20, 24, 40, 36]
[75, 3, 23, 22, -45, -52, -59, 23]
[-18, 11, 13, 20, 7, 39, 63, -10]
[-32, -2, -1, 8, -4, -32, -52, -33]
[20, 2, 11, -49, 16, 49, 54, 0]
[9, -3, -14, -4, -28, 37, 58, 47]
[27, -13, -52, -121, -125, -44, -17, 7]
[-19, 21, 70, 127, 101, 14, -20, -7]
[-6, -10, -22, -39, -54, 0, -4, -47]
[-49, 4, -12, -8, 12, -6, 2, -1]
[32, -2, 3, -40, -5, 9, -24, 5]
[-6, 5, -5, 44, -22, 18, 66, 20]
[39, 11, 4, -27, -4, 4, -22, 17]
[-24, -1, 1, 16, -2, 14, 45, -11]
[-31, -5, 8, -8, -73, -18, -16, -20]
[11, -16, -5, 33, 33, -8, -32, -19]
[-18, -2, -5, -61, -13, -12, -29, 10]
[23, -11, 6, 41, 11, -47, -57, 3]
[-30, -12, -15, -17, 26, 9, 38, -8]
[-52, -10, -3, 4, 8, 1, 2, -25]
[65, 17, 16, 18, 26, 25, 70, 26]
[-3, -20, -25, -52, 4, -15, -34, -18]
[-34, 39, 12, -47, 36, 7, 0, 2]
[35, -22, -11, 46, -21, -56, -101, -15]
