[16, 17, 8, 29, 22, 73, 113, 65]
[-8, -40, -32, -66, -1, 29, -14, 7]
[-47, 1, -7, 34, 18, -22, -24, -7]
[26, 6, 23, 27, 7, 49, 35, 57]
[-25, -12, -25, -35, 12, -35, -66, -22]
[-22, -3, 15, 1, -23, -29, -6, -60]
[-59, -1, -1, 41, 11, 72, 28, 13]
[3, 23, -22, -97, -33, -59, -39, -67]
[67, -17, 0, 107, 8, 0, 11, 77]
[7, 27, 21, 56, 1, 3, 5, 0]
[-50, -38, -37, -81, -4, -50, -102, -92]
[-60, 1, 21, 76, 17, -4, -18, 25]
[74, 16, 15, 24, 18, 91, 75, 69]
[-52, 9, -16, -1, -20, -34, -60, -78]
[69, -5, 18, 32, -10, -27, -39, 30]
[-34, -4, -39, -125, -22, -13, -17, -68]
[-97, -28, -23, -24, -13, -45, -68, -49]
[25, 31, 59, 79, 32, 37, 45, 32]
[56, -20, -12, -14, -30, -60, 21, 46]
[17, -13, 5, -39, -9, 101, 102, 45]
[11, -4, -15, -35, -5, 10, -13, -2]
[-70, 5, -41, -38, -16, -32, 18, -36]
[105, 0, 31, 62, 27, 39, 55, 57]
[-49, 1, 10, 22, 12, 1, -43, -36]
[-30, 3, -28, -37, -17, -27, -1, -75]
[-33, -33, -34, 19, -32, -22, -14, 25]
[84, 32, 8, -8, -6, 6, 36, 14]
[58, -17, -19, -18, -10, 41, 30, 127]
[-123, -7, -7, -49, 9, 18, -50, -106]
[84, 8, 19, 26, 22, -21, -39, -23]
[-69, -19, -21, -1, -5, -3, -4, 3]
[-14, -7, 2, 16, 4, 4, 61, -25]
[-104, 9, -13, -80, -3, -34, -35, -105]
[61, 28, -10, -37, 18, 40, 57, 87]
[24, -11, 13, 14, 22, 9, 30, -25]
[87, -9, 27, 65, 8, -25, -28, 70]
[-24, 18, 8, 45, -2, -43, -88, -41]
[14, -27, -37, -101, -39, 12, 112, -40]
[-94, 42, 59, 85, -8, -46, -43, -67]
[59, -32, -40, -65, -16, -3, -10, 64]
[127, 9, 36, 40, -6, -17, -44, 48]
[-67, -10, 18, 15, -6, 44, 44, 78]
[-106, -4, -61, -112, -24, -43, -99, -119]
[-113, -35, -4, 44, 25, 54, 50, -84]
[78, -35, 6, 15, -29, -55, -12, 127]
[49, 39, 33, 4, 1, 9, 3, -4]
[-40, -35, -39, -40, 4, 17, 28, -15]
[-128, 39, 0, 7, 6, -77, -83, -78]
[67, -1, 26, -2, 25, 58, 40, 30]
[-19, -23, 18, 17, -6, 26, -45, 20]
[-2, -2, -37, -25, -13, 9, 23, 21]
[14, -1, 11, -18, -17, -19, -55, -52]
[-68, -17, -51, -56, -1, 22, -5, -48]
[-56, 19, 19, -74, -9, -55, -102, -86]
[2, -22, 32, 98, 61, 67, 77, 76]
[80, 28, 7, -82, -21, 7, 38, 70]
[14, -10, 3, -33, -8, 45, 66, 71]
[-3, -4, 5, -56, -14, 14, -31, -27]
[-32, 37, -28, -1, 1, -47, -107, -113]
[52, -24, 3, 27, 34, 0, 83, 91]
[8, -15, 41, 77, 9, 60, 96, 83]
[-92, -26, -66, -27, -28, -57, -102, -112]
[69, 42, 19, 18, 0, -5, 40, -35]
[-45, 13, -25, -65, -3, 31, 30, 56]
[95, 7, 32, 93, 4, -24, -33, 64]
[-82, -39, 11, -30, -21, -81, 36, -18]
[-20, 24, -1, -75, -1, 111, 66, -6]
[-80, -26, -65, -56, -68, -59, -112, -128]
[-62, -8, -13, 62, 2, 7, 45, -69]
[76, 31, 24, 48, 46, 62, 41, 75]
[-2, -34, 4, 1, -32, -35, -2, 30]
[-20, -19, -69, -108, -28, -70, -62, -79]
[-113, -4, 61, 66, 51, 16, 12, -5]
[103, 17, 12, 11, 2, 59, 69, 66]
[0, 12, -5, -64, -12, -37, -23, 37]
[-8, -37, 7, -61, -6, 48, -22, 13]
[71, 76, 1, 12, 10, -37, -11, 37]
[-19, 1, 21, 42, 9, -18, -12, 17]
[-22, -28, -9, -21, -17, -23, 6, 45]
[-48, 7, 23, 55, 26, 8, 6, -68]
[-98, -48, -103, -128, -39, 6, -20, -120]
[70, 34, 69, 78, 60, 70, 76, 79]
[22, -2, -12, -21, -37, -58, -37, -17]
[25, 20, 16, 51, 17, -56, -27, -33]
[35, 27, -9, -94, -3, -64, -62, -12]
[-30, -22, -32, -15, -24, 19, -11, 22]
[-1, -33, -19, -43, -4, 36, 0, 16]
[112, 39, 69, 107, 42, 55, 52, 37]
[-122, -15, -32, -57, -16, -9, -31, -76]
[89, -5, -35, -57, -12, -64, -29, 27]
[43, 14, 52, 100, 34, 42, 23, 47]
[4, 15, 11, 2, -1, 19, 10, 10]
[-45, 14, -1, 1, -3, -34, -24, -26]
[-68, -3, -29, -26, 5, 25, -7, -52]
[10, 16, 23, 32, -2, -50, 4, 21]
[46, 5, 11, 14, 22, 77, 93, 67]
[40, -17, 20, 48, -20, -85, -47, 14]
[-70, -28, -23, -41, -13, -32, -81, -65]
[15, 35, -9, -23, 3, 16, 41, 16]
[-7, -2, 13, -2, -16, -9, -47, -24]
[15, 4, 8, 16, 17, 59, 66, 17]
[15, -8, -19, -41, -25, -13, -9, 4]
[-8, -1, 24, 88, 31, 21, -7, -28]
[-23, 9, 12, -28, 12, -27, 27, 9]
[24, -3, 2, 12, -7, 11, -4, -11]
[2, 20, 3, 31, -1, -18, -19, -10]
[24, -28, -20, -18, -12, 3, 23, 13]
[-22, 1, -10, -32, -14, 5, 16, 0]
[-8, -15, -14, 22, -4, 31, -3, 5]
[-33, -1, -16, -8, 5, -10, -1, -44]
[-3, -7, 7, -25, -6, -24, -29, -12]
[-13, -16, -22, -21, -10, -11, -31, 6]
[31, 29, 18, 26, 15, 5, 39, 12]
[0, 1, 9, 20, 2, -7, -12, -14]
[-38, -7, -3, -14, -1, -5, -15, -24]
[66, 21, 8, 8, 8, 31, 55, 67]
[-14, -5, -5, -12, -4, 1, -14, -18]
[6, 1, 1, -3, -2, 5, 18, 3]
[-20, -10, -24, -47, -20, -10, -30, -3]
[-23, 5, 20, 84, 24, -1, -12, -60]
[40, 12, 16, -26, 7, 20, 41, 56]
[-1, -4, 11, 64, 4, -4, 2, 4]
[6, -11, -13, -36, -6, -2, -7, 3]
[-1, 3, -6, -36, -4, -3, -19, -17]
[-11, -3, 20, 50, 16, -4, -7, -5]
[-9, -1, 1, -15, -6, -4, 11, -5]
[9, -4, -6, 2, -5, 0, 3, 19]
[-23, -13, -5, -3, 8, 4, 2, -21]
[19, 20, 0, -10, -8, -8, 2, 13]
[-10, 4, -4, -19, -7, -4, 33, 9]
[-7, -20, -4, 9, 3, 2, -8, -4]
[-1, 0, 7, 12, -8, 10, 10, 2]
[1, 12, -4, -18, 0, -1, -12, -9]
[8, 4, -1, 8, 5, 4, -3, 0]
[17, 14, 6, 2, 6, -1, 4, 17]
[-10, -20, -3, 8, 4, 8, -6, -9]
[-8, -5, -6, 6, 10, -4, -4, -7]
[3, 5, 1, 6, 44, 4, -18, -7]
[-4, -5, -7, -33, -82, -20, -6, -1]
[-1, -2, -15, -16, -22, -7, -13, 1]
[-8, 1, -2, 12, 48, 4, 4, -5]
[6, -3, 5, -8, -15, -3, 4, 9]
[-2, -3, 1, 6, 25, 2, -10, -6]
[2, 5, 3, 6, -47, -24, -9, 2]
[-3, -10, -6, -11, -8, -1, 9, 8]
[-3, -10, 2, 18, 13, 9, -18, -5]
[-16, -15, -2, -13, 5, 3, 17, -5]
[41, 45, 9, 0, -22, 11, -5, 26]
[10, 13, 2, 29, 6, 19, -20, -2]
[-8, -3, -7, -39, -14, -5, -10, -9]
[6, -1, 7, 4, 21, 9, 1, 19]
[-10, 2, 1, 25, 38, -21, -3, -7]
[-16, -14, -5, -15, 7, -8, -5, -34]
[-1, -2, -3, -15, -60, 1, -3, 1]
[-5, 11, -2, 18, 37, 11, -9, -11]
[-3, -30, -7, 1, 11, 6, 5, 5]
[5, 16, 3, -16, -10, 2, -4, 4]
[3, -5, -2, -8, 13, -6, 5, -6]
[-2, 1, 6, 22, -4, 5, 6, 5]
[7, 11, 2, -5, -66, 1, 17, 17]
[-7, -5, 1, 10, 37, -6, -18, -12]
[-9, -26, -5, 9, -5, -8, -13, -14]
[14, 31, 6, -17, 9, 7, 13, 7]
[-21, -9, -2, 6, -2, -2, -21, -42]
[11, -10, -6, -32, 9, 1, 0, 36]
[-2, 10, 0, 15, -44, -6, 39, 10]
[18, -7, -2, -6, 15, 0, -23, 7]
[-9, -2, -6, -8, 27, 6, 2, -5]
[-16, -27, -10, -9, -47, -9, -12, -15]
[2, 13, 5, 17, 53, 6, -4, 2]
[2, 5, -6, -27, -77, -19, -2, 0]
[-6, -9, -3, 2, 59, 7, 2, -1]
[-9, -16, -10, -60, -60, -20, -3, -8]
[5, 6, 1, 55, 38, -4, 2, 11]
[1, 0, -4, -5, 4, -7, -7, -12]
[-1, 3, 7, -2, -34, 1, 7, 12]
[7, 10, 1, 1, -6, -3, -29, -8]
[-25, -14, -6, -14, -17, -4, -14, -23]
[8, 4, -1, -9, -12, 2, 1, 13]
[6, -2, 2, 19, 54, 7, 5, -4]
[-1, 9, 2, 9, -44, 1, 16, 4]
[-2, -6, 1, -47, -10, -1, 14, 1]
[-2, -19, 4, 60, 40, -4, -14, -4]
[8, 21, 7, -6, 12, 7, 15, 13]
[-6, -11, -1, -5, 19, -3, 3, -7]
[9, 13, 4, 6, 56, 4, -3, 5]
[0, -5, -9, -30, -67, 4, 8, 1]
[2, -4, -1, -14, -10, -7, -5, 0]
[-10, -5, -13, -27, -38, -11, 1, -10]
[-5, -5, -1, 11, 4, 3, -4, 3]
[2, -1, 3, -5, 35, 7, 9, 0]
[9, 1, 5, 24, 13, 6, -4, 2]
[-1, -6, -2, 4, -6, -7, -3, 0]
[-2, -9, 9, 21, 48, 11, 7, 2]
[2, 5, -3, 5, -14, -11, -2, -4]
[1, 5, -2, -13, -31, -1, -1, -4]
[5, 1, 0, 4, -7, -1, 9, 0]
[-2, -3, -1, 12, -36, -9, -8, 6]
[-1, -1, 4, -38, 14, 7, 3, 1]
[0, -6, -3, 23, 0, -5, -5, 2]
[2, 12, 10, 31, 91, 18, 8, 1]
[6, 13, 2, 30, -4, 2, -1, 0]
[-1, 2, 2, 5, 0, 3, -23, -10]
[-4, -2, -14, -38, -31, -12, 4, 6]
[-2, -8, -2, -4, -48, 3, -5, -2]
[-1, -8, -11, -19, -1, -17, -15, -12]
[-2, 6, 4, -2, 21, 10, 14, 6]
[0, 1, 5, 9, 7, 2, -1, -2]
[-6, -9, -15, -37, -58, -22, -7, -5]
[2, 2, -1, -22, -38, 1, -2, 4]
[-3, -2, 5, 39, 48, 3, 2, -3]
[1, 3, 2, -1, 28, 8, 0, -1]
[-8, -7, 0, 17, 54, 2, 8, -2]
[6, 1, -9, -43, -102, -15, 8, 8]
[6, 21, 6, 24, 18, -2, -13, -7]
[4, 3, 3, 8, -5, -2, -6, 3]
[-1, -2, 8, 17, 33, 11, 0, 2]
[-1, 2, 5, 16, 34, 4, 24, -5]
[3, -4, -1, -39, -85, -5, 8, 5]
[-3, -4, -1, 20, 91, 6, -1, -2]
[3, 5, 1, 12, -45, 0, -2, -1]
[-4, -3, -7, -14, 40, -1, -9, 0]
[-2, -6, -5, 0, -53, -8, 2, 3]
[-1, -1, 1, -6, -11, -1, -2, -3]
[-2, -4, -1, -19, -16, -2, 4, 1]
[-1, 3, 3, 20, 8, 9, -6, -3]
[-2, -2, -5, 16, 39, -3, 0, 2]
[-1, -4, -1, -7, -6, 3, -1, -3]
[2, 0, 2, 2, 19, 5, 6, 8]
[0, 2, 2, -19, 0, -1, -27, -8]
[-5, 1, -2, 16, 24, 3, 5, 2]
[-2, 1, -3, -8, -28, -4, 0, 2]
[1, 4, 4, 36, 14, 1, -3, -4]
[3, 0, 2, -1, 69, 9, 5, -1]
[-9, -8, -7, -2, -57, -22, -2, -1]
[2, 2, 1, 1, 57, 6, -7, -1]
[-1, 2, -4, -31, -94, -11, 3, 1]
[3, -5, -5, -22, -17, 1, 2, 2]
[2, 2, 3, 13, 33, 8, 2, 1]
[-5, -2, 0, 6, 17, 2, 3, -1]
[-2, -3, -1, 3, 17, -1, -2, -3]
[1, 4, 3, 10, -6, -2, -1, 1]
[-2, -8, -8, -22, -14, -6, -9, 0]
[-2, -3, 1, 6, -15, -1, 11, 1]
[2, 1, 5, 18, 32, 4, 1, 1]
[-1, -3, -2, -8, -21, -5, -1, -1]
[0, -3, 1, 18, 38, 3, 5, 1]
[2, -1, -1, -11, 23, 5, -3, 1]
[-4, 0, -2, -21, -67, -6, -5, -4]
[0, 1, -3, 10, -15, -9, 1, 0]
[-3, 1, -2, -15, 14, -5, -5, -1]
[-2, 3, -2, 13, 13, 7, -1, 1]
[0, -3, -5, -10, -21, -3, 2, 0]
[2, -1, -1, -15, -17, -1, -2, -1]
[-1, 0, 1, 4, 4, 4, 7, 1]
[-1, -3, -1, -8, -25, -5, -5, -5]
[2, 0, 2, 14, 34, 7, 2, 4]
[-1, -1, 0, 6, -1, -2, -1, -1]
[1, -2, 0, -11, -3, 4, 0, 1]
[1, 3, 1, 8, -17, -4, 0, 0]
[-1, 1, -3, 19, 57, 6, -3, -2]
[0, -1, -2, 22, -1, 1, -1, -3]
[1, -2, -1, 1, -13, -4, 2, 1]
[2, -5, 0, -29, -44, -6, -2, 0]
[-1, 0, 5, 10, 18, -3, 1, 2]
[-4, -1, 1, -10, -17, -4, -1, -2]
[-2, 1, -2, 16, 16, 6, 1, -1]
[1, 2, -6, -8, -4, 0, -2, -1]
[1, -3, -3, 2, 4, 3, 4, -2]
[1, 0, 1, 7, 3, 0, 2, 1]
[1, -1, -1, 2, -6, 0, -2, 0]
[-3, -3, -2, -3, 5, -3, 3, 1]
[-2, 0, 0, -19, -7, 1, 0, 0]
[-1, 1, -2, -9, -5, -3, -2, 0]
[-2, -1, 1, 16, 16, 5, 1, -1]
[1, 2, 4, 12, 0, 1, 0, 1]
[0, 1, 3, 20, 32, 0, -3, 0]
[-2, -2, -5, -22, -10, -5, -3, -1]
[2, 2, 5, 16, 6, 0, -2, -1]
[-3, -3, -4, -15, -1, 0, -2, -3]
[-1, -2, -1, -15, -15, 0, -3, -1]
[-1, -1, -1, 25, 40, 2, 21, 1]
[-1, -1, 2, -6, 9, 3, -3, -2]
[-2, -2, -4, 9, -16, -1, -6, -2]
[0, -3, -6, -36, -39, -8, -5, -2]
[0, 0, 7, 21, 34, 6, -3, 1]
[0, -1, 0, 5, 2, 0, 2, -1]
[-2, -1, -1, -3, -4, -5, 2, -3]
[2, -2, -3, 2, 11, -3, 1, 3]
[0, -1, -3, -9, -12, 0, -5, -3]
[0, -2, 1, -4, 13, 3, 1, 0]
[0, 2, 4, -6, -14, -2, -3, 2]
[1, 6, 3, 20, 29, 6, 4, 0]
[-3, 0, -1, -5, -29, -7, -12, 1]
[0, 0, -5, -8, -8, 0, -2, -1]
[0, -3, -5, -2, -1, 3, 0, -1]
[-3, -4, -1, 1, 9, -1, 0, -2]
[-1, -2, -3, -9, -23, -1, -1, 0]
[-1, -4, 0, -11, 16, 1, 1, -1]
[-2, -5, 0, -1, 2, -3, -1, 0]
[0, -1, 2, 11, 3, 1, -2, -4]
[-2, 1, 2, 5, -3, -4, -1, 0]
[1, 1, -2, -14, -18, -4, 0, -2]
[2, 3, 2, 9, 38, 6, 3, 3]
[-2, 0, -4, -11, -17, -3, 1, -1]
[-1, -2, -2, -5, 5, 4, -2, 1]
[-2, -2, 0, 5, 2, 0, -1, -1]
[0, -1, -1, -3, -10, 0, 1, 1]
[-1, -4, -1, -13, 5, -3, -3, -2]
[2, -2, 0, 7, -23, 0, 2, 2]
[-2, 1, -3, 8, 15, 4, -6, 1]
[0, 2, -4, 6, 2, 2, 6, -4]
[1, 1, 0, 3, -5, 0, -3, -1]
[1, 0, 0, -14, 20, -1, 1, 0]
[0, 1, 5, -1, -9, -1, -2, -1]
[-1, -1, -1, -16, -9, -3, -3, 0]
[-2, -1, -1, 20, 23, 1, 4, 2]
[-1, 1, -2, -11, -37, -1, -3, -1]
[2, 0, -1, 12, 29, 6, 3, 0]
[-1, -2, -2, -13, -56, -10, -4, -1]
[-3, -2, -2, 0, 11, -1, -3, 0]
[0, -1, -3, -17, -6, -1, -1, 0]
[0, -1, 3, 9, -4, -1, 2, -1]
[3, 1, -1, -5, -8, 1, -1, 1]
[-1, 2, 2, 21, 13, 2, -3, -2]
[0, -1, -5, -6, 13, -3, 2, 3]
[2, 1, -5, -35, -23, 1, 4, 1]
[-1, -4, 2, 26, 3, -1, 0, 0]
[-4, -4, 2, 11, 6, 2, -1, -6]
[0, 0, 2, 6, 22, 4, 0, 5]
[1, 0, -4, -22, -67, -13, -2, -2]
[0, -2, 0, -9, 38, 5, -1, 1]
[2, 0, 0, 9, -10, -1, 0, 1]
[-2, -1, 4, 6, 4, 0, 0, -3]
[0, -3, -1, -4, -9, -3, 0, 2]
[-2, 1, 1, 2, 10, 0, -2, -1]
[0, 1, -7, -16, -17, -4, -1, -3]
[-1, 0, -5, 0, 15, 1, -1, -3]
[-2, 2, -1, 4, -6, 2, -1, -1]
[0, 1, -1, 0, 11, -2, -1, -2]
[-1, -3, 1, -2, 29, 1, -1, 3]
[-5, -2, 2, 1, -44, -2, 10, -2]
[-2, 0, 3, 10, 22, 4, -1, 1]
[0, -1, 0, -3, -17, 1, 1, -2]
[3, 0, -3, -25, -22, -6, 3, -2]
[0, 0, -2, 16, 31, -2, -6, -3]
[-1, 1, -1, -2, 11, 2, -3, 0]
[-2, 2, 3, 6, 2, 3, 1, 1]
[-3, -5, 0, -1, 3, -4, -5, 0]
[-1, -6, -1, -3, -4, 0, -7, -6]
[-1, -1, 4, -24, -16, 0, 3, 1]
[2, 1, 2, 42, 61, 1, 2, -1]
[-1, -1, -5, -9, -35, -6, -1, 4]
[0, 1, -2, 7, -14, -1, -1, 3]
[0, 0, 4, 13, 28, 4, -1, -2]
[3, 1, -3, -24, -20, -2, -1, -1]
[0, 1, 4, 9, -24, -7, -3, -3]
[0, -1, -3, -25, 4, 1, -1, -1]
[-3, -1, -2, 8, 1, 2, -3, -1]
[-4, -4, 0, 12, 0, 0, -1, 0]
[-4, -3, -2, 12, 15, -4, 1, 1]
[1, 0, -2, -12, -30, -3, -2, 2]
[0, 1, -2, 3, 34, 5, 2, -2]
[0, 1, 0, 9, -21, 1, -1, 0]
[1, -2, -7, -9, 7, -7, 0, -2]
[-1, 1, 2, 20, 16, 2, 2, -1]
[1, -1, -3, -9, -19, -2, -6, -2]
[-2, -4, -1, 9, 6, -4, -3, -2]
[0, -2, -1, -47, -36, -1, -5, 1]
[-1, 1, 1, 12, 37, 3, 3, -1]
[0, -4, -6, -9, -42, -8, 0, 2]
[-1, 0, 0, -7, 5, 0, -2, 0]
[-5, 3, -1, -4, -10, -3, -6, -4]
[-1, -1, 0, 0, 13, -1, 2, 0]
[-1, -4, -1, 3, 20, 2, 0, 0]
[2, 1, 0, -7, -10, -3, 0, 1]
[0, -3, 0, 1, -2, 1, 3, -1]
[1, -1, -3, -9, -8, -1, -4, 0]
[-1, -2, -1, 29, 35, 6, 1, -1]
[-3, -4, -3, -24, -70, -6, -1, -3]
[1, -2, -5, 2, 11, -2, -3, 6]
[1, 0, -1, 1, -2, -5, -3, -1]
[-2, -2, -1, -8, -1, 1, 2, -2]
[-5, 1, 0, 9, -9, -1, -1, -4]
[0, 5, 5, 3, 32, 4, 4, -2]
[0, -2, -4, -10, -71, -11, -1, 0]
[4, 1, 2, -1, 11, 2, 4, 3]
[-1, -4, -3, -4, 17, 2, -1, 0]
[-1, -2, -1, 10, -13, -5, -2, -1]
[-3, 0, -4, -26, -7, -5, -3, 0]
[-2, 0, -2, 39, 23, 3, -5, -2]
[-2, -1, -1, -7, 12, 2, 2, -1]
[-1, -1, 0, -2, 3, 0, -1, -2]
[0, -2, 5, -3, 15, 5, 0, 0]
[0, 0, 4, -9, -17, -4, 0, -2]
[0, 1, 3, 0, 6, 0, 0, 1]
[-2, -4, -5, -3, 8, -2, 2, 0]
[2, 1, -2, 2, -7, -1, 1, 0]
[1, 1, -3, -7, -15, 3, 5, 0]
[-2, -2, -3, 8, 30, 2, 1, 1]
[-2, -3, -2, -4, -31, -3, -3, 0]
[-1, 0, 1, 6, 1, 4, -4, -2]
[-2, -2, 3, 5, 12, 0, -1, 1]
[1, -2, 0, -18, -8, -4, -3, 0]
[-1, 2, 3, -9, -14, -2, 0, -1]
[1, 0, -2, 35, 47, 0, 1, 0]
[3, 3, -1, 8, 14, 0, -1, 1]
[1, 1, -5, -13, 0, -1, 0, 0]
[-1, 0, 5, 8, -19, -2, 0, -1]
[-2, -2, -2, -16, -8, -3, -1, -4]
[-1, 0, -3, -14, -6, 0, 0, 0]
[-3, -2, -1, 3, 9, 0, 0, 2]
[-4, -1, 0, -5, -40, -3, 0, -1]
[-1, -4, 0, -2, -9, 1, -2, 0]
[0, -2, 3, -1, -10, 2, -1, -2]
[-2, -2, 0, -1, 6, 1, 1, -1]
[-2, 2, 0, 18, 40, 4, 2, 0]
[-1, 0, -5, -17, -45, -7, -5, 2]
[1, 0, -1, -9, -7, 0, 0, -2]
[4, 0, 0, 9, 13, 1, -7, -2]
[-1, 0, 3, 0, 10, -3, 0, -2]
[-2, 0, -2, -5, 6, 0, 5, -1]
[0, -2, -5, -22, -27, -1, 2, 1]
[-1, 4, 8, 35, 55, 4, -1, 1]
[-1, -2, -2, 1, -18, 1, 1, 2]
[-1, -2, 0, -1, 8, -3, -2, -1]
[-1, -3, -4, -11, -14, -1, -4, -1]
[-1, -3, 1, -1, -15, 0, -1, -3]
[2, -2, -2, 5, 18, -4, -1, -3]
[-2, -3, -4, -9, -1, 0, 3, 1]
[0, 4, 7, 12, 2, -1, 3, 2]
[0, -2, -6, -18, -19, -5, -3, -4]
[1, 2, 1, 13, 30, 1, -10, -4]
[1, 3, 3, 3, 5, 4, 1, 2]
[-2, -2, -2, -7, -15, 0, -1, 1]
[-3, -1, -2, -10, -17, -1, 3, 0]
[-2, -2, -1, 9, 19, 5, 4, -1]
[-2, -1, -1, -2, -16, -7, -7, -2]
[-3, -1, -1, -1, 11, -3, -6, -3]
[1, 1, 8, -4, -27, 1, 6, 1]
[-3, -1, -4, -13, 9, -5, -5, 0]
[0, -1, -4, -4, -1, -2, -6, 2]
[-2, -1, 2, 26, 26, 8, 5, 3]
[0, 0, -2, -3, -15, -2, 2, -4]
[0, -2, 2, 3, -14, -2, 0, -2]
[3, 2, -1, -2, 10, 0, 4, -3]
[3, 1, 1, -11, -12, -8, 2, 2]
[1, -2, 0, 7, 18, -1, -4, 2]
[-6, -2, -3, -9, -22, -4, 5, 3]
[-5, -12, -8, -9, -11, 5, 20, 2]
[5, 13, -1, 18, 4, 0, -5, -6]
[-1, 4, 2, 3, 16, 6, 3, -4]
[7, -3, -1, -13, -13, -16, -10, 4]
[-2, 1, 2, 8, 12, 7, 0, 0]
[5, -4, 0, -7, 16, 9, 6, 0]
[2, 1, -2, 4, 6, -5, -5, -5]
[-3, -1, 0, -2, -19, -8, -7, -7]
[7, 6, 10, 20, 47, 11, 31, 16]
[-13, -11, -4, -45, -71, -23, -17, -8]
[-5, -3, -5, 11, -22, 7, 2, -1]
[-4, -3, -3, -4, 30, 8, -12, -4]
[0, 2, 10, 18, -8, 4, 3, -4]
[1, 1, -2, 6, 31, 15, -2, -6]
[-4, -7, -1, -14, 2, -14, -10, -11]
[-10, -3, -3, 5, -8, -7, 0, 10]
[-3, 2, -5, -8, -7, -19, -10, 9]
[-4, -7, 3, 8, -4, -12, -24, -3]
[10, 7, 3, -3, 18, 13, 0, 0]
[-8, 2, 2, 20, 21, -1, -9, -6]
[5, 3, 2, 12, 4, 25, 4, -5]
[0, -5, -9, -27, -10, -38, -10, 6]
[1, 1, -3, 7, 4, 8, 21, 8]
[8, 9, 2, 9, -12, 6, 6, -4]
[-11, -10, -5, -14, -5, -8, -15, -9]
[1, 0, 8, -4, -66, 3, 1, -3]
[2, -7, -7, -3, 36, -13, 4, 7]
[-1, 3, 8, -24, -57, -17, -8, -2]
[-2, 2, 5, 27, 3, -4, -4, -7]
[0, 11, 13, 52, 75, 26, 5, -4]
[-15, -7, -13, -34, -72, -20, -18, -3]
[6, -4, -1, 10, 27, -1, -3, 6]
[13, 5, -7, -29, -10, 35, 47, 17]
[-7, -8, -7, 10, 13, 8, 13, -13]
[4, -5, -3, -1, 13, 20, 6, 3]
[-4, -6, -8, -14, -26, -29, -11, 4]
[10, 2, 3, -33, -19, -10, -8, -4]
[-2, -1, -5, 16, -14, 12, -5, 0]
[-2, -5, -3, -22, -14, -19, -16, 6]
[-4, -8, -2, 19, 54, 33, 47, 14]
[-9, -2, -4, 17, -1, 18, -9, -12]
[-6, 4, -9, -51, -70, -29, -29, -28]
[6, 11, 12, 6, -8, -41, -9, 13]
[6, 10, 12, 0, 28, 39, 7, -4]
[-8, -12, -5, -3, 20, -40, -24, 5]
[6, -1, 4, 20, 60, 53, 37, 7]
[-12, -6, 2, 16, 12, -15, -23, -19]
[-6, -7, -22, -38, -17, -25, -2, 0]
[4, 6, -1, -40, -47, -7, -21, -8]
[12, 6, 10, 18, 58, 35, 21, 18]
[10, 1, -2, 0, -52, 15, 19, 12]
[-12, -3, 4, 37, 60, -1, 9, -8]
[4, 1, 3, 32, -5, -25, -40, -23]
[11, 6, 6, 3, 66, -10, 5, 30]
[-8, -3, -8, -38, -41, 4, -18, -9]
[4, 1, -1, 18, -1, 13, -23, -12]
[0, -5, -12, -57, -33, 4, 31, 5]
[-13, 3, 10, 53, 70, -22, -20, -15]
[4, -1, -6, -2, -27, -6, -3, 6]
[-2, 7, 2, -36, 5, 34, 40, 1]
[-2, 7, 2, 26, 6, -10, -3, 9]
[2, -2, -2, -6, 2, -2, -8, -12]
[-33, -6, 6, 7, 41, -11, -21, -2]
[46, -1, 1, 2, -26, -10, 27, 14]
[-7, -4, -4, -8, -20, 12, 26, 0]
[11, 3, -6, -33, -32, -9, -24, 3]
[-19, -8, -3, 14, 17, 10, 25, -11]
[0, 2, -7, -28, -66, -17, -36, -6]
[11, -2, 1, 36, 21, 17, 34, 8]
[-16, 5, -3, -18, -35, -20, -23, -4]
[11, 3, -2, -7, 33, 24, 22, -1]
[-19, -3, -6, 40, 60, -21, -45, -22]
[-20, -14, -9, -34, -99, -50, -38, -20]
[4, -8, -14, -3, 25, 15, 30, 16]
[18, 2, 9, -1, 38, -21, -34, -7]
[-40, -14, -15, -22, -1, 7, 17, -32]
[-13, 0, -44, -41, -3, -15, -30, -2]
[82, 36, 95, 95, 12, 47, 95, 73]
[0, 0, -6, -11, 3, 26, 29, 1]
[9, 5, 2, -2, -27, -38, -65, -22]
[-29, -10, -16, -18, 49, 29, 44, -2]
[-41, -14, -2, -20, -40, -1, -19, -26]
[29, 6, -16, -34, -8, 10, 8, 12]
[25, 12, 11, 30, -15, 9, 10, 38]
[-34, 11, 30, 67, 33, -33, -64, -20]
[61, 1, -11, -41, -25, 1, 34, 24]
[-17, -16, -16, -8, 8, 11, 14, 5]
[14, 9, 16, 10, -23, 18, 33, 16]
[-49, -16, -9, -24, -2, 0, -23, -17]
[59, 9, -12, 8, -21, -38, -34, -16]
[-64, -17, -8, -32, 8, 2, -22, -21]
[40, -11, -3, 12, -17, 9, 9, 43]
[26, 24, 17, 6, -2, -3, -2, -26]
[-84, -24, -2, 34, -2, -12, -36, -13]
[41, 6, 19, 38, -14, 24, 44, 13]
[-35, 2, -2, -40, -30, -25, -14, 0]
[42, -4, -4, -6, -6, 16, 21, 17]
[-2, 3, -7, 14, 11, 0, -24, -39]
[-93, 5, -35, -42, 11, -18, -40, -65]
[73, 4, 27, 39, 31, -3, 49, 84]
[14, -5, 21, 25, 12, -1, -5, 25]
[-49, -13, -34, -46, 2, 2, -12, -20]
[-18, -8, -24, -9, -11, -20, -8, 2]
[27, 20, 27, -14, 31, 15, -13, -25]
[23, 13, 17, -1, 7, -10, 10, -35]
[8, -20, -3, -6, -3, -22, -7, 81]
[-8, -39, 1, 37, 4, 14, 2, -31]
