[-55, -25, -57, -125, -28, 7, -16, -28]
[45, 27, 16, 59, 19, -9, -23, 7]
[-55, -31, -29, -78, -13, 13, 41, -27]
[30, 29, 27, 36, 6, 7, 19, 2]
[-47, 1, 10, 44, 6, 2, 25, 27]
[-13, -21, -22, -16, 9, 37, 31, -16]
[-14, 10, -21, -47, -6, 0, -15, -21]
[37, 18, 19, 25, -12, -42, -49, 14]
[-111, -24, -20, -7, -14, 5, 3, -71]
[72, 0, -18, -41, 0, -5, -10, 47]
[-10, -13, 5, 32, -8, 13, 10, 21]
[53, 24, 17, 19, -2, 18, 15, -15]
[-69, -40, -14, 50, 1, 2, -6, -51]
[-39, 23, 33, 15, 9, 24, 29, -14]
[87, 1, -19, -23, -12, -42, -37, 61]
[2, 2, 51, 54, 18, 15, 10, 23]
[47, 23, -3, -19, -15, -23, -32, 24]
[-53, -2, 0, -24, 1, 8, 6, -40]
[-12, 30, -30, 12, 0, -8, -31, -16]
[64, 0, 29, -17, -1, -6, 4, 36]
[-59, -23, -26, 0, 0, -4, -7, -24]
[104, -10, -10, -46, -6, -36, -31, 46]
[-128, -17, 0, -14, 1, 10, -34, -127]
[81, 14, 5, 22, 3, 25, 57, 110]
[6, 31, 1, -59, -12, 19, 12, -11]
[55, 15, 10, 60, 4, 4, 1, 46]
[12, -15, 22, 69, 3, -22, -7, 66]
[-20, 14, -15, -76, -17, 24, 31, -6]
[-60, -33, -16, 75, -1, -6, -14, -53]
[68, 36, 20, 12, 14, 22, 56, 73]
[-8, -18, 9, 6, -4, 5, 9, 42]
[-3, 3, 17, 29, 3, -26, -53, 2]
[14, 4, -32, -127, -35, -4, 33, 54]
[8, -9, 10, 80, 4, -7, -6, 16]
[71, 61, 9, 9, 2, 9, 15, -56]
[-56, -59, -19, -25, -6, -27, -59, -114]
[61, 7, -18, -32, 18, 7, 15, 14]
[-44, -36, -12, -67, -1, 2, -5, 62]
[53, 5, 29, 61, -1, -9, 51, 35]
[-117, -60, -51, -55, -7, 16, -40, -19]
[122, 62, 63, 113, 29, -12, -3, -46]
[-12, -20, 7, 56, -13, -34, -17, 41]
[24, 17, -13, -33, -14, 11, -1, -44]
[-108, 52, -25, -99, 1, 41, 29, -104]
[115, -35, 61, 105, 16, 22, 10, 119]
[-21, -18, -10, -27, -10, 2, -2, -61]
[-120, -24, -25, -77, -4, 2, -3, -114]
[114, 32, 38, 86, 13, -18, 1, 28]
[-83, 6, -28, -77, -3, -1, -31, -89]
[-54, 3, -27, -83, -13, 5, -2, -51]
[-77, 11, 39, 60, 24, 11, -6, -75]
[47, -18, -32, 51, 8, -20, -27, 44]
[104, 33, 48, 36, 0, 13, 30, 123]
[14, 43, 9, -14, 18, -13, -63, -118]
[-21, -55, -25, -55, -19, -2, -16, 51]
[-70, 30, -17, -40, -9, -5, -32, -92]
[18, -38, -20, -2, 4, -30, -12, 31]
[60, -50, -48, -29, -33, 0, 22, 97]
[16, 25, 9, -45, -1, 26, 21, 13]
[10, 41, 29, 48, 17, -7, -25, -3]
[88, 75, 62, 4, 21, -8, 33, 58]
[-128, -23, -7, -30, -1, 0, -56, -128]
[127, 53, 11, 57, 17, 26, 49, 75]
[10, -59, -4, -24, -20, -27, 20, 16]
[-128, -43, -39, -55, -16, -2, -49, -128]
[-33, 2, -9, 6, 9, 10, 19, -3]
[-70, -8, 5, 63, 4, -62, -91, -128]
[107, -63, -25, -42, -16, 67, 93, 126]
[-13, 21, -1, -3, -11, -14, 9, -53]
[-74, 51, 5, 2, 9, -27, -27, -93]
[39, -37, -23, -38, 1, 4, 12, 87]
[26, 21, 6, 10, -2, -8, -21, -28]
[-96, -30, -37, -48, -24, -5, -3, -63]
[24, -32, -32, -95, -3, 11, -7, 29]
[20, 1, 15, 91, 13, -44, -14, -15]
[34, 17, 36, -28, 5, 24, 49, 92]
[-15, -29, -32, -45, -31, -2, -20, -21]
[-77, -11, -20, 4, 2, 15, 4, -65]
[39, 12, -26, -42, -7, 5, -10, -2]
[-99, -14, -5, -25, 9, -9, -25, -86]
[109, 25, 23, 32, 8, 12, 85, 84]
[8, -22, 4, 14, 1, -12, -17, -34]
[-14, -50, -3, -3, -4, 12, 3, 16]
[2, 73, 7, 15, -10, -3, -13, -50]
[-58, 9, 2, -1, 13, 3, -23, -21]
[44, 12, 32, 58, 15, 3, -2, 71]
[-66, 9, 4, -41, -5, 3, 6, -109]
[40, -1, -2, 9, 1, 0, 24, 81]
[45, -14, -11, -17, -2, 3, -19, -22]
[80, 2, -18, -58, -28, 0, 15, 86]
[-55, 0, 42, 62, 30, 7, -12, -45]
[-57, -19, -5, -8, -4, -15, -13, -25]
[4, 10, 7, 2, 10, -11, -15, 8]
[-16, -10, 6, -6, 5, 18, -11, -26]
[3, 6, -9, -60, -9, 7, 20, 35]
[-7, -7, 2, 33, -12, -8, 11, -4]
[-17, -5, -4, -8, 9, 6, -12, 3]
[-76, -14, -1, 11, -9, -23, -17, -79]
[84, 19, -2, -12, -3, 21, 35, 100]
[29, 8, 3, 9, -3, -13, -7, 12]
[-32, -5, -9, 7, 6, -6, -35, -23]
[-14, 2, 18, 29, 9, -3, 38, 24]
[12, 5, -2, -8, -1, 16, 9, -7]
[17, -4, -9, -9, -6, -1, -19, -2]
[-20, -10, -1, 1, -4, -8, -9, -14]
[8, 10, 11, 33, 8, 1, 1, -2]
[-13, 0, 2, -29, -6, 1, 12, 12]
[-7, -5, -10, -18, -6, -12, 0, -6]
[-27, -11, -17, 14, -1, 1, -8, -35]
[29, 10, 38, 40, 19, 2, 11, 35]
[-5, -9, -3, -6, -1, -4, -2, 4]
[-26, -4, -5, -3, -11, -8, -2, -26]
[12, -3, -1, -2, -4, -8, -5, 9]
[10, -4, -8, 6, 6, 17, 16, 14]
[-1, -2, -9, -23, -5, -5, -14, 4]
[-21, -3, 6, 13, -5, -5, 11, -7]
[-1, 0, 4, 3, 4, 1, 5, -2]
[4, -9, -8, -10, 5, -1, -5, -2]
[-8, 3, 0, -12, -10, 10, 2, -1]
[-4, -8, -5, -4, 11, -2, -18, 0]
[15, 20, 11, 9, 7, 20, 20, 18]
[-15, -7, -3, 0, 6, 5, 0, -13]
[6, -4, -8, -4, -15, -2, -11, 3]
[-1, -3, 2, 7, 11, -1, 1, -7]
[-4, -3, 5, 2, -5, -8, -17, -7]
[4, 12, 5, 12, -16, -1, -8, -4]
[-14, -19, -6, -4, 19, 11, 6, -6]
[3, 2, 1, 10, -4, 2, 19, 13]
[-2, -6, 3, 21, 23, -3, -25, -13]
[5, 2, -4, 35, 64, 2, 0, 6]
[-8, 1, -10, -45, -51, -8, -4, 0]
[-5, 2, -3, 4, 9, -2, -1, 1]
[-3, -6, -6, -30, -76, -4, -3, -5]
[13, 1, 6, -11, 8, 10, 9, 20]
[0, -4, 7, 31, 51, 10, -7, -2]
[-29, -16, -4, -28, -15, 4, 27, -12]
[12, 1, -5, 10, 4, 0, 11, 7]
[22, 18, -2, -30, -63, -9, 0, -4]
[-13, 0, -6, -29, -29, -1, 29, -3]
[7, -12, -7, 27, 30, -12, -17, -8]
[-5, 9, -2, -21, -68, -17, -22, -1]
[6, 4, 8, 28, 58, 13, 25, 8]
[-5, -5, -3, 4, -25, -19, -25, 0]
[-5, -2, 0, -34, -16, -4, -8, -7]
[-5, -3, 3, 19, 35, 2, 4, -3]
[6, 3, -2, -60, -30, -3, -9, -1]
[-11, -5, 1, 45, 33, -3, 1, -6]
[3, 7, -5, -11, 17, -3, -6, 10]
[-6, -9, -4, 17, 7, -3, 14, -5]
[-11, -10, 0, 25, 29, 6, -1, 0]
[6, 20, -7, -54, -35, 0, 6, 0]
[10, 0, 0, -11, -16, -3, -12, -4]
[19, 20, 7, -9, 29, 9, -2, 2]
[-9, -10, -8, -8, -12, -9, -10, -10]
[8, 2, -3, -14, -17, -14, -2, 2]
[-5, -4, 0, 40, 6, 1, -4, -9]
[-7, -2, -10, -49, -51, -20, -4, -1]
[6, -4, 9, 42, 33, 19, 9, 2]
[-8, -1, -1, -8, 2, -15, -11, -9]
[-3, 6, -7, -75, -15, 4, 8, 2]
[-6, -10, -1, 77, 9, 2, 7, 3]
[2, 3, 1, -11, -23, -7, 0, -1]
[3, 0, 2, 9, -18, 0, -3, 6]
[-8, -10, 2, 28, 50, 2, 19, 0]
[-13, -20, -8, -45, -64, -6, -6, 1]
[5, 12, 0, 1, -17, 7, -3, -4]
[6, 5, 7, 27, 44, 9, 4, 10]
[-2, 7, -2, 10, 7, -2, -15, -13]
[10, 11, 4, 14, 78, 7, 18, 8]
[3, -5, -5, -42, -72, -11, -7, 2]
[0, -12, -3, -1, -29, -5, 4, -7]
[-3, 3, -3, 3, -44, -16, -15, -5]
[0, 2, 4, -48, 39, 11, 12, 5]
[-6, -5, 9, 97, 84, 9, -1, 0]
[0, 3, -1, -34, -50, 4, 11, 3]
[-6, -9, -11, -32, -20, -9, -18, -9]
[-3, -5, -5, -6, -107, -9, -3, -3]
[1, -2, -5, -32, 19, -6, 8, 5]
[0, 2, 7, 45, 37, 8, -9, -4]
[0, -1, -4, -5, 3, 1, 5, 3]
[-2, -6, -1, 29, 37, 5, -9, -4]
[-2, 1, 7, 23, 49, 0, -4, 0]
[-3, -3, -9, -34, -8, -7, 2, -2]
[-6, -3, -9, -78, -79, -18, -7, -1]
[-1, 1, -4, 17, -6, -5, -11, -1]
[-2, 5, 7, 9, 13, 1, 3, 0]
[-4, -2, 1, -9, 23, 0, -1, -4]
[6, 3, 10, 13, -7, 3, -3, 2]
[1, -1, 3, 40, 50, 11, 3, -3]
[-15, -19, -11, -22, -45, -3, -6, 1]
[-1, 1, 6, 20, 73, 19, 14, 1]
[15, 9, -5, 1, -3, -9, -12, -1]
[8, 7, 0, 4, 40, 6, 4, 12]
[2, 8, -3, -40, -59, -3, -1, 4]
[-1, -4, 4, 10, 43, 7, 10, 3]
[-10, -9, 0, 18, 1, 4, -2, -11]
[-2, -5, -1, -8, -12, -9, -1, -2]
[7, 4, 0, 4, 71, 10, 3, 0]
[-5, -12, -11, -25, -104, -21, -11, -2]
[5, 6, 14, 61, 84, 20, 15, 7]
[-5, -2, -9, -44, -94, -22, -9, -5]
[4, -1, -4, -13, 22, 8, 6, -1]
[0, 4, 8, 42, 30, 3, -1, -2]
[-3, 1, -7, -17, -55, -8, -14, -1]
[-3, -1, -1, 28, 69, 12, 18, 0]
[0, 0, 0, 2, -29, -3, -1, 2]
[-1, 3, -2, -9, 16, 0, -2, -5]
[1, -5, -3, 4, -21, -1, 6, 6]
[2, 3, 2, -8, 22, 6, -7, -3]
[3, -5, -6, -4, -15, -5, -3, -5]
[-1, 0, -2, 11, 32, 1, 3, 4]
[-5, -5, 1, 5, -11, -6, 7, -3]
[4, 12, -2, -42, -59, -5, 0, 6]
[0, -5, 4, 36, 33, 8, 2, 3]
[7, 4, -2, -8, -32, 0, -6, 2]
[0, 9, 6, 24, 28, 2, 0, -4]
[-2, -8, 2, 9, 13, 0, -4, -1]
[2, 0, 1, 5, 12, -2, -2, 2]
[-6, -4, 4, -10, 3, 6, -5, -5]
[-3, -5, -2, 7, -6, -5, 1, 2]
[-2, -2, -1, -4, 11, 1, -2, -3]
[1, 4, 0, -7, 17, -3, 0, 0]
[1, 0, -1, 18, 41, 6, 2, -1]
[1, 0, -9, -43, -96, -15, -4, -2]
[-2, -2, 5, 18, 31, 6, -3, 1]
[-2, -2, -3, 0, -22, 0, -3, -3]
[0, -1, -7, -17, -18, 0, -1, -1]
[2, 2, 8, 42, 76, 11, 2, 1]
[-3, -6, -2, -6, 17, -6, -8, -3]
[-3, 0, 0, -26, -56, -4, 2, -2]
[2, -2, 1, 8, -4, -3, -5, 8]
[0, -1, -1, 0, 18, 1, 1, 1]
[-4, 0, 0, -6, 25, 4, 12, 3]
[2, 2, 3, 9, -29, 0, -14, -6]
[-1, -1, -6, -34, -39, -4, -2, -3]
[-1, -7, -5, 4, 18, 0, 2, -2]
[3, 2, 3, 24, 21, 2, 1, 2]
[5, 5, -5, -29, -50, -7, 2, 1]
[0, -3, 1, 14, 31, 0, -2, -4]
[-4, -3, -1, 19, 1, 9, 4, 9]
[-1, -4, 4, -5, 32, 0, -5, -2]
[3, 2, 2, 36, 32, 3, 6, 4]
[-3, 1, -1, -38, -54, -10, -2, -6]
[-4, 3, 2, 5, 18, -2, 2, -1]
[2, 0, -3, 12, -19, -1, -2, -1]
[-2, -6, -4, -15, -11, -1, -1, -1]
[-1, 1, 0, 7, 9, 5, 0, 0]
[-2, 1, -5, -35, -34, -7, -3, -5]
[-1, 0, 0, 13, 6, -2, -1, -2]
[-2, -5, -3, -1, 18, -3, -7, -2]
[-2, -1, -2, 2, -8, 0, 17, -4]
[-3, -7, 0, 21, 17, -1, -4, -1]
[7, 13, 1, -12, -24, -3, 4, 0]
[-1, 5, 1, 11, 18, -3, -1, 1]
[-2, 0, 0, 8, 45, 10, -4, -5]
[0, -1, -4, -13, -33, -8, 3, 2]
[-1, -9, -6, -30, 1, -1, 0, -2]
[-2, -4, 1, 10, 2, 1, 6, 0]
[3, 3, 6, 19, 9, 1, -3, 0]
[-3, -2, -2, -8, -4, -2, -4, -5]
[-3, -4, -3, -16, -58, -7, -6, -3]
[0, 1, 1, 5, 12, 5, 6, 3]
[-4, -3, -4, -4, 3, -7, -3, -1]
[3, 3, 1, -14, 11, 2, -2, 2]
[-3, -4, -2, 14, -3, -2, -2, 1]
[0, -2, -3, -27, -10, 0, -1, -3]
[3, 0, 1, 27, 4, 0, 1, 2]
[0, 1, 1, 9, 18, -1, 0, -2]
[2, -2, -5, -31, -25, -3, -2, 1]
[0, 0, 1, 13, 27, 1, 0, -3]
[1, 1, 1, 4, 14, 4, -1, -2]
[-5, -1, -5, -23, -42, -8, 4, 0]
[-1, -2, 2, 9, 10, 5, -6, -7]
[1, 1, 4, -1, 4, -2, -3, 2]
[-2, -1, -4, -9, -4, 0, 16, 2]
[-3, 0, 2, 29, 7, 3, 0, -3]
[-1, 2, 1, -9, -9, -3, 1, 4]
[0, -2, -2, 6, -6, 3, 0, 1]
[-1, -3, -4, -10, -59, -13, -5, -3]
[3, -1, 4, 1, 33, 4, -1, 0]
[0, -1, -4, 5, -3, -9, -1, -5]
[2, 1, -1, -11, -1, 0, 0, 0]
[0, -1, 1, -6, 7, 5, -5, 0]
[-1, 0, 1, 0, -4, -3, -2, 0]
[0, 1, 1, 24, 38, 4, -4, 0]
[-2, -2, -3, -13, -11, -1, 1, 0]
[0, -1, 1, 2, 3, 1, -5, 2]
[0, 1, 0, 4, -4, -2, -1, -2]
[2, 2, 1, -8, 13, 2, 3, -2]
[-2, -2, -2, 8, -8, 1, 2, -1]
[-2, -3, -5, -1, -25, -6, -6, -2]
[3, 0, -2, -10, -11, -1, -2, 0]
[-2, -2, 0, 10, 41, 1, 2, 1]
[-1, -4, -5, -5, -21, -3, -2, -1]
[1, -1, -2, 0, 25, 3, -1, 3]
[1, 0, 2, -5, -7, -2, -3, 0]
[-2, 0, 4, 11, -11, 2, 2, -1]
[2, 0, 3, 0, 19, 1, -3, 0]
[1, 2, 1, 5, 6, 0, -6, 2]
[-3, -2, -5, 0, 10, 0, 3, -3]
[-4, -2, -3, -7, -8, 0, 0, 1]
[-5, -4, 0, -1, -8, -3, -1, -3]
[1, -1, 1, -12, -5, 1, -6, 3]
[-2, 0, 3, 21, 23, 4, -1, 0]
[-1, -1, -7, 1, 0, -3, -2, -1]
[2, 2, -2, -8, -9, -1, -1, 1]
[0, 1, 1, -19, -19, 2, 9, 3]
[0, -1, -1, -1, 18, 4, -23, -8]
[-5, -2, 1, 3, -30, -9, -1, 0]
[0, 0, -2, -20, -12, 0, -2, -2]
[-2, 1, -1, 20, -12, -5, -2, -1]
[1, 1, 2, 4, 7, -2, 9, 6]
[-4, 0, -1, -2, 17, 3, -2, -3]
[2, -1, -4, -2, -29, -5, 0, 2]
[-1, -1, 0, -5, 5, 4, 2, -4]
[1, -2, -2, 8, -15, -2, 3, -3]
[3, -1, 0, -5, 11, 3, 2, 0]
[-1, 1, 0, -10, 2, -2, -4, -1]
[-1, 0, 0, 4, 1, -2, -2, 0]
[-3, -3, -2, -13, -15, -4, 2, 0]
[3, -1, -1, 1, 6, -1, -3, 0]
[-2, -4, -4, -8, -5, 0, -1, -1]
[-3, -3, 0, 14, 0, -2, -7, -2]
[-2, 4, 2, -7, 9, -2, -7, 1]
[0, 0, 1, -1, 3, 2, 3, -1]
[-1, -3, -4, -8, 1, 0, 0, 0]
[1, -1, 4, 20, 11, 1, -1, 0]
[-3, -2, -2, -19, -4, 2, 2, -3]
[-1, 0, -1, -25, -38, -1, -4, -1]
[-1, 3, 4, 37, 40, 8, 5, -1]
[1, 0, -6, -22, 0, -1, -3, 1]
[0, 0, -1, 11, -13, -4, 1, -1]
[-1, -1, 0, -9, 17, -1, -2, -1]
[-3, -2, -1, -9, -40, -2, 0, 1]
[-2, -1, 0, 3, 18, -1, -1, -2]
[2, -1, -2, -3, -21, -3, 3, -1]
[2, 0, -3, 4, 5, -1, -1, -1]
[0, -3, -2, -6, -23, -3, -2, -1]
[0, 2, -1, -8, 16, 0, 1, -2]
[0, -2, 0, 16, 53, -2, 1, -1]
[-3, -3, -4, -10, -58, -8, -5, -1]
[-2, -1, 2, 19, 26, 5, 4, 1]
[2, 1, -2, -17, -19, 0, 3, 4]
[-2, 3, -2, -3, 0, 5, -2, 3]
[1, -2, -2, 2, 7, 1, 4, 3]
[-3, 0, -1, 10, 7, -3, -3, -2]
[-3, -3, -2, -19, -2, -2, -1, -2]
[-1, -2, 4, 10, -6, -2, 1, -1]
[2, 1, 0, 8, 8, 3, 0, 2]
[2, 0, 3, -18, -2, 0, 2, 0]
[3, -1, -2, 18, -15, -3, -3, -2]
[0, -2, -1, -15, 18, -1, -4, 0]
[-2, -1, -2, 0, 2, -2, -2, -2]
[1, 0, -2, 1, 1, 4, 0, -1]
[-2, 1, -1, 6, 13, -1, -1, -1]
[-1, 0, -2, -17, -5, 2, 1, -1]
[-4, -5, 0, 22, -2, -5, 0, 1]
[0, -2, 0, -12, -7, -2, -1, 0]
[-1, -3, -1, 5, -6, 1, -1, -2]
[1, -3, -7, 0, 10, -4, 0, 0]
[-2, 1, 3, -1, -16, 5, 0, 1]
[-1, -1, -1, 5, 13, -4, -2, 1]
[0, 1, -2, -15, -61, -7, 0, 0]
[-2, -1, -3, -4, -11, -2, -1, -2]
[-2, 1, 1, -7, -3, 0, -1, -2]
[-1, 0, -8, -13, -2, -2, 0, -1]
[-2, -2, 3, 19, 54, 5, -2, -1]
[2, -1, -2, -2, -26, -1, 0, 1]
[-1, 0, 2, 11, 0, 1, -8, 0]
[-1, 0, 2, 6, -4, 1, 20, -1]
[0, 1, 2, 2, 27, 0, -1, 0]
[-2, 0, 2, 9, -5, 2, 1, 1]
[-1, -2, -4, -14, 1, -5, -2, -2]
[2, 0, 1, 10, 11, 2, -6, 0]
[-2, -3, -6, -11, -19, -1, -1, -1]
[0, 1, 1, -8, 17, 2, 2, -2]
[-1, -1, -2, 5, -13, 0, 0, -1]
[-1, -2, -3, -11, 9, 0, -3, 0]
[0, 0, 4, 9, -15, -2, 1, 2]
[0, -1, -3, 5, -2, -1, -3, 0]
[2, -1, -2, -7, 14, 2, 2, -1]
[0, 1, -2, -16, -25, -6, -5, -4]
[-2, 3, 4, 18, 23, 3, 1, -1]
[-2, -2, 3, 10, 12, 4, -2, 0]
[-1, -2, 0, 5, -14, -1, 0, 0]
[-1, -2, 0, 1, 12, 2, -3, -2]
[1, -2, 1, 1, 13, 3, -3, -1]
[-1, -1, -3, -18, -8, -1, -1, -1]
[-1, -1, -4, -7, -8, -4, -1, 0]
[1, -1, 3, 9, 2, -1, -8, -2]
[-2, -1, 1, 10, 0, -4, -2, 0]
[-1, -1, -2, -4, -15, -1, 5, 1]
[1, 0, 1, 6, 28, 5, 8, 3]
[-1, 4, 8, 9, -21, 0, 1, -1]
[-2, 1, -4, -4, 4, -4, 1, -3]
[-1, -2, -3, -18, -16, -8, -11, -4]
[0, 5, 5, 8, 11, -4, -7, -2]
[3, -3, -5, -1, 5, 1, -2, 1]
[-1, -2, -3, -1, 10, 1, 2, 0]
[-2, -1, -4, 16, -16, -4, -4, 1]
[1, 0, -3, -7, 9, 4, 3, -2]
[0, 1, -1, 9, 4, 1, -1, -3]
[-3, -1, -2, -11, -12, -2, 1, 0]
[3, 2, 6, 11, 28, 4, 0, 1]
[0, -1, 3, -5, -23, 0, -6, 1]
[-2, -3, -1, 4, 21, 2, 0, -2]
[3, 1, -6, -25, -17, 1, 2, -4]
[-2, -2, 0, 16, -11, -4, 3, -2]
[0, -2, 0, 0, 18, 2, -4, 2]
[-3, 0, -1, -8, -3, -2, -5, 2]
[-2, -2, -1, -4, -10, 2, 9, 5]
[-1, -3, -5, 5, -6, -3, 4, 1]
[3, -1, -3, -14, -10, 0, 2, -3]
[1, 2, 2, 10, 10, -3, -1, 2]
[-3, -3, -3, 5, 9, -8, -10, -6]
[-3, -3, 2, -5, 5, -2, -9, 3]
[3, -1, -1, -4, 16, 4, -6, -3]
[-1, 6, -2, 17, -31, 2, 9, 7]
[-3, -1, 1, 12, 4, -4, -10, -11]
[2, 1, -1, -16, -16, -1, 14, 5]
[3, 5, 1, 7, 25, 5, 22, 5]
[-4, -5, -8, -12, 5, -1, -9, -8]
[-6, -1, -3, -4, 0, -4, -17, -1]
[1, -5, -3, -3, -13, 1, 10, -2]
[1, 0, 1, 2, -2, 4, 0, -1]
[1, 2, 1, -3, 0, -5, -4, 2]
[-5, -5, 2, 14, 6, 0, -1, -3]
[1, 2, 4, -12, 0, 13, -10, -5]
[-1, -4, -3, -3, 7, -20, 7, 0]
[-4, 0, 6, 1, 0, 3, 16, -2]
[4, -2, -9, -6, 9, -3, -11, 5]
[1, 3, 2, 9, 8, 1, -10, -8]
[-2, -2, 3, -6, -18, -2, -13, -1]
[-5, -2, -4, -15, 6, 3, -2, -8]
[-3, 3, 3, 15, 11, 9, 26, 11]
[-2, -14, -7, -19, -38, 5, 4, -5]
[-1, 3, 4, 41, 49, 3, -8, -2]
[-4, 6, -5, -47, -47, -26, -7, -8]
[0, -8, 2, 3, -28, 14, 12, 14]
[9, 9, 4, 30, 63, -1, -2, -3]
[-18, -16, -13, -25, -37, -11, 3, -3]
[11, -2, -4, 11, -6, 19, -2, -7]
[5, 8, -2, -8, -60, -26, -2, 9]
[-5, -6, 0, -7, 8, -4, -7, -1]
[8, 3, 5, -7, -17, 6, -4, -3]
[-4, -1, 10, 53, 109, 16, 1, 4]
[2, -3, -6, -41, -99, 1, 2, -9]
[-2, 1, -3, 5, -9, -21, 3, 8]
[1, 2, -2, -7, -6, 10, 29, 5]
[-5, -2, 2, 9, 26, -3, -30, -14]
[-10, -4, 2, 1, 33, 35, 39, -10]
[-7, -11, -5, -36, -32, -5, 3, 24]
[-3, -9, -3, 24, 47, 38, -9, -13]
[14, 16, 1, -6, -45, -20, 19, 21]
[0, -4, 1, 18, 95, -34, -43, -8]
[-13, -2, -8, -37, -47, 30, 10, -19]
[10, 15, 4, -17, -35, -35, -16, 10]
[-1, 0, 9, 37, -10, 25, -17, 0]
[-5, -5, -4, -20, 50, 9, 14, -12]
[-8, 12, -4, -15, -24, -19, -20, -6]
[0, -6, 8, 67, 41, 3, 17, 3]
[-10, -3, -10, -37, -21, 4, -30, -14]
[-5, -1, -4, -6, -75, -25, 4, 10]
[10, -2, 0, 23, 30, -2, -12, -13]
[-11, -3, -8, -48, -64, -3, -32, -14]
[28, 13, 7, 21, 70, 27, 81, 37]
[-3, -7, -7, -19, -24, -36, -73, -19]
[-6, -4, 11, 34, 24, 28, 45, -1]
[-9, 1, 4, -6, 16, -13, -26, 9]
[5, -3, 0, 7, 10, 48, 18, 3]
[-1, 1, -10, -66, -101, -18, 3, -1]
[4, 9, -3, -1, -9, -18, -7, -9]
[9, 0, -2, 16, 83, 15, 3, -24]
[-1, -8, 0, 9, 6, -19, -13, 12]
[11, 11, 11, 43, 5, 41, 32, 21]
[-22, -17, -15, -63, -49, -36, -56, -33]
[10, 3, 2, 6, -14, -8, 0, -10]
[-9, -8, -5, 1, 23, -43, -79, 1]
[2, 3, -3, -38, -57, 3, 36, 3]
[-11, -16, -9, -6, 15, 46, 58, 16]
[-5, -3, -10, -24, -40, -15, -28, -4]
[2, 1, 2, -27, 3, 6, 37, -11]
[-1, -8, -3, 47, -4, -18, -38, -5]
[11, 12, 17, 49, 64, 10, 10, 16]
[2, 1, 2, -19, 6, 33, 44, 14]
[-18, -11, -3, 36, -7, -29, -27, -23]
[-8, -12, -7, -46, -13, -19, -41, -16]
[9, 19, 5, 39, 37, -17, -17, 11]
[27, 6, 7, 18, 5, 69, 118, 47]
[-14, -17, -16, -40, -82, -18, -14, -10]
[1, 1, 6, 21, 70, -13, -13, -11]
[0, -6, 2, -2, 4, -9, -12, -11]
[-10, -6, -4, -9, 29, -16, -34, -9]
[-1, -2, -11, -12, -18, 1, 40, 12]
[7, 4, 14, 19, 16, 11, 29, 6]
[4, 6, 1, 2, -17, -38, -49, -7]
[5, 10, 16, 39, 71, 11, 28, 16]
[1, 5, 1, -20, -24, -30, -64, -20]
[-13, 8, 16, 47, 58, 48, 48, 4]
[12, -3, -2, 4, -4, 13, 31, 12]
[-27, -13, -5, -19, -44, -23, -18, -22]
[38, 6, -4, -7, 19, -8, -40, 21]
[0, -6, -4, -6, -9, -31, -4, -3]
[7, 0, -1, -10, -17, -3, 24, 10]
[-23, -4, -13, -39, -25, 30, 53, 3]
[8, -2, -3, 15, 9, 40, 40, 31]
[44, 3, 11, 16, -13, -44, -24, 9]
[-1, -5, -6, -21, 6, 11, -29, 1]
[-27, 4, 2, 25, 59, -17, -27, -49]
[-33, -5, -11, -26, -67, -7, -19, -6]
[36, 11, -1, -17, 5, 13, 46, 31]
[-22, -5, 2, -20, -12, 19, 16, 5]
