[0, -6, -8, 30, 9, -33, -94, -23]
[-28, 5, 45, 69, 0, 23, 59, 0]
[35, 17, -14, -56, 8, 13, -28, -2]
[-3, 8, -3, 32, -41, -44, -24, -14]
[16, 4, 9, -25, 3, 14, -10, 1]
[18, 4, 8, -20, 27, 1, -4, 18]
[-32, -1, 1, 52, -16, -21, 12, -6]
[-3, -13, -17, -33, 16, 14, 10, 6]
[-10, -4, -10, -20, -72, -10, -35, -21]
[-12, 8, 5, 11, 4, -22, -13, -19]
[-3, -21, -15, -17, 16, 22, -5, 2]
[-16, -3, -1, 2, 2, -52, -55, -21]
[15, 5, -4, -11, -17, 21, 29, 29]
[63, 14, 24, 15, 1, 16, 39, 8]
[-59, 4, -5, -14, 44, -22, -68, -21]
[48, -2, -6, 33, -18, 47, 61, 39]
[-13, 3, 5, -9, -21, -11, -18, 5]
[24, -3, -24, -49, 47, -6, 24, -3]
[-18, -4, -2, 12, -39, 5, -28, -27]
[-2, -3, 23, 9, -5, 31, 23, 16]
[23, 5, -27, -40, -27, -71, -45, -17]
[8, -10, -3, 51, 23, 37, 24, 8]
[-22, -10, 16, -12, -15, 28, 28, 4]
[-30, 2, -17, -75, 21, -21, -20, -35]
[-1, -4, 10, 91, -5, 10, -3, 9]
[-2, -20, -34, -53, -14, -3, -7, -8]
[8, 12, 2, 17, 10, -6, 10, 14]
[53, 23, 15, 21, 17, 11, 13, 21]
[-65, -13, -28, -78, -2, -6, -47, -48]
[-20, -21, -2, 40, -29, -37, 13, 26]
[-7, -18, -1, 28, 32, 28, 35, 10]
[-21, 4, 5, -2, 39, -13, -32, -37]
[-24, -14, -8, -29, -20, 23, 47, 8]
[1, -3, -24, -12, -6, -20, -14, -11]
[17, 7, 16, 33, 34, -14, -33, 11]
[0, 5, 9, 36, 27, 18, 35, -3]
[11, 7, -28, -79, -20, -25, -27, -26]
[-89, -33, 4, 75, -2, -44, -66, -40]
[78, 22, 25, -42, -16, 33, 7, 55]
[32, 31, 27, 9, -18, -1, 10, 10]
[44, 7, 5, -29, 26, 13, 35, 27]
[-21, 16, -4, -19, 13, 18, -13, -47]
[-31, -21, -21, 15, 8, -14, 11, -21]
[5, 4, 17, 48, -13, -14, -7, 28]
[6, -18, -8, -12, -27, 13, -9, -6]
[-25, 8, 5, -41, 2, -51, -38, -26]
[15, 8, -18, -12, 2, 0, 16, -14]
[-27, -29, -35, -51, -35, 41, 24, -14]
[-12, 3, 35, 55, 15, -52, -23, 31]
[21, 3, -12, -18, 22, 68, 48, 16]
[50, 15, 41, 71, 25, 24, 40, 17]
[-22, -16, -75, -101, -64, -90, -104, -74]
[-4, 23, 41, 71, 27, 2, 48, 52]
[-15, -16, 10, 68, -13, 10, -32, -1]
[-21, -3, -17, -99, 0, 19, 10, -32]
[-66, -12, -22, -34, 7, -26, -60, -35]
[73, -33, -12, 39, -8, -22, 1, 75]
[25, 47, 35, -5, -1, 26, 28, 21]
[-38, -32, -27, -18, 5, 19, 3, -16]
[7, 14, -14, -17, -21, -3, 3, -43]
[-108, -22, -21, -4, -3, -15, -68, -97]
[111, 0, 3, 26, -21, -73, 44, 108]
[-12, 16, 10, -1, -13, -20, -47, -54]
[-16, -11, 33, 79, 17, 30, 38, 68]
[80, 2, 0, -18, -1, 19, 3, 6]
[-97, -6, -15, -100, -9, -20, -52, -100]
[-30, -14, 6, 62, 6, 13, 63, 95]
[-15, -11, 1, 43, -7, -3, 12, -76]
[43, 30, 3, -43, 13, 43, 63, 96]
[-76, -47, -13, 5, -29, -26, -69, -50]
[69, 54, 11, 7, 5, 8, -1, -14]
[31, -18, -4, 35, 5, 47, -19, 47]
[-31, 14, 8, 29, 15, 5, 1, -87]
[77, 28, 9, -45, 8, -15, 13, 75]
[-35, -2, -28, -43, -31, -3, -5, -44]
[-41, -11, 16, 27, 14, -47, 18, 22]
[-9, 19, 0, 34, 10, 6, -14, -4]
[-40, -17, 3, -1, 0, 70, 46, -69]
[-128, -38, -34, -53, -12, -28, -86, -104]
[101, 14, -9, 26, 14, 127, 127, 100]
[15, -1, 4, 7, -32, -96, -82, 15]
[-23, -11, -19, -78, -12, -40, -50, -14]
[37, 38, 34, 65, 11, -3, -19, -52]
[-7, -48, -33, -128, -21, -30, 9, 34]
[-53, -8, 31, 100, 6, 36, 15, -59]
[32, 20, -19, 0, 25, 19, 38, 72]
[16, -5, -23, -75, -35, -52, -56, -31]
[-67, 26, 72, 83, 43, 2, -6, 8]
[29, -11, -53, -115, -14, 4, 26, 7]
[90, 61, 101, 119, 49, 45, 49, 78]
[-68, -27, -47, -74, -16, -13, -33, -8]
[11, 8, 9, -30, -35, -14, -34, -75]
[-38, -3, 56, 92, 51, 16, -1, 14]
[-21, -11, -11, -41, 9, 35, 10, 5]
[100, 47, 8, -7, -17, -20, -2, 47]
[-93, -44, -63, -66, -10, 27, -72, -98]
[94, -1, 46, 45, -9, 23, 48, 91]
[38, 18, 6, 3, 5, -16, 12, -49]
[16, -20, 27, 53, 53, 40, 30, 2]
[-55, 24, -26, -61, -53, -55, -51, -99]
[-37, -1, -19, -5, 9, 17, 8, -59]
[-63, -12, -30, -66, 3, 7, -4, -10]
[122, 6, 22, -34, -9, 7, 42, 108]
[15, 49, 87, 127, 67, -18, -10, 34]
[-13, -9, -19, -60, -20, -12, -8, 1]
[-32, -14, -34, -94, -39, -61, -64, -59]
[-128, -11, 28, 82, 45, 58, 50, -38]
[29, 1, 2, 34, -16, -32, -32, 49]
[109, 18, 11, 6, 2, 53, 48, 93]
[-24, -13, -11, 8, -14, 6, 3, -34]
[-128, -40, -60, -82, -20, -49, -62, -74]
[124, 25, 62, 88, 30, 59, 53, 81]
[-28, 23, -1, -18, -7, 3, -22, -76]
[-15, -6, -19, 2, 4, 11, 9, 21]
[-27, -48, -10, -8, -21, -39, 17, 13]
[-34, -24, -18, -54, -15, -13, -19, -59]
[-3, -1, -13, 2, 21, 8, -6, 46]
[51, 20, 14, 29, -3, 9, 38, 1]
[-17, 6, -5, 25, -15, -15, -14, -14]
[-12, -8, -24, -19, 7, -5, 7, 9]
[-128, -36, -51, -56, -16, 13, -21, -128]
[65, 28, 53, 83, 22, -13, -8, 75]
[10, 11, 0, -39, -16, -9, 11, 32]
[-15, -9, 11, 17, 1, -26, -10, -8]
[19, 3, -19, -60, -23, -18, -33, -27]
[1, -2, -14, 22, 26, 33, 25, 1]
[11, 6, 8, 4, -10, -3, -19, 6]
[-24, 0, -16, -42, -4, -5, 12, -76]
[34, -13, 6, 10, -4, -14, 18, 75]
[7, -4, 3, 6, -11, 10, -2, -1]
[14, 10, 9, 29, 2, -3, -3, 11]
[-32, 3, -15, -18, 5, -19, -19, -24]
[-3, -6, 9, 1, 0, -1, 14, 5]
[-42, -19, -8, -5, -17, 1, -7, -34]
[-22, -11, -32, -16, -14, -3, -12, 5]
[80, 15, 12, -31, 2, 14, 9, 38]
[6, 21, 55, 65, 21, -9, 3, 4]
[-15, -15, -25, -53, -3, 0, -1, -15]
[-21, 2, -2, 22, 7, 15, 3, -28]
[14, 1, 1, -19, -3, -28, 5, 32]
[-3, -7, -11, -22, -8, 20, 23, 0]
[-31, -7, -2, -9, -3, -17, -17, -22]
[8, -6, 6, 5, -6, 4, 16, 12]
[-3, -17, -16, -1, 16, 5, -12, -8]
[-14, 21, 4, -1, -14, -16, -19, -11]
[19, 0, 5, 19, 9, 15, 12, 17]
[29, 31, 10, -5, -1, 12, 6, 1]
[11, -12, -6, 3, 0, -16, 52, 47]
[-40, -10, -11, -3, -3, -5, -37, -42]
[1, 1, 4, -8, -2, 2, -14, -10]
[2, -8, 6, 12, -19, -6, 5, 5]
[-7, 11, -5, 2, -3, 11, -1, -11]
[4, -5, -9, -2, 7, 11, 16, 8]
[-6, -2, 1, 12, 14, 6, 3, 1]
[23, 4, 4, -10, 0, -3, -13, 4]
[-22, -3, -10, -5, -20, 2, -8, -1]
[6, -3, 2, 6, 48, 6, 12, 10]
[-11, -6, 4, 18, -12, 3, -6, -6]
[2, -6, -1, -12, -49, -18, -5, -6]
[1, -11, -5, 4, 51, 3, 19, 2]
[6, 1, -6, -28, -46, -3, 12, 15]
[-19, -3, -2, -5, 6, -5, -18, -25]
[15, -6, 10, 67, 107, 15, 19, 31]
[-15, -8, -5, -17, -34, 7, 8, 10]
[5, -20, -6, -2, 30, 2, 4, -11]
[2, 28, 3, -21, -48, -8, -22, -11]
[3, 0, 1, -23, -39, 9, 18, -4]
[-8, 9, 4, 27, 33, 8, -11, 0]
[7, -15, -5, -25, -30, -2, 15, -1]
[16, 53, 10, -1, -21, -4, -9, 15]
[14, 3, 5, 9, 31, -3, -12, -1]
[2, 10, 0, -6, 15, 4, 3, 0]
[-13, -1, 2, 5, 14, 10, 3, -8]
[-3, -23, -3, 64, 103, 15, -3, -3]
[-1, -2, -11, -42, -113, -21, -13, 1]
[-8, -11, -3, -24, -66, -2, -6, -2]
[-1, 0, 5, 18, 14, -4, -13, -2]
[-3, -12, -11, -48, -31, -3, 6, 0]
[-5, -3, 0, 19, 54, 5, 4, -2]
[3, -11, 0, -16, -47, -7, -14, 2]
[5, 12, 5, -1, 13, 1, -11, -19]
[-11, -2, -7, 23, -46, -16, 13, 3]
[-12, -8, -9, -18, 4, 3, -8, -7]
[34, 55, 16, 35, 57, 1, -1, 15]
[11, 21, 9, 15, 2, 10, 12, 2]
[-25, -17, -9, -14, 4, -10, -10, -14]
[21, -15, -5, -7, -20, 1, 10, 18]
[-7, -6, 0, -26, -33, -4, -19, -17]
[-5, -12, 1, 31, 10, -4, 6, 9]
[-5, 0, 1, -10, 34, 8, -7, -16]
[-5, 4, 4, 24, -11, -1, -8, 0]
[-4, -15, -3, 2, 28, -1, 4, 1]
[-4, 3, -3, -17, -48, -8, 2, -1]
[-2, -11, -6, -30, -45, -3, 4, 0]
[1, 5, 0, 24, 52, -9, -3, -4]
[2, 2, -1, 5, 43, 6, 6, 6]
[-11, -5, 2, -3, -43, -10, -32, -8]
[2, -19, 1, 28, 58, -4, -6, -4]
[5, 16, 2, -39, -37, 0, 4, 0]
[2, 3, -7, -1, -28, -7, 8, -3]
[-1, -4, -2, 15, 43, 11, -21, 8]
[0, -8, -7, -9, -27, -3, 6, 6]
[1, 6, -2, -11, -21, -10, -14, -9]
[-14, -21, 5, 50, 6, 6, 16, -6]
[9, 19, 6, -11, 60, 0, 17, 4]
[-8, -15, -1, -21, -73, 1, -1, -4]
[10, 12, 2, -20, 25, -3, 1, 2]
[0, -12, -4, 31, 22, -1, -14, 2]
[-4, 7, 4, 4, -18, 9, 8, 8]
[-1, 0, -6, -41, -58, -18, -12, -10]
[-2, -4, -3, 18, 14, 0, -1, -5]
[3, 1, 6, -12, 26, 5, 1, 0]
[-4, -2, 1, 29, 3, -3, 2, -3]
[8, 9, 4, -22, -13, 11, 5, 5]
[-2, -8, 0, 21, -12, 0, -2, -3]
[4, 1, -2, -10, 27, 2, -8, -5]
[1, 3, 4, 34, 47, 3, 6, 3]
[-4, 0, -4, -43, -75, -19, -1, 4]
[0, -1, 3, 3, 51, 12, 2, 1]
[1, 4, 0, 2, 7, -3, -3, -5]
[1, -5, -7, -35, -2, -5, 2, 2]
[0, 2, 4, 32, 35, 7, 7, 2]
[1, -2, 2, -1, -7, 3, 2, -9]
[9, 8, 8, 40, -3, 4, -4, 18]
[-3, -7, -6, -46, -40, 1, -1, -10]
[-2, 1, -2, 49, 32, -3, -27, -5]
[-4, -5, -2, -6, -5, -3, 0, -2]
[1, 3, -3, -35, -39, -1, -1, 0]
[-8, -8, -11, -32, -96, -21, -3, 0]
[4, 1, 7, 32, 120, 18, 12, 1]
[-4, -4, -5, -19, -80, -16, -10, -4]
[-1, -3, -4, -26, -6, 1, -3, 2]
[-2, 4, 3, 11, 31, 2, 3, -2]
[9, 3, -1, 17, -4, -1, 9, -1]
[-3, -3, -1, -4, -6, 2, 0, 5]
[-6, -4, -9, -35, -17, -3, 3, -1]
[-7, -4, 8, 44, 12, 5, 1, -2]
[-3, -4, -1, -17, 9, 2, 2, 0]
[9, 10, -3, -16, -23, -5, 2, 6]
[-2, 0, 0, 17, -11, 4, -1, -5]
[-2, -9, 0, -17, 13, 7, 1, 0]
[0, 5, 1, 0, 11, -5, -2, -2]
[-2, 1, 5, 31, 20, 4, 2, 0]
[2, 0, -4, -33, 0, -5, -7, -8]
[3, 0, -7, 15, 35, -2, 24, 12]
[-2, -6, 3, 1, -52, 2, 5, 1]
[0, -4, 0, 26, 88, 9, 4, 2]
[-1, 1, 5, 2, -72, -9, -13, -5]
[-3, -1, 0, -2, 19, 1, -6, -2]
[0, -2, -4, -6, 38, 6, 1, -6]
[-2, -8, -12, -51, -27, -13, -3, -1]
[0, -1, 4, 47, 40, 10, 13, 6]
[-1, 1, -3, -21, -17, -9, -24, -9]
[-4, -1, -6, -25, -76, -10, 0, -2]
[0, -1, 4, 33, 27, 8, 4, 6]
[-3, -6, -1, 6, -4, -6, -5, -3]
[5, 8, -3, -21, 35, 0, 0, 2]
[-1, -3, -4, -23, -32, -7, 7, 7]
[-1, -2, 3, -1, 2, -2, -26, -18]
[1, 5, 0, -9, -13, 3, 6, 4]
[0, 0, -4, 7, 7, -1, -3, 1]
[-2, -1, 4, 18, 4, 0, 15, 0]
[0, -3, -3, -15, -2, 3, 8, 3]
[3, -2, -3, -3, 23, 1, 1, 1]
[-1, -5, -6, -16, 3, -2, -8, -3]
[-1, 0, -5, -1, -41, -5, -7, 0]
[-2, 1, 2, 22, 84, 22, 8, 3]
[-2, -3, -6, -19, -78, -20, -5, -2]
[1, -2, 3, 0, -19, -2, 0, -1]
[-2, 0, -6, -17, 15, -3, 0, 1]
[-4, 4, -2, -16, -8, 1, 1, -2]
[-2, 0, 2, 35, 35, 8, 0, 1]
[0, -2, 5, 13, 4, 0, 3, -5]
[-3, 2, 1, 8, 34, -3, -6, -6]
[1, 1, 3, 0, -1, -2, -1, -2]
[2, -1, -3, -24, -68, -3, 1, 6]
[-1, -1, -2, 2, 1, -4, -3, -8]
[2, -1, 2, 23, 102, 10, 12, 6]
[-1, -6, -6, -17, -95, -14, -15, -5]
[0, -1, -2, -28, 9, 2, -2, -4]
[1, -2, 1, 32, -1, 8, 23, 2]
[-1, -1, 4, -7, -5, -9, -8, -2]
[1, 2, 5, 24, 78, 6, 5, -3]
[0, -3, -6, -64, -59, -9, 0, -1]
[-5, 4, 7, 53, 31, 1, -8, 2]
[-1, -4, -8, -29, -45, -12, -7, -2]
[-2, 0, 3, 25, 23, 6, 7, 4]
[0, -2, -2, -15, 27, 1, -4, -1]
[-2, 2, -8, -30, -8, 1, -1, 2]
[0, -2, 2, 13, 31, 4, -4, -1]
[-2, -2, -4, -5, -47, -13, -4, -3]
[2, 2, 0, -14, 31, 3, 5, 0]
[1, 2, 3, 24, -1, 5, 1, 0]
[-1, -2, -2, 10, 32, 3, -1, 0]
[1, 1, 5, -8, -19, -2, 5, 1]
[2, 2, 2, 22, 45, 9, -1, -2]
[0, -3, -8, -37, -53, -13, -6, -1]
[0, 5, 7, 5, 0, 1, -9, -4]
[-1, -2, -9, -18, -11, -7, 4, 6]
[-1, 1, 3, 42, 36, 11, 3, 0]
[0, -5, -2, -11, -5, -5, -5, -4]
[-2, 0, 1, 17, -11, -5, -3, -1]
[1, 1, -3, -9, 7, 0, -2, -4]
[0, 0, 7, 28, 42, 7, 2, 11]
[0, 0, 0, -16, -24, -3, -9, 0]
[-3, -5, -2, -8, -1, -2, 1, -4]
[-2, -4, -1, 17, 6, -3, -1, -3]
[1, -3, -2, -3, 12, 4, 2, -2]
[-4, -3, -5, -24, -41, -6, -4, -6]
[-2, 4, -2, -6, -22, -3, 0, 0]
[1, 4, -2, -3, 10, 1, -2, 0]
[2, 1, 4, 28, 27, 9, 0, -2]
[1, -3, -3, -20, -19, -5, 7, 6]
[2, 1, 7, 12, 48, 6, -21, -6]
[-3, -5, -10, -40, -74, -15, 1, 4]
[0, -1, -1, 22, 33, -2, 1, -2]
[-1, 1, -1, 1, 9, 0, 1, -1]
[0, -4, -5, 7, 10, 1, 6, 1]
[-2, 0, 2, -7, -30, -6, -11, -3]
[1, 0, 3, -5, -24, -2, 1, 1]
[-1, 2, 6, 42, 59, 6, 6, 1]
[1, -3, -6, -20, -39, -6, 2, 1]
[0, -1, 0, 20, 45, 5, 0, -1]
[0, -1, -3, -9, -22, -2, 1, 0]
[0, 4, 2, -1, 0, 3, -3, -5]
[-2, 0, -3, 11, 23, 1, 0, 0]
[1, -2, -5, -33, -33, 1, 0, 6]
[-2, -2, 2, 39, 13, -3, -1, -2]
[-1, 1, 1, -6, -9, -2, -5, -1]
[-4, -4, -1, -10, -14, -5, 19, 0]
[-1, 2, 6, 7, 17, 2, 2, -2]
[-2, 1, -5, -19, -26, -3, -3, -3]
[0, 0, -4, 4, 14, 7, 5, 1]
[-1, 0, 3, -3, -25, -3, -2, 0]
[-2, -6, -2, 0, 16, 2, -1, -2]
[2, 4, 4, 12, 31, 6, 1, -1]
[0, 0, -4, -8, -13, -3, -5, -2]
[0, 0, -3, -13, -33, -4, -5, 1]
[0, 2, 3, 13, 0, 0, -1, -4]
[-1, -1, -4, -8, -8, -1, -5, -2]
[1, -3, 0, -5, 29, 3, 1, -2]
[-1, -4, -3, -9, -14, -5, 3, -3]
[-1, -2, 0, 5, 2, -8, -7, -2]
[-1, -3, -6, -15, -23, -5, 1, 0]
[0, 0, -1, -7, -15, -1, 1, 0]
[-1, -2, -2, 4, 34, 3, -5, 1]
[2, 2, 5, 14, -2, -1, -1, -3]
[-1, -1, -3, -21, -3, 3, 2, -2]
[0, -2, 0, -8, 13, 3, 0, 1]
[1, 0, 3, 13, -21, 2, -1, -4]
[-4, -1, 0, 9, 31, 5, 6, -1]
[2, 0, 0, -2, 18, 0, -1, -1]
[-1, 1, -5, -8, -38, -7, -3, -5]
[1, 2, 3, -3, 25, 3, -1, 5]
[-3, -1, -3, -13, -4, 2, -1, 0]
[0, -1, 0, -11, -19, -2, 0, -1]
[0, -1, 1, 8, 3, -1, -3, 1]
[-1, -1, -4, -6, 3, -5, 3, 0]
[4, 1, 5, 23, 18, 1, -4, 1]
[2, 0, 4, 3, -6, 0, 0, -1]
[-1, -2, -2, -5, -8, -1, 2, -2]
[-5, -3, -7, 14, -1, -5, -7, 0]
[-2, -1, -1, -10, 3, 4, 1, 0]
[-1, -2, -5, -2, -19, -1, 1, -2]
[1, 1, 2, 10, 11, 1, -3, 0]
[0, 1, 1, -6, -6, 0, 1, 1]
[0, -2, -4, -23, 1, -1, -1, -3]
[-1, -3, 2, 32, 3, -3, -2, -1]
[-2, -2, -3, -21, -30, -2, 3, 3]
[0, 0, -3, 4, -5, -1, -2, -2]
[1, 1, 1, 5, -4, 0, 1, -1]
[-1, 0, 0, -6, 11, 2, 1, -2]
[-1, -1, 0, 8, 22, 3, 0, 0]
[-3, 0, -1, 5, -4, -3, -2, -3]
[-4, 1, 2, -4, -34, -4, -3, -1]
[2, 2, -4, -15, -7, -5, -4, 0]
[3, 3, 3, 16, 16, 2, 0, 1]
[-1, -2, -6, -31, -25, -1, 1, -1]
[-1, -3, 3, 26, 23, -1, -2, -2]
[0, -1, -1, 4, 3, 1, 1, -1]
[-2, -1, -6, -20, -11, -2, -1, 0]
[2, -1, -2, 2, 11, 0, 0, -1]
[0, -1, -1, 4, -14, -1, 0, -2]
[-2, 0, 2, 1, 14, 1, 0, 0]
[-3, -1, -3, -7, -17, 2, 2, -2]
[-2, 0, 5, 19, 4, 1, -2, 2]
[0, -2, -1, 7, 3, -4, -2, -3]
[1, -1, -6, -7, 35, 6, -2, -1]
[1, -5, 5, -6, -55, -6, -3, -2]
[-1, 0, -3, -1, 14, 0, 1, -1]
[1, 3, 0, -13, -10, 2, 3, 2]
[2, 4, 12, 3, 19, 1, 3, -2]
[-1, -4, -5, 5, 19, 2, 3, 1]
[-2, -3, -1, 1, -27, -7, -1, -2]
[-2, -3, -3, 2, 15, -4, -5, 1]
[0, -1, -1, -1, -8, 1, -4, 2]
[-2, 3, -1, -9, -11, -1, -2, -1]
[-1, 1, 1, 2, 28, 0, -1, -1]
[-2, 1, -5, -10, -41, -6, 1, 0]
[-1, -2, -5, -30, -15, 2, 6, -1]
[-1, -1, 0, 37, 10, 0, -1, 2]
[-2, -2, -3, -4, -2, -3, -7, -3]
[-2, 1, -1, -2, 8, 0, -1, 0]
[-1, 1, 2, 7, 6, -2, -2, -2]
[2, -1, 0, -7, 0, 2, 1, 5]
[2, -1, 0, 4, 4, 3, 1, 2]
[-1, -2, -5, -3, -1, 0, -1, -2]
[2, 0, -1, -3, -14, 2, 2, 1]
[1, 0, 2, -6, 17, 0, 1, -5]
[1, 2, 8, 5, -7, 1, 6, 2]
[-2, -2, 0, -1, 14, 3, -2, -2]
[1, -1, -3, -13, -24, -4, -7, 1]
[1, 2, 6, 41, 75, 8, 4, 0]
[1, -1, -4, -21, -66, -7, -4, -1]
[0, -4, -5, -11, -27, -5, 0, -2]
[-1, -3, -4, 0, 0, -2, -5, -4]
[-3, 1, 0, -3, -6, -5, -9, -2]
[3, -1, -2, -1, 22, 2, -4, 1]
[-7, -4, 2, 4, 3, 2, 23, -1]
[-1, 0, 0, 0, -11, 3, 8, 1]
[-1, -5, 1, 4, 6, 3, 0, 6]
[-2, 0, 0, 10, 11, -7, -24, -12]
[2, 2, -3, -19, -15, -7, -8, -1]
[2, 3, 3, 15, 13, 9, -3, -5]
[2, 0, -1, -13, -15, -6, 10, 2]
[-1, -5, -4, -3, 5, 1, 12, 0]
[3, -5, -4, -2, -9, 2, -7, 4]
[-3, -1, 3, 32, 31, -3, 1, 1]
[-7, 0, -4, -42, -48, 6, 11, -3]
[-2, 0, 0, 11, 20, -13, -16, 3]
[3, 0, -6, -21, -57, -15, -8, -5]
[2, 0, -1, 4, 14, 13, 9, 5]
[2, -2, -4, -17, 0, -7, -15, -5]
[-2, -7, -6, 16, 17, 6, 14, 1]
[-6, 1, 10, 36, 31, -5, 3, -3]
[-3, -2, -9, -14, -23, -13, -19, -4]
[-3, -4, 1, 11, 19, -2, 1, 5]
[1, 12, 5, -7, -14, 4, 1, 3]
[4, -6, 0, 8, 39, 5, 20, 13]
[2, 4, -4, -22, -47, 2, 8, -3]
[-4, -7, -5, -4, 14, 5, -22, -8]
[12, 22, 6, 7, 15, -3, -17, -5]
[-6, -1, -3, 1, -24, 1, -12, -13]
[-3, 3, 0, -6, 15, 0, -2, -3]
[-7, -5, -6, -2, -23, -23, -8, -4]
[14, -12, -1, 13, 12, 4, 17, 12]
[-2, 3, -1, -17, 18, -5, -20, -5]
[2, -5, 4, 24, -10, 11, 7, 7]
[-3, -1, 1, 15, 29, 21, 14, 1]
[-35, -10, -9, -27, -20, -11, -13, -23]
[12, 3, 8, 22, -13, 23, 5, 2]
[1, -2, -2, -22, -16, -35, -6, 12]
[-8, -13, -1, 13, 73, 28, -6, -21]
[0, 4, -5, -12, -27, -10, 4, 10]
[-5, -8, 4, 13, 20, 13, 28, 7]
[-24, 6, 1, -11, -55, -51, -82, -36]
[35, 14, -2, -9, 1, 25, 49, 33]
[-14, -9, 3, -1, -5, 28, 25, -8]
[7, -20, -14, 9, 25, -22, -30, -8]
[-23, 8, -3, -5, -3, 49, 51, 18]
[-1, 1, 4, -9, -29, -52, -25, -4]
[-2, -7, -2, -7, 16, -9, -30, -1]
[-2, -7, -3, -38, -7, -41, -29, -1]
[-2, -9, 4, 12, 62, -23, -15, -12]
[-7, 1, 4, 35, 40, 31, 12, -9]
[-4, -1, -9, -14, -25, 15, 24, 6]
[4, 4, 5, 33, 55, 11, 23, 7]
[11, -5, -2, -16, -39, 30, 18, 10]
[-2, -12, -6, -2, -20, -24, -20, -6]
[-3, -13, -8, -5, 29, -60, -42, -22]
[-21, -5, -13, -35, -70, 18, -9, -4]
[38, 2, 2, 8, -36, -39, -3, 24]
[6, 11, 13, 15, -20, 25, 43, 32]
[-3, 7, -5, 41, 42, 43, 37, -3]
[18, 34, 10, 1, 31, 6, -12, -1]
[5, 7, 7, 9, 5, 4, 2, -10]
[10, 6, 7, 4, -8, -36, -71, -16]
[17, 3, -1, -44, -32, -46, -15, 18]
[-4, 8, 11, 50, 26, 73, 42, 0]
[-7, -11, -18, -29, 45, 6, -2, -10]
[-31, -26, -22, -32, -19, -58, -39, -26]
[-3, -3, 9, 6, -11, -27, 12, 13]
[11, 16, 15, 8, 21, 9, 17, 12]
[-7, -20, -22, -40, -12, 59, -5, -21]
[-21, -13, -14, -3, 25, 59, 47, 14]
[13, -14, 35, 30, -45, -6, 5, 3]
[26, 23, 4, 47, 22, 14, 26, 24]
[3, 9, 12, 18, 21, 25, -9, -6]
[-17, 0, -9, -12, -46, -24, -45, -14]
[-4, -1, -12, -3, 92, -23, -25, -16]
[-7, -3, -6, -42, -89, 9, 26, 2]
[-37, -1, -4, -1, 43, 30, -66, -28]
[74, 22, 2, -5, -77, 33, 95, 71]
[-13, -12, -10, -8, -27, 13, 15, -25]
[-18, -13, -9, -48, -32, -67, -73, -28]
[-24, -12, -26, -18, 9, -3, 46, 9]
[14, -1, 4, -10, 13, -13, -2, -8]
[-15, 0, -1, 101, 24, 2, -49, 9]
[37, 7, 10, 3, 11, 9, 40, 31]
[-1, 0, 8, -23, -38, -9, -13, -17]
[-43, -5, 35, 86, 62, 5, 41, -16]
[-26, 9, -14, -59, -88, -25, -29, -32]
[37, -23, -23, -16, 36, 7, 32, 28]
[19, 1, 9, 49, 62, -1, 25, 32]
[3, 18, -17, -41, -47, -13, -36, 5]
[18, -21, -16, -5, 36, 35, 13, -13]
[-35, 30, 16, -10, -26, -32, -55, -63]
[-23, -1, -16, -25, 20, -12, 11, 11]
[52, 11, 18, 35, 39, 26, 52, 39]
[5, -12, 2, -27, -13, 30, 7, 4]
[-32, -20, -21, -56, -58, -38, -96, -38]
[25, -19, 14, 56, 24, -4, 97, 47]
[-44, -6, 12, -21, -16, -14, -64, -25]
[22, 17, -4, -21, -27, -2, 26, 19]
[-28, 1, 8, 70, 38, 5, 5, -18]
[-37, 6, -8, -13, 3, -8, -25, -38]
[26, -13, -33, -47, 28, 17, -1, 39]
[5, 37, 57, 68, -25, -10, -9, -1]
[6, 4, -4, -1, -24, -30, -10, 6]
[1, -1, -3, 14, 4, -20, -51, 1]
[-9, -22, -30, -42, -36, 41, 62, -45]
[-27, -16, -21, -35, 17, 6, 5, 46]
[-2, -10, 1, 22, 28, 14, 15, -6]
[33, 23, 24, 9, 18, -2, -54, 5]
[71, 20, -28, -102, -20, -27, 2, -7]
[-22, 2, 3, 88, 4, 10, 17, -15]
[-47, -7, 10, -14, 2, -33, -62, -44]
[100, -17, -42, -55, -27, 7, 85, 68]
[-23, 19, 59, 110, 20, 20, 47, 37]
[13, -12, -14, -44, -6, 9, -11, 2]
[-50, -14, -20, -54, 6, -1, -12, -4]
[8, -6, -8, -47, -27, -6, 12, -51]
[-111, -34, -45, 53, -2, -50, -47, -19]
[77, 12, 36, 15, 14, 9, 6, 61]
[6, 11, -11, -14, 24, 3, 30, -6]
[20, 29, 25, 32, -13, 0, 0, 26]
[-47, -17, 11, 13, 30, 13, -27, -62]
[-18, -6, -23, -76, -41, -15, -22, -34]
[107, 10, 15, 56, -1, -24, 37, 111]
[-95, -16, -14, -27, -6, -2, -20, -85]
[118, 22, 35, 42, 4, -35, -79, 52]
[-90, 4, 7, 0, 21, 33, 14, -76]
[79, 2, 2, -8, 4, 15, 71, 86]
[16, 22, 40, 67, -8, 36, 58, 43]
