[7, -1, -32, -95, -29, -22, -73, -65]
[-89, -18, -25, -2, 15, 35, 28, -64]
[81, 7, -20, -16, -14, -38, -85, 33]
[26, 15, 51, 86, 38, 44, 72, 25]
[55, -3, 8, -1, -5, 16, 21, 47]
[-16, 8, -4, -15, -10, -42, -13, -22]
[-44, 5, 18, -12, 5, 50, 23, -20]
[30, -6, -14, 38, -1, -13, -20, 4]
[-80, -1, -3, -51, 0, -24, -52, -96]
[13, -23, -11, -25, -3, 5, 47, 78]
[-22, -21, -9, 38, 37, 6, -20, -15]
[-56, -3, -13, -48, -33, -43, -27, -42]
[-9, 8, 5, 21, -1, 17, -15, -75]
[67, 24, 1, -33, 0, -11, -19, 74]
[-63, -45, 10, 58, 15, 65, 60, -23]
[90, 32, 4, -14, -3, -38, 9, -9]
[-41, -18, -47, -91, -49, -68, -19, 53]
[-41, 25, 34, 115, 22, -8, -44, -96]
[65, -1, 9, -37, -2, 48, 16, 25]
[-69, -8, -14, 51, 18, -1, -1, 14]
[-74, 0, 21, -9, -14, -63, -62, 84]
[96, -58, -23, 40, 18, 85, 74, 82]
[-59, -35, 4, 35, 12, -49, -9, -73]
[45, 26, 40, -9, 19, 96, 50, 80]
[46, 45, -1, 36, -10, -44, -55, -82]
[-71, -12, -23, -59, -21, -4, -4, -41]
[-128, -33, -31, -9, -18, -30, -97, -128]
[77, -7, -17, -36, 16, -1, -45, 28]
[1, -2, -9, -4, 14, 39, 42, 16]
[-23, 37, 7, -32, -8, -22, 40, -40]
[97, 38, 8, -8, 5, 20, 5, -13]
[-1, -9, 3, -3, -25, -45, -32, -25]
[-2, -2, -4, -13, 23, 66, 15, 41]
[-6, 22, 24, 78, 19, -22, 66, 84]
[47, 33, -25, -126, -25, 37, 37, 49]
[-78, 2, 8, 90, -4, -62, -107, -24]
[90, -12, 8, 9, 13, 59, 104, 98]
[64, 27, 2, 1, -2, -43, -105, -102]
[-102, -63, 21, -40, -19, 1, 64, 45]
[60, -15, -9, -18, 9, -70, -22, -18]
[-128, 32, -2, -16, 0, -28, -73, -128]
[113, 13, 1, -19, 11, 70, 75, 127]
[97, 0, 5, 60, 5, 12, 82, 76]
[-128, -21, 4, -35, -20, -30, -116, -115]
[-40, -9, 13, 47, 27, 47, 111, -4]
[-79, -16, -31, -66, -43, 9, -59, -35]
[-33, 11, 4, -3, -2, -52, -68, -11]
[87, 5, -3, -15, 2, 63, 87, 97]
[41, -10, 4, 25, 4, -1, -5, 31]
[-60, -18, -5, -17, -2, -34, -70, -92]
[3, 29, -20, -25, -3, -20, -27, -43]
[-128, -48, -34, -82, -12, 34, 8, -25]
[10, -8, 4, 95, 13, -9, 56, 49]
[89, 23, 64, 106, 5, -32, -21, 71]
[-108, 9, -28, -59, -15, 21, -20, -127]
[45, -30, 1, 36, 23, 29, 43, 41]
[-38, -49, -71, -128, -38, -67, -73, -61]
[-27, 26, 23, 58, -2, 66, 42, -46]
[40, -1, 33, 72, 26, -60, -33, 74]
[31, 18, -40, -93, -23, 32, 40, 12]
[-17, 8, 52, 72, 24, -16, -22, -42]
[99, 29, -17, -45, -7, 21, -21, 122]
[-120, -12, -17, -7, -5, 10, 0, -68]
[89, 25, 20, 7, -2, -32, 37, 73]
[-62, -2, -13, -8, -2, 75, 9, -76]
[-79, -48, -26, -117, -2, -92, -41, 43]
[85, 22, 60, 112, 9, 6, 41, 94]
[-72, -16, -75, -105, -47, -11, -40, -85]
[40, 33, 105, 127, 41, 16, 53, 47]
[-55, -3, -17, -16, 28, 51, 36, -128]
[33, -10, 0, -2, 15, 88, -4, 57]
[-29, 2, 9, 3, -4, -50, -33, 4]
[-14, 4, -11, -50, -18, -1, -3, -85]
[-36, -54, -13, 1, -13, -17, -21, 50]
[83, 37, 11, -3, 30, 11, 25, 63]
[-1, -9, 6, 25, 0, -7, -24, -32]
[2, -1, -20, -41, -19, 19, 23, -13]
[-128, -6, -19, -32, -6, -49, -94, -128]
[38, -10, -39, 17, 12, 80, 96, 72]
[36, 32, 35, 52, -16, -73, -48, 0]
[-25, 12, -4, -29, 7, -12, -39, -61]
[4, -6, 25, 16, -10, 16, 89, 61]
[-116, -37, -45, -75, -23, -29, -82, -128]
[-19, 10, -3, 7, 22, 70, 60, -11]
[34, -4, 32, 41, 1, -21, -24, 57]
[31, -12, -34, -40, -14, 28, 7, -42]
[-63, 9, 9, 20, -8, -27, -30, -37]
[-5, -6, 18, 49, 32, 7, 1, -11]
[79, 6, -21, -16, -10, -19, -3, 44]
[-80, -40, -26, -4, 3, 18, -14, 12]
[18, 3, 13, -21, -11, -67, 63, 24]
[36, 1, 6, 24, 8, 31, -6, 4]
[-69, -9, -16, -15, -18, -17, 3, -33]
[57, -9, -7, 5, 21, 89, 58, 76]
[4, 7, -3, -10, -4, -20, -27, -28]
[-47, -17, 13, 22, 2, -13, 10, -22]
[57, 0, -13, -32, -26, 27, 2, 37]
[-38, 22, 8, 0, 6, -15, 8, -73]
[5, -6, -13, -19, -19, 13, 2, 1]
[-25, -3, -4, -41, -12, 0, -42, -97]
[8, -29, -22, -22, 31, 12, 44, 88]
[58, 23, 28, 111, -6, -79, -81, -4]
[16, 6, 20, 10, 10, 36, 17, -2]
[1, 4, -18, -75, -12, 0, 20, 9]
[-20, 14, -4, -23, -11, -17, -32, -61]
[-1, -22, -25, 15, -3, -11, 18, 22]
[-29, 9, 7, -16, 16, 26, 3, 8]
[3, -12, 25, 62, 2, -35, -44, -72]
[65, 5, -4, -8, 2, 56, 46, 104]
[5, 5, -10, -51, -20, -46, -3, -5]
[-3, 9, 0, 8, 5, 34, 1, -14]
[-13, 17, -2, -9, -6, 10, -23, -1]
[-46, 1, -5, 12, -2, 7, -3, -43]
[0, 4, 10, -18, -1, -22, -16, -36]
[9, -2, 6, 17, -2, -9, 11, 15]
[23, 3, -14, -29, 4, 14, 5, 55]
[2, -9, 23, 60, -11, -26, -17, -4]
[-8, 17, 3, -59, 2, 8, 4, -8]
[-29, -16, -10, 70, 2, -19, -9, -26]
[-14, 2, 9, 27, 2, 19, 25, 10]
[-14, -1, -13, -37, -2, -18, -14, -6]
[13, -6, -4, 16, -3, 5, 3, -4]
[56, 16, 3, -25, -2, -14, -24, 2]
[-8, -11, -1, -12, 4, 12, 33, 26]
[7, -4, 9, 26, -1, -1, 15, 20]
[-3, -7, -8, -21, -5, 2, 2, -9]
[3, 1, -4, -14, -3, -8, -42, -25]
[-23, 15, 7, 23, 7, -11, 6, 10]
[-41, 0, -5, -10, -1, -12, -6, -35]
[91, 31, 10, -2, -3, -14, -20, 47]
[-28, -7, -2, -1, 1, -4, -3, -23]
[-29, -26, 2, -1, 4, 11, 12, -11]
[-5, 0, 0, -2, -6, 3, -8, 5]
[-5, -4, 4, 4, 7, 2, -15, -8]
[-9, -9, 0, 0, -1, 0, 16, -4]
[-15, 4, -9, -6, -12, -1, -10, -16]
[14, -5, -6, -3, 6, 4, 12, 13]
[-8, 8, 13, 26, 0, 4, 7, 2]
[-2, 2, -11, -35, 6, 0, -9, -4]
[5, -21, -6, -9, 11, 9, 9, 10]
[2, 12, -3, -3, -24, -18, -34, -15]
[-2, 2, 5, 0, 6, 5, 15, -3]
[-1, 5, 1, -7, -27, -7, -10, 2]
[-20, -3, -2, 23, 46, 5, -7, 6]
[20, -5, 1, -13, -40, -10, -3, -11]
[9, 22, 6, 14, 55, 15, 14, 14]
[-7, -14, -1, 2, -20, -5, -13, -12]
[1, 8, 3, -2, -4, 5, 5, 2]
[-10, -19, -7, 5, -39, -4, -3, -2]
[-9, -10, -3, -12, 12, -3, -4, -9]
[-1, -4, 4, 3, 24, 3, 19, -1]
[-10, -5, -3, -5, 10, -2, -5, 2]
[1, 3, -4, -26, -24, -6, -14, -10]
[-9, -13, -1, 4, -8, -1, 2, -4]
[-18, -23, -11, 1, -10, -2, -23, -21]
[8, 28, 6, 24, 65, 7, 2, 14]
[-9, -26, -8, -19, 18, -2, 9, 12]
[34, 38, 7, -21, -67, 0, 10, 6]
[-8, 3, 2, 32, 26, -1, -18, 5]
[0, -12, 2, 3, -12, 7, -1, -19]
[2, 16, 0, 2, -13, 1, 7, -10]
[-16, -20, -6, -9, 21, 4, 8, 13]
[7, -14, -5, -2, -20, 7, -25, -17]
[-5, 9, 0, 21, 26, -1, 16, 14]
[15, 18, 5, -10, 51, 8, 7, 9]
[-11, -11, -13, -25, -59, -14, -10, -12]
[17, 10, 1, -31, -24, -10, 16, 17]
[-12, -26, -2, 19, 10, 7, -10, -10]
[-3, 1, 5, 36, 58, 6, 11, 3]
[14, 12, 13, 13, -15, -1, -12, -4]
[-1, 5, -8, -37, 5, 1, 2, 4]
[-9, 0, -4, -32, -67, -14, 1, 2]
[10, -11, 0, 14, 4, -2, -11, -11]
[-14, 0, -7, 2, -12, 6, 19, 3]
[17, 3, 7, 30, 14, -2, -1, 10]
[2, 20, 9, 37, 58, 5, 7, -4]
[-13, -14, -13, -78, -58, -19, -1, -8]
[-5, -13, 2, 16, 39, -2, -12, -6]
[0, 3, 2, 17, -4, 1, 14, 10]
[10, 13, -4, -10, 17, -3, -11, -8]
[1, -12, 2, 31, -3, -5, -7, -2]
[-17, -10, -9, -21, 13, -3, 0, -1]
[8, 10, 3, -7, 21, 5, 10, -1]
[-5, -8, -9, -37, -89, -19, -13, -4]
[-1, -2, -6, 0, -10, -2, 1, 2]
[-15, -13, 2, 9, -43, -2, -9, -9]
[-1, 3, -3, 9, -12, 0, 20, 3]
[2, -7, -8, -26, 14, 0, -7, 2]
[-14, -5, -4, 29, 69, 5, 1, -6]
[11, -1, 12, 8, -36, 7, 3, 2]
[1, 6, 1, 3, 50, 1, -4, -2]
[5, -2, 3, -5, 13, 6, 8, 4]
[3, 19, 6, -9, -36, 0, 2, 2]
[0, -10, -3, 7, 69, 5, -6, -2]
[-3, 4, 2, 0, 11, 2, -1, -3]
[-4, -6, -9, -26, -94, -16, -8, -4]
[-2, -4, 6, 1, 32, 12, 4, 2]
[7, 9, -4, 2, -2, -4, -4, 1]
[-9, -11, -19, -42, -99, -29, -10, 0]
[-3, -7, -2, 7, 15, 3, 2, -1]
[5, 5, 5, 22, 14, 4, 3, 0]
[-3, 0, 1, 6, 45, 5, -6, -2]
[-5, 7, 6, -7, -31, 7, 17, -2]
[1, -1, 4, 0, 12, 3, 0, -2]
[-2, -2, -5, -23, -35, -14, -4, -1]
[-3, -8, -5, -4, 33, 5, 0, -1]
[3, -10, 2, 14, 9, 4, 6, 3]
[22, 45, 16, 17, 41, 13, -3, 1]
[8, 2, -13, -33, -90, -19, -3, 1]
[-10, 2, 3, 25, -4, -8, 0, 1]
[2, -7, 2, 7, 23, 10, -2, -2]
[-1, -11, -4, 10, 21, -3, 3, 0]
[-3, -2, 1, -15, 21, 4, -5, -2]
[1, 0, -1, 26, 25, 7, 4, -1]
[-5, -6, -8, -2, -26, -5, -15, -7]
[-1, -2, -1, -39, -52, -3, 6, 6]
[-2, 2, 5, 42, 54, 8, 0, -2]
[-4, -5, -7, -27, -64, -12, -4, -1]
[0, 3, 5, 4, 58, 13, 5, 0]
[-5, -4, 1, 20, -4, 3, 0, -2]
[-1, 0, 3, -11, 24, -1, -7, -4]
[3, 2, -2, 0, -19, -5, 21, 14]
[-4, 0, 1, 4, -10, 1, -4, 0]
[-3, -13, -6, -25, -47, -5, -1, 1]
[5, 9, 1, 47, 29, 4, 6, 1]
[-7, 3, 5, 2, 20, 6, -3, -5]
[10, 1, 3, -2, 45, 3, -4, -1]
[-5, -8, -5, -5, -9, -1, 12, 2]
[-5, 0, -4, -10, 15, -3, -9, -4]
[0, -1, -6, -41, -87, -15, -10, -9]
[0, 1, 10, 35, 76, 11, 5, 0]
[-1, -6, -2, -6, -77, -8, -8, 2]
[3, -2, 0, -17, -32, -1, 9, 5]
[-2, -1, -5, -2, 31, 1, -2, 1]
[-4, -1, -1, -5, -36, -5, -5, -3]
[1, 1, 3, 24, 63, 14, 4, -2]
[-6, -3, 0, 4, -6, 4, 3, -2]
[1, 3, -5, -16, -19, -2, 0, 3]
[2, 4, 5, 21, 8, 1, 0, 1]
[-14, -2, -3, 15, 30, 1, -2, -4]
[8, -1, -2, -11, -32, -6, -2, -1]
[9, 3, -3, 0, 19, -2, -13, 2]
[-5, -4, -2, -24, 20, 3, 2, -3]
[-1, -7, -1, -18, -82, -6, -2, 3]
[-2, 5, 6, 27, 74, 3, -5, -10]
[2, 1, 5, 7, 1, 3, 7, 14]
[2, 0, -7, -41, -66, -12, -5, -1]
[0, 0, 2, 36, 59, 10, 2, 0]
[-6, -1, -6, -19, -48, 0, -3, -1]
[0, 2, 3, 6, 0, -7, -1, -4]
[-3, -5, 1, 5, 23, 6, -3, 0]
[3, 7, -1, -24, -16, -7, -2, -6]
[-6, -9, -1, 2, -17, -3, 3, 5]
[1, -5, -2, 18, 22, 3, 2, -4]
[4, 11, -1, -16, -33, -1, 1, 1]
[-3, -10, -6, 5, 27, 2, -3, -3]
[5, 6, -2, -12, -7, -1, 0, 3]
[-7, -6, -3, -30, -39, -3, -3, -4]
[-2, -4, 2, 43, 88, 3, 3, 0]
[4, 1, -2, -20, -23, -6, -2, 3]
[-1, -5, 3, 0, -2, 1, -2, 1]
[-3, -3, -4, -1, 0, -3, 2, -5]
[1, 3, -1, -14, -29, -4, 0, -2]
[-1, 0, 1, 15, -10, 0, 14, -3]
[-3, -4, -4, -3, 4, 0, 0, 2]
[-1, 1, 0, 6, 13, 0, -4, -6]
[0, -2, -2, 3, -7, 0, -2, 4]
[1, -1, -2, -9, 1, -5, -6, 0]
[0, 1, 3, 8, 2, 1, 0, -1]
[0, 3, 2, 5, 9, 6, 4, -1]
[-4, -4, 1, -4, -15, 0, 0, -2]
[-1, -5, -2, 6, 20, 0, -5, -2]
[0, 1, 1, 8, 6, 1, 0, -1]
[3, 7, 6, 18, 31, 7, -2, 1]
[-1, -6, -10, -26, 5, 0, -3, -2]
[0, 1, 3, -13, -52, -7, -5, 0]
[0, 4, 0, 25, -4, -6, 0, 3]
[-3, -3, -2, 3, 44, 5, -1, 0]
[-1, -3, 1, -5, -40, -2, 1, -5]
[-1, -4, -2, 6, 18, -3, 0, 8]
[-2, -4, 3, 8, 3, 1, 1, -4]
[0, -2, 1, -13, 1, -4, 0, -1]
[-1, -1, -1, 19, 44, 0, 1, 2]
[0, 5, 2, -7, -9, 1, -4, -2]
[1, 2, 3, -12, -44, -4, 0, 0]
[3, 3, -1, 11, 40, 3, 1, 2]
[-2, -1, -2, -19, -70, -6, -2, 0]
[2, 7, 2, 8, 32, 1, -4, -3]
[-2, -4, -5, -8, 3, 1, 0, 0]
[-1, -6, -3, -14, -35, -6, -6, -4]
[2, 3, -1, 7, 18, 2, -3, -1]
[-1, -3, -1, 2, 20, 7, 4, 0]
[-3, -1, 0, -5, -14, -2, -2, -3]
[-1, 1, -1, -20, 2, 0, -2, 2]
[1, 5, 5, 27, 4, 1, 3, 4]
[0, 0, -3, -7, -36, -11, -7, -3]
[-1, -3, 0, 6, 58, 5, 0, 0]
[0, -3, 0, -4, -58, 0, 4, 0]
[-4, -2, -4, -6, 5, 0, -4, -1]
[-2, 0, 0, 11, 7, 2, 2, -6]
[-1, -2, -3, 1, 32, 2, 0, 4]
[-1, 1, -1, -4, -34, -4, -1, 0]
[-1, 2, 5, 4, -9, -2, -3, 1]
[-1, -2, -1, -3, 31, 3, -2, -2]
[0, 1, -2, -3, -9, -5, 0, 0]
[1, -1, 0, -6, 18, 2, 0, -2]
[2, 1, 1, 1, -4, -1, -1, 1]
[-1, -2, 1, 0, 1, 1, 0, -4]
[1, -1, -1, 0, 10, 0, -1, -3]
[-1, -1, -3, -4, -16, -4, -1, 2]
[1, -1, 1, -26, -15, -3, 1, -2]
[-1, -2, -1, 13, 4, 3, 2, 1]
[0, 1, 4, 32, 34, 5, 1, 0]
[0, 0, 1, 3, 21, 0, 0, 0]
[-7, -6, -7, -24, -45, -11, -4, 0]
[3, 2, 0, 7, 24, -1, -4, 0]
[1, 0, -1, -22, -43, 5, 4, 5]
[-4, -3, -2, -4, -8, -5, -25, -13]
[0, 1, -2, 18, 21, 3, 2, 0]
[0, -3, 1, 7, 4, -2, 1, -2]
[-1, -1, -3, -20, -13, -2, -7, -1]
[-2, -2, 4, 24, 19, 5, 3, 1]
[4, 1, -3, -8, -19, -1, 1, 0]
[-2, -1, 0, -2, -6, -3, -7, -1]
[-3, -2, 0, 2, 4, -2, -2, -1]
[1, -2, -1, -6, -2, 1, 3, 1]
[-2, -1, -1, 9, 27, 0, 2, -1]
[-2, 1, 0, -20, -17, -1, 6, 2]
[-3, -1, -5, -12, -37, -8, -2, -3]
[3, 0, 5, 11, 36, 3, 4, 1]
[-1, -1, 1, 21, -24, -2, -5, -1]
[-2, -2, -4, 3, 11, -2, 1, -1]
[-3, 0, -2, -5, -20, 1, -3, -4]
[-1, 1, -5, -31, -24, -5, 1, 1]
[-2, -6, -5, 2, 8, -6, -1, -2]
[2, 0, 0, 0, 16, 5, 0, -1]
[0, 1, 3, -4, -30, -3, -1, 0]
[2, 2, 0, 0, 1, 5, 4, 3]
[0, 1, 1, -2, 12, 5, 1, 2]
[-2, 0, -2, -13, -20, 0, 1, -1]
[-3, -4, 0, 10, 34, 2, -2, 0]
[0, 3, 2, 10, 13, 0, -1, -2]
[0, 1, -2, -19, -25, -6, -1, -6]
[0, -6, -10, -5, -17, -5, -1, -1]
[1, -1, 0, 5, 8, 0, 4, -1]
[-1, -2, -2, -5, -10, 1, 5, 1]
[-1, -1, -2, -5, 14, 4, -1, 0]
[-4, 0, 7, 55, 23, -3, -3, -2]
[-3, -1, -7, -26, -2, -2, 0, -2]
[2, 3, -1, 3, -24, 0, 5, 3]
[0, 0, 3, 15, 23, 7, 2, -2]
[1, 1, 6, -5, -1, -3, -1, 1]
[-2, 0, -1, -16, 5, -3, -3, 0]
[0, 0, 2, 8, 30, 7, 0, 1]
[1, -1, 1, 11, 22, 2, -2, -1]
[-2, -4, -9, -32, -37, -9, -9, -1]
[2, -1, 1, 38, 23, 8, 21, -2]
[0, -2, -5, -4, -2, -2, -1, 1]
[-1, 1, -2, -9, 8, 4, 4, 1]
[2, 0, 1, -7, -15, -4, -4, -2]
[2, -2, 1, -9, 2, -4, -8, -1]
[0, -2, -4, 21, 5, 1, -2, -2]
[-1, -1, -1, 4, -5, -1, 0, 1]
[-4, 0, -7, -17, 5, -2, 1, -1]
[0, 2, -3, 8, 15, 1, -3, 0]
[-2, 1, 6, 6, -23, -1, 2, 0]
[0, -4, -2, -13, -21, -2, -3, 0]
[-2, -2, 0, -3, 10, -4, -2, -2]
[0, 0, -2, -4, -25, -5, -4, -1]
[-2, -1, -3, -2, -1, 0, 0, -2]
[-1, 2, -2, -9, 10, 2, 0, -1]
[0, -2, 2, 17, 4, 2, 2, -1]
[2, 0, -1, -9, -23, -7, -3, -2]
[2, 1, 3, 19, 52, 9, 2, -1]
[-2, -2, -7, -32, -67, -10, 1, -1]
[-4, 0, -2, -17, -3, -2, -1, 0]
[0, -2, 1, 11, 1, 0, -2, -1]
[0, -1, -3, -18, -4, 2, -1, 0]
[-3, -3, 1, 13, 14, 0, -3, 0]
[0, 1, -2, -1, 2, -5, -3, -2]
[-1, -3, 0, 3, -2, 0, -4, 0]
[-1, 2, 1, -2, -5, -3, 0, -3]
[1, 1, 2, 24, 10, 4, 1, 1]
[0, 0, -3, -17, -17, -3, 2, 2]
[-4, 1, -1, -6, -10, -6, -3, -2]
[1, 0, -4, 1, 14, 2, -1, 1]
[-4, -1, -1, -2, 6, -2, -3, -1]
[-1, 1, 1, 6, -15, 0, -3, -2]
[3, 3, -2, 1, 32, 3, -1, -1]
[-3, -3, -6, -15, -39, -5, -3, -2]
[-1, 2, 4, 3, 8, -2, 0, -2]
[0, -2, 2, 22, 12, 2, 2, 1]
[-1, -4, -3, -6, 16, 1, -1, 0]
[3, -2, -3, -11, -17, -3, 1, 1]
[2, 0, 3, 20, 4, 0, -1, 1]
[-2, -2, -1, 4, 24, 3, 1, -2]
[-2, 1, 5, -6, -34, -4, -5, 1]
[0, -3, -4, -7, 6, -1, -4, 1]
[2, 1, 3, -1, -12, -3, -3, 0]
[1, 4, 5, 1, 4, 4, 13, 3]
[-1, -1, -5, -6, -18, -1, 2, 1]
[0, 2, 4, 5, 9, 4, -2, 1]
[-2, -2, -4, 6, 24, -2, -7, -2]
[0, -2, -4, -2, -15, -4, -4, -1]
[0, 1, 1, -8, 3, 7, 9, 1]
[0, -3, -1, 0, -5, 1, 9, 1]
[-3, -4, -2, -15, -7, -7, -10, -3]
[-2, 0, -3, 6, -3, -3, -11, -5]
[6, 0, 1, 4, 6, -1, -2, 0]
[-1, 1, -2, -13, -1, -4, 2, -3]
[-2, -3, -3, 1, -2, 0, 4, -2]
[-5, -4, -4, -18, -27, -5, -1, -1]
[-5, -9, -7, 5, 13, -3, -10, 1]
[1, 3, 7, 22, 46, 3, -5, 0]
[1, 1, -6, -18, -42, -6, 3, 2]
[-6, -2, -3, 0, -5, -3, -5, -2]
[10, 0, -2, -6, -12, 0, 8, 1]
[0, -1, -1, 17, 6, 9, 8, 6]
[5, 7, 5, 4, 23, 0, -10, 0]
[0, -3, -3, 0, 21, 10, 0, -2]
[-10, -1, -2, -10, -41, -18, -14, -10]
[-1, 1, 1, -2, -21, -7, -14, -10]
[6, 3, -3, -2, 5, 11, 11, -2]
[2, -1, 2, 1, 18, -2, 16, 29]
[-1, -7, 1, 26, 56, 12, 8, -2]
[-1, 0, 0, 6, -7, -12, -29, -7]
[-7, 0, -2, -8, -10, -12, -17, -10]
[7, -2, -6, -23, -25, -3, -8, -6]
[7, -5, 0, -8, -13, 4, 11, 12]
[1, -7, -1, 5, -6, 6, 17, 5]
[-9, 8, 7, 3, -9, 8, 11, -3]
[-6, -3, -3, 0, -3, -15, -5, -4]
[3, 8, 0, 0, 0, -8, -20, -5]
[8, 4, 1, 3, 46, -1, -10, -6]
[2, -13, 1, 7, -2, 11, 17, 10]
[3, -1, -3, -7, 2, 5, -6, -10]
[-15, 4, 3, 6, -25, 10, 8, -10]
[14, 17, 0, -18, 0, -5, 0, 11]
[2, 6, 5, 5, 10, -9, 4, 13]
[3, -2, 4, 6, 0, -11, 0, -14]
[3, 5, 3, -12, 7, 18, 8, 11]
[-8, -4, -5, 9, 6, -11, 17, -1]
[4, -2, -4, 3, 46, 7, -7, -2]
[-7, 1, -1, -13, -48, -15, -9, -8]
[-1, -5, -4, -19, -71, -17, -25, -7]
[7, -1, 0, 0, 22, 11, 18, 7]
[-2, -6, 2, 1, -11, -4, 3, 2]
[1, -1, 1, 9, -2, -1, 6, 4]
[-9, -7, -2, 14, 46, 15, 0, -8]
[-13, -5, -8, -11, -43, 41, 15, -1]
[-7, -1, -9, -6, -26, -52, -46, -13]
[-8, 8, -3, -11, 6, 9, -2, -1]
[-4, -13, 0, 14, 25, -44, -13, -31]
[-14, -24, -3, -3, -20, -2, -9, 20]
[18, 12, 7, -8, 5, 44, 5, -1]
[9, 26, -1, 6, 17, 46, 13, 7]
[3, 8, -11, -41, -50, -32, -7, 7]
[7, 11, 5, 17, 22, -54, -85, -16]
[-8, -14, 8, 22, 82, 24, 8, -9]
[19, -2, 0, -23, -7, 7, 59, 25]
[-17, -8, 2, 21, -17, 14, 25, -9]
[-11, -8, -12, 4, 36, 8, -17, 4]
[-12, 7, 0, -29, -51, -28, 11, -15]
[5, -4, 0, 28, 91, 4, -25, -6]
[12, 0, 15, 45, 52, 44, 63, 22]
[3, -1, 3, -63, -114, 1, -27, 0]
[-7, -2, -3, 59, 64, -9, 2, 2]
[-18, -12, 1, 2, 21, 8, 4, -18]
[4, 3, 1, -38, 6, -25, -36, 7]
[-7, -2, 0, 11, -26, 24, 23, -18]
[15, 0, -3, -13, -1, 52, 24, 34]
[9, 13, 7, -10, -72, -19, 11, 8]
[-3, -2, 6, 18, 27, -35, -68, -7]
[-3, 10, -1, -31, -40, -27, 13, -21]
[-6, 2, -4, -10, 2, 28, 28, 1]
[-6, -9, -3, 22, 27, 27, 1, 11]
[10, 10, -2, -5, -70, -53, -35, 4]
[7, -2, 8, 12, 91, 37, 45, -9]
[-13, -12, -16, -22, -125, -57, -27, 2]
[-5, 0, -6, 5, 38, 2, -18, 3]
[12, 17, 14, 28, 56, 60, 70, 23]
[-1, -14, -9, -2, -20, -44, 3, 3]
[-7, -16, -14, -42, -54, -27, -27, -17]
[-27, -8, 14, 22, 0, -12, -40, -47]
[-9, -5, -3, -4, -17, 4, -31, -9]
[25, 24, 9, 8, 17, 29, 34, 24]
[9, 2, -6, -15, 75, 15, 15, 19]
[3, -21, 9, 34, -55, 6, 18, -16]
[12, 4, 0, 20, 67, 6, 11, -15]
[-52, -18, -11, -16, -70, -53, -27, -10]
[4, -10, -20, -90, -40, -11, -12, 26]
[60, 6, -27, 19, -36, -18, 0, 11]
[-69, -5, 14, 20, 17, 30, 5, -24]
[16, -5, 1, 32, 61, 39, 39, 7]
[-26, -3, 33, 43, -10, -8, -55, -40]
[3, -8, -32, -7, 4, 3, 30, 21]
[57, 36, 44, 15, 25, -8, 22, 36]
[-37, 0, 4, -8, -8, -22, -61, -60]
[-35, -32, -27, 8, -25, 3, 7, 20]
[35, 21, 35, -10, 6, 21, 6, 26]
[0, -12, -29, -26, -65, -4, -4, -13]
[-7, 4, 3, 7, -4, -22, -13, -29]
[59, 37, 11, 9, 56, 32, 47, 26]
[-42, -32, -13, -33, -35, -26, -18, -34]
[14, -5, -13, -11, 12, -5, -6, 37]
[-22, -29, -12, -22, -19, 1, -32, 2]
[-6, 26, 19, 43, 33, 20, 35, -2]
[60, -6, -8, -20, -11, -65, -10, 29]
[-15, 6, -14, -25, 0, 24, -23, -16]
[5, -9, -7, 23, -4, -18, -17, 1]
[-24, 16, 18, 36, 10, 31, 0, -25]
[0, 26, 19, -5, -32, -36, -36, -14]
[-31, -5, -15, -21, 34, 3, -4, -22]
[28, -21, 20, 47, 22, 8, 22, 47]
[6, -8, -31, -37, 12, 13, 48, -9]
[-35, 34, 41, 52, 10, -29, -18, -23]
