[-42, 13, -34, -17, -24, 16, -1, -16]
[4, -53, -26, -21, 2, 70, 36, 49]
[106, -35, 21, 49, -16, -48, -11, 29]
[7, 15, 13, -12, 0, -26, -21, 67]
[-33, -15, -10, -18, -22, 75, 62, -36]
[1, 50, 3, -24, 24, -6, -50, -35]
[-121, -29, -29, -17, -10, -22, -41, -58]
[1, -3, -14, -18, 20, 27, 17, -10]
[-43, -18, -9, -26, -13, -24, -34, -34]
[6, -6, 18, 20, 23, 11, 30, 61]
[112, 24, 8, 2, -8, 23, 23, 53]
[-17, -11, -5, -8, 6, 20, 5, -9]
[-25, 10, 19, 2, -27, -46, -25, -10]
[-23, -11, -36, 10, 5, -24, -47, -79]
[-48, 5, 34, 17, 11, 7, 46, 28]
[-36, 1, 2, -12, -5, 26, -21, -33]
[12, -17, 4, 2, 8, 11, 8, 7]
[11, 3, 1, 14, -5, -17, -5, 30]
[50, 17, -6, -44, 8, -20, -5, -24]
[-82, -48, -13, 10, 2, 35, 6, -7]
[40, -7, -16, -30, -20, -13, 11, 49]
[-45, 25, 17, -1, 8, -18, -46, -52]
[92, 21, -2, -12, -14, 21, 33, 89]
[-39, -5, -6, 8, -1, -42, -54, -83]
[-55, -23, -22, -30, -3, -17, -7, -65]
[76, 39, 13, 21, 7, 73, 102, 90]
[-120, -28, 7, 29, -1, -32, -73, -83]
[37, -4, -29, -63, -11, -15, 21, 38]
[-18, 24, 29, 51, 6, -11, -39, -44]
[-56, -23, -37, -70, -12, -9, 8, -29]
[76, -30, -2, -23, -3, 33, 50, 19]
[103, 14, 14, 89, 4, 18, 41, 127]
[-44, 0, 9, -2, -4, -23, -59, -80]
[-10, -21, -25, -108, -6, 17, 35, 63]
[36, 24, 51, 106, 24, 15, -33, -9]
[-48, -12, -29, -22, -2, -76, -28, -56]
[0, -13, -15, 6, -39, -40, -4, 11]
[-6, 15, 8, -7, -7, 1, 12, -54]
[-89, -28, -33, -32, -5, -27, -8, 49]
[47, 76, -5, -38, 5, 24, -2, -39]
[-38, -82, -20, -9, 19, 33, 44, 8]
[127, 51, 70, 90, 0, -16, 25, 10]
[-39, -41, -20, 10, 20, 25, 20, 71]
[-68, 39, 25, -9, 19, 85, 26, -80]
[127, 33, 4, -11, -6, -95, -31, 76]
[-71, -9, -25, 9, 9, 40, -13, -128]
[-91, -69, -28, 6, -21, -31, 0, -39]
[71, -31, -9, -55, -15, 9, 19, 105]
[70, 39, 51, 57, 4, 45, 51, 80]
[-56, 17, -6, 23, 8, -24, -18, -47]
[-78, 21, -8, 6, 6, -38, -88, -42]
[11, 11, 42, 12, 8, 31, 48, -5]
[11, -7, -16, 22, -19, 12, 10, 53]
[45, 17, 22, -17, 14, -12, 9, 74]
[-93, 16, -17, -72, -1, -4, -25, -128]
[-31, -39, -5, 83, 3, -44, -20, 14]
[-16, 33, 7, -8, 20, 45, 83, -72]
[-103, -47, -15, -24, -22, 15, -18, 35]
[41, 14, 4, 9, -1, 19, 36, 98]
[-17, -95, -34, -73, -13, -22, -28, -1]
[8, 23, 19, 34, -6, -13, 0, 33]
[-9, 15, 4, 40, 8, -13, -56, -31]
[-68, -42, -41, -88, -17, 11, -43, -128]
[-128, 12, -32, 16, 1, -6, 20, -102]
[67, -29, 14, -9, 3, -33, 30, 76]
[67, -26, 48, 23, 4, 78, 75, -33]
[7, 60, 32, -16, -8, -19, 3, -19]
[-120, -56, -41, -110, -15, -22, -117, -128]
[59, -42, -24, 79, 20, 49, 71, 85]
[98, 24, 15, -7, -32, -36, 28, 107]
[-28, -2, 0, -7, 10, 25, 15, -54]
[-39, 53, 13, 11, 0, -56, -27, -87]
[50, -43, -46, -65, -20, 36, -24, 34]
[-97, -34, -12, 0, -5, 6, -40, -51]
[27, -26, 1, 24, -6, -25, -36, 62]
[112, 63, 10, -26, 7, 77, 57, 118]
[-107, 16, 3, 0, -4, -95, -98, -126]
[-25, 23, -21, 54, -3, 1, 21, 24]
[-116, 30, 34, 15, 23, 24, -11, -99]
[106, -30, 1, 6, -7, 25, 89, 122]
[3, 27, 26, -27, 7, -7, 11, -17]
[-81, -25, -6, -29, -2, 6, -73, -95]
[-17, 52, -14, -18, 5, -7, -2, -127]
[-29, -14, -6, 92, 29, 34, 7, 22]
[74, 29, 45, 8, 4, 78, 107, 68]
[-45, -5, -5, -54, -12, -59, -40, -107]
[106, -29, -15, 20, -6, -28, 19, 127]
[-10, 103, 13, -14, -7, -27, -71, -115]
[18, -45, -14, -33, 23, 49, 65, 66]
[-23, -7, 30, 66, 14, 60, 4, -24]
[30, 9, 12, 13, 14, -31, -45, 5]
[-93, -46, -25, -49, -23, 11, -4, -31]
[34, 48, -7, -12, -12, -46, -58, 32]
[17, 9, -7, -2, 33, 22, 51, 33]
[-40, -4, -5, -22, -9, 16, -6, -67]
[41, -12, -17, -27, -14, -53, -33, 53]
[10, -9, 6, 46, 7, 31, 6, 33]
[94, 31, 21, 30, 16, -1, 14, 25]
[-18, -16, -6, 13, -27, -22, 11, 13]
[-43, -19, 6, -35, -17, -30, -37, -62]
[-111, -21, -33, -48, -12, 15, -24, -87]
[23, -14, -38, 47, 6, -22, -20, -21]
[34, 48, 50, 6, 6, -33, 1, -20]
[-32, -25, 0, -4, 4, 22, -20, -21]
[-47, -10, -6, 4, -18, 12, -4, 37]
[23, 3, -17, -36, -16, -47, 14, 51]
[-66, -14, -22, 6, 8, 10, -8, -89]
[108, 18, 32, 28, 9, -10, 17, 99]
[-16, 3, -9, -26, 2, 5, -33, -58]
[-14, -7, -1, -11, -1, -18, -4, 8]
[55, 11, 1, 14, -9, 15, 11, 62]
[-35, -12, 4, 2, -5, -11, -27, -42]
[-31, 15, -6, 6, 4, -39, -23, -63]
[38, 33, 11, -21, 3, 0, 13, 30]
[-36, -32, -31, -116, -12, 9, 0, -28]
[50, 0, 42, 111, 20, 5, 37, 76]
[-31, 10, 25, 14, 6, 6, -27, -66]
[27, -19, -18, -31, -15, -24, -4, 28]
[14, 7, -1, -23, -5, 22, 2, 3]
[-106, 6, -1, -15, 0, -14, -28, -115]
[68, -13, -15, 25, 14, 23, 51, 92]
[-23, 11, 19, -8, -18, -8, -7, -17]
[21, -8, -2, 31, -2, 0, -3, 12]
[2, -3, -5, 6, -5, 13, 25, 6]
[-48, -2, -11, -18, -4, -23, -41, -70]
[-45, -14, -17, -35, -1, 0, -16, -30]
[52, -18, 3, 39, 6, 4, 26, 59]
[17, 47, 4, -12, -10, 7, 9, 6]
[-31, 15, 3, -21, 0, -17, -33, -50]
[29, 11, 4, 4, 8, 14, 36, 34]
[3, 3, 0, 16, 1, 3, 0, 16]
[-1, -43, -8, -3, 5, 3, 35, 25]
[-3, 17, 3, -2, 4, -19, -61, -24]
[-19, 10, 7, 3, -10, 3, 4, 2]
[40, 22, 8, 25, 6, 8, 21, 24]
[-4, -13, -11, -18, 8, 1, -6, -10]
[-14, -7, 1, -16, 2, 0, 26, -5]
[-13, -25, -10, 2, -15, 5, -13, -5]
[10, 5, -3, -9, 9, 0, -4, 11]
[13, -6, 1, 1, -43, -1, 6, 4]
[-28, -10, -2, 6, -23, -16, -12, -16]
[-27, -16, -13, -10, 24, -6, -3, 2]
[-4, -8, -2, 11, 13, 14, 15, 12]
[19, -1, 2, 38, 49, 10, 14, 35]
[3, 10, 5, 7, 21, 1, -15, -22]
[-1, 20, 4, -29, -39, 4, -16, -21]
[8, 6, -1, 2, -40, -3, -18, 8]
[-1, -14, -11, -54, -29, -15, 12, 5]
[-13, -6, -4, 34, 47, -16, -5, 3]
[-1, -8, 6, 13, 38, 10, 20, -1]
[9, 21, 13, 22, 27, -2, -10, -1]
[2, 1, 4, 2, -44, -5, 3, -4]
[-11, -13, -7, -42, -38, 3, 3, -11]
[1, -4, -5, 9, 34, 10, 6, 4]
[5, 6, 3, 20, 18, 6, 8, 1]
[-2, -7, -8, -21, -9, -7, -11, -6]
[-8, 4, -3, -8, 5, 4, 14, -12]
[-7, -11, -9, -25, -31, 0, 4, 20]
[-3, -26, -6, -38, -82, -8, 4, -12]
[19, 21, 8, 66, 62, 13, 1, -8]
[-6, -8, -12, -57, -97, -17, -17, -12]
[-11, 5, 1, 8, 62, 4, 11, 6]
[32, 23, 2, -29, -53, -14, 17, 25]
[-18, -13, -4, 8, -11, 8, -18, -13]
[8, 29, 12, 22, 69, 16, 23, 13]
[1, 1, -4, 35, 30, -1, -10, -11]
[6, -5, 1, -22, -44, -6, -13, 3]
[-12, -7, -6, -12, -27, -9, 21, -4]
[8, 11, 5, -21, -30, 3, -7, -1]
[0, -6, 1, 24, 4, -10, -19, -2]
[-8, -3, -5, 8, 50, 3, -12, -6]
[0, -6, -5, -26, 10, 6, -5, 2]
[-9, -18, 0, 24, -42, 3, 4, -1]
[5, 0, -4, -48, -38, -9, -1, -1]
[-3, -6, 6, 72, 56, 6, 7, -2]
[-30, -22, -7, -39, 4, -14, -24, -20]
[19, 7, -8, -7, -11, -13, -20, 0]
[4, 13, 9, 12, -70, -1, 12, 1]
[-5, -4, -6, -42, 28, 5, 1, -5]
[4, -6, 1, 23, 19, -4, 10, 11]
[-9, -14, 0, 10, -13, 4, 0, -10]
[0, 2, -4, 6, -11, -1, -2, 3]
[-5, -9, -2, 13, 30, -2, -3, -4]
[8, 8, 8, 24, 57, 16, 4, 3]
[-2, -3, 1, 18, -5, 1, 5, 3]
[-1, 2, 3, -19, 14, 0, -12, -2]
[-1, 0, -4, -15, -34, -8, 5, 4]
[3, 3, -9, 7, 6, 1, -9, 0]
[-1, 0, 4, 27, 18, 4, -1, -5]
[-4, -7, -4, -5, -11, -2, -1, 3]
[2, 1, 0, 5, 0, -7, -7, -7]
[10, 7, 7, -27, -53, -6, 4, 3]
[-6, -11, -5, 6, 79, 9, 5, 4]
[-4, -2, -4, 0, 8, 0, 0, -5]
[-4, 0, 3, 25, -1, -4, -6, -6]
[6, 10, -5, -23, -26, -1, 4, 7]
[-1, 0, 5, -26, -48, -11, -5, -1]
[5, 3, 7, 15, 73, 19, 22, -3]
[1, 2, -1, -19, -6, -1, -9, 0]
[1, 11, 5, 33, 60, 18, 15, 5]
[1, -14, -11, -49, -58, -15, -16, -7]
[-7, -8, -2, 10, 19, -2, -1, 6]
[-8, 3, 2, 6, -4, -2, -7, -11]
[1, 9, 8, 25, 49, 8, -5, -2]
[-6, -5, 1, -6, -21, 0, 10, 6]
[2, 1, -5, -1, -8, -3, -3, -6]
[0, -5, -1, -6, 54, 4, 0, -1]
[-3, -8, -9, -27, -87, -17, -4, -2]
[0, 3, 0, 44, 39, 11, -3, 2]
[2, 0, -3, -33, -17, -7, -7, 1]
[-2, 4, 3, 36, 8, -6, -1, -1]
[2, 0, 0, -28, -63, -7, -1, -1]
[-1, -2, 1, -9, 10, 5, 5, 1]
[-4, -6, 2, 18, 21, 3, -2, -4]
[-4, -7, -4, -20, -34, -7, 2, 1]
[-2, 6, 3, 19, 27, 2, 2, 0]
[5, 3, -1, 7, 42, 1, 2, 2]
[-6, -9, 0, 2, -19, 1, -7, -6]
[7, 9, 0, -28, -16, -5, -4, 11]
[-1, -1, 6, 46, 39, 4, -9, -10]
[-4, -1, 1, 26, 17, 0, 3, -2]
[6, 2, 2, -6, 2, 4, -4, 0]
[-5, -12, -5, 3, -25, -10, -2, -4]
[1, -9, -9, -24, -5, 6, 4, 4]
[1, 5, 8, -9, 0, -1, -1, 2]
[-5, -7, -2, 11, 27, 1, 1, -4]
[1, -3, -5, -5, -27, -2, 2, 0]
[-1, -3, -7, -4, -7, -3, -6, 4]
[-1, -2, -2, 1, 12, 5, 1, -3]
[-1, 4, 0, 18, -25, -11, -1, 0]
[1, 5, 10, -9, 0, -2, 2, -2]
[2, 0, 4, 20, 56, 0, -2, -3]
[2, 1, -5, -27, -63, -4, 2, 5]
[-1, 1, -7, -17, -24, -4, 1, -1]
[-2, -3, -5, 5, 14, -1, -1, -3]
[-1, 0, 3, 2, -17, 0, 3, -4]
[-1, -2, -6, -23, 1, 0, 2, -1]
[-1, 1, 0, -12, -46, -4, -5, 0]
[-3, -6, 1, 27, 53, 6, 10, -5]
[2, -1, -2, -18, -22, -2, -1, 4]
[1, 3, 2, 21, 25, 3, -1, -2]
[-1, -2, -9, -16, -40, -5, -4, -1]
[2, 2, 1, 19, 44, 9, -1, 2]
[-3, 0, 3, -5, -26, -9, -6, 4]
[0, -2, -1, -12, -18, 3, -1, 0]
[0, -2, 4, 1, 0, -4, 0, 0]
[0, -2, -4, -12, 1, 3, -1, -4]
[-1, -4, -5, -22, -10, -10, -3, -2]
[-1, 1, 4, 58, 31, 9, 2, -3]
[-1, -3, -1, -13, 5, -3, 0, -7]
[-1, 3, -5, -11, -38, -3, -4, 6]
[1, -1, -1, 3, 8, -4, 0, 1]
[1, -1, 2, 5, 20, 3, 3, 0]
[-3, -2, -5, -14, 12, 7, 0, 2]
[-2, -3, -1, 7, -22, -5, 2, -10]
[-1, 1, -4, -4, 1, 2, -5, 6]
[-2, -4, 3, -15, -21, 1, -1, 3]
[2, 3, 8, 28, 21, 4, 5, 1]
[-1, -1, 2, 3, 4, -6, -6, 2]
[-1, -1, 1, 2, 1, 7, -3, -1]
[-3, -4, -5, 4, 36, 1, -1, -5]
[2, 0, 0, -21, -17, -4, 1, 1]
[0, 3, 2, 17, 1, 0, -1, -1]
[1, -1, 1, 7, 18, -3, -3, -1]
[1, -1, -1, 1, 29, 1, -2, -2]
[-1, 2, -6, -22, -63, -7, -3, -1]
[0, -2, -2, 6, 19, -2, -1, 0]
[-2, -2, -3, -28, -42, -5, 3, -4]
[-2, -1, -1, 13, 14, 2, 4, 1]
[0, 3, 1, 1, -15, 1, 0, 1]
[-2, 0, -1, -1, 8, 1, -1, 1]
[0, -1, 2, 7, -15, -2, 3, -1]
[-1, -2, -4, -28, -2, -2, -2, 0]
[4, -2, 2, 23, 21, 3, -2, 1]
[-3, -1, -1, -18, -37, -7, -6, -2]
[0, -1, -3, -3, -19, 2, 1, -3]
[0, 3, 2, 0, 6, 2, -2, -1]
[-3, -5, -2, 1, 29, 3, 6, 3]
[-2, 0, -3, -17, -9, -4, 0, -2]
[-3, -1, -1, 4, -16, -9, -5, -7]
[0, 0, 1, -1, -20, -1, 0, 10]
[0, 1, 0, 4, 8, -5, -5, -1]
[1, -3, 0, 6, 2, -1, -24, -4]
[-2, -1, -1, -12, -7, -3, 8, -3]
[-2, 2, -1, 1, 4, -3, -3, -4]
[1, -3, -1, -12, -27, 2, 0, -2]
[0, -2, -1, 14, 62, 6, 2, 2]
[1, -3, 0, 11, -39, -2, -2, -2]
[1, 0, -6, -25, -20, -4, 1, -1]
[-3, 1, 0, 19, 24, 2, 3, -1]
[0, 4, 0, -4, 6, 1, 8, 1]
[1, -1, -1, -13, -6, 1, 0, 4]
[1, -1, 1, 9, -14, 0, 3, 2]
[0, 3, 2, 19, 18, -1, -3, -3]
[-2, 0, 1, -19, -24, 2, 2, -1]
[-1, 0, -1, 9, 21, 2, -1, 0]
[-1, -4, 1, 12, 15, 3, -6, -3]
[2, -1, -1, -6, 24, 3, -1, 0]
[-4, -1, 2, 15, -29, -7, 1, 0]
[0, 3, 2, 17, 68, 3, 3, 3]
[0, -2, -2, -36, -94, -10, -2, -3]
[1, -1, 2, 6, 7, 0, 2, 0]
[3, -5, -1, -14, -8, -1, 2, 0]
[-3, -5, -6, -3, 7, -1, -2, -1]
[2, -1, 0, 5, 21, 3, -2, 0]
[1, 2, -5, -14, -5, -3, 1, -2]
[-3, -1, -5, 5, -14, 2, 2, 0]
[-3, 1, -3, -2, -8, -6, -4, -2]
[1, 3, 2, 10, 40, 4, 2, 0]
[-1, -1, -3, -14, -32, -3, -2, -2]
[-1, -1, -1, -2, 14, -1, -5, -2]
[1, -1, 6, 3, -4, 0, 4, 1]
[-2, -6, -4, 3, 7, 2, 0, 3]
[-1, -3, 5, 6, 31, 5, -3, 0]
[-2, -1, -4, -19, -66, -11, 2, 1]
[-2, -1, 2, 11, 40, 5, -2, 1]
[0, 2, 6, 7, -12, -5, -1, -4]
[-2, 0, 0, -1, -1, 3, -1, -3]
[0, -1, -2, 5, 8, -2, -5, -3]
[1, 0, -3, -11, -11, 0, -2, -2]
[0, 2, -3, 1, 14, 2, -2, -4]
[2, -3, -4, 8, 7, 4, 4, 3]
[-2, -1, 0, -3, -17, -3, 0, -3]
[-1, -1, -4, -14, -16, -3, 1, -1]
[-3, 1, 4, 6, 22, 4, 3, -1]
[-2, -6, -8, -13, -24, -10, -1, -1]
[0, -2, 0, 6, 51, -2, 2, 1]
[0, 1, -2, -6, -50, -7, -4, 1]
[2, 2, -4, -6, 17, 0, -4, -1]
[0, 2, 0, 10, 0, 2, -1, -2]
[0, -5, -2, -8, -30, -1, 3, 1]
[-1, -2, 3, 11, 44, 4, -1, -1]
[1, 0, 3, 16, -16, -1, 4, 1]
[-2, -2, -2, -6, 12, -3, -9, -2]
[1, 0, -3, -5, -14, -3, 0, -1]
[0, 0, 0, 4, -5, -2, -3, -2]
[-1, -5, -4, -24, -17, -3, -3, -1]
[-3, -3, 2, 5, 14, 2, 1, 1]
[-2, -2, -3, -3, 1, -3, 1, -1]
[-1, 1, 4, 3, -19, -1, -1, -1]
[1, 2, -3, -21, -10, -1, -11, 1]
[2, 2, 2, 11, -6, 4, 13, -2]
[1, -2, -5, -7, -19, -4, -6, -4]
[-1, -4, -3, -1, 0, 0, 5, 0]
[-1, -2, -1, 4, -2, 6, 1, -2]
[-2, 2, 4, -10, 22, -3, -7, 1]
[-2, -1, -2, 2, 15, 0, 0, 2]
[-1, -1, -3, -2, -15, -2, 0, -1]
[2, -1, 2, 3, 9, -1, 2, -1]
[1, -2, -1, -5, 9, 1, -2, -1]
[-2, 1, 3, -5, -42, -5, -3, -3]
[-4, -3, -4, 7, 20, -2, -5, 0]
[-2, -1, -3, -1, 16, 3, 2, 0]
[1, 1, 1, -4, -24, -2, 1, -1]
[1, 0, -2, 12, 28, 4, -2, -1]
[1, 4, -3, -21, -15, 5, 5, 0]
[0, -2, 0, -2, -3, -2, 2, 0]
[-4, 0, 1, 5, -9, -6, -2, 0]
[-2, -3, 1, -5, -1, -3, 1, 1]
[2, -1, 3, 3, 13, -3, -3, -2]
[0, -2, -3, -3, 1, -5, -1, -2]
[-2, 0, -1, 3, 4, 3, -3, -2]
[0, 1, -1, -10, -14, -1, -2, -3]
[-2, 5, 6, 12, 10, 0, 1, -1]
[-1, 1, -1, 19, 15, 1, -1, 5]
[2, -3, -6, -6, -9, -3, -2, -1]
[-2, -1, 0, 0, 10, 1, 1, 1]
[-2, 0, 4, 0, -9, -1, -3, -2]
[-1, -2, -1, -12, -9, 1, 1, -3]
[3, 0, 6, 6, 6, 4, 1, 2]
[2, 3, 0, 11, 15, 0, -3, 2]
[-2, -2, -10, -17, -37, -8, -2, -4]
[1, 3, 2, 22, 32, 6, 3, -3]
[-5, -2, -5, -18, -52, -9, -4, -2]
[-2, 2, 4, 10, 20, 0, 2, -1]
[0, -2, -1, -6, -8, 1, -3, 2]
[-1, 0, -2, -4, -9, 2, -8, 2]
[1, 2, 0, 8, 26, 2, -2, -2]
[0, -3, 0, 14, 23, -3, -1, 0]
[-3, -3, -1, 1, -19, -4, 1, 1]
[2, 0, 0, -18, -15, -3, -1, 1]
[-1, -4, 0, 0, 5, 1, 0, 2]
[-2, 0, -3, -15, -15, -4, -2, -4]
[0, -1, -3, 8, 33, 1, -2, -1]
[-3, 1, 1, -14, -35, -3, 2, -4]
[-1, 4, 1, 2, -20, 2, 2, 0]
[0, 3, 2, 16, 27, 2, 6, 1]
[3, -3, 0, -2, 10, 4, -2, 0]
[-1, -4, -3, -1, 1, -2, -3, 0]
[-1, -4, -2, -2, 12, 0, -1, 1]
[-2, -5, -8, -31, -24, -4, 0, -1]
[0, -1, 2, 27, 13, -1, 0, -2]
[2, 3, -1, 5, 9, 1, 3, -3]
[2, -2, 0, 2, 11, 1, -3, 0]
[-1, -2, 1, -13, -3, 0, -1, -1]
[-3, 1, -5, -12, -9, -6, -1, 1]
[-3, -3, 2, 8, -1, 3, 3, 1]
[-2, 0, -5, -11, -16, -2, -2, 0]
[-2, 3, -3, 0, -3, 0, 2, 1]
[2, 2, 2, 5, 5, 5, 4, 2]
[-1, 0, 5, 13, 5, -2, 0, -2]
[1, -4, -6, -2, 10, 0, 4, 0]
[0, -2, 5, 2, -22, -3, -3, -2]
[0, -4, -5, -6, 16, 1, -10, -2]
[-3, -1, -3, -6, -1, 0, 3, -2]
[1, 0, 3, 5, 13, -4, -2, 1]
[-3, -5, -4, 16, 16, -4, -14, -2]
[-1, 1, 0, -2, -19, -2, 10, 0]
[-2, 0, -2, -15, -58, -5, 0, 2]
[-2, -3, -2, -9, 8, 4, 19, -3]
[1, -2, -1, -3, -26, -5, -5, -3]
[3, 1, -4, -9, 8, -2, -4, 0]
[1, -3, -1, 3, 13, 1, -1, 0]
[5, 6, 2, -4, -2, 4, 7, 8]
[-4, 0, 0, 3, -1, 3, -18, -6]
[0, -1, 1, 4, -7, -5, -15, -5]
[2, 0, -2, 0, 20, 3, 11, -1]
[-2, -1, -1, 4, 27, -1, -1, -2]
[4, 4, 10, -3, -28, 6, 5, 4]
[-2, 2, 7, 0, -1, 0, 1, 0]
[0, 3, -1, 3, 8, -4, -12, 1]
[-5, -4, -7, 1, -28, -8, -4, -1]
[-3, 2, -1, 2, 46, -4, -10, -5]
[2, 1, -1, -21, -63, 1, 3, 5]
[8, 1, -4, 12, 19, 4, 31, 6]
[-4, -7, 1, 5, -6, 5, -11, -4]
[-2, 3, 0, -3, -9, -4, 1, -3]
[1, -1, 1, 8, 24, -1, 2, -1]
[-4, 0, 1, 17, 54, -4, -14, -1]
[2, 2, 1, -26, -74, -4, -1, -2]
[1, -6, -5, 3, 27, 0, -2, -1]
[-4, -1, -1, 5, -2, 0, -3, 0]
[1, -2, -3, -2, -19, 4, 8, 0]
[0, 4, 4, -7, 16, 0, -5, -1]
[4, -2, 1, 24, 17, -1, 4, 4]
[-2, 0, 1, -6, -31, 2, 8, 2]
[4, 4, 5, 5, 32, 4, -7, -5]
[-6, -3, 2, 18, 58, 7, 13, 4]
[-4, -1, -10, -29, -90, -10, -10, -2]
[1, -1, -3, 2, 26, 2, 19, -1]
[-11, -5, 7, 20, 8, -7, -9, -15]
[2, 4, 3, 15, 17, 12, -20, -8]
[10, 1, -3, -9, 7, 4, 27, 29]
[-4, -4, -2, -14, -26, -19, -13, -2]
[6, -3, -1, -8, 8, 3, 2, -2]
[-3, 3, 3, 9, 4, 0, 5, 4]
[-11, -3, 6, 37, 38, 14, -12, -10]
[-2, 0, 1, 15, 56, 0, -5, -14]
[0, -3, -10, -43, -106, -32, -16, 9]
[6, -3, -2, -5, 27, 11, 7, 4]
[0, 3, -4, -17, -14, -10, 7, 1]
[-1, -3, 0, -29, 3, 2, 0, -3]
[4, -1, 0, 25, 73, 23, -1, 8]
[-5, -1, -2, 13, -14, -5, 21, 8]
[7, 5, -2, -45, -73, -3, 18, 4]
[6, 0, 4, 18, 68, 43, 21, -5]
[-8, -7, -5, -32, -20, -43, -31, -15]
[8, -5, 1, 11, -13, -3, 0, 7]
[-8, -5, 1, 0, 34, -3, -10, -28]
[-6, 0, -6, -12, -71, -28, -33, 1]
[2, -5, -8, 36, 26, 18, 22, 18]
[-6, 14, 2, -32, -79, -12, -4, -5]
[9, -3, 7, 13, 76, 1, 13, 0]
[7, -1, 1, 1, -1, -3, 9, 25]
[7, 6, 2, -8, 9, 26, 14, 9]
[0, 0, 1, 34, 81, -20, -36, -9]
[1, 7, -5, -58, -92, -8, -2, 1]
[-8, -4, 0, 23, 89, 0, -21, -12]
[-13, -10, -3, -10, -8, 10, 28, -2]
[0, -2, -7, -20, 11, 8, -44, -4]
[7, -1, 5, 30, -1, 2, 58, 19]
[-8, -8, -5, 0, -26, 1, -10, -10]
[-2, 3, 9, 12, 27, 13, -21, -8]
[0, 3, 1, -29, -19, -42, -18, -8]
[-17, -13, -4, 29, 62, -5, -57, -24]
[-4, 3, -11, -40, -70, -16, 17, 9]
[12, 16, 11, 25, 42, 16, -21, -14]
[29, 2, -19, -36, -110, -11, 25, 33]
[20, 12, 30, 44, 71, 66, 74, 45]
[-50, -23, -36, -68, -19, -43, -44, -41]
[-3, 5, 27, 80, 29, 12, -13, -7]
[-9, -20, -28, -60, 9, -10, -4, -15]
[15, 13, 28, 70, 16, -4, -10, 4]
[12, 2, 8, 26, 56, 56, 32, 14]
[-28, -19, -49, -102, -128, -60, -25, -14]
[-3, 2, 18, 40, 6, 15, 3, -10]
[-7, -6, -14, -64, -22, -39, -53, -28]
[2, 7, -2, 14, 30, 14, 11, 2]
[-28, -3, 17, 14, -10, 7, 21, 0]
[63, -1, -8, 21, -2, 8, 16, 19]
[-28, -6, -8, -38, -28, -24, -61, -32]
[35, 18, 18, 50, 29, 10, 28, -22]
[-43, -29, -55, -108, -42, -35, -19, 20]
[30, 10, 47, 90, 39, 23, 8, 5]
[8, 4, -4, -9, 11, 23, 74, 56]
[-53, -3, 8, 36, -13, 1, -19, -41]
[89, 12, 21, 42, 43, 24, 33, 44]
[-40, 5, -8, -42, -8, -6, -25, -39]
[-20, -21, -33, -25, -70, -44, -19, -10]
[5, 5, -2, -13, -7, 10, 28, 10]
[16, -2, 4, -1, 27, 37, 54, 49]
[-48, 2, 29, 29, 61, -12, -66, -33]
[31, 11, -20, -25, 3, 0, 34, 8]
[-5, -15, -1, -16, -33, 8, -3, 16]
[22, 13, 20, 33, -8, 2, -9, -6]
[5, -5, -21, 13, -2, -6, 14, 31]
[-41, -7, -17, -48, -23, 1, -35, -66]
[-4, -6, 3, 38, 5, -7, -3, 15]
[-1, -2, 10, 7, 32, -6, 6, 16]
[20, -3, 3, -5, -3, 4, 31, 18]
[-25, 7, -10, -32, 6, -7, -23, 1]
[11, 7, 30, 44, 22, 19, 10, -20]
[-54, 39, -12, -35, -7, -7, -57, -30]
[55, -36, -21, -19, -13, 4, 49, 70]
[1, 9, 45, 37, 15, 20, 21, -6]
[30, -40, -64, -84, -29, 7, -16, 19]
[-69, 37, 71, 41, 20, -16, -60, -69]
[46, -8, -19, -24, -1, -13, 43, 19]
[8, 3, 7, 11, -6, 20, 23, -7]
[-66, 7, 11, 21, 12, -60, -87, -21]
[96, 7, 11, 5, -16, 35, 73, 54]
[-119, -14, -35, -39, 8, 8, 30, -18]
[59, 4, 18, 27, 9, 46, 49, 111]
[22, 21, -6, -54, -20, -18, -9, -39]
