[-51, 11, -16, 20, -2, -7, 22, -63]
[-90, 27, -8, -96, -12, -20, -128, -107]
[94, 5, -15, 29, 22, 52, 127, 74]
[103, 16, 62, 13, -14, -39, 45, 66]
[7, -9, 34, 35, 1, -82, -72, -26]
[-42, -28, -46, -62, -25, 81, 46, -94]
[-92, 14, -18, -65, 13, -40, -92, -124]
[-10, -22, -49, 28, -35, -17, -39, 6]
[-51, 26, 20, 8, 19, 37, -71, -66]
[29, 1, 2, 5, -6, -47, 3, 53]
[49, 20, 43, 26, 14, 4, 24, 57]
[-29, -44, -37, -60, -11, -46, -46, -6]
[-61, 6, -19, -17, 18, 32, 9, -49]
[-2, -37, -14, -1, -47, -25, -6, 8]
[9, 17, 15, 34, -15, -13, -74, -14]
[-65, 34, 28, -2, 1, 23, 46, 28]
[25, 12, -16, -3, -7, 13, 15, -2]
[22, 5, 14, 18, 31, -7, 15, 11]
[27, 1, 14, 20, -3, 2, 58, 36]
[-128, -8, -31, -63, -15, -25, -128, -128]
[50, -22, -10, 53, 11, 16, 91, 120]
[-52, -19, -37, -90, -35, -107, -118, -81]
[25, 9, 70, 102, 18, 17, 65, 40]
[2, -16, -25, -52, -2, -18, 6, -5]
[-90, -31, -30, 0, -48, -41, -47, -85]
[21, 7, 28, 33, 31, 26, 7, -9]
[11, 8, 17, 41, 1, 34, 35, 50]
[23, -6, -5, -44, 10, 16, 0, 34]
[-21, -6, -19, -8, 16, 34, -73, -41]
[-57, -8, -30, -35, -9, -27, -1, -45]
[37, -1, 6, -7, 9, -17, -39, 23]
[9, -3, 12, -4, -9, -8, 36, 41]
[-92, -9, -9, -33, -7, 14, 2, -58]
[61, 24, 12, 49, 12, -20, -5, 29]
[-55, -28, -8, -17, -11, 10, -27, -24]
[56, -7, -17, -7, -22, -31, -1, 34]
[23, 10, 7, 6, 1, -5, -3, -7]
[9, -6, 8, 17, 17, -11, 13, 30]
[6, 30, 6, -16, -11, -16, -31, -34]
[-1, 3, -8, -61, -12, -6, 11, -13]
[-35, 9, 15, 55, 6, 6, 7, -15]
[51, 11, 45, 66, 24, 8, 22, 43]
[-16, -19, -1, 10, 12, -2, -4, -18]
[13, -6, -9, -6, 9, 2, -21, -8]
[-22, 5, -2, -30, -35, -39, -42, -31]
[-7, 6, 15, 38, 26, 69, 82, 64]
[-10, -6, -1, 5, -41, -5, -11, -5]
[9, 23, 12, 25, 9, -12, -18, -43]
[27, -24, -20, -46, 1, 24, 27, 55]
[7, 0, -11, -22, -10, -20, -12, 11]
[-13, -7, 2, 6, 8, -9, 2, 2]
[-15, -24, -10, 5, 4, -18, 12, 4]
[-18, -5, -2, 9, 19, -20, -7, -44]
[31, 63, 12, 4, -9, -35, 0, 16]
[7, -4, 1, -5, -2, 15, 5, 5]
[19, 16, 7, 19, 10, 22, 2, -12]
[-4, 7, 14, 10, -6, 34, 9, -4]
[6, -24, -10, -25, 3, 22, 11, 13]
[-14, -6, -16, -36, -29, -2, -15, -19]
[-13, -4, 9, 34, 0, -5, -7, 8]
[-17, -3, 0, 8, -12, 0, 18, -2]
[7, -10, -13, -10, 42, 21, -11, 2]
[-11, -5, 3, -23, -61, -27, -22, -25]
[-4, -6, 3, 43, 83, 2, 11, 4]
[-3, 12, 0, -8, -3, 0, 5, 2]
[-7, -27, -14, -22, -72, -39, -28, -18]
[12, 18, 8, 13, 59, 18, 52, 9]
[2, -1, -4, -10, -24, -54, -11, 11]
[-7, -2, -1, -9, -26, 9, 1, -15]
[-11, -15, 0, 9, 31, 31, -6, 7]
[5, 28, 6, 10, 5, 5, -28, -13]
[21, 3, 2, -15, -18, 34, 46, 34]
[5, 7, -1, 4, 10, 3, 2, -3]
[-5, -15, 0, 13, 16, -14, 4, -4]
[-3, -14, -6, 14, 19, -18, -15, 5]
[-6, 4, -2, -10, -27, -2, -17, -15]
[-4, 2, 2, 6, -5, 5, -2, 1]
[2, 0, 0, 13, 1, 0, 3, -5]
[-16, -9, -2, -8, 20, -9, -17, -6]
[1, -3, 0, -10, -30, 2, 10, 2]
[1, -4, -11, -62, -74, -11, 5, -3]
[8, 3, -1, 21, 21, 9, -15, -15]
[-9, -22, -6, 26, 37, 2, 9, 31]
[-9, 1, 5, 22, -59, -3, -8, -12]
[14, 23, 8, -1, 45, -1, 2, -4]
[3, 8, -6, -34, -21, 2, 34, 22]
[-15, -6, -3, -13, 31, -2, -40, -30]
[-1, -17, -14, -23, -80, 10, 37, 40]
[-15, -1, -2, -3, 32, -7, -22, -24]
[18, 22, 8, 8, -18, 9, 15, 22]
[-5, -8, -4, 10, 23, -7, 10, -5]
[1, -3, 0, 2, 34, 12, -17, -9]
[0, 2, 0, -23, -33, 0, 11, -3]
[3, -10, 0, 19, 62, 6, -13, 0]
[3, 1, 7, 6, 0, 3, 14, 5]
[-8, -7, -2, -12, 56, -22, -23, -21]
[-3, -6, 1, 15, -26, -8, -1, 4]
[-2, 2, -3, -4, -18, -10, -7, -5]
[1, -4, -2, -18, -34, -8, 5, -2]
[-3, -7, -3, -29, -43, -1, -1, -9]
[-12, -14, -10, 54, 107, 8, -13, 13]
[-14, -26, -6, -4, 30, 8, 44, -1]
[39, 51, 21, -7, -40, -6, -26, -2]
[13, 36, 16, 23, -27, -8, -1, -4]
[-6, -18, 1, -3, 17, 8, 14, 12]
[13, 21, -1, -10, -14, -5, -17, -9]
[-13, -29, -14, -9, -10, -4, 24, 1]
[4, -3, -1, -1, 11, 3, -26, -5]
[4, 15, 0, -14, -45, -2, -1, 1]
[-9, -11, 3, 38, 46, 5, 3, -2]
[-4, -7, -3, -4, -25, 2, 5, -2]
[-2, 4, 0, 5, 61, 6, -6, 2]
[-5, -9, 4, -15, 28, 4, 6, -1]
[5, 1, 2, 17, -39, 0, -1, 3]
[-5, -8, -9, -14, -29, -15, -4, -2]
[-6, -12, -7, 4, -39, -15, -5, -2]
[5, -3, -7, -34, -9, 10, -4, -7]
[-3, -6, 8, 32, 63, 1, -12, -4]
[7, 13, -5, -19, -61, -3, 2, 5]
[-5, -5, -4, -14, 19, -6, 27, 1]
[-1, 5, 4, 14, 22, -2, -9, -5]
[-8, -6, 0, -14, -6, 2, -5, -1]
[0, -19, -3, 28, 1, 9, 3, -1]
[7, 10, -2, -31, -9, -2, -3, 3]
[2, 2, 3, 39, 28, 9, -1, -4]
[7, 11, 0, -10, -12, -1, -2, 1]
[-7, -7, 1, 25, 18, 6, 6, 3]
[-4, -5, -1, -12, 17, 1, -7, -4]
[1, 8, -5, -28, -54, -13, -4, 2]
[-5, -5, -9, -30, -21, -11, -8, 0]
[-3, 2, -1, -7, 37, 2, 2, -1]
[0, -2, 6, 43, 65, 10, -4, -1]
[0, 2, 9, -7, -26, -4, -1, -1]
[2, -1, 2, 9, -12, 6, 5, 2]
[-9, -3, 2, -11, 15, -7, -1, -1]
[-4, -3, 0, -4, -25, 4, -1, 0]
[-6, -14, -5, 28, -14, -15, -6, -4]
[7, 9, 3, -23, -32, 1, -7, -7]
[5, 13, 6, 41, 35, 6, 3, 2]
[-10, -9, -2, -2, -3, -6, -6, -9]
[-5, -3, -6, -13, -16, -5, -3, 7]
[2, -3, -5, -22, -52, 0, 4, 3]
[7, 8, -1, 29, 81, 8, 2, -1]
[0, -3, 0, -14, -77, -10, -12, -3]
[-3, 2, 5, 30, 71, 15, 6, -1]
[-1, 4, -1, -11, 21, -7, 1, -1]
[-5, -6, 1, -36, -20, 1, 1, 4]
[3, 1, 4, 27, 44, 5, 3, 0]
[3, 3, 0, 7, 33, 3, 1, -3]
[-1, 0, -2, 11, -13, 1, -4, 0]
[-7, -4, -9, -14, -17, -13, -4, -2]
[1, -4, -3, -12, -40, -7, 0, 5]
[3, 4, 1, 37, 90, 12, 2, 0]
[-1, -3, -5, -35, -73, -4, 4, -1]
[1, -1, -3, -3, -46, 4, -5, -6]
[-5, -3, -6, 3, -29, -9, 8, -1]
[2, -2, -3, -43, -58, -11, -5, 1]
[5, 6, 4, 12, 55, 11, 3, 0]
[0, -1, 1, -33, -2, 1, -1, -2]
[-5, -4, 3, 76, 101, 11, -1, -3]
[-5, 4, 3, -7, -34, -4, -2, -1]
[1, 5, -1, -6, -40, -8, -12, 8]
[3, -1, -4, -16, -57, -7, 12, 17]
[1, -1, -4, -10, 19, 0, -20, -6]
[2, -3, -2, -6, -33, -3, 5, -1]
[-2, -1, 0, 20, 61, 9, -20, -10]
[-3, -4, 0, 1, 23, 4, -2, -2]
[5, 3, -3, -20, -61, -6, 4, 2]
[4, 2, 0, 2, 39, 5, 1, 2]
[-6, -4, -6, -20, 18, -8, 1, -1]
[0, -4, -2, -39, -28, -3, -3, -3]
[-1, 0, 10, 66, 53, 8, 3, 2]
[-3, 0, -4, -20, -62, -12, -3, -3]
[-1, -1, 0, 10, 27, 4, 12, 4]
[-3, -1, 2, 23, 43, 1, 2, -4]
[-1, 0, 4, -3, 45, 11, 4, 1]
[1, -2, -7, -46, -70, -11, -3, -1]
[1, 0, 1, 13, 14, -2, 4, -8]
[0, -5, -4, 2, -7, -3, 13, 1]
[6, 8, 2, -21, 3, 6, 8, -1]
[2, 3, 6, 52, 70, 5, 6, 9]
[1, 0, -5, -24, -29, -1, 3, 0]
[0, 0, 3, 18, 6, 2, -7, -3]
[-3, -5, -7, -24, -24, -7, -4, -6]
[-1, -2, -1, 7, 12, 2, 1, -3]
[-3, -2, -3, -10, -9, -1, -2, 2]
[-1, 0, -1, 8, 5, -1, -8, -7]
[1, -4, -1, -6, 29, -1, 0, 3]
[-1, 1, 5, 21, -26, -1, -3, -1]
[-2, 1, -2, -17, 4, -2, -2, 1]
[-2, 0, 6, 17, -13, -5, -4, -2]
[-3, -2, -6, -18, -4, -5, -3, -1]
[1, -3, 0, 5, 25, 10, 3, 2]
[1, -2, -1, -17, -69, -5, -1, -2]
[-3, -3, -5, -3, 5, -4, -3, -2]
[3, 1, -1, -5, 33, 2, 0, 2]
[-2, -1, -1, -6, -23, -4, -4, -4]
[2, 1, -1, 10, 4, 0, 4, 0]
[-1, 3, -6, -10, -20, -4, -5, -2]
[-2, -4, -2, 2, -8, -1, 1, 2]
[-3, -1, -1, 10, 28, 5, -2, 0]
[0, 1, 5, 17, 17, 1, -2, -2]
[-2, -2, 1, -15, -21, -1, 21, 0]
[-2, 1, -2, -7, -31, -3, -3, 1]
[2, -1, -4, 1, 24, 2, 1, -3]
[-2, -2, -1, -5, -12, -2, -1, 2]
[-1, 1, 5, 24, 13, 2, -4, 0]
[-3, -2, -3, -24, -39, -3, -2, 1]
[1, -1, 0, -2, 12, -5, 1, -2]
[1, -1, -3, 7, 38, 1, -2, -2]
[1, 1, 3, -1, 17, 3, -1, 1]
[-5, -2, -1, 1, -38, -5, -2, -1]
[-3, -3, -2, -12, 4, 7, -5, 0]
[1, 1, 0, 13, 23, 5, 2, -2]
[-2, -2, -5, -33, -8, 0, -5, -1]
[0, 2, 1, 31, 14, -6, -3, -2]
[2, 2, 2, -20, -14, -1, 1, 0]
[-1, 4, 2, 23, 30, 4, 1, -1]
[-2, 0, -1, 11, -10, -2, -2, -2]
[-1, -2, 1, -13, -11, 2, 0, 0]
[-2, -4, -3, -1, 18, -3, 0, -1]
[0, -6, -8, -36, -27, -5, 1, 2]
[-2, 0, 2, 25, 35, 1, -2, -4]
[-3, -2, 0, 8, -23, -5, -2, -2]
[2, 0, 0, 3, -20, -6, 1, -1]
[-2, 0, 3, -11, -15, -2, -10, -2]
[2, 1, 2, 5, 7, 3, -3, 2]
[0, 2, 1, -7, 19, 7, 0, -4]
[-1, -1, -2, 3, -31, -3, 3, 14]
[3, 1, -1, -14, 3, 0, -1, 0]
[-3, -1, -2, 17, 19, -1, -4, -1]
[1, -2, 1, -14, 15, 4, 2, -2]
[-1, 0, -1, 8, 12, -1, -5, -4]
[-3, 0, -1, 1, 8, 0, 3, 2]
[-2, -3, -5, -1, -9, -5, -5, 0]
[-1, 0, -5, -28, -36, -8, -1, -2]
[2, 4, 3, 18, 18, 2, 2, -2]
[1, -1, 0, 17, -13, -2, -2, -1]
[1, -1, 2, 7, 54, 6, -2, -4]
[-2, -8, -8, -30, -80, -13, -6, 2]
[-1, -1, 0, -22, 2, 2, -2, -3]
[-1, 0, 1, 0, 8, 2, 4, -1]
[-1, -1, 1, -9, 6, 0, -4, -2]
[-1, 2, -1, 27, 29, -1, 1, 1]
[0, 3, 1, -4, 14, 4, -2, -2]
[-1, -2, -7, -13, -36, -4, -2, -3]
[-1, -1, -1, 14, 21, -1, 2, 1]
[-2, -2, -4, 1, -3, -2, -2, 2]
[-2, 2, -1, -10, -32, -1, 0, -2]
[-1, 2, 4, 10, 24, 1, 3, -2]
[1, -1, -4, -15, -32, -4, -1, -1]
[1, -1, 2, 25, 45, 2, -2, 1]
[1, -5, -2, -1, -33, 5, 0, 0]
[1, -1, 1, -8, -6, 3, 0, 2]
[0, 0, -1, 16, 27, -2, -1, 0]
[1, 1, 0, -7, -51, 0, 0, -2]
[-2, 1, 1, 1, 22, 3, 1, 2]
[-3, -5, 1, 5, 15, 1, -1, 1]
[-3, -1, 2, -25, -46, -8, 2, 0]
[1, 0, 3, 8, 46, 1, 2, -2]
[2, 1, -4, 11, 22, -1, 1, -1]
[0, 2, -1, 13, -11, 2, -3, -2]
[-1, 0, -4, -15, 14, 0, 1, -1]
[-2, -2, 0, 18, -18, -1, 1, 0]
[1, 1, -1, -3, 27, 7, 3, 1]
[-4, -4, -4, -19, -48, -13, -10, -3]
[0, -1, 0, 0, -4, 0, 13, -3]
[-2, -2, -5, -16, -32, -6, -5, -3]
[2, -2, 0, 19, 7, 4, -2, -1]
[-3, 1, 2, 3, 37, 6, 2, 2]
[-3, -4, -1, -3, -30, -8, -7, 0]
[-1, 0, 0, -33, -2, 0, -1, 1]
[0, 1, 2, 30, 27, -1, 1, -1]
[0, -1, -1, -5, 1, -1, 0, -1]
[-3, -2, -5, 2, -9, -4, -4, -1]
[-1, 1, 2, 9, 16, 3, 6, -1]
[-1, 0, 3, -13, -25, -3, -2, 1]
[1, -3, -4, -18, 8, -1, 3, -1]
[-2, -1, 1, 7, -22, -7, -6, -1]
[1, 3, 6, 24, 27, 2, -2, 0]
[0, -1, -4, -33, -16, 1, -2, 0]
[0, 2, 1, 21, 35, 5, 1, 0]
[-2, 0, -1, -13, -21, -1, 0, -2]
[1, -3, -4, 12, 23, 1, -2, 0]
[-1, 1, 2, 3, 12, 2, 2, -1]
[-1, 0, 0, 5, 10, -2, 4, 0]
[-1, 3, -3, 2, 13, -2, -10, -3]
[0, -2, -4, -11, -20, -5, -3, 0]
[1, 1, -1, 1, 23, 4, 0, 1]
[-3, -3, -1, 0, -8, 4, 0, -1]
[-1, -3, 1, -18, -31, -3, 4, 3]
[1, 0, 1, 22, 33, 2, 1, -1]
[4, 1, 3, 0, -12, -1, 3, 1]
[0, 3, 1, 26, 0, -2, 0, -2]
[0, 2, 3, -15, 8, 2, 1, -1]
[-1, -3, -3, -7, 17, -2, -3, -2]
[0, -4, -3, -26, -70, -3, -3, -1]
[-1, -4, 1, 13, 11, 2, 1, 1]
[-3, -1, -2, -13, -46, -8, -3, -3]
[-2, 3, 5, 20, 60, 6, 1, 1]
[-1, -1, -7, -12, -7, -7, -2, 0]
[-1, 1, 1, -1, 8, -1, -2, -2]
[1, 0, 2, 10, 15, 2, -3, -3]
[-1, -1, -5, -16, -50, -3, -2, -4]
[-2, 0, -1, 2, 18, 4, 3, -1]
[-2, -2, -4, -16, -31, -4, 1, 2]
[-2, -2, -4, 7, 18, 2, 1, 1]
[0, -2, 4, 7, -5, -1, -2, 0]
[2, 0, 2, -1, 14, 5, 1, 1]
[4, -2, -1, -6, -1, 1, -1, 2]
[-1, 2, 0, 20, -7, -4, -2, 0]
[-2, -4, -5, -1, 0, -1, -2, 1]
[1, -2, -1, 2, 25, 2, -1, 1]
[-2, -1, 1, -15, -21, -2, 0, -2]
[-1, -1, -3, -4, -5, -4, -2, -5]
[-1, 5, 0, -5, -5, -1, 0, -2]
[1, -1, 3, 4, 7, 5, 0, -3]
[-1, -2, 2, 1, 13, 3, -2, 1]
[-4, -6, -1, -6, -13, -6, -2, -2]
[0, -3, -4, -5, -9, -2, 0, -1]
[0, 1, 4, 11, 20, 0, 2, 0]
[3, 3, 3, 5, -7, 2, 2, -1]
[-3, 0, -4, 1, -19, -3, -1, 0]
[-1, -2, -2, -12, 21, 5, 1, 0]
[2, 1, 2, 12, -19, -1, -2, -2]
[2, -4, -9, -13, -1, -1, -4, -1]
[0, 1, 3, 19, -2, -2, -3, -4]
[-5, 0, 0, -4, -5, -3, 2, 1]
[-3, -3, -3, 1, 15, 6, 2, 1]
[-4, 1, -1, -8, -6, -4, -2, 0]
[1, -2, -7, -9, -7, 0, -3, -1]
[0, -1, -1, 5, 2, -4, 0, 0]
[2, 0, 3, 5, -5, -4, 1, -3]
[0, -3, 0, 2, -5, -1, 2, -1]
[-1, -1, -6, -7, 0, -3, -1, -1]
[2, 3, 4, -5, -9, 4, -2, -3]
[-1, 2, 0, -12, 1, 0, -2, 0]
[-3, 1, 4, -4, -14, -4, 0, -5]
[-1, 1, 2, 0, 20, -3, -5, -2]
[-1, -3, -5, -2, -3, -3, -3, 1]
[1, -2, -2, -4, -23, 1, -2, 2]
[1, 0, -1, 10, 10, -1, 0, 3]
[-1, -1, 2, -1, 0, -2, 3, 1]
[-4, -3, -1, 8, 12, -1, -1, -3]
[-2, -3, -2, -11, -7, 0, -5, -2]
[1, 0, -4, 2, 9, 3, -2, -3]
[-2, -1, -2, -12, -6, 0, -1, -1]
[2, 3, 0, -6, -9, -4, 0, 2]
[-2, 0, 0, 25, 20, 4, 6, 0]
[3, 3, 0, -24, -4, 3, 8, 6]
[0, -3, -3, -6, -18, -5, -8, -4]
[0, -2, -4, 11, 1, 3, -2, -1]
[0, 1, 2, -3, -11, -5, -5, -3]
[-3, -2, 0, 3, -1, -2, -3, -2]
[-1, -3, 4, 1, -5, -3, -5, -3]
[1, -1, -3, -19, -33, -10, -9, -2]
[4, 3, -4, 2, 17, 8, 21, 6]
[1, 2, 4, 12, 29, -4, -12, 0]
[1, -1, -3, -32, -33, -1, 6, -1]
[0, -1, 4, 23, -11, -3, -4, -4]
[-9, -5, 0, -15, 0, -5, -16, -5]
[0, -6, 1, 14, 15, 16, 29, 6]
[-1, 2, 1, 10, -4, -3, -18, 1]
[3, -3, -5, -24, 17, -6, 3, -6]
[-4, 5, -4, -1, 11, -1, 14, 5]
[-8, -8, -3, 18, 47, 8, 0, -9]
[4, 10, -4, -22, -55, -20, -22, -3]
[-1, -1, 1, -5, -15, -9, -3, -3]
[4, 1, 6, -10, -9, -2, -25, -5]
[-4, -6, -3, 4, 3, 3, -2, -4]
[-2, -5, 0, 11, 27, 14, 15, 6]
[-4, -2, 2, 4, -18, -3, -3, 2]
[10, 0, -7, -1, 18, -9, -10, -1]
[-6, 2, 0, -4, -26, -7, 39, -14]
[-8, -3, -10, -5, 11, -3, 1, 5]
[9, -2, -1, -19, -6, 9, -7, 2]
[14, -4, 0, 23, 29, -6, 25, 25]
[-7, 2, 5, 6, -5, -3, -13, 2]
[2, -5, 0, -22, 9, 1, 31, -4]
[-9, 23, 9, 21, 55, 15, 4, 5]
[-1, -10, -1, -12, -61, 15, -24, -21]
[1, -9, -4, -8, -8, -40, -71, -14]
[18, 19, 7, 26, 73, 1, 17, 21]
[2, -6, 2, -7, -34, 26, 52, 19]
[-16, -2, -1, 17, 42, 26, 6, 2]
[10, -6, -6, -13, -41, -12, 29, 2]
[-15, -10, -1, 21, 53, 25, -8, -30]
[3, 7, -6, -17, -22, -31, -23, -7]
[-15, 0, -4, 2, -19, 6, -8, 1]
[6, 9, 12, 21, 8, -12, -14, 1]
[-3, -13, -5, 13, -6, 13, 77, 19]
[-30, -18, -18, -37, -26, 14, -81, -48]
[2, -7, 6, 39, 95, 58, 74, 12]
[10, 17, 19, 49, 16, 43, -28, 6]
[-8, -6, -10, -33, -17, 11, -51, -19]
[15, 12, 0, -25, 25, 40, 60, 21]
[8, -3, 11, 38, 49, -78, -33, -9]
[-9, -2, 0, 0, 35, 23, 17, -18]
[-12, 6, -5, 8, -38, -94, -75, -9]
[14, 3, 5, 2, 34, 72, 101, 22]
[-34, -25, -24, -39, -33, 17, -65, -5]
[8, 16, 12, 2, 51, 4, -18, 17]
[27, 14, 14, -42, -78, 76, 14, 10]
[6, -10, -12, 6, 7, -54, 42, 23]
[7, 10, 14, 50, 48, -30, -3, -1]
[-14, -13, -16, -17, -25, -4, -34, -4]
[-6, 0, 7, 18, 51, 23, 35, -5]
[0, -4, -5, -36, -46, -65, -98, -25]
[5, 1, 3, 10, -56, -6, -20, -10]
[-5, -19, -6, -5, 17, 5, 45, 10]
[0, -1, 3, -6, -70, -64, -70, 1]
[-5, -4, 5, 80, 106, 114, 92, 9]
[0, 1, -17, -93, -90, -43, -11, -2]
[1, 4, -2, 29, -21, -57, -46, -16]
[23, 1, -3, -19, 0, 0, 13, 20]
[-24, -6, 7, 26, 24, 7, -17, -9]
[9, 7, 13, 91, 63, -30, -52, -5]
[-5, 0, 7, -44, -54, 35, 27, -9]
[2, -11, -20, -34, 54, 3, 25, 21]
[-3, -10, -18, 11, -20, -38, 15, 15]
[3, 17, 23, -13, 7, 31, 2, -14]
[-1, -4, -8, 3, -2, -28, -17, -8]
[-25, -8, 2, 29, -22, -38, -67, -50]
[-45, -3, -7, -35, -17, 42, 26, -7]
[57, -13, -17, -1, -61, -33, 11, 42]
[14, 17, -1, 18, 72, 11, 3, 10]
[-11, -5, 1, -15, -34, -23, -20, -22]
[-16, -14, -16, -30, -50, -83, -113, -49]
[-22, -5, -21, -75, -42, 54, 111, 6]
[-13, 5, 3, 5, -24, -10, -28, 7]
[27, 8, -1, 16, 27, 2, 21, 11]
[3, 13, 3, -17, -42, -27, -21, -9]
[-14, -14, -13, -4, 77, 9, 6, -5]
[11, -1, -5, -55, -35, -36, -29, -2]
[-54, -9, -10, 37, 30, 50, 36, -18]
[118, 10, 48, 73, 7, 20, 7, 81]
[-26, -6, -35, -57, 8, -15, -9, -13]
[-6, 4, 35, -2, -78, 38, 96, 7]
[-35, -7, -5, 37, 76, -46, -71, -39]
[-5, -2, 2, -20, -87, -4, 21, -15]
[-30, 10, 16, 52, 23, 10, -42, -17]
[31, -10, -29, -50, 24, -3, -20, 6]
[-12, 2, 9, -11, -75, 9, 34, 6]
[-56, -11, -12, -3, 27, -18, -38, -54]
[46, -2, 3, 5, 21, -6, 16, 55]
[19, 17, -16, -26, -20, 30, 39, -5]
[50, -12, -8, -9, -13, 9, -8, 45]
[4, 11, 9, 15, 34, 3, -33, -16]
[-75, 5, 16, -10, -46, -10, -8, -28]
[15, -19, -20, 35, 91, -3, -26, -39]
[-5, -2, -15, -77, -11, -26, -41, -5]
[-47, 8, -12, -27, -5, -2, 47, -2]
[37, -3, 7, 60, 0, 22, 18, -9]
[-29, -3, 7, 23, 19, 1, -12, 1]
[82, 10, 8, 38, -1, 22, 18, 69]
[-31, -13, -3, -30, -14, 0, -40, -42]
[18, 0, -17, -43, -44, -40, 11, 34]
[-51, 5, 18, 53, 11, 25, -26, -26]
[49, -4, 5, 11, -11, -4, 17, -20]
[-26, 0, -3, -51, 15, -5, -3, 22]
[30, 22, 8, 39, 7, 26, -12, -27]
[8, -7, 4, 18, -25, -18, -7, 25]
[-42, 1, 5, -11, -14, -40, -34, -41]
[41, 4, 5, 41, 41, 21, 45, 44]
[-18, -17, 4, -31, -8, 13, -45, -39]
[-56, -12, -11, -22, -23, 2, -15, -10]
[23, 3, -18, -24, -2, 25, 10, 38]
[77, 26, 3, 68, 21, 65, 96, 57]
[-34, -21, -7, -110, -34, -89, -111, 5]
[109, 45, 86, 100, 3, 68, 109, 121]
[-45, 18, 23, -3, 29, 38, 14, -32]
[4, -25, -41, -74, -8, -43, -81, -46]
[-99, -1, -19, -65, 16, 13, -31, -94]
[56, -23, -27, -25, -3, 14, 34, 52]
[-31, -11, -32, 52, -10, -66, -73, -83]
[-72, 21, 48, 3, 0, -24, 15, 66]
[-75, -3, -35, -41, 3, 75, 32, -104]
[62, 12, 28, 15, 10, 32, 77, 79]
[-67, -46, -13, 24, -16, -60, -50, -15]
[-96, -8, -9, -54, -20, 4, -49, -128]
[79, 17, 35, 127, 37, 22, 30, 98]
[58, 7, -56, -128, -15, -46, 3, -17]
[45, -1, 20, 89, 31, 35, 40, 64]
[-12, -25, -5, 4, -21, -23, -55, -25]
[-74, -10, -14, -66, 5, -68, -71, -73]
[-128, -26, -50, -114, -9, -24, -69, 25]
[55, 34, 63, 99, 23, 70, 127, 110]
[47, -9, -4, -6, -19, -90, -31, 50]
[-9, 33, 14, 34, 31, 90, 37, -5]
[-128, -54, -54, -72, -52, -25, -128, -128]
[46, 6, 9, -59, -24, -83, -59, 68]
[111, 51, 2, -15, 23, 109, 95, 27]
[127, -5, 60, 71, -17, -50, -74, 26]
[-122, 28, 2, -30, -2, 41, 31, -128]
[-17, 5, -9, -10, 32, 90, -1, -24]
[-65, -50, -32, -46, -15, -51, -16, -78]
