[-56, -28, -23, 3, -5, -8, -28, -59]
[-120, 7, 28, 16, 8, 12, -10, -86]
[100, -3, -24, -62, -18, -38, -42, 67]
[-74, 12, 37, 68, 29, 3, 4, -45]
[81, 1, -12, -14, -8, -12, 62, 112]
[12, -1, 17, 24, -3, 8, 3, 25]
[-108, -27, -16, -76, -14, 17, 3, -107]
[-18, -12, 8, 80, 32, 27, 25, 36]
[-12, -16, -5, -10, -12, -70, -42, 2]
[82, -13, -12, -7, -13, -71, -99, -29]
[15, 35, 18, 35, -13, 12, 80, -3]
[-75, -38, -36, -47, -14, 37, -12, 2]
[47, -3, -25, -47, -17, -24, -10, -8]
[-114, 17, 39, 49, 21, 6, -14, -26]
[81, 8, -17, -18, 3, -22, -55, 65]
[122, 14, 45, 68, 11, -11, -8, -1]
[-35, -29, -58, -52, -33, 34, 38, 14]
[32, 59, 69, 47, 28, -19, -44, -38]
[-97, -9, 9, 27, 19, 51, -12, -61]
[-88, -25, -36, -50, -11, -45, -17, -58]
[98, 16, -22, -23, -13, 56, 65, 60]
[-78, -58, -29, -44, -8, 75, 99, 43]
[-13, 31, -7, 11, -24, -115, -109, -52]
[95, -9, 10, 17, 18, 85, 81, 109]
[-23, -11, -38, -69, -12, -24, -25, -128]
[-35, 8, 15, 46, 24, 64, 59, 69]
[-77, -45, -30, -55, -34, -65, -61, -23]
[-70, 15, -23, -27, 1, -25, -55, -58]
[64, -7, 94, 95, 22, -53, -28, 77]
[-34, 23, -18, -81, -39, 65, 49, -90]
[9, -14, 26, 57, 56, 59, 32, 127]
[72, 47, -32, -106, -51, -114, -90, 6]
[-128, -55, -3, 98, 34, 62, 54, -49]
[20, 14, 3, -49, -13, 13, -51, -17]
[41, -34, -7, 31, 1, -12, 40, 22]
[6, -6, -2, -19, -16, -7, -36, -19]
[25, 36, -14, -47, 9, -14, -16, -14]
[54, 0, 7, 46, -8, -10, 0, 35]
[15, 35, -3, 13, -7, 19, -12, -77]
[-83, -27, 4, -43, 7, -8, -5, -25]
[-97, -7, 31, 38, 13, 11, -23, -87]
[101, 71, -7, 65, 30, 19, 31, 84]
[-65, -12, -5, -21, 0, 31, 7, -125]
[36, -17, 3, 24, -37, -66, -14, 87]
[-15, 27, -4, -35, -4, 3, -25, -33]
[-47, -81, -62, -60, -19, -64, -75, -36]
[18, 36, 48, 76, 32, 44, 54, 24]
[22, 10, 0, 16, -2, -6, 41, 0]
[-84, -17, -11, -19, -20, -31, -77, -58]
[10, -2, -64, -34, -33, -69, -88, -61]
[27, 41, 44, -4, 34, 53, 66, 61]
[103, -12, 21, -6, -3, 49, 89, 73]
[19, 10, 8, -31, 6, 25, 32, 86]
[38, 5, 15, 6, -17, -50, -41, -15]
[-113, -35, -29, 28, 13, 29, 31, -98]
[-55, 5, -20, -2, -7, -43, -72, -57]
[24, 21, -28, -99, -32, 36, 17, -64]
[-8, 8, 23, 83, 14, -35, 36, 98]
[27, -24, -23, -69, -13, 6, -46, -23]
[46, 17, 21, -23, 20, 50, 58, 70]
[-76, 11, 11, 25, 35, 21, -58, -90]
[76, -3, -14, -45, 5, 21, 55, 64]
[-35, -14, -53, -61, -59, -65, -51, -61]
[46, 38, 49, 85, 44, 79, 77, 67]
[-55, -24, 2, 26, -6, -6, -15, -73]
[-1, -18, 13, 19, 23, 54, 35, 62]
[-60, -22, 1, -44, 1, -5, 32, 13]
[57, 28, -34, -91, -27, -21, -50, -20]
[47, 6, 74, 125, 49, 23, 34, 34]
[-30, 13, 2, -97, -18, -10, 6, -53]
[-50, -20, -46, -36, -3, -20, -6, -67]
[-17, 12, 24, 28, 25, 23, -39, 0]
[115, 27, 17, 25, 13, 46, 55, 127]
[-12, -23, 5, -20, -50, -11, -52, -80]
[-26, -15, -18, -33, -16, -16, -29, -35]
[-79, 5, 5, 49, 12, -2, -42, -128]
[-48, -38, -37, -79, -11, -86, 5, 105]
[70, 12, 16, 74, 12, 28, -42, 36]
[-27, 35, -2, -33, -4, -11, -2, -38]
[-75, -25, -10, 61, 39, -6, 38, -31]
[78, 8, -18, -69, -82, 4, 51, 54]
[-64, 13, 1, -36, -2, -56, 20, -97]
[0, -21, -21, -43, -9, 4, 9, 29]
[-85, -25, -1, 61, -47, -88, -104, -92]
[-128, -36, -34, -39, 2, -109, -128, -128]
[63, 3, 20, 108, 36, 100, 110, 107]
[106, 7, 30, 5, -10, 57, 1, 26]
[-9, -21, -13, -107, -1, 21, 25, -28]
[-28, -6, -22, 24, -1, -22, -39, -55]
[-40, 4, -24, -102, -19, -31, -11, -102]
[28, 5, -42, -12, 3, -40, -13, 64]
[59, 27, 73, -7, 32, 32, 27, 99]
[26, 14, 2, -5, 25, 100, 88, 26]
[-99, 2, -22, -49, 11, -71, -82, -112]
[42, 5, 6, 22, 6, 115, 77, 88]
[104, -3, -20, -32, -52, -59, -14, 77]
[-19, -2, 10, 15, 2, 14, -8, -2]
[7, 12, 10, -18, -7, -30, -47, -58]
[-67, -7, 29, 72, 23, -6, -23, 61]
[34, 8, -38, -88, -5, 36, 41, 27]
[71, 24, 45, 93, 46, -26, 0, 69]
[-36, 16, 13, 2, 25, 70, -60, -87]
[36, -18, 16, 24, -22, -96, 0, 66]
[-128, 10, -57, 4, 21, 127, 43, -89]
[104, 14, 29, -15, -8, 83, 77, 119]
[-38, 3, -5, -17, -26, -29, -8, -55]
[-2, 23, 31, 27, 14, -22, -21, -56]
[-56, -19, -9, -46, 0, -3, -33, -69]
[-57, -24, -59, -77, -36, -70, -28, -94]
[-70, -20, -1, 84, 39, 24, 6, 1]
[103, 31, 23, -39, -14, -72, -39, 18]
[-24, -25, -13, -37, -12, 0, 18, 9]
[-5, 11, 8, -26, 10, 14, 31, 6]
[46, 0, -21, 36, -16, 29, 24, 37]
[-22, -10, -19, 1, 7, -32, -5, 13]
[28, -9, 15, 32, -10, -22, -26, 5]
[-1, 0, -6, -1, -10, -8, -4, -1]
[-12, 2, -7, -55, -15, -24, 1, 25]
[-17, 9, -14, -29, 1, 14, -21, -55]
[-1, 13, 35, 82, 25, -4, 35, 7]
[6, -19, -9, -3, -2, 20, -17, -9]
[-4, -21, -13, -29, -16, -9, 15, 19]
[-7, -1, 10, 32, 12, 19, -7, -21]
[-11, -12, -11, -46, -13, -2, -14, -3]
[-10, 5, 5, 36, 1, -11, -23, -7]
[4, -7, 11, -3, 6, -2, 27, 22]
[-13, -9, 5, 9, -8, 6, -13, -6]
[9, 11, 3, -10, 10, 0, 10, -4]
[-18, -14, -15, 13, -3, -1, -9, -13]
[14, 4, -1, -23, -5, -5, 15, 38]
[-9, -4, 6, 10, 0, 8, -9, -16]
[9, -2, -5, 5, -2, -6, -3, 3]
[-5, -5, 2, 10, 5, 5, -24, -17]
[2, -5, 0, -27, 3, 3, 17, 10]
[-16, 0, -1, -14, -25, -8, -11, -18]
[13, 2, 5, 20, -7, 1, 13, 6]
[0, -6, -5, -5, 9, 0, -7, 8]
[-13, -20, -9, -18, -18, -2, -3, 3]
[17, 18, 9, 34, -1, 5, -4, -15]
[6, 2, 3, -37, 8, 11, 16, 12]
[-15, 13, 9, 22, 26, 4, -7, -22]
[-5, -16, -3, 10, -5, -8, 14, 15]
[4, 15, 10, 22, -22, 11, -2, 1]
[2, -14, -10, -17, 31, 1, 9, 7]
[0, -8, -2, -36, -11, -9, 17, -11]
[1, 9, 3, -1, -2, -3, -21, -16]
[-19, -35, -2, 40, 42, 6, 10, 20]
[38, 41, 5, -11, 15, 7, 3, 21]
[-12, -3, -9, -17, -33, -2, -8, -23]
[8, -1, -2, -24, -3, -1, 20, 20]
[-10, -6, -1, -6, -39, -4, -10, -24]
[-11, -3, 7, 46, 59, 8, -2, 2]
[-2, -6, -1, 14, -28, 5, -13, -12]
[4, 28, 4, 0, 3, 3, -13, 5]
[-18, -15, -10, -23, -10, -2, -2, -16]
[10, -2, 1, -15, 2, -10, -25, 12]
[1, -4, -12, -49, -94, -26, -19, -5]
[-27, -14, 1, 50, 58, -5, 4, -12]
[19, 5, -8, -19, 1, -6, 9, 0]
[6, -3, 2, 37, -5, -1, 31, 4]
[-8, -11, 5, -9, -8, 10, 5, 15]
[12, 19, 6, -10, -3, -6, -16, -33]
[-23, -7, 0, -21, 28, -1, -16, -3]
[0, -25, -6, -23, -71, -2, 3, 5]
[15, 10, -1, 77, 114, 3, 6, -5]
[7, -1, -5, -7, -56, -12, 1, 38]
[7, 14, 2, -1, -47, -9, -36, -33]
[-9, -6, 10, 31, 46, 10, -14, -18]
[-4, 15, -1, -15, -32, -3, 18, 14]
[1, -13, -6, -5, -20, 6, -8, -5]
[0, -2, -12, -22, -30, -12, 5, 5]
[-10, -9, -8, -49, -26, -12, -1, 1]
[0, 1, 4, 49, 41, 11, -3, -8]
[-6, -16, 4, 7, -13, 1, -7, 8]
[9, 15, -3, -26, 27, 8, 24, 7]
[-8, -10, -12, -38, -52, -16, 4, -11]
[3, 11, 10, 50, 66, 4, -4, -1]
[0, -2, -1, -19, -13, 3, -4, 3]
[-14, -29, -4, 40, 52, 6, 4, 0]
[11, 28, 14, 23, 11, 4, -2, -3]
[10, 23, 8, -10, 26, 8, -1, 7]
[-1, -18, -7, -26, -68, -9, -3, 0]
[9, 20, 12, 13, 35, 5, 6, 2]
[5, 5, 2, 3, 33, 3, 3, 6]
[-6, -8, 4, -1, 25, 5, 0, 0]
[-7, -15, -15, -16, 12, -18, -2, -3]
[5, 4, 3, -13, 14, 0, -10, -3]
[-9, -2, -4, 9, -96, -4, 21, 0]
[-1, -2, -4, -27, 1, 2, 1, 1]
[3, 4, 1, 29, 71, 9, -3, -4]
[1, -9, -6, -15, -66, -12, -5, 0]
[2, 5, 12, 45, 86, 24, 9, 9]
[-5, -15, -17, -88, -106, -30, -39, -13]
[4, 9, 6, 67, 102, 14, 9, 3]
[-6, -2, -3, -5, 42, -4, -2, 0]
[-1, -3, -4, -30, -75, -11, -6, -4]
[0, 3, 7, 14, 48, 12, 10, 1]
[-18, -12, -6, -35, -65, -7, -7, 0]
[10, 1, 0, 43, 109, 7, 0, -3]
[2, -3, -6, -24, -30, -8, -6, 10]
[-6, -9, -5, -5, -29, 5, 9, -6]
[4, 6, 0, -28, -12, -7, -2, -2]
[-15, -14, 2, 32, 12, 8, 9, 2]
[5, 8, 0, 7, 25, -3, -6, -6]
[3, 6, -1, -12, -14, -1, 8, 10]
[7, 2, 2, 9, 7, 1, -4, -9]
[-2, 4, 0, -32, -60, -5, -4, 4]
[0, -4, 5, 32, 27, -4, -3, -1]
[-3, -3, -1, -8, 29, 11, 1, 1]
[0, 2, -5, -8, -32, -8, -1, -3]
[0, 3, 1, -8, -72, -8, -5, 1]
[-2, -2, 1, 17, 50, 11, -1, -3]
[-2, -3, -1, -2, 18, -4, -3, -3]
[0, -2, 2, 22, -27, -5, -6, -2]
[2, -2, -3, -8, -16, 8, 5, 3]
[-2, -2, -5, -4, 43, -2, -2, -5]
[-3, -2, -5, -4, -63, -10, -1, 0]
[0, 3, 3, 3, 49, 8, 9, 9]
[0, -3, -1, -3, -10, 1, 7, 5]
[-2, 0, -4, -29, -41, -7, -8, -4]
[0, 0, -1, 20, 68, 1, 0, -5]
[-1, -1, 2, -1, -31, -4, -2, 0]
[2, 2, 2, 20, -12, 6, 5, -2]
[2, -2, -2, -15, 4, -1, 1, 2]
[-1, 4, 3, 13, 34, 0, -1, -2]
[-2, 0, 2, -22, -24, -6, 1, -3]
[-1, 1, -5, -22, -1, 0, 1, 10]
[-1, 0, -1, 26, 10, 3, -2, 0]
[-4, -1, -2, 5, -25, 2, -6, 1]
[-2, -1, -2, -1, 26, 6, 2, -2]
[-1, -4, 0, -6, 18, 0, -7, -4]
[-5, -8, -3, 5, -25, -11, -8, -2]
[2, 1, -3, -5, 0, 0, 5, 0]
[2, 0, -3, -23, -23, -2, -6, -1]
[-1, 1, 2, 33, 12, -3, -1, -4]
[-1, 1, 0, -15, -9, 4, 6, 2]
[1, 1, 7, 28, 39, 3, -4, -4]
[-2, -4, -14, -61, -50, -16, -4, 2]
[-2, -1, 0, -1, 8, 0, -4, -2]
[-2, -1, -3, -9, -40, -4, 0, -3]
[0, -5, -4, 8, 0, -1, 0, 0]
[1, 0, 4, 15, 21, 6, 4, 5]
[-5, -8, -2, -8, 8, -5, -8, -4]
[0, -1, -2, -10, 7, -2, -3, -3]
[-3, 1, -1, -21, -17, -1, 2, -2]
[-1, 1, -1, 3, -14, 0, 2, 1]
[-2, 2, 6, 11, 10, 1, 1, -1]
[2, -2, 0, 4, 13, 6, 1, 3]
[1, 2, 1, 15, 12, 2, 12, 3]
[0, 1, -1, 4, 27, -1, -24, -10]
[2, 1, -4, -8, -25, 2, 2, 2]
[1, 2, -3, 0, 3, -2, -6, -5]
[-1, -1, 1, -18, -25, -3, -5, 2]
[-3, -1, 2, 12, 27, 1, 5, 0]
[2, 2, 1, 13, -3, -2, -2, -1]
[3, 2, -2, -12, 19, 3, 2, 0]
[1, 2, 3, 16, -15, -2, -5, 0]
[-3, -1, 0, 13, 15, 3, 3, -1]
[-3, -4, -6, -12, -15, -4, -1, -3]
[0, 2, 3, 3, 5, 0, 3, 3]
[1, -3, -3, 1, 31, 2, -1, -3]
[1, -3, -1, -2, -25, -4, -1, 1]
[-1, -3, -7, -6, -25, -8, -2, -1]
[-5, 0, -3, -6, 7, -1, 5, 0]
[-4, -1, -2, -16, -48, -3, -6, 1]
[-1, 2, 6, 14, 52, 8, 3, -2]
[3, 0, -1, -4, 13, 1, -1, 1]
[-2, -1, 0, -4, -5, 1, 0, -1]
[0, -3, 1, 29, 18, -1, 1, -4]
[1, 1, -3, -7, -33, 0, 2, 1]
[2, 2, 5, 6, 2, 2, 1, -3]
[0, 0, 0, -6, 7, 3, -2, 2]
[-1, 0, 0, 6, 3, 1, 2, -1]
[1, -2, -3, 0, 10, 0, 1, 0]
[-3, -2, -5, -25, -36, -5, 1, 0]
[1, 1, 3, 19, 5, 2, -1, -1]
[0, 0, 2, -18, -7, 0, 1, 0]
[0, 0, -1, 8, 21, 1, -1, -1]
[-2, -2, 0, 0, 25, 1, -1, -3]
[2, -5, -3, -5, -18, -3, -2, -2]
[1, -2, -4, -7, -9, -2, -1, 0]
[-1, 0, -1, 1, 8, -2, 0, 1]
[-3, 1, 2, 15, 14, 2, 1, 0]
[0, -1, -5, -31, -19, -6, -12, -10]
[0, 3, 5, 37, 23, 4, 10, 6]
[-4, -4, -5, -25, -71, -10, 0, -2]
[1, 0, 1, 9, 34, 6, 3, 4]
[-1, -2, -1, 6, 5, -1, -3, 0]
[-1, -4, -4, -11, -13, -7, -4, -2]
[2, 3, 5, 0, 16, 6, 6, 2]
[0, 0, 2, 5, -2, -1, -6, 0]
[-1, -2, 0, 4, 22, 2, 3, -1]
[-1, -1, -2, -28, -26, -5, -4, -4]
[-3, -3, 2, 11, 9, 4, 4, 1]
[-1, 1, 3, 14, 12, 4, -1, -3]
[0, -1, 2, 9, -4, 0, 2, 2]
[1, 0, -3, -11, -5, -3, -4, 1]
[1, 2, -1, -6, -8, -5, -5, -1]
[0, 2, 1, -23, -5, -3, -1, -1]
[-1, 0, 1, 19, 24, 1, 2, 0]
[0, 0, -3, -12, -34, -4, -2, -3]
[2, 1, 2, 21, 43, 4, 0, -1]
[0, -2, -2, -5, -1, 0, 0, -2]
[-3, -3, -5, -3, -44, -5, 0, 3]
[-4, -1, 1, 1, 3, 1, 10, 0]
[1, 0, 2, 3, 17, 0, -5, -2]
[-3, 1, -1, -3, -8, 1, 3, 3]
[-1, -1, 0, 19, 25, 2, -1, 0]
[-1, -4, 1, 4, -4, 0, 1, 0]
[-3, 0, -6, -9, -14, -4, -1, -1]
[-1, -1, -3, 6, 12, 0, 2, 2]
[0, 3, 4, -6, -1, 3, 2, -2]
[1, 0, -4, -7, -1, -1, -7, -3]
[0, -4, 2, 12, 16, 4, -1, -1]
[-1, -3, -2, -10, -12, -6, -6, -1]
[2, 1, 0, -5, 4, -2, -6, 1]
[-2, 0, 2, 9, 1, -2, 17, -2]
[-3, 1, 0, -10, -30, -4, -1, -1]
[2, 0, -2, -8, 5, 0, 5, -1]
[-2, 0, 1, 8, -36, 2, -2, 0]
[0, -3, -5, 1, 39, -3, -11, 0]
[0, 0, 0, 2, -21, -1, 1, 3]
[0, -3, -2, 1, -3, -3, 3, 0]
[-2, -2, 4, 20, 23, 0, 2, -1]
[-1, 0, 0, -34, -21, -2, -6, -1]
[-2, 0, 0, 8, -15, -3, 0, -2]
[0, 1, 1, 19, 28, 3, -4, 1]
[-4, -4, -6, -26, -9, -5, -4, -3]
[-1, 0, -3, -1, -5, 2, 0, 0]
[1, -1, -2, -10, 2, 0, 1, 1]
[1, 0, 0, 7, 14, 2, 1, 0]
[1, -1, -1, -7, -10, 0, -2, -1]
[-5, -2, 0, 7, -13, -2, -7, -2]
[-3, -2, -1, 9, 17, 0, 1, 0]
[0, 0, -1, -11, -31, -5, -3, -1]
[1, 1, 2, -14, 9, 1, 4, 1]
[-1, -3, -3, 16, 14, -5, -6, -1]
[1, -1, -3, 0, 7, 1, -1, -1]
[-1, 2, 1, 12, -6, -2, -1, -2]
[0, 2, 2, -8, -27, -4, -1, -2]
[1, 0, -1, -11, 16, 5, -1, 0]
[-2, -5, -2, 12, 40, 2, 3, 2]
[0, -1, 2, -11, -45, 1, 2, -2]
[-3, 0, 0, 5, 4, 0, 3, 2]
[-2, 2, -1, -2, -8, -4, 0, 1]
[-1, 1, 1, 5, 40, 6, -1, 0]
[0, -3, -6, -23, -50, -6, -3, -1]
[0, -1, -3, -3, 6, 0, -2, -3]
[0, -3, -2, 9, -5, -4, -1, -2]
[-1, -2, -2, -20, -4, 0, -3, 1]
[1, 0, 3, 12, 24, 4, 0, 2]
[0, 0, 1, 6, 0, 0, 2, 0]
[0, 3, 2, -25, -16, 1, -1, -2]
[1, -1, -4, -6, -26, -2, -2, -2]
[2, 2, 2, 10, 31, 1, -1, -1]
[-3, -5, -9, 0, 4, -4, -2, -1]
[-1, 0, 2, 8, 10, 0, 1, -2]
[1, 2, 3, 2, -24, 0, -1, -2]
[-2, -3, -3, -16, -6, -1, 0, 1]
[1, 1, 5, -28, 12, 3, 2, 0]
[-4, -4, -11, 3, -48, -10, -3, -2]
[-1, -1, 2, 5, 22, -2, 1, 1]
[-2, -3, -4, 6, 10, 0, -1, -1]
[1, 1, -1, 19, 14, 2, -2, -1]
[1, 3, 1, -7, 3, 0, -3, 0]
[1, 0, -4, -9, -18, -5, -4, -1]
[1, 2, 2, 5, 4, 2, 2, 1]
[0, -4, -2, -1, 1, -1, 1, -2]
[-2, -1, 0, 0, -7, -1, 2, -1]
[1, 2, 0, 9, 4, 0, 0, -1]
[-1, -2, -2, -3, -21, -1, 0, -4]
[-2, 2, -1, 7, 14, 3, 0, 1]
[0, -4, 0, -7, -2, -1, -1, -1]
[-2, 0, 4, 2, -26, -4, -1, 1]
[2, 1, 4, 0, 35, 8, -1, 0]
[0, 2, 3, 38, 9, -2, -2, 0]
[-1, 0, -3, -24, -6, -3, -1, -1]
[-2, -1, -8, -13, -2, -3, 1, -2]
[1, 1, -1, -8, -5, 0, 2, -1]
[-2, 0, 5, 28, 19, 3, -1, -1]
[-1, -3, -1, 8, 21, 1, -2, 0]
[-2, -5, 0, -24, -40, -7, -3, -1]
[0, -1, 2, 9, 25, 2, 2, -1]
[-1, -3, -1, -6, 10, -2, -1, -1]
[-2, -1, 0, -1, -16, -3, -3, -1]
[0, -4, -9, -17, -31, -1, -3, -3]
[2, 3, 7, 0, -2, -1, -1, 0]
[0, 0, 1, 1, 20, 0, -1, -1]
[-1, 1, 0, 10, 1, 2, 5, 1]
[0, -3, -5, 3, -1, -3, 2, -2]
[-2, -3, -10, -12, 4, -1, -6, -3]
[4, 1, -3, 4, -10, -1, -4, -1]
[0, 1, -2, -2, -13, -2, 5, 1]
[1, 4, 9, 1, 3, 4, 3, 5]
[-3, -2, -1, 12, 14, 0, 2, -3]
[-1, -2, -6, -18, -11, -2, -7, -1]
[-2, -1, 1, 2, 19, -1, -1, -1]
[1, 1, 4, 12, 4, -5, -4, 1]
[-1, -4, -5, 13, 9, 0, 2, 0]
[1, 0, 2, -5, -31, 4, 11, 4]
[0, -5, -2, -8, 1, 0, -3, 1]
[-2, -4, -1, -8, 13, -1, -3, -5]
[5, 4, 5, -3, -19, -2, -3, -1]
[-2, -2, -8, -15, 1, -5, 2, -3]
[1, -2, 0, 18, 8, -4, -8, 0]
[-3, -1, 0, -4, -9, 1, 2, -1]
[-1, 3, 3, 3, 21, 3, 1, 1]
[-3, -3, -4, -18, -39, -9, -1, 5]
[-1, 1, -4, -6, -16, 4, 8, 4]
[-2, -4, -11, -18, 5, -3, -11, -6]
[-1, -2, 9, 29, 11, -5, -5, -6]
[3, 6, 1, -6, 4, 4, -14, -2]
[2, 3, 2, 8, -28, 2, 32, 4]
[-6, 0, 3, -6, -14, -2, 1, -9]
[1, -5, -5, -14, -11, 9, -8, 1]
[-1, 3, -4, -9, -2, -6, -8, -6]
[-5, -7, -2, 0, 22, -13, -12, -15]
[-5, 1, 2, 22, 41, 8, -12, 6]
[5, -3, -3, -25, -67, 1, 16, 4]
[8, 4, 0, 12, 10, 3, 9, -2]
[-5, -2, -1, -9, 17, 14, 6, 0]
[-2, -5, -2, -5, -37, -30, -13, 0]
[2, 7, -2, 4, 53, 16, 5, 1]
[-5, -4, -2, -26, -82, -13, -8, 0]
[0, -1, 8, 36, 27, -1, -5, -8]
[3, -2, 0, 0, 5, 7, -9, -3]
[2, -1, 5, 11, 19, 9, 32, 8]
[-1, -4, -2, -16, 5, -1, -13, 0]
[0, 0, -2, 5, 20, -1, 5, -1]
[0, 5, 2, 1, -21, -6, -21, -4]
[-2, -3, -6, 3, 10, -3, 29, 2]
[-8, -11, -2, 7, 36, 28, 20, 8]
[-9, -16, -6, -15, -59, -7, -6, 0]
[0, 3, 1, 12, 12, 26, 6, -3]
[10, 9, 2, -28, -22, -44, -39, -4]
[-3, -5, 2, -5, 8, 4, 14, -2]
[2, 5, 1, 26, 41, -8, -15, -1]
[1, -14, -9, -7, -7, 20, 11, 1]
[-1, -12, 7, 8, 7, 1, -14, 4]
[6, 9, -6, -31, -64, -23, 5, 2]
[5, 2, 2, -3, 49, 13, -3, -7]
[-2, 8, 2, 20, 30, -29, 24, 15]
[6, 10, 10, 0, 0, 25, -14, -32]
[-14, -21, -12, -9, 2, -12, -4, 9]
[-7, -3, -10, -17, -94, -13, -23, -7]
[-1, 1, 5, 25, 49, 22, 32, -3]
[-6, -9, -11, -22, -43, 9, -18, -3]
[5, 3, 2, 10, 63, 2, -12, -4]
[-7, -3, 11, 20, -19, -25, -4, 5]
[-1, 21, 3, 21, 6, -18, -31, -7]
[-10, -4, -10, -18, 7, -33, -2, -3]
[13, 11, 11, 25, 2, 37, 25, 3]
[11, 9, 4, -25, 23, 31, 24, 18]
[10, -14, -6, -12, -18, -19, 11, -4]
[-17, 8, 0, -4, -27, -19, 6, 3]
[5, 1, 0, 23, 25, -1, -29, -13]
[17, 8, 6, 2, 50, 64, 29, 30]
[-9, -2, 0, 2, -13, 24, 5, -9]
[-9, -7, -10, -21, -37, -55, -85, -15]
[-7, -1, -11, -35, 6, 26, 80, 56]
[13, 3, 11, 28, 23, -28, -25, -11]
[0, -2, 4, 8, -43, -7, 12, 1]
[5, -13, -9, -51, -32, -50, -8, -8]
[-11, -7, 2, 71, 17, 31, -7, -11]
[-14, 7, -6, -9, 36, 81, 63, -3]
[-22, -2, -2, -7, 22, -37, -69, -11]
[34, 5, 7, -6, -21, 42, 44, 27]
[12, 9, 10, 27, 14, -26, -32, -27]
[-42, -13, -8, -18, -40, -26, -25, -13]
[42, -6, -3, -14, -1, 15, 5, 19]
[1, 14, 4, 37, 86, 8, -1, 9]
[1, 3, -3, -65, -90, 17, 35, 15]
[-26, -2, 2, 41, 28, -60, -70, -65]
[-18, -3, -9, -53, -78, 51, 95, 19]
[39, 3, 2, 36, 82, 63, 68, 55]
[16, 2, 0, -50, -54, -15, 2, -18]
[-25, -22, -16, 47, 48, -5, -23, 0]
[-12, -5, -4, -18, 7, -35, -79, -37]
[-28, -5, -16, -28, -38, 9, 16, -3]
[-38, -3, 3, -1, 2, -42, -67, -20]
[49, 9, 15, -14, -12, -20, 20, 22]
[36, 6, 2, 7, 29, -21, -40, 25]
[-37, -14, -4, 4, 10, -4, -19, -15]
[20, 12, 11, 42, 48, 45, 7, -6]
[-28, -4, -18, -44, -127, -42, -51, -13]
[3, 7, 12, 32, 127, 43, 53, 0]
[-7, -7, -10, -67, -120, -34, -19, 7]
[-20, -16, -9, 26, 69, -4, -3, -16]
[-12, -3, -8, -32, 14, 15, 16, -4]
[14, -7, -5, -8, -6, -9, 24, 5]
[-1, 6, -2, 45, 15, 6, -48, -1]
[20, 17, 15, 17, 27, 0, 33, 6]
[-7, 9, -3, -24, -12, 24, 43, 9]
[-2, -2, 6, -28, -40, -35, -40, -8]
[-48, -34, -53, -28, 3, -38, -38, -55]
[75, 6, 42, 61, 8, 55, 103, 105]
[20, 3, 14, -19, -60, -51, -46, -3]
[-76, -9, -24, 36, 79, -15, -22, -51]
[28, 27, 14, 8, -39, 47, 86, 35]
[-17, -26, -29, -18, -5, -19, 14, 23]
[22, -2, 36, 34, 1, 32, 21, 24]
[-1, -4, -15, -75, -69, -1, -6, 8]
[20, 14, 24, 70, 88, 19, -12, -28]
[-29, -11, -30, -53, -78, -56, -105, -53]
[41, 13, 2, -15, -27, 14, 44, 30]
[-94, -22, -9, 10, -24, -18, -24, -39]
[79, 8, 3, -14, 15, 1, -3, 26]
[-5, 5, 6, 12, 3, 7, 36, 6]
[34, 8, -23, -40, 18, -15, 1, 9]
[47, 14, 11, -8, -5, 13, -32, -29]
[-75, -17, -8, 88, 24, 46, 94, -34]
[40, -24, 11, -31, 4, -15, -28, 42]
[-30, -3, -35, -29, 27, -8, -51, -4]
[91, 12, 18, 3, -32, 6, 73, 44]
[-21, 5, -2, -47, -31, -4, -38, -45]
[-72, -2, 3, 35, 83, 14, -21, -47]
[-40, -19, -3, 3, 6, -18, -4, -74]
[-31, 25, -6, 1, 11, 12, 4, 5]
[91, 2, 48, 53, -7, 11, -2, 102]
[-59, -2, -8, -18, -19, -11, -11, -11]
[-62, 2, 10, 8, 26, -6, -34, -75]
[-85, -32, -24, -19, -57, -29, -8, 1]
[14, -10, -9, -48, 36, 47, 59, 3]
[5, 4, -14, -45, -21, -20, -20, 40]
[82, 14, 10, 65, 15, 8, 7, 9]
[45, 1, 7, -1, -16, -2, -22, 21]
[-16, -1, -6, 3, 21, -20, -26, 18]
[-19, -10, -14, -30, -15, 5, 25, -29]
