[-16, 13, 15, 7, 8, -2, 2, -51]
[-89, -9, 31, 35, 24, -2, -44, -92]
[79, 0, -16, -5, -14, -8, -5, 92]
[-111, 6, 21, 52, 19, 15, 35, -121]
[71, 11, -33, -87, -16, -15, -36, 63]
[125, 16, 27, 29, 9, -2, 82, 116]
[-127, 1, 50, 79, 10, 13, -14, -128]
[-51, -21, -17, -58, 7, -42, -70, -46]
[-110, 3, -25, 17, -6, 41, -18, -100]
[-112, -33, -20, 12, 5, -1, -16, 66]
[83, 15, 32, 27, -10, -39, 21, 59]
[-15, 7, 2, 15, 2, 21, -10, -43]
[-124, -36, -12, -45, -18, -41, -63, -91]
[21, -13, -41, -51, -10, 8, 14, 43]
[7, 28, 25, 31, 29, 53, 40, -3]
[-43, 12, -20, 22, -19, -20, -59, -71]
[-17, -44, -13, -42, 18, 26, 127, 127]
[14, 35, 34, 32, -55, -88, -82, -92]
[-77, -3, -40, -86, -10, -36, -73, -63]
[33, 9, 26, 28, -2, 9, 80, 31]
[-3, 34, 9, 81, 21, 66, -6, -86]
[49, -15, -1, -39, 8, 5, 36, 49]
[73, 13, 8, 63, 9, 52, 21, 63]
[8, 1, -38, -70, -33, -87, -59, -6]
[-21, -41, -41, -87, -15, -65, -38, 22]
[23, 22, 61, 122, 22, 36, -6, -55]
[-128, -11, -3, -33, 16, 37, 10, -128]
[127, 98, 35, -1, 34, 53, 52, 127]
[26, -52, -7, 28, -22, 18, 42, 118]
[-102, -61, -34, -85, -21, -74, -17, -94]
[-91, -38, -27, -46, -13, 2, -22, -125]
[60, -12, -22, 31, -2, -45, -5, 85]
[-36, -3, 29, 24, -20, 37, -17, -2]
[-31, 34, 10, 9, 32, 104, 93, -65]
[-62, -24, -34, -46, -14, -18, -32, -81]
[-116, -43, -18, -76, -18, -63, -75, -86]
[2, 24, 19, 89, -14, -114, -112, 35]
[-25, 16, -20, -56, 0, 70, 53, 123]
[77, 37, 77, 97, 31, -28, -23, 99]
[-53, 14, 22, 33, -2, 89, 15, -63]
[11, -62, -50, -102, 6, 12, -52, 22]
[7, 47, -13, -90, -27, -33, -25, -128]
[-4, -10, 5, 74, 31, 5, 54, 127]
[93, -20, -1, -35, -1, 82, 61, 21]
[102, 38, 28, 87, 4, -9, -3, -46]
[-77, -24, -42, -95, -18, -59, -50, -110]
[-75, -45, -59, -25, 21, 41, 33, 101]
[31, 2, 88, 112, -2, -22, 3, 28]
[-126, -13, -9, -12, -13, -7, -28, -96]
[83, 44, -7, -8, -4, -25, -70, -37]
[51, -32, -35, -66, -44, -31, -29, 9]
[-125, -15, -27, -10, 4, 15, -7, -92]
[48, 19, -6, -72, -3, -9, 34, 115]
[-51, 2, -10, -52, -8, -18, 1, -7]
[-53, 65, 32, 56, 31, -4, -66, -47]
[-27, -84, -8, 48, 38, 34, -19, 123]
[54, 100, 99, 85, -15, 96, 115, 55]
[-128, -54, -29, -19, 5, 42, -43, -51]
[20, 17, 6, -46, -8, 31, 26, -83]
[-90, 0, -38, -109, -5, -18, -60, -128]
[-78, -22, 18, 41, 21, -66, 35, 42]
[87, 25, 37, 97, 0, -5, 20, 127]
[-37, -6, -16, -57, -11, 20, -3, -89]
[1, 21, -32, -3, -23, -34, -53, -59]
[28, -9, -25, -58, -5, 34, -6, 17]
[47, -17, 7, 56, 11, 42, 90, 32]
[-33, -3, 2, -49, -17, -47, -51, -52]
[-15, 57, -32, -59, 4, -5, -19, -38]
[69, -14, -12, -11, 4, 32, 37, -6]
[-47, -11, 39, 44, 11, -9, -23, 46]
[88, 16, 26, 36, 7, -18, 10, 71]
[-22, -19, 13, 52, 7, 12, 5, -83]
[-14, 9, -19, 14, 0, -21, 13, 88]
[-101, -8, -51, -83, -9, -31, -100, -102]
[91, 12, 66, 47, 29, 37, 94, 87]
[6, 27, 14, -16, -22, -13, 1, 8]
[-39, -9, -9, -44, 2, -11, -16, 17]
[8, 9, 21, 51, 18, 40, 29, -21]
[-72, -23, -53, -75, -23, -30, -72, -48]
[-3, -42, -20, 10, -18, -39, -5, 90]
[-12, 16, 24, 51, 10, 18, 36, -52]
[-45, -28, -19, 0, 4, -2, -20, -45]
[107, 55, 21, 8, -7, 2, 30, 122]
[-13, 7, 14, 7, 20, -22, -33, -10]
[-10, -5, -12, -41, -4, 13, -1, -61]
[27, -2, -19, 16, -11, -8, -18, 16]
[-51, -10, 8, 51, -2, -26, -6, -59]
[15, -2, -20, -39, -8, 20, 29, 28]
[-28, 8, -4, -27, 8, -12, -25, -60]
[39, 5, 40, 76, 7, 1, 9, 32]
[-67, -20, -27, -20, -4, -8, -28, -62]
[31, 7, 7, -9, 8, 18, 21, 29]
[12, -1, 6, -20, -12, -17, -18, -1]
[0, 2, -4, 8, 15, 5, 2, 10]
[-4, -23, -20, -32, -12, -9, 6, -3]
[-11, -21, 3, 17, 8, 9, 17, 20]
[-17, -8, -16, -24, -21, -22, -35, -41]
[43, 53, 15, -11, -9, 7, 35, 46]
[-35, -19, -4, 3, -5, -2, -30, -47]
[32, -23, -8, -1, 6, 7, -2, 17]
[-17, 86, 25, 19, 9, -1, 0, -27]
[20, 0, 4, 14, 8, 1, 13, 32]
[-4, 15, -3, -13, 19, -2, 2, -3]
[7, 2, 6, 11, -5, 4, 17, 26]
[-17, -29, -11, 9, 4, 0, -7, -13]
[-11, -12, -4, -23, -13, 3, -6, -8]
[-10, 0, -5, -1, -33, -7, -8, -19]
[7, 5, 7, 18, 16, -2, 9, 9]
[1, -7, 4, 10, 21, 9, -5, -11]
[3, -5, -6, -6, -26, -4, 2, 0]
[-19, -28, -13, -4, 22, -9, 4, 0]
[6, 18, 10, 34, 25, -9, -21, -3]
[-7, -3, 3, 11, 17, -7, 7, -34]
[-20, -22, -14, -54, -77, -19, -47, 0]
[11, -6, -12, -62, -41, 3, 25, -6]
[5, 29, 15, 67, 56, 21, -24, 1]
[18, 24, 0, -21, -22, -3, 33, 32]
[4, -9, 4, 27, 57, 13, 21, 18]
[-14, -2, 2, -13, -43, -2, -31, -22]
[-2, -14, -3, -6, 4, 12, 27, 9]
[-11, -24, -11, -36, -72, -11, -51, -24]
[-3, -4, 9, 38, 3, 7, 13, 5]
[8, 24, -5, -7, -14, -11, -1, 7]
[3, 6, 11, 23, 44, 11, 19, -2]
[-12, -13, -3, 6, -6, -13, -7, -4]
[5, 1, -3, -32, -40, -6, 22, 2]
[-10, -8, -3, 44, 102, 5, -20, -11]
[0, -7, -9, -32, -48, -6, 4, -9]
[2, -6, 14, 29, 63, 4, 13, 15]
[-2, 13, -2, -11, -71, -9, -13, -4]
[-24, -32, -5, 5, -4, -4, 24, -6]
[18, -1, 1, -52, -26, -5, -18, 8]
[3, 13, 3, 69, 73, 7, -14, -2]
[-16, -26, -8, -44, -9, 5, 48, 13]
[38, 41, 13, 8, -8, 2, 19, 55]
[0, 9, 1, 25, 16, -11, 5, -5]
[-7, -9, -1, -21, -72, 5, -5, -35]
[-4, -6, 1, 41, 52, 1, -19, 0]
[-16, -18, -8, -2, 24, 2, -1, -17]
[-2, -18, -9, -34, -38, -7, 9, 6]
[-5, -2, -7, -17, 4, -7, -2, 4]
[3, 5, 9, 50, 119, 26, -2, -14]
[-5, -7, -9, -40, -100, -28, -13, -6]
[2, 8, 2, -23, 16, -8, -4, -4]
[-13, -6, -13, -52, -76, -12, -2, -8]
[11, 2, 0, -2, 49, 6, -1, 2]
[-5, 3, 3, 20, -42, -9, -18, -5]
[-11, 0, 7, 16, -24, 1, 8, -3]
[-3, -10, -5, -10, -18, 0, 10, 10]
[3, -14, -13, -27, -3, -7, -24, 0]
[2, 2, -3, 3, -37, -3, -6, -1]
[-6, -10, -1, 12, 4, -7, -20, -17]
[18, 28, 1, -4, -9, -9, -29, 9]
[2, 0, 4, 2, 12, 5, -2, -5]
[4, 15, -3, -32, -14, -7, -4, -12]
[0, -2, -3, -34, -19, 0, -1, 10]
[-9, -14, -2, 52, 28, 9, 7, -4]
[3, 3, 5, 14, 19, -7, 4, 5]
[-6, -12, -1, 14, 42, 4, -8, -4]
[-1, -3, -11, -23, -16, -3, 10, 2]
[5, 3, 16, 38, 57, 8, 5, 0]
[1, 7, 2, 1, 39, 8, 2, -1]
[-5, -4, 5, -8, -92, -7, 1, 0]
[5, 5, -2, -7, 35, 0, -3, -2]
[-10, -8, -15, -51, -82, -13, -2, -6]
[2, 5, -4, -35, -75, -5, -4, 0]
[-2, 5, 11, 83, 127, 27, 2, -4]
[-2, -4, -7, -42, -108, -14, -3, 2]
[0, -2, 9, 35, 77, 11, 8, 7]
[-1, -2, -4, -4, 30, 1, -5, -5]
[-1, 2, -2, -14, 10, 5, 28, 8]
[1, 12, 13, 35, -25, 1, -24, -6]
[-2, -7, -1, -17, 57, 14, 14, -2]
[0, -6, -14, -25, -84, -23, -14, 3]
[7, 3, 11, 51, 107, 20, 11, 0]
[-1, 7, -6, -18, -56, -14, -4, 4]
[-4, -4, 4, 17, 10, -2, 8, -6]
[13, 9, 5, 7, -3, 7, 11, 3]
[-4, -12, -12, -52, -24, -11, -20, -8]
[8, 13, 4, 20, 48, 9, 13, 13]
[0, -3, -7, -39, -43, -13, -9, -7]
[-5, -4, 3, 33, 37, 7, 9, 5]
[-2, -8, -8, -24, -53, -11, -15, -3]
[11, 10, 5, 19, 72, 13, 31, 6]
[-8, 1, 0, 2, 7, -5, -1, -3]
[-2, 2, 6, 15, -12, -1, 4, 2]
[1, 4, 0, -14, 73, 7, -15, 5]
[-6, -13, -4, 11, -5, -3, -5, -6]
[5, -1, 0, -47, -38, -1, 13, 4]
[-8, -3, 6, 48, 55, 8, -16, -2]
[8, 14, 1, -27, -45, -8, 2, 10]
[-6, -7, -3, 22, 25, 0, 0, -10]
[-2, -2, -9, -10, -9, 7, 0, 1]
[-1, -4, -8, -28, -27, -4, 5, 2]
[1, 1, 5, 19, 25, 5, 2, -1]
[0, -5, 3, 27, 55, 3, -4, -3]
[-2, -3, -9, -61, -101, -22, -7, -4]
[3, 2, 2, 16, 45, 7, 8, 0]
[0, -1, -3, -7, 0, 0, 1, -1]
[-4, 1, 5, 26, 24, -3, -4, -5]
[-4, -1, -1, 9, 17, 9, -16, -4]
[0, -2, -9, -54, -72, -13, 11, 10]
[-4, -7, 2, 14, -10, -5, 0, -5]
[-2, -4, -3, -5, -28, 4, -2, 0]
[-1, -1, 1, 54, 117, 12, 1, 4]
[0, 1, -4, -47, -76, -12, -6, -4]
[-2, -1, 0, 28, 66, -2, -1, -5]
[0, 1, 1, -29, -7, 0, -1, -1]
[-6, -3, -2, 9, -24, -10, -5, -4]
[6, 4, -3, -13, 2, 4, 6, 3]
[-3, -3, -1, -6, -24, 1, -20, -3]
[-3, -1, 1, 8, -9, -3, 1, -2]
[-1, -4, -4, -16, -16, 1, 5, 3]
[4, 0, 4, 28, 30, -1, -6, -3]
[-1, 1, 2, -8, -22, 1, 4, 0]
[-3, 0, -8, -42, -24, 0, 0, 1]
[-2, -1, 4, 56, 25, -3, -3, 2]
[4, 2, 3, 22, 39, 11, 6, 4]
[-2, -2, -5, -9, -10, -3, 3, -1]
[-2, -4, -2, 2, 8, -2, -8, -3]
[3, -3, -1, -9, 13, 3, 19, -4]
[0, -1, -2, 8, -48, -5, -6, -5]
[4, 4, 5, -5, -2, 4, 6, 5]
[-6, -4, -4, -6, -30, -13, -7, -7]
[0, 1, -2, -20, -14, -3, -3, 1]
[-2, -1, 2, 3, 18, 7, 3, -2]
[-3, -2, -6, 0, 14, 1, -8, -5]
[0, 0, -2, 15, 36, -1, 7, 14]
[0, -2, -8, -48, -60, -18, -9, -2]
[-5, 0, -2, -8, 34, -2, -2, -4]
[1, -3, -1, -6, -16, -5, 4, 2]
[2, -1, 5, 20, 58, 8, -2, -2]
[0, 1, 4, 6, -14, 1, -2, 1]
[2, 2, 0, -9, -37, -3, 1, 0]
[1, -2, -3, 4, -2, -2, -4, -3]
[0, 0, -3, -16, -12, -1, -1, 0]
[-5, 0, 3, 7, 18, 2, 9, 5]
[0, -1, 1, -7, -2, -2, -29, -11]
[-1, 1, -1, -4, 18, 7, 5, 0]
[0, -5, -5, -6, -38, -5, -1, -1]
[-1, 1, 1, 33, 54, 2, -4, -1]
[2, 4, 5, 8, -15, 1, -2, 4]
[-2, -2, -2, -22, -53, -7, 19, -2]
[-1, -2, 0, -3, -6, -6, -3, -1]
[-2, 0, 1, 2, 14, 5, -2, -2]
[1, 0, -3, 17, 35, 6, 4, -4]
[0, 4, -1, -3, -8, -4, -7, -1]
[0, 1, -5, -13, -23, -1, 3, -3]
[4, -1, -2, 15, 37, 3, -1, -2]
[-3, -4, -3, -22, -29, -3, 1, -5]
[-2, -6, -3, -20, -17, -1, -5, -2]
[0, 1, 6, 34, 36, 5, 3, -3]
[-1, 0, 1, 5, -11, 1, -4, 0]
[1, 1, -2, 7, 44, 5, 8, 4]
[-2, 1, 1, 10, -61, -7, -6, -2]
[-3, 1, -4, -22, -46, -1, -1, 1]
[0, 2, 5, -7, 23, -4, -3, 0]
[-3, -4, -5, 24, -22, -3, 5, -2]
[-1, 0, 2, 3, 41, 5, 0, 1]
[0, 3, -3, -2, -2, -4, -4, 2]
[-1, -2, 2, -5, -26, 0, -1, 0]
[3, -3, -1, 6, 25, 5, 14, 3]
[1, -2, -2, 4, 34, 1, -11, -2]
[-3, -3, -4, -13, -33, -7, -8, 0]
[0, -2, -5, 11, 14, -1, 7, -6]
[1, -1, 2, -6, 10, -1, 4, 3]
[-2, -1, 2, 12, 1, 1, 5, 0]
[-4, -2, -2, -8, 16, -3, -5, -2]
[1, -1, -3, -14, -26, -2, -6, 1]
[0, 0, 4, 1, 10, 3, 0, 1]
[0, -1, -1, 13, 19, 1, 2, 1]
[-1, -2, -1, -6, -12, -5, -1, -1]
[-2, -2, -3, -6, -27, 0, -2, 1]
[-2, 2, 1, 2, 6, -1, -6, -4]
[0, -1, -4, -36, -11, -4, -3, -1]
[3, -1, 4, 45, 30, 4, 4, -1]
[1, -2, -2, -24, -6, -5, -5, -2]
[1, 2, 1, -2, -33, 2, -1, -8]
[0, -1, -1, 23, 52, 6, -4, 9]
[-3, 1, -1, -19, -44, -3, -1, -2]
[0, 2, 1, 8, 11, 3, -3, 1]
[0, -2, -2, 3, -3, 2, 0, 4]
[1, 0, -1, -7, -17, -5, 2, -3]
[1, 0, -1, -4, 2, 0, 4, -5]
[-1, 3, 7, 10, 10, 0, 1, 1]
[0, 0, 2, 12, 20, -1, -4, 0]
[-1, -1, -1, 6, -7, -2, -2, -4]
[1, 0, 0, -3, 34, 2, -3, 9]
[-4, -3, -9, -25, -32, -2, 19, -2]
[-3, -1, 0, -9, 12, 0, -2, -1]
[-2, -1, -1, 6, 11, -5, -3, -2]
[1, -2, 8, 19, -9, 1, -1, -1]
[4, 0, -1, 2, 0, -1, 2, 5]
[-3, 0, -4, -13, -1, 0, -22, -6]
[-1, 1, -2, -2, -14, 0, 3, 0]
[-1, 1, 1, -3, 15, 4, 5, 0]
[1, -2, -2, 7, -11, 4, -6, -3]
[0, -1, -1, -7, -4, -6, 1, 2]
[0, 2, 4, 15, 13, 1, -1, 1]
[-3, -1, -2, 2, 1, -4, -3, -4]
[-2, -3, 7, 11, -9, 2, -3, 1]
[1, -1, 3, -4, 26, -1, 4, 0]
[-2, -2, -3, -18, 7, 2, 1, 0]
[-3, -4, -7, -22, -57, -8, -1, -3]
[-2, 0, -6, 5, 17, 0, -5, -5]
[1, -3, -4, -1, 10, 2, 3, 1]
[2, 1, -1, 3, -2, 2, 6, 1]
[-3, -4, -4, -7, 2, -5, -1, -2]
[0, 0, -1, -18, -3, 2, -7, -6]
[-4, 0, -1, 20, 4, -6, -9, 4]
[-1, 3, -2, -17, -21, -3, 3, -1]
[-1, 1, 2, 12, 47, 3, -2, -1]
[-1, -4, -2, 1, -34, -6, -5, -1]
[-2, -2, -1, -15, -31, -2, -1, -1]
[-2, -2, -2, 3, -10, -2, -4, -1]
[-2, -3, -4, -13, -5, -3, 0, -1]
[1, 2, 1, 7, 18, 1, 0, -1]
[3, 1, 5, 15, 27, 8, 8, 2]
[-2, -3, -6, -20, -36, -5, -2, 4]
[-1, 0, -1, 2, 1, -4, 1, 0]
[1, -3, -1, 19, 38, 2, 2, -3]
[2, -2, -1, 8, 2, 1, 1, -2]
[1, 2, 4, 8, -13, 4, 3, -3]
[0, 0, 2, 14, 9, 2, -3, -2]
[-1, -1, -2, -19, -15, -5, 1, -1]
[0, 0, 3, -4, 16, 1, 7, 3]
[-1, -2, 2, -4, -4, -3, -1, 0]
[-1, 3, 0, 30, 3, -1, 11, 3]
[0, -1, -4, -11, 2, -3, -28, -8]
[-2, 0, -2, -1, -3, 4, 2, -2]
[-1, -1, 4, 7, 14, 1, -4, -2]
[1, 0, -3, -24, 7, 2, 7, 1]
[-2, -2, -1, 6, -25, -4, 4, 3]
[2, 1, 2, 21, 52, 4, 0, 0]
[-2, 1, -2, -14, -43, -5, -2, -1]
[-1, -4, -4, -17, 3, -8, -12, -3]
[-4, 0, 4, 12, -9, 2, 18, 0]
[-2, -3, -3, -21, -20, -5, -6, -3]
[0, -2, -1, 5, 18, 1, 0, 1]
[0, 0, 0, 14, -8, -2, -1, -1]
[3, 0, 1, -7, 8, 2, -1, 0]
[1, 0, -4, -6, -38, -2, 6, -1]
[0, 0, 1, 10, 39, 7, 1, -1]
[0, 2, 4, -8, 3, -3, -7, -2]
[-3, -1, -4, 6, 13, -2, -3, -1]
[-1, 0, -2, 4, 4, 5, 0, 0]
[-2, -3, -2, -10, -40, -4, -3, -2]
[-3, -1, -1, -17, -13, 1, -1, -2]
[-2, 0, -1, 17, 12, 1, 3, 1]
[2, 2, -3, -2, 8, -2, 1, -4]
[5, 0, 2, -11, 16, 6, 1, 5]
[-1, -3, -5, 6, -13, -6, -3, -3]
[-2, 0, 6, 24, 12, -1, -3, 0]
[-2, -4, -2, -30, -21, -1, -4, 2]
[0, -1, -5, -3, -16, -2, 1, 0]
[-3, -2, -3, -7, -21, -5, 0, -2]
[0, 0, 0, 4, 39, 5, 0, -1]
[-2, 0, -3, -10, -29, -5, -3, -2]
[1, 1, 5, -3, -17, 1, 0, -1]
[-1, -3, -3, -12, -4, 0, -2, -1]
[-1, -1, -2, -2, 35, 1, 2, -1]
[0, -5, 0, -16, -55, -2, 3, -1]
[-2, -3, 0, 7, 27, -2, 2, -4]
[-1, 0, 1, 6, 5, 0, -2, -2]
[-1, 3, -1, -20, -39, -6, -4, 0]
[-1, 1, -1, -3, 21, 4, -1, 0]
[0, 1, -1, 19, 22, 0, 0, -2]
[1, 1, -4, 6, -14, 2, 3, 1]
[-1, 0, 1, -14, 7, -1, -4, 0]
[1, -2, 1, 13, 27, 4, -1, 0]
[-2, -2, 2, -8, -12, -5, -4, -1]
[-1, 3, 7, 4, 20, 2, 0, -2]
[-1, -5, -1, -1, -29, -3, 2, -2]
[0, 0, 1, 13, -1, 1, 2, 1]
[1, -2, -5, -12, 2, 1, 1, -1]
[2, 2, -2, 3, 2, -2, -2, 1]
[0, 1, -4, -8, 15, 0, 1, 1]
[-5, -3, -2, -10, -47, -5, -3, 2]
[0, -3, 1, 5, 8, 1, -4, 0]
[-2, -2, -2, -11, -10, -5, 1, 0]
[-1, 3, 4, 21, 7, -2, 2, 1]
[-1, 1, -1, -3, 11, 1, 4, -1]
[-2, 0, -4, -3, 9, -1, 7, -2]
[0, -2, -9, -7, -13, -3, -11, 0]
[-2, 2, 9, 4, -16, -4, -7, -3]
[-1, 0, 3, 25, 26, 3, -7, -1]
[1, 1, -3, 2, 3, 0, 4, 0]
[-1, -4, -2, -14, -19, 2, 4, -2]
[0, 0, -1, 17, 66, 10, 4, 1]
[-4, -4, -2, -28, -54, -9, -5, -4]
[-3, -6, 0, 5, 23, -1, -1, -3]
[0, 1, -2, -8, -21, -9, -8, -1]
[2, 0, -5, 0, 13, 5, 4, 4]
[1, -1, -2, 3, 18, 6, 5, -1]
[0, 0, -3, -4, -8, -5, -5, -1]
[-2, -1, 2, 4, 2, -3, -12, -2]
[-1, -3, -4, -3, -28, -5, -5, -6]
[4, 3, 3, 2, 22, 6, 20, 3]
[-3, -2, -1, 0, -11, 3, 1, 14]
[3, -10, 2, 11, 10, 5, 2, 0]
[-1, 4, -4, -4, 24, -12, -7, -8]
[2, 2, -2, -14, -60, -6, 0, -2]
[-4, 2, 3, 3, -12, 3, -5, -9]
[4, 3, 4, -7, -5, -3, -8, 2]
[-5, -7, -2, 0, 14, -2, -2, 2]
[2, 0, -1, 1, 3, 6, 2, 3]
[-2, -2, -3, 9, 27, 1, 5, -5]
[-8, -1, 0, 1, -18, -12, -9, -22]
[0, -1, -8, -27, -31, 17, 7, 15]
[2, 4, 0, 9, 31, -19, -4, -8]
[7, -2, 3, 5, -8, 0, 2, 11]
[7, 6, 3, 6, -10, 15, 20, 8]
[-5, -4, 1, -11, -6, -29, -5, -11]
[-5, -5, -1, 30, 19, 24, -12, -2]
[-2, -5, -3, -17, -44, -9, 5, 6]
[2, 5, -2, -14, -4, -3, -10, -13]
[16, 12, 3, 2, -30, 9, 30, 16]
[-6, -3, -6, -32, -14, -16, -9, -4]
[-4, 3, 2, 22, 68, 19, -22, -12]
[-11, -4, 4, 20, 30, -8, 5, -8]
[1, 1, -4, -18, -67, 2, -13, -5]
[17, 1, 6, 39, 35, -11, 7, 22]
[-13, -2, -2, -38, -89, 18, 19, 5]
[9, -19, -2, 24, 103, 16, -8, -8]
[-18, 4, 1, -10, -80, 1, 23, -5]
[2, 7, -4, 0, 15, 7, -7, 4]
[2, 10, 7, 20, 52, -6, -35, 2]
[-2, 0, -7, -21, -17, 2, 27, 7]
[3, -22, -9, 1, 39, 2, -47, -5]
[0, -12, -4, 19, -49, -6, 7, 11]
[6, 5, -5, -16, -82, 0, -15, -16]
[-8, 4, 3, 13, 50, -29, 8, 3]
[4, 4, 5, -8, -8, 22, -12, -2]
[-16, -4, -9, -35, -8, -86, -45, -29]
[5, -5, 0, -48, -4, 64, 53, 7]
[-3, -6, -10, 41, -64, -81, -82, -13]
[3, 4, 11, 14, -1, 23, 68, 3]
[-12, -15, -5, -5, -9, 100, 30, 2]
[-27, -16, -17, -18, 22, -53, -20, -32]
[23, 8, 7, -27, 6, 43, -7, 34]
[12, -6, -8, 16, 15, -73, -30, -8]
[10, 16, 13, 25, -19, 7, -7, -4]
[7, 3, -6, -7, 44, 13, 41, 16]
[-36, -14, -9, -13, 2, 44, 12, -6]
[20, 0, 1, -19, 13, -55, -50, -9]
[42, 39, 19, 14, -16, 61, 65, 27]
[-10, 0, -3, -9, -32, -24, -32, -6]
[-20, -19, -30, -100, -78, 45, 112, 12]
[-30, -24, -4, 48, 37, 46, 34, 2]
[-16, -15, -1, -2, 9, -61, -57, -35]
[-4, -3, 5, 11, -23, -14, 16, 12]
[22, 1, -7, -35, 20, -57, -82, -18]
[5, 8, -7, 13, -26, 40, 64, 23]
[10, 9, 29, 31, 56, -32, -31, -1]
[17, 11, 31, 53, 39, 14, 32, 35]
[7, 8, -8, -32, -12, 1, 10, 7]
[-8, -10, -2, 15, 2, -10, -33, -13]
[-20, -14, -11, -10, 31, -25, -48, -28]
[-12, -3, -16, -23, -1, -17, -8, -23]
[-13, 13, -4, 9, -29, 31, 90, 43]
[31, 9, 20, 2, 1, -9, -32, -25]
[-24, -16, -2, -10, 31, 14, 26, 5]
[0, 1, -11, 14, 20, -20, -60, -31]
[-7, -5, 6, 15, -7, 4, -1, -11]
[-26, 6, -13, -12, -86, -3, 11, 2]
[27, -6, -2, 9, 54, 16, 58, 42]
[-13, -2, 13, 35, -34, 1, -24, -26]
[-6, -6, 8, 4, 36, -14, -19, -23]
[-59, 20, -11, -23, 13, -23, -70, -59]
[38, -9, -20, -77, -24, 31, 36, 40]
[1, -8, -1, 49, 12, -6, 33, 26]
[20, 4, 10, 17, -18, -27, -36, 8]
[-31, -18, -2, 12, 27, 7, -17, -31]
[13, 17, -16, -23, 3, 24, 9, 21]
[-7, 6, 10, -11, -18, -7, 20, 18]
[44, 10, 16, 55, 43, 22, 27, 22]
[-7, 1, 3, -33, 1, -18, -44, -15]
[-7, -5, -14, -47, -52, -24, -8, -25]
[-9, -1, 1, 33, 43, 11, 4, -14]
[-64, -1, -2, 23, -9, -9, -29, -45]
[82, 1, 4, 2, 18, 26, 51, 90]
[-68, -16, 4, 12, -17, -20, -29, -67]
[10, 8, 17, 7, 33, 39, 53, 80]
[68, 28, -6, -5, -22, -7, -7, 17]
[-7, -10, 2, -8, -8, -1, 12, 2]
[13, 20, 38, 59, 26, 13, 3, 6]
[-25, -28, -31, -69, 3, -38, -77, -46]
[-35, 3, 1, 21, -8, 16, 55, 11]
[24, -17, -22, -29, -15, -22, -6, 24]
[-3, 3, 2, 35, 15, -12, -25, -14]
[-38, 50, 2, -14, 5, -20, -58, -106]
[66, -17, -10, -71, -20, 5, 28, 77]
[-18, -2, 4, 69, -8, 9, 10, -19]
[-39, -30, -12, 34, -2, 9, 23, 7]
[37, 25, 24, 10, 12, 1, -13, -7]
[-98, -27, -44, -80, -36, -34, -72, -105]
[58, 15, 26, 25, 29, 26, 54, 73]
[93, 2, -22, 11, -20, -12, -16, 47]
