[-43, -19, 40, 83, 24, 28, 12, 10]
[40, 17, 7, -28, 24, 10, -18, -5]
[-72, -5, -11, -40, -15, -22, -5, -53]
[-65, -7, -6, 6, 10, -8, -49, -43]
[103, 6, -22, -32, -25, -1, 59, 24]
[-111, -4, 18, 85, 25, 2, -11, -56]
[113, 1, 4, -21, -7, 12, 23, 95]
[43, 7, -15, -44, -14, 4, 34, 47]
[-40, 20, -19, -39, -8, -38, -62, -63]
[23, -51, -14, -8, -20, 11, 1, 64]
[-28, 20, 18, -1, 7, 14, 71, -4]
[-17, -11, 8, 15, 1, 31, 16, -5]
[-60, -6, -20, -10, -8, -12, -19, -82]
[17, -4, -37, -26, -2, -14, -46, 13]
[-1, 56, 64, 42, 20, 11, 14, -4]
[10, -30, -19, -48, -19, -36, -21, 44]
[41, -1, 10, -23, -9, 10, 27, 48]
[-99, -10, -48, -96, -20, 12, 16, -110]
[104, -4, 62, 107, 41, 10, -10, 106]
[-120, 27, -13, -36, 11, -5, 23, -115]
[90, -14, -9, -11, 1, -6, -43, 73]
[32, -11, 23, -5, 12, 19, 41, -27]
[-30, -15, -23, -32, -17, -27, -64, -50]
[2, 22, 19, 8, -2, 57, 90, 38]
[58, 12, -17, -20, -6, -5, -34, -34]
[-68, -5, 10, -14, 22, 17, 91, 126]
[54, 38, -21, 25, -14, -59, -112, -44]
[-50, -42, 11, -62, -4, -8, 23, -2]
[-128, -9, -15, 12, 10, 9, 27, -57]
[127, -6, 23, 127, 0, -16, 16, 90]
[-47, -36, -24, -77, -8, -14, -38, -53]
[-5, 20, 31, 52, 3, 58, 52, -3]
[-7, -6, 17, -23, -7, -19, -6, 6]
[-42, 16, -69, -79, -36, -44, -63, -128]
[-128, -16, 29, 69, 45, 8, -46, -64]
[110, -20, -23, -13, -23, -31, 15, 66]
[-40, 5, 14, -11, 18, 6, 7, -23]
[0, 50, 41, 23, 6, 20, -23, -42]
[-9, 12, -67, -68, 6, 25, -2, -128]
[5, -61, -25, -35, -13, -25, -52, 24]
[56, 15, 41, 25, 10, 40, 64, 96]
[9, 5, 24, 21, 14, 14, 7, 18]
[-87, -8, -16, -69, -27, -28, -20, -69]
[-80, 3, -30, 15, 12, -46, -89, -128]
[10, -49, -85, -88, -16, 45, 77, 127]
[81, 51, 93, 127, 25, -20, -79, 3]
[107, 11, 85, 30, 20, 120, 127, 127]
[-29, 9, -11, -65, -42, -46, -64, -61]
[-42, 4, 3, 35, -8, -46, -46, -59]
[-86, -9, -18, -50, -23, -17, -25, -128]
[-22, -8, -91, 39, -23, -30, -29, -45]
[97, 36, 100, 55, 21, -23, 27, 125]
[-6, -16, -24, -101, -10, 19, -7, -68]
[-90, 18, -27, -84, 6, -33, -54, -49]
[60, -6, -29, -48, -13, 16, 45, -6]
[46, -13, -20, -3, 5, 52, 1, 45]
[49, 61, 14, 54, 10, 0, 12, -36]
[-21, -52, -41, -59, -4, -39, -25, 54]
[57, 2, 38, 44, -13, 2, -21, 80]
[48, 26, -5, 12, 1, 38, 68, 0]
[-56, -15, 2, -54, -23, -16, -59, -37]
[7, -34, 14, 62, 15, 10, 23, 34]
[13, 27, 22, -11, 20, -22, -8, 18]
[-14, 31, 21, 88, 29, 16, 17, -54]
[-62, -35, -19, -60, -22, -45, -85, -68]
[-51, -12, -48, 32, 25, 77, 7, 33]
[8, 34, 75, 43, 4, -85, -25, 33]
[-37, 12, 4, -9, -8, 45, 23, -60]
[-106, -21, -33, -21, -18, -28, -45, -123]
[-32, -7, -39, -100, -23, 1, 0, -83]
[-48, -75, -29, 19, -2, 10, 4, 59]
[-13, 13, 6, -31, 7, -11, -30, 32]
[0, -11, 16, 48, 15, 16, 17, 37]
[-52, 5, -25, -71, -5, -41, -72, -57]
[36, 13, -9, 71, 2, 26, 105, 39]
[50, 54, 41, -71, 9, 11, 6, 21]
[-67, -28, -23, 22, -11, 2, 41, -39]
[8, 19, 31, -31, -7, 10, 15, -40]
[-128, -29, -128, -115, -44, -31, -128, -128]
[-34, -70, -10, 53, 21, -56, -6, 56]
[127, 32, 67, 83, 16, 79, 90, 127]
[32, 33, 33, 36, -21, -82, -49, -12]
[-60, -35, -32, -92, -18, 43, 47, -51]
[-56, -6, -39, -39, -4, -8, -51, -78]
[-27, -12, -2, 7, 14, -17, -25, 7]
[-78, -3, 7, 31, 9, -15, -19, -83]
[75, -54, -29, -69, -5, 31, 52, 104]
[-103, 28, 13, 32, -4, 29, 14, -102]
[-31, -5, 3, 8, 3, 9, 34, -35]
[-5, -14, 11, 26, -14, 5, -9, -25]
[-62, -2, 3, -35, 11, -19, -50, -74]
[-16, -11, -62, -60, -23, 0, -13, -22]
[43, 16, 28, 78, 23, 8, -5, 29]
[42, -7, 1, -7, 14, 0, 15, 52]
[-3, 24, 34, -7, 25, 32, 24, -1]
[2, -20, -22, -52, -13, -17, -13, 10]
[-2, 0, -40, -53, -22, -27, -33, -30]
[25, 8, 33, 56, 14, 44, 60, 52]
[50, 16, 15, 4, -2, -10, 1, 46]
[-6, 3, -5, 5, 7, -1, -33, -21]
[-14, -22, -15, -4, -8, -10, 7, -15]
[50, 29, 25, 19, 8, 18, 1, 34]
[-22, 24, 9, -12, -4, -13, -10, -27]
[8, -2, 11, 17, 7, 5, 3, -3]
[7, -4, -3, -5, -2, -7, -4, 5]
[2, -28, -6, 3, -1, 14, 46, 19]
[-30, 9, 0, -1, -2, -5, -29, -35]
[25, 7, -1, 12, 5, -2, -19, 7]
[-10, 3, 6, -11, 5, 3, 4, 7]
[11, -7, -4, -7, -21, 5, 15, 9]
[-15, -6, 2, 7, 23, -4, -5, -16]
[-25, -13, -6, -5, -7, -4, -1, -16]
[14, -3, -7, -7, 0, -5, -1, 1]
[12, 7, 7, -11, -8, 5, 19, 22]
[-12, -1, 7, 8, 2, -1, -28, -18]
[-10, 6, 7, 9, 6, 4, -4, -4]
[4, 7, 0, -4, 16, 0, 1, -6]
[13, -1, -8, 8, 11, 2, 10, 18]
[-22, -10, -4, 1, -34, 1, -1, -13]
[-3, -3, -6, -30, -30, -16, -5, -9]
[15, 13, 5, 6, -10, 3, 9, 6]
[-20, -10, -4, 23, 40, 12, 13, 0]
[3, 1, -6, -11, -36, -4, -7, -23]
[-8, 6, 11, -5, 23, 1, 34, 23]
[26, 18, 7, 31, 4, -2, -37, 4]
[3, 22, 3, -20, 3, 7, 8, 0]
[-6, 1, -3, -32, -19, -1, 10, -2]
[-7, -7, -2, 23, 9, 0, 3, 5]
[-12, -22, -4, -20, 21, 7, 6, -4]
[6, -9, 0, 5, -74, -10, -37, -7]
[6, 9, 1, 13, 106, 7, 15, 21]
[-16, 2, -6, -32, -103, -13, -13, -15]
[5, -6, 3, 32, 83, 2, 11, 12]
[1, -1, -5, -21, -24, 4, -6, -19]
[-19, -37, -3, -16, -67, 6, -2, 9]
[25, 16, 1, 27, 44, 0, -9, 10]
[-8, 18, 6, 10, 0, 0, -22, -26]
[11, 11, -1, -13, 5, -1, 0, 4]
[-4, 2, 6, 24, 62, 0, -10, -12]
[-21, -22, -9, -21, -34, 2, -9, -8]
[1, -7, -5, 10, -31, -4, 14, 14]
[1, -7, -3, -39, -25, -9, -19, -26]
[21, 46, 4, 6, 11, 8, 30, 29]
[-5, -9, 1, 35, -4, 6, 14, 1]
[-2, -1, -5, -26, -24, -11, 1, -13]
[-16, -17, -6, -25, -58, -31, -24, -6]
[9, 0, 5, 42, 100, 20, 16, 3]
[13, 15, 2, -20, 14, -6, -11, -8]
[-3, 3, 6, 37, 34, -2, -2, -2]
[16, 15, -9, -52, 22, -8, 20, 9]
[-9, -8, 3, 34, -69, 0, -4, 19]
[-2, -2, 1, 20, 32, 5, 0, -5]
[-17, -13, -14, -73, -128, -28, -5, 2]
[4, -3, 6, 60, 101, 18, 8, 23]
[0, -2, -1, -31, -31, -13, -6, -26]
[1, -4, 0, 6, 40, 12, 8, 3]
[-3, 0, -2, -18, -6, 0, -8, -4]
[9, 5, 4, -5, 45, 11, -2, -3]
[-14, -16, -1, 24, -83, -14, 30, -8]
[12, 29, 8, -3, 63, 12, 3, 2]
[-26, -23, -5, -10, -59, -5, 7, -8]
[33, 29, 2, -1, -28, -10, -5, 7]
[0, -1, 0, 8, 3, 10, 12, -5]
[-11, -21, -12, -79, -59, -26, -11, -8]
[9, 9, -1, 26, 63, 3, 3, 10]
[-8, -7, -1, 4, -31, 10, 9, 7]
[-2, 5, 6, 20, 31, 6, -3, -13]
[-4, -3, -4, -7, -8, -9, -8, -6]
[4, -2, -6, -25, -36, 2, 8, 6]
[-6, -13, -4, 3, -31, 0, -3, -3]
[1, 5, 1, 7, 70, 2, -12, -3]
[-3, -8, -9, -14, -56, -11, -7, -1]
[6, 8, 11, 14, 40, 13, 0, 3]
[-3, 0, -4, -5, -23, 0, 8, 1]
[-4, -6, -12, -66, -46, -18, -17, -4]
[-1, -2, 7, 72, 58, 14, -2, 2]
[3, 7, 5, 8, 35, -5, -7, -5]
[-2, -2, 5, 26, 25, 9, 5, 5]
[0, -2, 1, 33, -24, -4, -5, 0]
[0, -4, 1, -49, 14, 7, 11, 1]
[6, 8, -6, 33, -5, 2, 3, -2]
[1, 3, 9, 14, 11, -1, -9, -2]
[5, 6, 7, 0, 26, 7, 9, 9]
[-14, -14, 1, 33, 76, 7, 0, -13]
[12, 15, -1, -16, -57, -12, -11, 6]
[-3, -5, 2, 23, 81, 12, 15, 6]
[1, 3, -1, -19, 9, 5, -9, 1]
[5, -2, 0, 10, -17, 3, -3, 1]
[-6, -12, -3, -10, 13, 4, 6, -4]
[2, -3, -4, 30, -19, -7, -1, 1]
[-2, -1, 0, -11, 40, 4, -4, -6]
[0, -1, -3, -11, -51, -10, -6, -3]
[1, -1, 2, 12, 6, 3, -2, 1]
[0, 2, 1, -1, 47, 1, 6, -1]
[-8, -2, -7, -19, -48, -11, -3, 1]
[5, 4, -1, 22, 5, 2, -8, -1]
[2, 2, 4, -19, -2, 0, -5, -2]
[-4, -6, 0, -12, -39, -1, -4, 0]
[2, -2, -1, -5, 22, 6, -3, -5]
[-2, 2, -1, 4, -33, -15, -7, 0]
[1, 1, -4, -17, -6, 3, 1, -8]
[-4, -1, 1, 45, 36, 4, 11, 17]
[-5, -5, -9, -58, -49, -12, -17, -3]
[2, 5, 2, 16, -10, -1, -7, -2]
[-3, -3, -2, -19, 15, -4, -1, -3]
[-3, -4, -1, 22, -3, -3, 7, 5]
[3, 0, 0, -14, 22, 10, 22, 4]
[4, 7, 0, 5, 67, 5, -3, -1]
[-2, -6, -4, -14, -64, -8, -3, -5]
[-1, -6, -4, -19, -16, -3, -5, -9]
[4, -1, -4, 9, 10, -1, 2, -1]
[-4, 0, 0, -4, -3, 0, -2, 2]
[-1, 0, -3, -5, 12, -1, -1, 4]
[1, 0, 0, 3, 11, 2, 2, 0]
[-1, -4, 1, -4, 24, 3, -1, -1]
[2, -1, 0, 0, -31, -5, 3, -1]
[-2, -1, -5, -19, -11, -7, 0, 2]
[0, -2, -1, 4, -7, 3, 1, -1]
[1, -1, -2, 7, 14, -8, -7, -2]
[3, 4, 1, 5, -5, 6, 3, 1]
[-4, -2, -3, -25, -30, -2, 2, 3]
[-1, -5, -6, 9, 4, -8, -6, -5]
[-3, -3, 6, -3, -4, 6, -5, -3]
[2, 1, 0, -1, -11, 0, -6, 3]
[0, -2, 3, 20, 32, 2, -3, -2]
[-4, 1, 0, -14, -6, 1, -2, -6]
[-2, 1, 1, -6, -17, -5, 3, 3]
[-1, 1, 1, 3, 11, 5, 1, 0]
[0, -1, 0, 7, 27, 5, -1, -2]
[-2, -1, -1, -3, -31, -4, -1, -4]
[3, 2, -1, 13, 14, 2, 0, 8]
[-2, -3, -7, -19, -17, -2, 0, -2]
[0, 0, 2, 18, 26, 6, 1, 1]
[0, 3, -1, -19, 6, -2, 0, -2]
[-2, 1, 0, 10, -36, -3, 7, 0]
[1, 1, 5, 14, 38, 3, -19, -3]
[-5, -4, -7, -34, -60, -13, -6, -3]
[-4, -4, -4, -10, -13, -1, -1, 0]
[1, 0, -1, -13, 12, 5, 4, 0]
[-1, -1, -2, 7, 2, 0, 4, -3]
[2, 4, 5, 31, 30, 6, 2, 2]
[1, -1, -6, -20, -21, -7, -5, -1]
[-2, 0, 0, 22, 5, 0, -4, -2]
[-1, -5, -3, -9, -10, -5, 3, 2]
[0, -4, -3, -2, 4, -3, 0, -3]
[-2, 1, 0, -13, -4, -5, -3, 0]
[2, 1, 0, 5, 20, 3, -4, -4]
[0, 0, 2, 4, -3, -1, 0, -1]
[0, -1, 1, -2, 13, 2, 3, 4]
[1, -3, 1, 8, 2, 2, -4, -1]
[3, 2, 1, 12, 11, 2, 0, -1]
[-1, 1, -3, -16, -39, -2, 3, -3]
[0, 0, 0, -3, 4, -1, -6, -4]
[-1, 0, 2, 12, 15, 2, 3, 0]
[-4, -4, -1, -5, -6, -1, -4, -2]
[1, 0, 2, 15, 24, 3, 6, 3]
[0, 1, -4, -12, -23, -6, 1, 1]
[-4, -1, -5, 0, 24, 1, 0, -2]
[1, -1, -2, -5, -8, -5, -5, -5]
[-1, -1, 1, -9, -15, -1, 1, 4]
[-1, 1, 0, 12, 4, -3, 2, -3]
[1, 4, 4, 13, 12, 1, 0, 0]
[-2, -1, -5, -6, -23, -5, -2, -3]
[-2, -1, 0, -6, 6, 0, 0, -1]
[-5, -3, 0, 6, 3, -6, -5, -2]
[0, 0, -4, -19, -29, -3, 2, 1]
[2, 0, 0, -11, -14, 3, 1, 3]
[-3, -4, -4, 4, 32, -1, -1, -3]
[0, -1, 3, 8, -5, 3, 3, 2]
[-1, -4, -2, -1, 8, 0, -2, 0]
[-2, -3, -5, -18, -16, -1, -3, 0]
[1, -3, -2, -3, -14, -5, -7, -4]
[0, 3, 3, 22, 34, 6, -3, 1]
[-2, 0, -4, -10, -11, -2, 12, -3]
[2, 4, 6, 5, 3, 0, 1, 0]
[0, 0, 2, 5, 5, 2, 4, 0]
[-2, -3, -4, -7, -4, -5, -6, -1]
[2, -2, 0, -3, -14, -2, 4, 6]
[-1, -1, -1, 10, 32, 3, -12, -5]
[-3, 3, -2, 10, 2, 4, 0, -4]
[-3, 1, 2, -16, -17, -5, -2, -4]
[2, -1, 1, -8, -4, 2, -3, 8]
[0, -1, 0, 13, -3, 1, 8, 3]
[1, -2, -1, -10, 6, 2, 2, 2]
[-1, 0, -2, 7, -1, 0, -2, -7]
[-3, -2, -1, 1, 11, -6, 0, -3]
[1, 0, -1, -3, 12, 0, -2, 1]
[0, 3, 4, 4, -3, 0, 0, 0]
[-2, -1, -5, -16, -21, -1, 3, 0]
[-3, -2, -1, 5, -12, -3, -6, -4]
[-1, -1, 2, 12, 23, 7, 3, 1]
[-2, -5, -4, -9, -42, -7, -5, -1]
[1, -1, -1, -1, 32, 3, 2, 1]
[-1, 0, 1, -2, -20, -3, -3, -3]
[0, 0, 2, 2, 11, -1, -3, -3]
[1, 0, 0, 0, -6, -1, 2, -1]
[0, 0, -2, 11, 22, -5, -4, 1]
[1, 2, -2, -8, -16, 1, -5, -2]
[-2, -1, -2, 2, 20, 0, 0, 1]
[1, -2, -2, -4, -9, -2, 0, 2]
[-2, -2, 0, 0, 1, -2, 5, 2]
[-4, -1, 1, 4, 12, 4, 0, -1]
[-4, -2, -1, -1, -19, -6, -1, -1]
[0, 0, 0, -8, 12, 3, 0, -1]
[2, -1, 2, -9, -31, -5, -3, -3]
[0, 1, 0, 16, 53, 5, 2, -1]
[2, 0, -1, -10, -32, -1, -1, 0]
[2, 2, 0, 4, 15, 0, -3, -3]
[0, -2, 0, -7, -41, -2, 1, 0]
[-1, -4, -3, 0, 0, -6, 0, 0]
[-3, 0, -4, 6, -3, 1, 1, 0]
[-1, 2, -4, -4, 9, 1, 0, 2]
[1, 0, 1, -3, 12, 0, -1, 0]
[1, -2, -1, -8, -8, 0, -3, -2]
[2, 3, 3, -7, -6, 0, 0, 0]
[-2, -2, -4, 4, -3, 2, 2, -2]
[-1, 0, 2, 8, 14, 1, 0, 0]
[0, 0, 1, 0, -13, 0, -1, -2]
[2, 1, 1, -9, -7, -4, -2, 0]
[2, 1, 3, 10, 18, 2, 1, -1]
[-2, -3, -6, -8, -10, -2, -2, -2]
[-3, -2, 1, 13, 40, 2, -1, 0]
[-3, -1, 3, -9, -58, -3, -1, -1]
[0, -1, -1, 1, 2, -2, 1, 2]
[1, 0, -2, -3, -9, -2, -1, 0]
[0, 0, -2, -3, -17, -2, -3, 0]
[-1, -2, -4, 1, 24, 1, 1, -2]
[-2, -3, 0, -7, -8, -2, 2, 0]
[0, -4, -2, 0, 3, -1, -1, -2]
[0, 1, 3, -2, 10, 4, -1, 0]
[2, -1, -1, 3, -3, -1, -1, -1]
[0, 1, 1, 0, -1, 1, -1, 0]
[-1, -2, 0, 4, -12, 0, 0, -2]
[0, -1, 5, 2, 32, 1, 2, -2]
[0, -4, -4, -8, 9, 1, -1, -1]
[1, 0, 1, 24, 2, 0, 0, -1]
[-2, 0, -4, -16, 2, -1, -2, 0]
[-1, 0, -2, -2, -30, -4, -2, -3]
[0, -1, -1, -1, 23, 0, 1, 1]
[0, 2, 0, -5, 0, 0, 1, 0]
[0, 1, 2, 9, -10, 1, -1, -1]
[0, 2, -3, -8, -13, -2, -2, -2]
[-1, -3, -2, 0, 7, 2, 5, -1]
[-4, 0, 3, -1, -3, -1, 3, 0]
[-4, -3, -3, -1, 22, -1, -1, 1]
[-2, -2, -3, -18, -28, -1, -3, 1]
[1, 1, 5, 11, 5, -1, -5, -1]
[0, -1, -6, -12, -10, 0, -3, 1]
[0, 0, 8, 0, -13, -3, 2, 2]
[-1, -1, 1, 26, 43, 0, 2, 0]
[2, 1, -2, -4, 3, 2, 0, 0]
[-1, -3, -3, 2, 2, 0, -4, -3]
[-1, 1, -4, -7, -1, -7, -5, -2]
[-1, -3, -4, -8, -20, -2, 7, 0]
[0, -1, 0, 6, 8, -2, -6, 1]
[-2, -2, 2, 2, 21, 6, 4, -2]
[-2, -2, -4, -5, -29, -7, 0, 0]
[-1, 1, -3, -14, -18, -2, -3, 1]
[-3, -2, 0, 13, 11, -1, -3, -4]
[0, 0, -2, -21, -16, -1, -1, 0]
[-2, 4, 2, 19, 20, 4, 3, -1]
[-3, 0, -2, 7, 3, 3, 1, -3]
[-2, 0, -5, -14, 13, 1, 4, 2]
[2, 0, 1, -4, -22, -7, -3, 1]
[0, -2, 1, -2, -6, 2, -3, -1]
[0, -4, -2, -4, -10, -1, 0, 0]
[1, 2, 2, 4, 18, 6, 4, 2]
[-3, -1, -3, -6, -6, -3, -4, -1]
[0, -1, -3, -8, 7, 2, -2, -5]
[-1, 1, -3, -11, 1, 2, -6, -1]
[-3, 0, 1, 9, -24, -7, -2, -4]
[0, -1, -6, -2, 15, -4, 0, -1]
[1, -1, -2, 0, 1, -4, -6, -3]
[2, 0, 7, 4, -1, 1, -3, -2]
[1, -4, 0, 7, 6, 8, 17, 3]
[0, -2, 0, -10, -7, 4, 9, 7]
[-2, 3, -2, -2, -3, -7, -4, 0]
[0, 0, -6, -2, 10, -2, -6, -2]
[-2, 0, -6, -13, -56, -7, -9, -2]
[-1, 1, 8, 25, 34, 3, 6, 1]
[-2, -2, -2, -2, 11, -4, -1, -1]
[2, 2, 8, 17, -2, 6, 3, -1]
[4, 3, 0, 4, 20, 13, -8, -2]
[2, 1, 4, 15, 22, -17, -2, -1]
[-5, -6, -6, 0, -33, -21, -3, 0]
[-3, -1, 3, -11, 6, 1, 2, -2]
[-4, -6, -2, -11, -29, -1, 0, -3]
[-1, -1, -8, -20, 0, -3, -1, 2]
[3, 1, -1, 0, -9, 16, 12, 7]
[-2, -3, -7, -1, -19, -9, -13, -1]
[2, 3, 4, 11, 18, 2, 16, 1]
[-2, -6, -5, -9, -7, 10, 6, -4]
[5, 2, 3, 7, 14, -7, 1, 3]
[-2, -2, -1, -10, -24, 0, 21, -1]
[1, 2, -2, -5, 26, -4, -11, 0]
[2, 2, 1, 1, -15, 0, 7, -11]
[-4, -2, -2, -15, -7, 5, -18, 4]
[2, 2, 2, 19, 43, -3, 7, 3]
[-6, 0, 2, 10, 9, 1, 2, -2]
[-6, -5, -3, 1, -24, -5, -6, -3]
[-4, -1, -3, -1, 5, 6, -15, -9]
[3, -1, 0, -12, 23, 10, -6, -2]
[6, 0, -6, -10, -35, -5, 26, 19]
[4, 1, 6, 4, -3, 1, -10, 2]
[-4, -2, -3, 10, 31, 2, 8, -3]
[-8, -6, -6, -15, -15, -14, -14, -9]
[-9, -4, -9, -15, 2, -6, 8, -15]
[7, -1, -4, -42, -39, -7, -30, 7]
[0, -3, 5, 40, 14, 25, 10, 16]
[5, 0, 6, 27, 60, -22, 3, -10]
[-4, -8, -11, -25, -41, 19, -7, 4]
[0, 9, 9, -1, 10, 11, 14, 8]
[-9, -8, -5, -2, -6, -38, -58, -36]
[-8, -13, -11, -51, -111, -3, 15, 15]
[7, 7, 11, 15, 50, 23, -2, 0]
[-14, -6, -11, -7, -26, -73, 18, -2]
[-2, -2, -4, -16, 2, 116, 37, 5]
[-6, -20, -19, -21, -4, -76, -57, -32]
[-5, 3, 3, 4, -24, -17, 17, 12]
[-5, 6, 0, 22, 15, 13, -18, -7]
[28, 25, 15, 13, 53, -42, 16, 24]
[-1, 3, 5, 14, -36, 21, 20, -23]
[0, 5, 12, 11, 75, -15, -34, -1]
[-2, -11, -7, -14, 13, 14, 18, 2]
[-7, -13, -4, -14, -123, -30, -28, -3]
[14, 15, 10, 8, 36, 65, 42, 21]
[-1, -4, 0, 28, 78, 6, 7, -10]
[-14, -9, -5, 6, -5, -26, -32, -19]
[6, 12, 10, 11, 18, 73, 56, -5]
[-6, -13, -21, -41, -71, -99, -77, -1]
[-1, -7, -1, 13, -1, 17, 12, -1]
[11, 6, 0, 19, 32, 24, 19, 14]
[-11, 1, 3, 0, 67, -56, -19, -10]
[6, -2, 5, 45, 15, 38, 92, 17]
[-9, 10, 4, -28, -25, -14, -9, -2]
[12, -9, -6, -45, -90, 34, 14, 8]
[23, 23, -3, -15, -5, -28, -20, -2]
[-6, 15, 10, 3, -14, 14, 5, 3]
[-31, -10, -4, 53, 60, 7, -31, -26]
[32, -1, 1, 7, 20, 14, 43, 22]
[-22, -1, -3, -15, -9, -12, -34, -15]
[20, -4, -11, -24, -2, 20, 0, 22]
[-23, -8, -2, -15, -33, -19, -27, -15]
[23, 7, 11, 29, 33, 30, 27, 37]
[2, -14, -6, -25, -49, -11, 37, 17]
[4, 3, 2, 1, -1, -5, -39, -6]
[-6, 1, 0, 17, -6, -32, -40, -20]
[-25, 2, -2, -9, -10, 22, 46, -6]
[3, -12, -20, 6, 33, 6, 14, 0]
[-19, 6, 23, 71, 30, 13, -20, -11]
[-2, 2, 23, -21, -35, 5, -11, -7]
[22, 0, -4, 17, 26, 35, 67, 22]
[36, 5, 12, 43, 27, -15, -16, 14]
[-21, -2, -4, -6, -18, -2, -2, -12]
[-2, -7, -18, -52, -51, -26, -73, -27]
[-24, -3, -12, -6, -1, -99, -84, -36]
[6, -12, -4, -15, -13, 109, 115, 57]
[25, 17, 14, 15, 63, -2, -3, 2]
[1, -4, -3, 1, -52, -4, -4, 15]
[-26, 3, 5, -1, -17, -25, -64, -23]
[-25, -9, -4, 6, -7, -33, -45, -29]
[11, 0, 3, -16, 38, 26, 6, -2]
[23, 7, 9, 16, -55, 13, 88, 41]
[-12, -11, -22, -42, 17, -9, -33, -12]
[-40, 3, -3, 4, -21, -27, -43, -35]
[2, -1, 13, -52, 20, -5, -40, 8]
[36, 19, -6, 74, -5, -7, 28, -3]
[-15, -11, 32, 19, 32, 2, -40, -5]
[-2, -1, 3, -21, -6, 6, 20, 2]
[2, 40, 0, 3, 8, 7, -12, -15]
[9, -48, -45, -51, 2, 4, 15, 30]
[3, -6, -21, -44, -33, -19, -28, -12]
[-28, -11, -11, 17, 13, 24, 22, -9]
[14, -2, 15, 49, -15, -34, -33, -7]
[-30, 15, -9, -19, 14, 25, 2, -50]
[15, 5, 4, -14, 0, 3, 1, 1]
[-7, -7, -23, -64, -2, -50, -99, -23]
[18, -15, -28, 81, -26, 55, 113, 57]
[-4, 0, 34, 21, 13, -2, 2, 0]
[-8, 3, 12, -16, 14, 11, -7, -1]
[7, -12, -46, -93, -37, -26, -24, -51]
[-90, -26, -20, 29, -3, -7, -28, -4]
[85, 15, 12, 10, 13, 48, 31, 68]
[13, 16, -7, 51, -1, -11, 21, -4]
[-8, 4, 43, 30, 16, -32, -3, -3]
[11, 17, -38, -118, -19, -2, -10, -34]
[-45, -59, -26, -74, 7, 19, -14, 9]
[35, 21, 45, 71, 15, 41, 23, 31]
[15, 10, -2, -23, -8, -30, -14, -8]
[-85, -7, 11, 30, 28, 18, 53, -26]
[65, 21, 20, -3, 7, -2, -19, 16]
[-12, -4, -25, -6, -16, 22, 14, 4]
[-40, -21, -4, -31, -11, -38, 7, -1]
[3, -12, -18, -40, -14, -35, -48, -24]
