[-20, 31, 26, 23, 24, 17, 11, 7]
[33, -7, -17, -83, -18, 43, 16, 18]
[-59, 0, 13, 127, 5, 15, 20, -25]
[38, -12, 40, -44, 0, -23, -6, 55]
[-1, -1, -33, -71, -9, -9, -10, -28]
[-21, 32, 41, 90, 26, -15, -33, -31]
[125, 12, -17, -117, -10, -9, -18, 121]
[-7, -4, 17, 65, -5, 13, -10, -43]
[-20, 19, 45, 90, 35, 32, 102, 7]
[-76, -13, -50, -99, -18, -11, -33, -16]
[28, 33, 41, 74, 22, 58, 4, -4]
[-5, -25, -17, 59, -11, 31, 11, 23]
[-67, -12, -28, -40, -25, -38, -44, -55]
[48, -11, -25, -70, -21, -57, -43, 1]
[-6, 9, 12, 102, 43, 32, 58, 9]
[6, 28, 36, -6, 11, 19, -37, -73]
[54, 6, -3, -1, -6, -71, -62, 63]
[28, 21, -13, -59, -34, -7, 9, -28]
[-96, -46, -44, -58, 16, 65, -42, -77]
[118, 16, 47, 17, 19, -4, 127, 114]
[-25, -49, -34, -113, -19, 57, 46, -41]
[-38, 10, 56, 124, 4, 6, 52, 10]
[16, 12, -20, -20, -41, -53, -45, -54]
[-91, -3, 5, 24, 38, -55, -83, -97]
[17, 13, 6, 53, 31, 81, 78, 52]
[25, -42, -7, 9, -8, -81, -52, -28]
[-96, 7, -8, -68, -7, 53, 37, -19]
[103, 24, 29, 65, -1, 68, 45, 93]
[39, 4, 4, -68, -19, -49, -27, 58]
[-60, -2, -24, 89, -13, 29, -73, -61]
[-71, -38, -9, -49, 40, 95, 10, -76]
[6, -6, -24, -17, -71, -128, -118, 26]
[87, 44, 20, 27, 3, 75, 45, 99]
[-83, -26, -47, -105, 1, -6, -50, -64]
[0, 34, 43, 60, -9, 12, 22, -33]
[30, -2, 3, 27, 32, -12, -23, 29]
[-76, 9, 16, 100, 31, 25, -29, -128]
[35, -19, -14, -13, -18, -38, 3, 97]
[-6, 11, 29, 40, -6, -108, -99, -57]
[-121, -36, -57, -128, -20, 38, 54, 1]
[-65, -12, -48, 73, -6, -81, -84, -115]
[14, 9, 78, 58, 57, 89, 102, 86]
[127, 7, -14, -62, -13, 39, 51, 127]
[10, 12, -9, -68, -6, 115, 76, -54]
[-50, 0, 12, -9, -14, -44, -18, -72]
[-127, 22, -5, -2, 18, 21, -14, -128]
[74, -54, 4, 35, 13, 0, 39, 100]
[0, 12, -11, -50, -6, -3, -17, -23]
[-72, -21, -15, -52, -1, -1, 8, -68]
[28, 7, 2, 31, -19, -28, -35, -28]
[18, 16, 8, 51, -3, -12, 24, 25]
[-59, -21, -26, -81, -11, -99, -92, -58]
[-25, -40, -49, -124, -19, 22, 22, 22]
[-98, 22, 75, 122, 49, 17, -7, 28]
[84, 5, 21, -38, -14, -73, -116, 39]
[85, 36, 18, 42, 18, 102, 95, 85]
[88, -9, 6, 34, 1, 45, -25, 86]
[37, -5, -10, -104, -11, 37, 38, -6]
[-128, 16, -54, -61, -16, -81, -91, -124]
[-100, -6, -16, 18, 32, 19, 36, -3]
[105, 56, 95, 75, 47, 34, 82, 106]
[-38, -66, -40, -43, -32, 26, 80, -61]
[-41, 8, 0, -1, -14, -59, -70, -87]
[-128, -45, -48, -55, -5, 37, -19, -128]
[47, 4, -35, -29, -26, -59, 46, 62]
[13, 51, -15, -52, -10, -20, -14, 12]
[89, -16, 19, 57, 10, 23, 81, 98]
[-55, -12, 7, -1, -22, -40, -4, -52]
[24, 5, -41, 37, 14, -1, -40, 28]
[-19, 8, 39, 43, 35, 80, 46, -70]
[8, -7, 5, -62, 13, 89, 46, 12]
[99, 33, 38, 100, -19, -36, -4, 110]
[-111, -18, -44, -108, -41, -59, -96, -93]
[127, 0, -6, 71, -5, -23, -9, 70]
[-64, 20, 2, 18, 24, 25, 42, 7]
[14, -49, 0, -15, -3, 47, 21, -18]
[-51, 6, -2, -49, 4, -41, -109, -34]
[13, -15, -17, -11, -26, 9, 57, -18]
[-50, -13, -3, 21, -19, -53, -33, -33]
[62, 54, 3, -60, 10, -71, -106, 21]
[-90, -35, 40, 76, 21, 68, 102, 5]
[90, 23, 2, -18, -9, 45, -28, 105]
[-21, 3, -26, -64, -12, 34, 17, -60]
[2, -17, -14, 54, 19, -84, -66, 53]
[85, 32, 61, 99, 3, 20, -21, 56]
[-83, -35, 1, -8, 5, -48, -22, -44]
[42, -13, -27, -76, -38, -22, 17, -6]
[-99, -6, 6, 57, 28, 70, 26, -79]
[-39, -18, -14, 6, 6, -30, 6, -101]
[104, 46, -4, 9, -13, -64, -84, 92]
[-54, -8, 4, -11, 2, 9, -6, -28]
[-44, -7, -39, -128, -17, 22, -6, -107]
[2, -3, 11, 87, 7, -6, 22, 29]
[55, 2, -11, -56, -4, 10, 39, 52]
[-34, -22, -6, 5, 15, 25, -35, -19]
[100, 19, 28, 22, 3, 1, 51, 95]
[-32, 9, 0, -40, -10, -8, -11, -49]
[-42, -26, -25, -30, -7, -32, -45, -38]
[-6, -2, 10, 58, 14, 2, -1, 33]
[9, 20, 12, 16, -8, 18, 18, 4]
[-46, -8, -33, -128, -33, -36, -47, -78]
[-7, 36, 23, 87, 37, -15, -4, 38]
[55, 13, 26, 102, 15, 18, 61, 49]
[-23, -18, -20, -18, -15, 10, -2, -47]
[20, 4, 30, 32, 12, 19, 5, -21]
[-65, -17, -9, -29, -7, -38, -18, -12]
[19, -10, -7, -14, -15, 13, 4, 9]
[3, -9, -4, -27, -4, 16, 6, -12]
[38, 10, -2, 12, 6, -21, 0, 79]
[11, -20, -18, -22, -10, -2, -11, -31]
[-16, 7, 7, -5, -6, -15, -10, -6]
[6, -1, -4, -5, -1, -2, -1, -7]
[-40, 5, -4, -15, -7, -33, -59, -48]
[20, -27, 3, -3, 0, 56, 50, 40]
[-36, -22, -8, -13, -9, -22, -21, -42]
[11, -23, 5, 20, -3, -6, -3, 20]
[45, 52, 10, 6, 9, 3, -5, 28]
[-8, 22, 1, -7, -1, -8, 2, -14]
[0, 5, -5, -11, 7, 9, 9, -2]
[16, 12, 9, 31, -2, -13, -16, -5]
[-10, -24, -11, -17, 0, -1, 1, 11]
[-18, -1, 3, -1, 1, -8, -6, -26]
[7, -2, -3, -32, -17, 0, 11, 10]
[-16, -9, 0, 23, 55, -3, -13, -2]
[-5, -16, -22, -37, -90, -5, 14, 7]
[-18, -10, -3, 67, 19, 6, 3, -20]
[4, 16, 5, 20, 7, -4, -3, -1]
[15, 8, -2, -16, -13, -2, -12, 6]
[3, -5, -1, -9, -10, 9, 34, 7]
[-16, -17, -16, -38, -2, -14, -11, -28]
[-13, -16, -4, 19, 51, -1, -15, 12]
[-2, -17, -3, 12, -44, -10, -12, 3]
[30, 31, 1, -10, 24, 3, 17, 7]
[20, 56, 16, -2, 15, 12, -5, 20]
[3, 24, 5, 1, 11, -11, -45, -9]
[2, -13, 6, 6, 33, 10, 22, 12]
[-19, -14, -2, 3, -51, -10, -29, -22]
[-11, -16, -9, -29, -34, -12, -27, -32]
[12, 1, 1, 5, 20, 6, 18, -4]
[1, -1, 3, 3, -29, 0, 12, 18]
[0, -9, 8, 58, 110, 23, 0, 7]
[-9, -10, -5, -28, -10, -2, 0, 4]
[-5, -5, -5, -24, -54, -7, 6, 7]
[-6, 1, -4, 7, 37, 0, -23, -14]
[12, 1, 9, -1, 0, 15, 12, 12]
[-24, -3, 2, -14, -56, -4, 13, -33]
[-5, -9, -1, 15, 19, -4, 5, 20]
[19, 12, -6, -9, -2, -16, -45, -16]
[-17, -9, -9, -67, -15, 2, 5, 8]
[0, -5, -1, 0, 5, -4, 1, 5]
[-15, -2, 6, 40, -6, 8, -3, -26]
[19, -17, -5, 8, 14, 2, 2, 34]
[-9, 12, -5, -25, -58, -10, 9, -33]
[0, -15, -15, -39, -19, -20, -32, 32]
[18, 23, 8, 13, 15, 7, 2, 1]
[-15, 3, 7, 21, 42, 6, 5, -11]
[-13, -30, -12, -27, -7, -10, -23, -5]
[12, 2, 8, -7, -2, 6, 7, -6]
[1, 9, 2, 26, 37, 6, 21, 13]
[5, 8, 4, 2, 10, 8, 15, 3]
[1, -5, 2, 6, -6, 2, -8, 1]
[-13, -5, -9, 11, -1, -9, 3, -11]
[10, -1, 4, 14, 14, 6, 9, 8]
[-13, 2, -7, -24, -18, -2, -9, -13]
[2, -5, 1, 32, 30, 8, 15, 12]
[-6, 8, 12, 22, 104, 9, -6, -5]
[13, 1, 6, -6, -48, 0, 7, -3]
[3, 21, -1, -27, -110, -19, 19, 2]
[15, -7, 3, 39, 61, 5, 14, 18]
[-3, -4, -6, 20, -2, -9, -30, -22]
[-6, -2, -6, -43, -50, -8, -8, 1]
[-1, 8, 2, -9, -7, 3, 16, 0]
[-12, -10, 0, 19, 54, 6, -14, -3]
[2, 11, 9, 6, -6, 5, 17, 0]
[2, 9, -6, -33, -30, -16, 0, -2]
[1, -9, -6, -28, -43, -1, -2, 6]
[1, 6, 4, 18, 40, 0, 1, 0]
[-5, -14, -3, -1, 5, 2, 7, -6]
[-5, -11, -9, -14, -6, -9, -6, -8]
[4, 3, 2, 14, 15, 10, 1, 1]
[2, 2, 5, 20, 56, 2, -5, 4]
[-3, -5, -6, -18, -14, 1, 6, 4]
[7, -4, 2, 9, 22, 9, 10, 9]
[-8, -4, -5, -34, -96, -18, -27, -16]
[7, 7, 6, 61, 90, 16, 6, 2]
[-3, -7, -6, -31, -60, -10, -3, -3]
[0, -2, 1, 24, 5, 1, 3, -4]
[5, 0, 7, 22, 97, 16, 5, 13]
[-11, -6, -9, -64, -128, -23, 11, -8]
[3, 6, 6, 3, 8, 1, -1, 0]
[4, -6, -1, -1, 16, 10, 11, 0]
[5, 7, 13, 64, 49, 10, 3, -10]
[-3, -9, -10, -52, -91, -11, -12, 7]
[1, 6, -6, 16, 90, 9, 3, 0]
[-6, -2, 1, -7, -41, -13, 0, -2]
[2, 0, 5, 11, -12, 5, 1, 3]
[-1, 0, -4, -12, -13, -5, -7, -7]
[-3, -4, 1, 8, 1, -1, 3, -1]
[8, 7, -2, -30, -3, 4, -1, 5]
[-2, -10, -5, 21, 32, 3, -2, 2]
[3, 11, 5, 15, -14, -5, 9, -5]
[-1, -3, -3, -23, 11, 2, -9, 12]
[-5, -10, -5, -11, -45, -14, 11, -10]
[-1, 4, 0, -20, 20, 1, 11, 6]
[-1, -3, -3, -4, 3, -7, 3, 4]
[-4, -1, 5, 30, 33, 4, -12, -10]
[3, 3, -5, -21, -11, -5, -14, 1]
[-1, 2, 2, -11, -17, 0, 6, 3]
[2, 0, 3, 13, 47, 4, -15, -10]
[-5, -5, -7, -23, -37, -9, 7, 9]
[1, 3, 3, 24, 55, 7, -7, -1]
[-2, -1, -8, -44, -73, -11, 0, 0]
[-3, -6, -5, -1, -16, -10, -11, -5]
[-3, -6, -6, -8, -58, -4, 14, -4]
[1, 1, -1, -4, 1, 1, 0, 1]
[1, 5, 4, 18, 61, 6, -2, -4]
[1, 5, -3, -9, -3, 0, 1, 1]
[0, 0, 3, 7, -5, -3, -6, 0]
[-2, -3, -3, -3, 27, 4, -5, -1]
[-3, -4, -2, -18, -42, -8, -1, 1]
[1, 1, 7, 29, 7, 6, -5, 1]
[-1, -1, 1, 19, 37, 3, 6, -1]
[-1, 0, 7, 17, 37, 12, 0, 1]
[-7, -8, -17, -70, -70, -29, -12, -5]
[0, 0, 2, -18, 17, 8, 9, 1]
[-4, -2, -6, 3, 3, -5, -8, -5]
[0, 0, 0, 19, 37, 4, 2, -2]
[2, 0, 5, 31, 32, 5, 1, -2]
[3, -2, -1, -5, -18, 4, 1, -1]
[-1, 0, 1, -9, -32, -4, 5, -4]
[-3, -3, -7, -21, -35, -11, -24, 10]
[-1, 4, 6, 21, 34, 12, 4, 2]
[1, -1, -2, 8, -2, 2, -4, 5]
[-1, -4, -2, -17, -4, -2, -3, -6]
[2, -1, -5, -17, -31, -6, 6, -1]
[-1, -3, -1, 18, 50, 6, 5, 2]
[0, -1, 1, -7, -23, -4, -4, -2]
[2, 5, 3, -4, -22, -5, 1, 3]
[0, 0, -5, -1, 30, 0, -4, -5]
[1, 5, 2, 27, 59, 11, 16, 3]
[-4, 1, -4, -17, -45, -6, 1, -4]
[1, -4, -4, -6, 31, 2, -1, 1]
[-1, -4, -3, -3, -73, -13, 2, -3]
[1, 1, 12, 14, 34, 12, -2, 2]
[-3, -3, 0, 2, 35, 4, -1, 0]
[1, -2, 1, 9, -37, -6, 0, 1]
[-3, -1, 0, -1, 7, 2, 2, -1]
[-1, -2, -5, -9, -9, -3, -2, -1]
[-1, 2, 0, 4, 29, 3, 4, 1]
[-2, 1, 0, 11, -2, -2, -10, -1]
[3, 1, -1, -4, -11, 5, 7, 5]
[0, 0, -1, 11, 29, -1, -3, 0]
[1, -2, -1, -29, -45, -10, -5, -4]
[0, 2, 0, 24, 17, 1, 1, -2]
[-2, -2, 1, -5, 3, -2, -1, -1]
[0, 5, 2, 7, -2, 3, 2, -5]
[2, -2, -2, -10, 6, 8, -8, 6]
[-1, 0, 1, -5, -19, -4, 2, -2]
[-2, 0, 1, 10, 32, 5, 4, 0]
[0, -3, 0, -24, -70, -4, -3, 3]
[2, 2, 4, 42, 66, 7, 4, 0]
[-1, 2, 6, 8, -31, 4, 1, 0]
[-5, -1, -7, -14, -35, -14, -12, -2]
[-2, 0, 0, 3, 35, 6, 17, -2]
[2, -4, -3, -10, -34, -6, -2, -1]
[2, -3, 0, -1, 24, 4, -2, -1]
[-3, -2, 1, 5, 3, -1, -1, -7]
[0, -2, -3, -7, -3, -1, -5, 2]
[-2, -2, -1, 10, 5, 5, 2, -2]
[-1, -2, -4, -15, 4, -4, -2, 0]
[-1, 3, 2, 0, -1, -4, 3, 2]
[-1, 1, 1, -22, -4, 0, -4, -2]
[-3, 3, 2, 20, 9, -2, 1, -1]
[-1, 0, -2, -8, -47, -3, -1, 1]
[2, -1, -3, -28, -20, -1, 2, 4]
[2, 1, -3, 12, -10, 1, -10, -4]
[0, 2, -1, 19, 40, 7, -3, -2]
[-2, -4, -6, -17, -6, -5, -1, -1]
[1, -3, 4, 30, 35, 7, 4, 1]
[-2, -6, -7, -25, -64, -13, -6, -1]
[0, -1, -2, -7, -4, -1, 1, -2]
[-1, 1, 7, 26, 45, 0, 0, -1]
[1, 2, -3, -18, 3, -1, 11, 1]
[0, 1, -1, 6, 9, -2, -22, -7]
[1, -1, -4, -11, -7, 0, -1, -3]
[-5, -2, -7, -15, -8, -3, -5, -1]
[-6, -2, -1, 5, -22, -2, -4, 0]
[-1, -4, -3, -10, 10, 0, 4, 3]
[-1, 0, 4, 5, -12, -4, -1, 0]
[2, 1, 1, -8, -18, 0, 1, -1]
[1, 2, 1, -16, 10, 1, -5, -3]
[0, 1, -5, 18, 8, -3, 2, 1]
[0, 1, -3, 4, 53, 9, 2, -4]
[-2, -4, -4, -18, -67, -12, 1, 0]
[-1, -1, 4, 9, 8, 3, -1, -4]
[-1, -1, 1, 3, -1, -2, 5, -2]
[0, -3, -1, -17, -17, -3, 0, 1]
[3, -1, 2, 24, 60, 11, 3, -1]
[-3, 0, -5, -20, -76, -4, -3, 0]
[2, 0, -3, 2, 28, 1, 5, 6]
[-3, -1, -4, -7, -34, -7, -4, -3]
[-1, 3, -3, -1, 18, 2, 2, 1]
[1, -1, 3, 13, 1, 2, -1, -5]
[-1, 1, 2, -3, 26, 4, 0, 1]
[-2, -1, 3, 26, 22, 1, -1, 1]
[3, 0, -2, -12, -47, -1, 2, 0]
[1, -3, -5, 11, 38, 4, 2, 1]
[-1, -4, -4, -9, -50, -5, -4, -3]
[0, 1, 4, 4, 16, 0, -1, 1]
[-4, 0, -1, 0, 19, -2, -3, -2]
[-1, 1, 2, 9, 26, 2, 2, -1]
[-2, 1, -3, -14, -1, 5, 3, -1]
[-3, -3, 1, -2, -9, 1, -3, -1]
[0, -2, -5, -11, -13, -1, -6, 1]
[-2, -3, 2, 5, -31, -13, 15, -3]
[2, -1, 8, 9, 13, 1, 3, 1]
[-1, 0, -6, -14, -9, -3, 1, 0]
[0, -1, -3, -2, 11, 4, 10, 6]
[2, -1, -2, 7, 25, -3, -33, -9]
[0, 1, -2, 6, -15, -1, 0, -1]
[-2, 1, 4, 10, 4, 3, 1, 0]
[0, -3, 1, -10, -9, 0, -1, -1]
[1, 4, 2, 16, 12, 7, 4, 3]
[0, 0, 1, -14, -13, 0, 1, 0]
[-2, -3, -5, 1, -2, -5, -4, 2]
[-2, -1, -3, -10, -6, -4, -5, -3]
[1, 0, -1, -20, -2, -1, 2, 2]
[-3, -2, -4, 29, 3, 1, -1, -1]
[-4, -4, 1, 2, 21, -4, 3, -2]
[-1, -4, -6, -20, -36, -5, -3, -3]
[0, 2, 1, 8, 15, 1, -1, 0]
[0, 1, -3, -12, -12, 0, -2, 1]
[2, 0, -2, -12, -20, -3, 1, 0]
[-2, -2, 5, 39, 51, 3, 1, -2]
[-2, 0, -4, -16, -23, 0, -1, -2]
[-1, -1, -5, 7, 27, 4, 0, 1]
[0, 0, 2, -9, -29, -1, -2, -1]
[0, 1, 1, -9, -15, 0, 1, 0]
[0, -4, 3, 22, 10, 1, 5, 1]
[1, 0, 4, -8, -6, -5, -2, -1]
[0, -2, -4, -14, 2, 2, -4, -2]
[0, 0, 2, 15, 26, 1, -1, -2]
[-3, -1, -2, -9, 3, -2, -2, 0]
[-2, -2, -5, 2, -19, -4, -2, -4]
[0, 2, 2, -3, -23, -3, 1, 1]
[0, -2, 0, 4, 7, 2, 2, 1]
[-2, -3, -2, -10, 9, 5, 1, 1]
[1, 0, 3, 21, 8, 1, 1, 0]
[-3, -1, -7, -23, -23, -4, -2, -3]
[0, 0, 1, 5, 4, -2, -5, -4]
[1, -1, -2, 2, 3, -2, 3, 1]
[2, -2, 1, -8, 24, 3, 5, 1]
[0, -1, -1, -5, -42, -1, 2, 0]
[0, 0, -1, 4, 20, 1, -2, -2]
[-1, -2, 0, -6, 13, 2, -8, -1]
[-4, -5, -3, -2, -26, -9, -8, -4]
[0, -2, 4, 6, -1, 2, 0, 1]
[1, -2, -5, -18, -37, -3, 5, 3]
[0, 2, 9, 0, 0, 2, 3, -1]
[-2, 2, -1, 4, 17, -5, -5, 0]
[-1, 1, 0, 0, 13, -4, 0, -2]
[-1, 0, 0, -1, -3, -4, -10, 0]
[0, -1, -8, 6, 1, 3, 5, 0]
[-1, 0, 15, 13, 6, 2, 0, -1]
[0, -3, -7, -2, 9, -2, -4, -3]
[1, 0, 4, 0, 5, 2, 3, 1]
[0, -1, -2, -3, -6, -2, 1, 1]
[-1, 1, -4, -9, -3, -1, 3, 1]
[0, -2, -4, 7, 20, 6, 8, 2]
[-1, -4, -3, -4, -15, 1, 3, -3]
[1, 2, 0, -2, -7, -6, -17, -1]
[1, 2, -4, -12, -10, -2, -5, 0]
[0, -2, -1, 4, 27, 8, 7, 5]
[-3, -3, 1, 8, -9, -7, -9, -1]
[-2, -2, -10, -14, -3, -3, 4, -4]
[-1, 1, -3, -12, 1, -4, -1, -3]
[1, 4, 7, 18, -12, 2, 11, 2]
[-3, 4, 9, 21, 31, -2, -2, -2]
[-2, 0, 3, -11, -9, -2, 6, -1]
[1, -4, -8, -10, -10, 2, -11, -1]
[-1, -2, -6, -12, 0, -10, -9, -5]
[-8, -1, -1, -8, -13, 7, 11, 0]
[-3, -3, 1, 28, 28, -8, -14, -6]
[-2, -4, -7, -11, -12, 8, 20, 9]
[-3, 1, 3, 13, 2, 4, -15, -2]
[2, 0, -2, -5, 13, -9, 10, -3]
[5, 1, 4, -4, -3, 1, -3, 0]
[0, -2, 1, 9, -2, -2, -19, -9]
[-1, 0, 0, -1, 2, -8, -8, -3]
[-3, 6, 13, 9, 10, 5, 7, 10]
[-2, -1, 1, -5, -37, 4, -4, -4]
[-3, -4, 2, 2, 10, -12, 2, 0]
[6, 1, 2, -4, -1, -2, -3, 7]
[0, -5, -4, 4, 0, -17, -10, -6]
[1, -3, -2, 4, 21, 4, 0, 2]
[-4, 2, 2, 4, 23, 9, 3, -4]
[-14, -3, -2, 2, 0, 4, 2, -11]
[-3, -2, -5, -17, -22, -5, -3, 7]
[6, -1, 0, 0, -13, -12, -2, 5]
[9, -1, -1, 2, 13, 6, -3, -2]
[-14, 0, -3, -5, 7, 5, 6, 8]
[-4, 1, -4, 0, 17, -6, -5, -3]
[0, -1, 0, -38, -78, -9, -17, -8]
[5, 4, 1, 1, 41, 12, 3, 5]
[-1, -3, 4, 30, 10, 3, 11, -5]
[3, -2, 0, -19, -18, -5, -3, -3]
[24, -1, 1, -14, -16, 14, 46, 19]
[-25, -2, -5, -17, -35, -15, -15, -5]
[27, 12, 11, 48, 67, 33, 42, 14]
[-6, 3, -2, -10, 10, 14, -23, -7]
[-7, -5, -12, -35, -37, -35, -21, -11]
[6, 5, 12, 23, 4, 8, 13, 18]
[2, -3, -5, -23, -95, -17, 16, -7]
[6, -1, 1, 17, 64, 34, 13, 6]
[-6, -3, 0, 5, -4, -36, -9, -10]
[-16, -2, -7, -19, 31, 6, 0, -6]
[-7, -3, -7, -22, -39, -32, -31, -12]
[6, 6, 5, 9, -25, -22, -14, 2]
[1, 3, 5, 19, 69, 48, 18, 21]
[10, -9, -7, -30, -58, -1, -10, 11]
[4, 1, 2, 17, 58, 0, 5, 3]
[-1, -13, -11, 28, 2, 9, 14, -13]
[-19, 2, 0, -5, 85, -25, -26, -29]
[10, 14, 9, 18, 7, 10, 13, -9]
[5, 2, -4, -52, -58, -7, -33, 24]
[-1, -3, 1, 41, 48, -11, -6, -7]
[3, 5, 6, -6, -14, 35, 29, 16]
[-6, -10, 0, 74, 29, -2, -3, -15]
[-9, -7, -16, -71, -72, -16, -22, -12]
[-2, 1, -6, -23, -12, -23, -23, 4]
[-7, -3, -4, -15, -69, -14, -23, -7]
[6, -5, -2, -29, 33, 6, 5, -3]
[-8, -5, 13, 84, 53, 13, 17, -3]
[0, 1, 2, -22, -12, 6, 15, -5]
[4, 0, -3, -21, 39, 22, -1, 18]
[-6, -3, -7, -19, -78, -31, -18, -14]
[4, 0, 11, 29, 23, 39, 31, -2]
[-4, -5, -8, -32, 10, -20, -7, -5]
[10, 10, 9, 97, 80, 6, 19, 55]
[-10, -7, -11, -47, -46, -8, -5, -16]
[-3, -6, -6, 26, -12, -15, -8, -1]
[9, 5, 12, 27, 30, 22, -15, 11]
[-10, -2, -18, -111, -94, -26, -38, -44]
[16, 11, 18, 121, 127, 33, 32, 25]
[-15, -7, -15, -68, -84, -28, -40, -23]
[-4, -7, 2, -23, -22, -14, 4, -8]
[1, -11, -4, 18, -31, 22, 17, 11]
[-14, -5, -9, 9, 58, -17, -36, -19]
[16, 19, 5, -52, -20, -12, -15, 1]
[-1, -2, -16, 5, -7, -5, -26, -8]
[-6, -4, 2, 1, 47, 20, 68, 4]
[1, -1, -11, -30, -79, -1, 24, 7]
[-16, -13, -8, -2, 53, -14, -64, -21]
[21, 3, -17, -90, 20, 23, 22, 23]
[-5, 4, -8, 12, -27, 27, 28, 1]
[30, 14, 31, 78, 5, 38, 65, 24]
[-16, -3, 1, -2, 72, -30, -61, 0]
[-10, 4, 25, 31, -50, 14, 48, -26]
[18, -8, -6, -30, 39, -4, -12, 6]
[7, 5, -6, 19, -1, -16, -28, -10]
[7, 2, -33, -63, -27, -15, 2, -1]
[-13, 9, 28, 24, 27, 0, 12, 3]
[-5, -12, 0, 30, -2, 22, 8, -11]
[11, -8, 8, -23, -47, -21, -37, 3]
[-5, -2, 2, -7, 15, 27, 33, -19]
[-36, -2, -16, 12, -25, -9, 1, -3]
[26, 6, -18, 38, 34, -31, -35, -34]
[-23, 7, 16, -50, -19, 6, 9, 42]
[31, -7, 5, 16, -15, -16, 9, -2]
[-27, -7, -12, -4, -19, 18, 13, 6]
[22, 24, 33, 51, 18, -4, 17, -27]
[-37, -25, -40, -65, -1, -10, -5, -5]
[-23, -19, -10, 19, -59, -14, 11, -7]
[29, 9, 4, -1, 49, 10, -11, 16]
[-4, -17, -20, 10, 11, 25, -8, 26]
[-6, 18, 31, -50, 5, -6, -17, -39]
[-44, -5, -5, 72, 43, 13, 35, 8]
[58, -5, -21, -45, -31, -39, -59, 1]
[-56, 6, 12, -12, -12, -16, -41, -55]
[49, -8, -13, 16, 3, 2, 38, 63]
[-15, 16, 6, -12, 15, 32, 23, -19]
[15, -14, 18, 36, 1, 1, -13, 10]
[-14, -11, -5, -17, -16, 32, 21, -3]
[-66, -8, -34, -33, -14, -17, 7, 1]
[45, 2, 23, -5, 8, -48, -113, -51]
[-69, -13, -44, -70, -28, 29, 85, 5]
[88, 38, 84, 50, 37, -48, -58, 33]
[-75, -14, -11, 26, -5, 15, 26, -61]
[98, 9, 14, 47, 9, -2, -4, 41]
[-11, 5, 13, -44, -19, 8, 3, 37]
[-19, -12, -37, 31, -6, -22, -36, -33]
[0, 3, 22, -21, 11, 16, 25, 16]
[-16, 1, -14, -30, -5, -7, -8, -16]
[-86, 4, 13, 46, 19, -10, -36, -97]
[99, 3, -14, -37, -17, 10, 74, 121]
[-86, -14, -16, 4, -9, -8, -17, -66]
