[73, 16, -55, -119, -15, 25, 53, 32]
[2, 40, 92, 108, 25, 6, 21, 16]
[-39, -11, -1, -45, 5, -5, -49, -67]
[-27, -23, -31, 12, -5, -24, -108, -10]
[24, -1, 21, -4, -3, 69, 106, 93]
[-5, -33, -54, -55, -46, -23, -30, -17]
[-66, -2, -10, 33, 8, 4, -9, -69]
[30, 14, 26, 24, 0, -15, -21, -23]
[-102, 5, 3, 24, 4, -76, -35, -45]
[127, 11, 6, 17, 15, 31, 9, 120]
[-84, -13, -24, -90, -14, 55, 56, -19]
[60, -8, 25, 7, 8, 26, 3, -36]
[-82, 19, -5, 6, 8, -51, -73, -85]
[-3, -6, -11, 11, 23, 66, 103, 31]
[-6, -28, -21, -41, -23, -27, -53, -10]
[109, 25, 26, 14, -10, 21, 57, 127]
[-45, -40, -7, -54, -12, -10, -47, -68]
[-68, -13, -16, 22, -1, -43, -35, -9]
[87, 23, 27, 75, 17, 20, 37, 105]
[42, 18, -2, -16, -2, 23, 38, 70]
[-31, -5, -19, 85, -8, 8, 14, 24]
[26, 15, -31, -128, -5, -14, -11, -35]
[-17, 14, 28, 95, 13, 25, -23, -108]
[17, -1, -27, -54, 0, -10, 20, 44]
[-77, -25, -2, 21, 7, 19, 23, -8]
[-72, -23, -23, -85, -19, -10, -40, -92]
[-4, -9, 6, -12, -10, -19, 60, 124]
[83, -7, 41, 79, 7, 2, 2, 41]
[14, 17, 12, -24, 9, 0, -102, -68]
[45, 29, 8, 34, 15, 60, 97, 40]
[-21, -12, 1, -16, -29, -74, -80, 20]
[-45, 9, -42, -61, -12, -79, -120, -71]
[-15, -25, -28, -86, 1, 51, 126, 46]
[-41, 4, 63, 91, 4, 15, -18, -38]
[25, 7, -26, 58, 16, 35, 78, -9]
[-17, -4, 18, -9, 8, -1, -92, -18]
[76, -14, 15, 73, -3, -11, 49, 127]
[-22, -3, -36, -90, -41, -72, -91, -61]
[-33, -1, 1, -42, 17, 54, -17, -39]
[-126, -17, -35, 13, 7, -57, 16, -128]
[98, 9, 50, 15, -12, 34, 36, 89]
[-74, -8, -43, -85, -43, -17, -28, -68]
[-102, -21, 19, 34, 21, 33, 57, -34]
[-64, 61, -3, 46, -4, 6, -81, -128]
[19, -18, -19, -22, 2, -47, -26, 61]
[-16, 4, 67, 127, 33, -7, -24, -53]
[70, 7, 7, -26, 14, -12, 16, 75]
[-111, -17, -34, -65, -11, 3, -38, -106]
[-35, -58, 2, 13, 14, 89, 108, 81]
[67, -1, 5, 15, -16, 34, 29, 69]
[-83, 10, 4, 1, 5, -82, -103, -95]
[55, -7, 8, -61, 10, 106, 113, -60]
[-20, 20, -19, -4, -9, -48, -33, 11]
[12, -13, 8, -1, -3, 8, -2, 26]
[-33, -16, -30, 45, -28, -92, -21, -21]
[4, 6, -11, -86, 2, 41, -3, 36]
[3, 35, 82, 70, 36, -50, -63, -64]
[29, 4, 2, -61, -2, 29, 49, 27]
[61, 3, 7, 49, -12, -81, -125, 25]
[-32, 4, 13, -3, 18, 68, 109, 6]
[2, -15, -10, 34, -15, -8, -56, 33]
[-52, -8, -53, -5, 27, -31, -48, -20]
[118, 34, 72, 37, -14, 49, 52, 88]
[-11, 2, -18, 18, -18, -45, -30, -27]
[-115, -26, -19, -67, 7, 46, 17, -70]
[-92, 3, -17, 21, 8, -84, -116, -126]
[-2, -30, -65, -128, -34, 3, 92, 72]
[52, 6, 79, 127, 21, 20, 49, 66]
[-4, 25, -4, -44, -17, 10, -61, -54]
[61, 12, -13, 4, -2, 13, -46, -13]
[-45, 8, -10, -20, 45, 127, 79, -67]
[102, -18, -2, 32, -30, -37, -30, 127]
[-104, -9, -45, -111, -29, -27, -26, -128]
[127, 40, 92, 123, 36, 10, 31, 127]
[-23, -20, -5, -45, 2, 21, -5, -22]
[-31, -17, -49, -18, -12, -5, -11, -21]
[21, 27, 37, -18, -4, -3, 9, -27]
[-119, -31, -15, 2, -1, 15, 28, -89]
[14, 36, 15, 73, 23, -75, -115, -54]
[91, 10, 7, -80, -1, 40, 78, 104]
[-64, -3, -9, 95, 13, 23, -16, -74]
[-2, -40, -27, -78, -23, -66, -36, 93]
[31, -21, 15, 26, -12, 29, 29, -12]
[59, 17, -4, -30, -6, -46, -19, 75]
[57, 22, 1, 16, 5, 15, -1, 0]
[-71, -2, -18, 2, -33, 3, -24, -95]
[-36, -1, -34, -23, -1, -11, -35, -27]
[-49, -24, -7, 24, 7, -11, -22, -46]
[-2, 5, -5, -72, -20, -47, 35, 23]
[36, 3, 8, 112, 4, 35, 18, 0]
[-57, 0, -2, -8, 5, -25, -38, -47]
[6, -26, -28, -49, 10, 32, 72, 22]
[36, 5, 37, 43, -5, -15, -57, 30]
[22, 12, -4, -35, 2, -21, 10, 23]
[6, 17, -1, -20, -1, 31, 19, 10]
[-60, -3, 11, 25, 7, -36, -34, -53]
[24, 5, -15, -4, 6, -9, 0, 6]
[4, -22, -16, -35, -11, 28, 33, 22]
[-14, -4, -3, 28, -5, 0, -3, -21]
[-1, 30, 23, 16, 7, -24, -53, -64]
[8, -17, -7, -18, -3, 42, 68, 72]
[-3, -5, -2, 13, -2, -2, -8, -11]
[42, 2, 8, -16, 6, 3, 8, 70]
[-35, 24, 8, 5, 3, -3, 1, -38]
[78, 18, 1, 31, 3, 8, 12, 40]
[-64, 3, -19, -93, -9, -9, 8, -87]
[37, -15, 3, 26, 6, 8, 8, 45]
[-7, -8, 8, 45, -6, 2, -10, 11]
[-36, 12, 22, 55, 16, -6, -25, -42]
[30, 2, 2, -14, -5, -18, -1, 33]
[-36, 1, -13, -44, -10, 6, -4, -38]
[7, -12, -12, -33, -7, -6, -14, 4]
[-15, -7, -1, -4, -2, -7, -6, -19]
[28, 0, -2, 2, -5, -6, -2, 25]
[3, 3, 4, 6, -1, 13, 20, 6]
[-37, -22, -10, -4, 5, -6, -19, -8]
[15, -9, -11, -18, -10, -4, 6, -6]
[-8, 1, 5, 21, 7, 1, -1, 9]
[-16, 17, 0, -30, -1, -1, -2, -12]
[14, 23, 10, 9, 0, 7, 0, 1]
[1, -7, -14, -10, 13, 5, 11, 6]
[27, 41, 19, 27, 6, 11, -3, 26]
[-22, -31, -4, -9, -5, 3, 5, -8]
[5, 7, 2, -7, -12, -5, 9, 0]
[0, 0, 2, 13, 4, -5, -18, -14]
[-7, -4, -4, -1, 40, 8, -4, 5]
[-9, -1, -6, -5, -22, -5, 13, -8]
[-9, -8, 1, 21, -31, -1, -25, -5]
[-8, 1, -2, -17, 12, -4, -4, -7]
[10, -11, 5, 11, 0, -6, 0, 8]
[-23, -6, -6, -29, -37, 1, -10, -19]
[7, -26, 3, 37, 43, 5, 9, 13]
[9, 27, -4, -9, -14, 9, 17, -7]
[9, 20, -1, -6, -22, 2, 10, 25]
[7, 2, 6, 13, 42, 12, 10, 13]
[12, 22, 7, -27, -37, 5, 3, 7]
[-9, -12, -6, -9, -21, -22, 2, -2]
[6, 14, 8, 1, 11, -8, -43, -36]
[-13, -9, -5, -31, -44, -6, -24, -8]
[-5, -7, -5, -11, 17, 0, 13, 22]
[1, 8, 6, 34, 51, -2, -3, 10]
[-8, -21, -8, -33, -65, -2, 15, -13]
[2, -3, 7, 46, 3, -5, -3, -3]
[-5, -2, -2, 10, 69, 8, -10, -18]
[3, -3, 4, -35, -46, 13, 1, 2]
[-4, -17, -10, 12, -10, -9, 2, 11]
[2, 17, -2, -25, -10, -2, -5, -7]
[-6, -3, 5, 30, 46, 10, 25, 6]
[-16, -20, -3, 9, 7, -8, 5, -2]
[27, 29, 9, -12, -7, 6, -19, 1]
[2, -15, -4, -3, -4, -5, -8, -8]
[4, 23, 4, -23, -38, -11, -32, -9]
[24, 31, 1, 31, 22, 5, 19, 21]
[-31, -19, -5, 8, 34, -5, -15, -12]
[9, -4, 0, 9, -30, -1, -2, 4]
[-19, -25, -7, 1, -3, -5, 4, 2]
[14, 18, 4, -15, -23, -5, -13, -14]
[-1, -14, -4, -39, -41, -5, 14, 8]
[-8, 4, 4, 75, 87, 7, 11, -7]
[-6, -7, -2, -32, -84, -14, -6, -13]
[-1, -4, -5, -19, 19, 2, -10, -4]
[1, 1, 4, 49, 74, 5, 13, 2]
[-9, -9, -9, -60, -38, -13, -4, -6]
[2, -7, 3, 25, 37, 3, 3, 4]
[-2, -22, -13, -31, -84, -19, -13, -1]
[8, 14, 0, -21, -32, 3, 11, -8]
[6, 14, 5, 9, 38, 12, -5, -10]
[8, -15, -10, 22, 34, 3, 1, 17]
[-6, 22, 12, 37, 51, 8, -3, -6]
[-9, -28, -6, -11, -27, -4, 9, 2]
[0, 13, -1, -17, -76, -7, 17, 6]
[7, 12, 4, -16, -10, 1, -12, -4]
[-6, -14, -9, -39, -73, -6, -6, -7]
[-5, -6, 7, 59, 88, 12, -1, 7]
[-3, 0, -5, -52, 20, -2, 0, 3]
[-3, -1, -2, 5, -25, -8, -1, -3]
[1, -2, 1, 36, 25, 9, -2, -1]
[-1, -7, -10, -75, -30, -10, -2, -1]
[0, 4, 9, 47, 28, 8, 4, 4]
[2, 2, 3, 3, -3, 1, 9, -2]
[-9, -19, -5, 14, 24, -5, -16, -5]
[9, 12, -2, 26, -56, -2, 4, 2]
[-11, -3, -1, -27, 40, 7, 3, 3]
[12, 7, -6, -9, 6, -1, -10, 0]
[2, -3, 0, -17, 21, 5, 8, 0]
[2, 0, 7, 22, -6, -2, 3, 3]
[2, -4, 2, 1, -50, 3, 0, 1]
[-2, 1, 6, 39, 37, 4, 6, 5]
[-6, -6, -3, -19, -30, -2, -24, -6]
[-5, -3, 5, 10, 70, -1, -1, -13]
[2, 5, -3, -5, -53, -7, 7, 11]
[-1, -4, -1, -26, 0, 1, 1, -4]
[5, 2, 5, 48, 28, 5, -5, -3]
[-7, -9, -8, -28, -75, -8, 4, 3]
[2, 5, 2, 28, 92, 1, 0, -1]
[-7, -6, -6, -6, -55, -3, -3, -1]
[-2, 11, 4, 8, 123, 15, -2, 2]
[-3, -2, -9, -28, -59, -19, -12, -2]
[-1, -8, -5, -45, 6, -2, 2, -4]
[3, 3, -2, 11, 8, 4, -10, 2]
[-3, -5, 2, 15, 8, -5, 22, -2]
[5, 5, 2, 0, -1, 7, 1, 4]
[2, 0, -6, 1, 10, -3, -6, -2]
[-4, -4, -2, -15, -11, 1, 8, 0]
[-1, 1, 1, -1, 0, -4, -4, -1]
[2, 1, 6, 25, 48, 13, 4, 4]
[-1, -1, 1, -3, -14, 0, 11, -1]
[1, -2, 0, 19, 14, -5, -15, -23]
[-1, 4, -4, -32, -83, -1, 12, 24]
[1, 3, 2, 7, 21, 6, 6, -1]
[-3, -2, -2, 11, 30, -1, -3, 3]
[-2, -1, 4, 29, 7, 4, 5, -2]
[-2, -2, -1, -8, 14, 3, 1, -3]
[2, 0, -3, 10, 13, 3, -2, 4]
[4, 5, 6, 1, -19, 3, 0, -1]
[-1, 1, 2, -11, 16, -4, 9, 3]
[-3, -5, -1, 5, 14, -1, -5, -5]
[-2, -3, -4, -19, -46, -5, 1, 3]
[-2, -3, -5, -32, -66, -19, 5, -5]
[-2, 1, -1, 32, 42, 1, -1, -1]
[0, -3, 0, 12, 18, 3, 1, 4]
[-2, 0, 1, -1, 60, 15, -4, -2]
[1, 1, 2, -5, -26, 1, -3, 2]
[-1, -1, 0, -24, -5, -2, 1, -1]
[-2, -3, -7, -11, -19, -7, -4, -7]
[-1, -6, -4, -1, -57, -4, 8, 3]
[0, 8, 9, 28, 59, 9, -4, -2]
[0, 1, 0, -16, 6, 5, 5, 1]
[-2, -7, -7, -19, -66, -13, -6, -3]
[-2, -3, 2, 24, 58, 3, -2, 0]
[1, -4, -5, 2, -6, -2, -2, 1]
[2, 0, -2, -54, -49, -6, -1, 1]
[-4, 2, 3, 53, 12, -3, 12, -1]
[0, 0, -8, -31, 2, -7, -3, -6]
[-1, -1, 5, 46, 19, 10, -5, -3]
[0, 0, -4, -29, -46, -4, 5, 10]
[-1, 1, 1, -12, -15, 3, 1, -2]
[-3, 1, 7, 22, -4, -5, -5, -1]
[1, -2, -2, 3, 26, 2, 4, -2]
[-1, 0, 0, -4, 19, 5, 8, 5]
[0, -2, -2, -10, -10, -10, -30, -13]
[2, -3, -1, 5, 15, 3, 3, -1]
[3, 1, -1, -1, 2, -7, -9, 1]
[-2, -4, -1, 7, 3, 2, 3, -3]
[-1, 1, 0, -19, -15, 5, 5, 1]
[-3, 2, -3, 9, 38, -2, -7, -2]
[-1, -4, -6, -1, -59, -3, 2, 4]
[1, 0, -5, -38, -21, -4, -2, -2]
[1, 0, -3, 19, 11, -4, 0, -4]
[-1, -1, 4, 0, 17, 7, -1, -1]
[-4, 0, 0, 7, 16, 0, 4, 3]
[-3, -1, -2, 0, 8, -5, -2, -3]
[1, -1, 2, 15, -16, -4, -1, 1]
[0, -2, -6, -30, -26, -4, 1, 2]
[-1, -3, -4, -11, 6, -4, -6, -4]
[-1, -3, -2, 11, 12, 0, -5, -4]
[-1, -2, -2, -20, -10, -1, 3, 2]
[-2, -1, 2, 21, 15, 2, 3, 3]
[3, 1, 1, 1, 18, 4, -2, -1]
[-2, -2, -1, 4, -8, -6, -2, -6]
[-1, 2, 0, -4, -6, 0, 3, 4]
[2, -4, -5, -21, -48, -5, 1, -1]
[-1, 0, -3, 3, 21, 2, -9, -2]
[0, 0, -1, 2, -7, -2, 15, 1]
[-3, -1, -3, -4, 3, 0, 0, -1]
[-4, -1, 2, 16, 12, 1, 4, -3]
[3, 0, -2, -8, -10, 0, 2, -3]
[2, 0, 7, 30, 33, 2, -4, 1]
[-1, -3, -1, -20, 5, 5, -4, -2]
[-2, 1, -1, 11, -24, -2, 2, 2]
[-1, 0, 4, -2, 9, 4, 1, -1]
[-2, 1, -1, -15, -23, -1, -7, -1]
[-1, 0, -2, -7, -3, -4, 1, 1]
[0, 1, -2, 9, 16, 6, 1, 2]
[-3, -1, 0, 10, 16, 1, 0, 1]
[-2, -3, -6, -7, -29, -6, -6, -3]
[0, -2, -3, 4, 0, 0, 4, 0]
[1, 1, 1, -9, 9, -4, -3, -3]
[-1, -2, 0, -5, -17, -4, -2, -2]
[2, 1, 2, 14, 26, 2, 1, -1]
[-2, -4, -2, -22, -43, -3, -7, 1]
[0, -1, 0, 17, 12, -1, -3, 2]
[-1, -6, -1, -11, 25, 7, -5, -7]
[-2, 0, -2, 6, -26, -1, 15, 6]
[-4, 1, -2, 6, 33, -4, -3, -1]
[0, 1, 4, -7, 2, 0, 0, 2]
[-2, -4, -7, -25, -47, -8, -1, 2]
[-2, -1, 2, 31, 18, 0, -8, -6]
[1, -1, -3, -19, 9, 1, 1, -1]
[-1, 1, 0, 7, -7, 1, 2, 1]
[0, 0, -1, 10, 1, -2, 1, 0]
[0, -1, -6, -12, 20, 1, -5, -3]
[1, 3, 0, -6, -31, -8, 1, -1]
[2, 1, -1, -1, 1, -1, -4, -5]
[-1, -1, 0, 5, 18, 1, 2, 1]
[-2, 0, 1, 0, 8, 3, 1, 1]
[-2, 0, 3, -19, -42, -7, -2, -1]
[-1, -1, 3, 11, 24, 3, -4, -1]
[1, -1, 0, 9, 13, 3, 3, 1]
[2, -2, -4, -20, 8, -4, 1, -1]
[-1, -4, 1, 9, -5, 3, -3, -5]
[1, 1, 2, -15, -11, 2, 2, 4]
[-4, -3, -2, 2, 12, 2, 1, 1]
[-1, 4, 6, 27, 6, 3, -5, 0]
[0, 2, -2, 3, 23, 2, -4, -4]
[-1, -2, -1, -14, -23, -2, 20, 1]
[-1, -1, -2, -10, -5, -4, -2, 0]
[1, -2, 3, 3, -13, -4, -3, -4]
[1, -5, -3, -8, 9, 0, 3, 0]
[-1, -1, -2, 5, 5, -3, -6, 0]
[0, 2, 0, -5, -24, -2, -3, -1]
[-1, 2, 2, 5, 0, 1, -1, 1]
[0, 1, 1, 9, 32, 4, 0, 3]
[-1, 0, -2, -7, 41, 5, -7, 0]
[-6, -4, -7, -14, -96, -18, -2, -4]
[-4, -5, 1, -5, -22, -5, -4, -4]
[0, -4, -3, 4, 16, 2, 2, -2]
[1, -1, -4, -19, -18, 2, 0, 0]
[2, 3, 2, 5, 36, 4, -2, 0]
[-1, 0, -2, 12, 1, 0, -2, 2]
[-2, 2, 1, -1, 6, -1, 0, 1]
[0, -2, 1, 3, -4, -1, -3, -5]
[-1, 0, -1, -6, 7, 0, 1, 0]
[-2, -1, 1, -4, -8, -4, -2, -2]
[2, -2, -2, -6, -4, -2, -1, 2]
[2, 1, -1, 6, -10, 0, -6, -1]
[-2, -2, 1, 5, 22, 1, -5, 1]
[-2, 1, 1, -14, -18, -2, -2, 2]
[-3, 0, -2, 14, 12, 0, -2, 0]
[-1, -1, 0, -2, -11, -2, -2, -1]
[1, 2, 4, 1, -11, 4, 4, -3]
[1, -2, -2, 5, 27, -3, -4, -3]
[1, -2, -3, -12, -24, 0, 4, -1]
[1, -2, 0, 8, -4, 1, 0, 0]
[1, -3, -1, -5, 17, 1, -2, 0]
[-2, 0, -4, -9, -11, -1, 0, -1]
[-2, 5, 4, 21, 21, 1, 0, 0]
[-1, 2, -1, -1, 13, 0, -1, 1]
[1, 0, 3, 4, -3, 2, 2, 1]
[-1, -4, -8, -30, -13, -3, -2, -1]
[0, -1, -1, 22, 25, 0, 0, 1]
[0, 0, -1, -31, -29, -4, -1, 1]
[1, 0, 1, 25, 13, -2, -2, 2]
[-1, 1, -3, 3, -6, -5, -2, -3]
[-3, 0, 0, -5, -4, 1, 0, -1]
[-1, -2, -3, 1, 5, 2, 5, -2]
[-1, -2, -1, 2, -8, -2, 1, 1]
[1, 0, 6, -2, 19, 2, 1, -1]
[1, -1, 1, 10, 10, 2, 2, 0]
[-2, -3, -7, -15, -32, -10, -5, -2]
[0, -1, 2, 8, 17, 2, 1, 0]
[-3, -4, 0, -9, -45, -8, -7, -2]
[2, -2, 7, -6, 7, -1, -1, -1]
[-1, -2, -1, 18, 23, 5, 4, 2]
[1, -1, 0, -10, -16, -1, -2, -1]
[0, 4, -1, 24, 40, 4, 3, 1]
[2, 1, -2, -11, -7, 0, 4, -2]
[1, 2, -1, 4, 0, 1, -3, -1]
[-2, 0, -2, -10, -6, -3, -1, 0]
[0, -3, -3, -6, -5, -4, -5, -1]
[-1, -2, -1, 1, -17, -3, -3, -1]
[0, 0, 4, 15, 15, 4, -2, 0]
[0, -1, -1, -1, 20, -1, 5, 0]
[-1, -2, -3, -5, -40, -3, 3, -1]
[0, 0, 0, -18, -7, 0, 1, 3]
[3, 4, 6, 14, 17, 5, 0, -2]
[-1, 4, -1, -8, 0, -4, -4, -2]
[-3, 0, -5, 1, 13, -2, -3, -5]
[0, 1, 3, 8, -1, -5, -6, -2]
[0, -1, -1, -4, -7, 5, 13, 5]
[0, 0, -5, -5, 1, 3, 1, -3]
[-4, -1, -5, -5, -6, -3, -5, -2]
[-8, -3, 2, -7, 2, 0, -3, -3]
[6, 1, -1, -4, -1, -1, -16, 1]
[3, 0, -2, -4, -21, -3, 14, -3]
[3, -3, -3, -2, 6, 3, 5, 6]
[-1, -4, -2, -9, -36, -6, -6, 0]
[-7, -2, 7, 21, 54, 0, -4, -7]
[-2, -2, 2, 6, -36, -1, -1, 4]
[2, 0, -2, -6, -5, -4, -6, -2]
[2, 1, -2, 3, 8, 2, 1, 0]
[0, 0, 2, 0, 4, -2, -5, -2]
[0, 1, 0, 0, 19, 10, 1, -1]
[-4, -2, 4, -2, -18, -8, 5, 1]
[1, -3, -7, -19, 14, -2, -2, 0]
[1, -2, 1, 5, -20, 1, 22, 5]
[-2, -2, -2, 2, 53, 0, -34, -13]
[-1, -2, -4, -6, -61, -9, -16, -5]
[3, 0, -1, -1, -13, 3, -1, 6]
[-1, -3, -2, 0, -2, -2, -5, -8]
[-9, -2, 2, -1, 0, 3, 27, 1]
[2, 3, -2, -9, 11, -1, -2, 5]
[7, 3, -1, 13, 4, 5, 14, 4]
[-1, -1, 5, 4, -8, 8, 0, 4]
[-3, 1, 3, 5, -3, 0, 3, -4]
[-14, -4, -2, -1, 17, -7, -16, -7]
[13, -1, -5, -18, 4, -10, -11, 5]
[3, -8, -4, 15, -15, 2, 5, 1]
[5, -2, 0, 2, 31, 1, -3, 6]
[0, 2, 3, -4, -14, 4, 5, 3]
[-6, -4, -1, 13, 7, 1, -5, -7]
[-8, -5, -7, -8, -18, -6, -8, -11]
[4, 1, 1, -2, -8, 1, -11, 2]
[-3, -1, -1, 2, -5, -13, 2, -10]
[-7, -8, -6, -15, -22, -2, 11, 3]
[10, 22, 8, 1, 4, 7, -6, 5]
[-1, 1, -1, 10, 2, -2, 8, -2]
[8, -1, 0, 1, 16, 14, 6, 4]
[-4, -2, 1, 11, -14, 8, 32, 1]
[-7, -12, -6, -8, 29, 2, -10, -5]
[2, -3, -7, -6, -19, 5, -3, 5]
[-2, 1, 1, -3, 42, -4, -15, -15]
[-10, -5, 3, 23, -6, -9, -14, -4]
[10, 5, -2, -51, -75, -21, -14, 4]
[-7, -5, -14, 28, 46, -13, 1, 1]
[4, 1, 25, 12, -41, 20, 2, 7]
[2, 1, -2, 7, 38, 1, 21, 0]
[-4, -1, 0, -13, -34, 23, 8, -3]
[1, -6, -2, -27, -23, -3, 0, -5]
[-15, -11, -15, -5, 28, 2, 34, 9]
[-8, -10, -2, 7, -6, 2, -18, -15]
[13, 18, 7, 22, 50, -2, -13, -35]
[2, 8, -1, 3, 32, 36, 23, 37]
[1, 2, -2, -13, -66, 22, 2, -6]
[-1, -1, 7, 7, -35, 15, 15, 16]
[-14, -32, -18, -4, 62, -70, -49, -8]
[0, 20, 6, 0, -3, -10, -35, -29]
[5, 3, 8, 29, 31, -8, -25, 0]
[5, 11, 0, 6, 39, 30, -6, -9]
[7, -10, 2, 44, 90, 75, 77, 24]
[-16, -15, -18, -82, -89, -58, -23, -5]
[4, 5, -5, -54, -17, -29, -1, 11]
[-1, 1, 4, 14, 37, -15, 5, -14]
[1, 4, 6, 17, 31, 24, -16, 5]
[1, -4, 1, -23, -61, -18, -15, -9]
[-8, -9, -13, 52, 50, 15, -8, -7]
[-13, -4, -11, -54, -51, -49, -33, -11]
[10, 12, 3, 5, -35, 22, 13, 21]
[16, 8, 18, 83, 111, 26, 30, 21]
[-1, -6, 1, -20, -81, -31, -25, -7]
[-10, 12, 8, -2, 36, 4, 5, -5]
[-5, -10, -3, 2, -27, 20, 9, 0]
[4, 4, -1, -42, -24, 14, 6, 1]
[10, -6, -3, 20, 18, -18, 5, -3]
[4, 5, -5, -50, -44, -24, -45, 7]
[3, 13, 6, 46, 24, -16, -1, 2]
[-10, -18, 0, 17, -28, 19, 5, -28]
[-1, -2, -2, 5, 38, 7, -4, -7]
[15, 11, 2, 7, 27, -11, 1, 34]
[-1, 5, 2, -11, -1, -30, 10, -7]
[-11, -7, 3, 6, -36, -15, -73, -25]
[-3, -6, -11, -26, 36, -30, 8, 9]
[-29, -14, -16, -32, -70, -5, 20, -16]
[2, -3, -9, 17, -23, -16, -30, -11]
[8, -3, 3, 3, 23, 2, 27, 21]
[12, 2, 0, -12, 18, 63, 20, 11]
[-1, -9, -20, -4, -21, 10, 1, 6]
[-10, 6, 10, -34, -42, -30, 6, -7]
[0, 14, 11, -15, 14, 11, 26, 6]
[22, 7, -6, 32, 58, -19, -39, 4]
[-21, 4, 23, -13, -27, 0, -3, -20]
[0, -6, -8, 31, -1, 10, 26, 9]
[23, -2, 21, 36, 5, -9, -14, 17]
[-45, -4, -15, -32, -3, -20, -32, -38]
[48, 14, -2, -6, 47, 42, 75, 52]
[-13, 2, -13, -10, -33, 10, -23, -15]
[26, 12, 9, -48, 4, -24, 24, -3]
[-31, -12, -21, 40, -11, 6, 26, 11]
[-26, -7, 36, 29, 22, 23, -27, -21]
[28, -1, -28, -40, -29, -28, -35, 16]
[13, 1, 10, 49, 29, 22, 20, 12]
[0, 6, 20, -38, -2, 1, -18, -17]
[-3, -1, -14, 11, -10, -25, -4, -27]
[-21, -21, -28, -30, -6, 19, 40, 15]
[-22, 8, 33, 21, 3, -1, -26, -15]
[13, -3, 0, 1, -28, 21, 36, 25]
[17, 4, 4, 21, 25, -16, -22, 5]
[-76, -12, -27, -62, -10, -60, -99, -72]
[46, 2, -3, 24, -9, 51, 74, 48]
[34, 25, 17, 24, 6, 2, 34, 10]
[-31, -28, -21, -21, 8, 17, 18, 17]
[28, 5, 5, -34, -3, -7, -29, -10]
[-56, -11, -17, 37, 2, -17, -32, -32]
[-47, -4, -8, -34, 1, -8, -18, -17]
[94, -4, -7, 23, -11, -2, 29, 55]
[-22, 7, 30, 24, -1, 22, 48, 16]
[23, -4, -13, -24, 6, -23, -22, 7]
[-21, 0, -4, -6, -25, -9, -2, -34]
[-39, -9, -3, 31, 16, -25, -40, -40]
[19, 28, 29, 28, 18, 13, -3, 7]
[36, -21, -21, -33, -12, 22, 50, 28]
[-15, -17, 2, 7, -1, -2, -23, -6]
[-15, 6, -1, -38, 0, -10, -26, -36]
[-87, -19, -19, 43, -4, -15, -57, -73]
[63, -25, -26, -72, 1, 3, 52, 75]
[55, 27, 19, 13, -12, -6, 6, 51]
[-1, -5, 27, 46, 10, -1, -11, 1]
[-36, -2, 1, -25, 8, 24, 23, -18]
[-13, -1, -26, -34, -18, -40, -56, -55]
[-10, -19, -17, -14, -2, -13, 0, 3]
[6, 14, -4, 40, -2, -12, 11, 10]
[28, 17, -4, -52, -7, 1, -4, 8]
[-16, 19, 36, 92, 14, 27, 9, -15]
[-45, -8, 2, -4, 1, -9, -12, -28]
[65, -12, -7, -17, 5, 11, 24, 70]
[10, -8, -23, -41, -13, 2, 2, -3]
