[22, 8, 25, 46, 27, 12, 2, 29]
[-35, 6, -5, -30, -25, 7, 23, -52]
[-45, -4, -35, -96, 3, 4, -15, -30]
[-5, -8, 60, 108, 12, 26, 26, 37]
[21, 4, -31, -70, -18, -14, -1, -60]
[7, 24, 43, 110, 23, -3, -6, 34]
[-17, -21, -11, -16, 12, 11, -18, 38]
[69, 10, -1, -32, 6, 19, 44, 56]
[-103, -8, -26, 3, -16, -66, -91, -69]
[-75, -30, -8, -29, 0, 37, 53, -70]
[78, 20, 0, 15, 2, 6, 14, 72]
[-10, 15, 25, 25, 14, 22, 65, 34]
[-58, -18, -23, -71, -25, -7, -32, -77]
[80, 11, -7, 55, 3, -7, 2, 98]
[-128, -21, -41, -68, -28, -20, -37, -128]
[78, -4, 77, 72, 45, 21, 72, 115]
[62, 33, 28, -63, -4, 7, 22, 49]
[-70, 0, -7, -30, 0, -32, -83, -81]
[-64, -6, 4, 3, -11, 7, 16, -102]
[46, -26, -21, -5, 33, 2, -12, 13]
[-8, 0, 20, 59, -11, 34, 41, 67]
[26, 13, -14, -80, -52, 1, 34, 37]
[-27, 13, 27, 81, -11, -11, 7, -18]
[-128, -25, -57, -8, -37, -48, -125, -128]
[-35, -15, -31, -11, 22, -20, 3, 86]
[127, 29, 83, 30, 37, 58, 58, 127]
[-51, -16, 17, 17, -19, 2, -16, -39]
[-35, 15, -28, -50, -13, -8, -23, -73]
[13, -19, -13, 22, 15, -27, -55, -11]
[-30, -8, -18, 9, -9, -10, 8, -30]
[95, -6, -9, -1, 11, -8, -16, 82]
[-22, -3, 15, -33, 4, 29, 64, 12]
[-45, -5, -26, -71, -19, -1, -23, -63]
[-121, -30, -60, -88, -16, -21, -36, -128]
[127, 49, 8, 101, 0, 6, -23, 127]
[-94, -27, 29, 49, 12, -44, -27, -90]
[40, -13, 12, 32, 22, -4, 54, 53]
[89, 60, 7, 2, -23, 24, 40, 77]
[-114, -52, -25, -99, 2, 3, 2, -67]
[99, 29, -4, -53, -7, 3, -11, 34]
[-128, -19, -3, 25, 10, 35, -22, -128]
[90, -28, 10, -91, -22, -29, 11, 99]
[33, 51, 30, 101, 15, 2, 8, -6]
[-7, 19, -8, -17, 7, -10, 8, -32]
[-103, -12, 5, -49, -9, 12, -14, -61]
[25, -4, -28, 6, 10, 3, 2, -40]
[75, 8, 21, -6, -5, -48, -45, 72]
[-45, -32, -15, -25, -21, 6, 45, 15]
[33, 54, -6, -4, 7, -3, -55, -44]
[34, -44, -3, 31, -12, 6, 11, 70]
[-13, -1, 15, -16, -16, 13, 17, -7]
[-60, -47, -51, 39, -11, -14, -70, -36]
[13, 49, 30, -9, 18, 26, 36, 100]
[32, -31, -39, 98, 12, 22, 26, 37]
[-25, 19, 57, 67, 32, 37, 47, -53]
[85, -6, -41, -128, -46, -55, -76, 42]
[-90, 12, 21, 105, 17, 11, -5, -116]
[71, 17, -7, -42, 9, 6, 44, 95]
[-61, -33, -38, -48, -15, -2, -7, -109]
[74, 35, 33, 54, 15, -9, 18, 121]
[116, 22, -15, -37, -7, 12, 18, 39]
[-128, -25, 18, -2, 7, -45, -119, -128]
[-128, -39, -45, -76, -10, 31, 77, 61]
[75, 46, 33, -3, 2, 64, 102, 65]
[-6, -22, 21, 103, 6, -39, -16, -12]
[-106, 14, 0, -22, 0, 22, -10, -23]
[17, 12, -22, -98, -24, -33, -47, -4]
[18, -6, 12, -1, 16, 20, 2, -30]
[125, -2, 33, 70, 20, 8, 89, 127]
[-65, 25, 31, 1, 6, -42, -20, -113]
[36, -19, -27, -66, -11, -1, -29, -91]
[-14, -14, -19, -32, 8, -6, 35, 71]
[-88, 32, -1, -4, -23, -27, -54, -128]
[-59, -60, -41, -23, -5, -2, 4, -51]
[117, 60, 54, 88, 36, 22, 53, 127]
[-128, -32, -31, -72, -10, -21, -65, -128]
[41, -31, 3, 1, 1, 9, 66, 53]
[-62, 2, 7, 22, 4, 4, -35, -17]
[-5, 1, -10, -3, -1, -12, -25, -81]
[87, 17, 14, 52, -3, 5, 4, 64]
[-31, -10, -21, -121, -11, 5, -29, -13]
[-5, -5, 18, 52, -7, -27, 9, 32]
[-39, 0, -16, -11, -16, -39, -29, -26]
[-17, -6, -20, -74, -14, -5, 3, -24]
[2, -18, 14, 63, -1, -27, -94, -90]
[32, 33, 4, -59, 11, 25, 67, 49]
[-44, -15, 27, -1, 10, 1, 0, 8]
[-63, -2, 6, 93, 10, 2, -28, -55]
[23, -43, -82, -67, -58, -13, 7, 58]
[101, 73, 83, 127, 59, 36, 43, 54]
[-48, 14, 4, -5, 5, 5, -19, -84]
[-77, -23, -32, -77, -6, -31, -64, -58]
[64, 14, 25, -12, -18, 30, 60, 69]
[-107, -11, -19, -5, -4, -22, -68, -128]
[127, 31, 3, 1, 1, 20, 30, 127]
[-14, 6, 9, 22, 3, -15, 5, 2]
[-91, -22, -18, -11, -5, 0, 4, -50]
[5, -4, -18, -47, -17, -14, -34, -22]
[-44, 8, -1, 11, 3, -22, -36, -111]
[34, -35, 11, 19, 8, 33, 66, 82]
[3, 9, 13, -23, 4, 35, 24, 38]
[37, -12, -39, -39, -26, -12, 15, 52]
[-29, 4, 20, 19, 8, -1, -17, -50]
[19, 21, 11, -20, 8, 2, 2, -2]
[-84, 13, 17, -1, 19, -28, -63, -75]
[-102, -60, -56, 3, -20, 10, 32, -118]
[65, 33, 38, 60, 9, 47, 94, 91]
[-56, 21, 3, -15, -16, -4, 0, -72]
[-37, 9, 15, -13, 9, 17, 21, -13]
[-72, -8, -14, -33, -1, -15, -64, -90]
[-56, -25, -19, -6, 4, -8, -10, -29]
[71, 2, 22, 56, 13, 20, 30, 53]
[4, -10, -25, -36, -17, -22, -9, -10]
[38, 14, 12, 23, 14, -2, -35, 19]
[0, -1, -11, -5, -5, -4, 25, 29]
[31, 31, 9, 5, 2, -4, -2, 7]
[-7, -12, -8, 9, 0, 0, -2, 0]
[57, 6, 16, -12, -7, -7, 1, 57]
[-44, -17, -4, -17, -8, -7, -20, -17]
[18, 2, -16, -5, -2, 8, 1, -3]
[14, 3, 15, 13, 11, 7, 17, 32]
[19, 4, 19, 4, 3, 11, 29, 26]
[-35, -15, -23, 3, -3, -12, -19, -42]
[-6, -7, -4, 13, 1, -3, 0, -7]
[18, 6, -8, -19, -1, -2, 0, 17]
[6, 4, 7, -3, 2, 1, -1, 11]
[-15, -21, -14, -20, -5, -2, -19, -15]
[2, 6, -1, 5, 8, 8, -2, 0]
[1, -12, 2, 7, -4, 7, 11, 13]
[13, 47, 8, -12, -4, 3, 3, -10]
[-27, -24, -4, -12, -8, -6, -10, -3]
[20, 2, 2, 19, -13, -10, 6, 3]
[-2, 2, -5, -1, 36, -9, -15, -14]
[14, 2, 7, 11, 17, 19, 14, 18]
[-6, 0, 1, -4, -13, 8, 13, 10]
[-3, -2, -3, -9, -14, -7, -12, -3]
[4, 12, -1, 0, 20, -3, -4, -1]
[-2, -11, 2, -25, -57, -23, -2, 0]
[4, 14, 4, 37, 71, -5, -14, -4]
[-35, -26, -10, -51, -110, -12, 11, 11]
[5, -21, 0, 77, 96, 16, 8, -5]
[9, -9, -10, -53, -52, -15, -8, 4]
[5, -7, -12, -20, -49, -15, -15, -17]
[-33, -2, 4, 17, 59, 8, 2, -10]
[17, 1, 3, -16, -46, -9, 11, 16]
[0, 3, -3, 21, 43, 15, -1, -9]
[-5, -12, -3, -3, 30, 10, 18, -3]
[3, -9, 0, 27, -6, -1, -43, -22]
[1, 4, 7, 26, 47, 20, 5, 35]
[3, 13, 9, 24, 7, -7, 1, -5]
[16, 30, -5, -66, -72, -10, 14, 10]
[0, -10, 3, 34, 60, 4, 17, -2]
[-13, 1, -5, -23, -22, -8, 9, -25]
[4, 4, 0, 6, -17, -10, -22, -3]
[-3, -2, 0, -21, -38, -8, -13, -7]
[8, 11, 8, 59, 46, 18, 6, 7]
[-13, -10, -8, 17, 16, -11, -9, -2]
[3, 0, -4, -9, 22, -1, 13, 8]
[-11, -11, 2, -3, 16, 14, 0, 1]
[-3, -13, -8, -42, 10, 2, -7, -12]
[22, 25, 8, 26, -17, -3, 15, 23]
[8, -1, -5, 7, -9, -5, -5, 3]
[15, 13, 15, 22, 61, 16, 15, 16]
[-7, 3, 7, -22, -73, -3, 1, 2]
[-7, -15, -9, -40, -57, 1, 10, -9]
[0, 15, 2, -5, 43, -5, -9, -11]
[-7, -17, -9, 2, -19, 3, 13, 11]
[15, 24, 2, 23, -14, -9, -16, 1]
[-9, -5, -9, -54, -12, -9, -9, -2]
[-12, -16, -1, 52, 29, 9, 5, 1]
[-2, 2, 4, -4, 42, 4, -5, -5]
[-5, -3, 2, 4, 27, 2, 2, -7]
[6, 4, 5, 13, -85, 0, -2, -4]
[-9, -13, -5, -44, -19, -3, -9, 1]
[-5, -8, 0, 41, 30, 0, -2, -7]
[7, 7, -9, -61, -82, -12, 1, -1]
[-10, -18, 0, 11, 35, 8, -8, -1]
[5, 7, 7, -7, 13, 4, 4, -6]
[8, 2, -2, -23, -26, -6, -2, 6]
[-2, -6, 6, 60, 66, 12, 9, -4]
[16, 30, -14, -101, -86, -17, 12, 10]
[-7, -13, 1, 75, 106, 13, -15, -9]
[1, -6, -13, -62, -106, -27, -16, -3]
[1, 3, 3, 31, 115, 7, 7, -2]
[-10, -13, 0, 2, -9, -4, -6, -7]
[-3, -12, -4, -19, -4, 1, 8, 5]
[1, 8, -1, -1, -28, 1, -9, -6]
[-4, -2, -2, -3, 1, 1, 7, 3]
[-3, -3, -5, 6, 12, 1, -9, -7]
[-2, 3, 3, -7, -17, -1, 7, 4]
[1, -1, 1, 38, 67, 8, -3, -2]
[10, 9, 12, -7, -57, 0, 5, 4]
[1, -1, 0, 9, 49, -3, -6, -2]
[-3, 1, -3, 6, -34, 0, 3, 0]
[-6, -6, -11, -73, -86, -20, -8, -6]
[-2, -4, -1, 13, 43, 6, 5, 2]
[2, 13, 4, 4, 13, 3, -1, -9]
[-9, -9, -1, 16, -28, -1, 12, 10]
[5, 10, 5, 43, 61, 12, -15, -4]
[1, -1, -4, -28, -18, -1, 8, 2]
[-1, -6, -3, -15, -21, -13, -12, -4]
[-2, -1, -2, -7, 11, 2, -5, -9]
[-3, -4, -1, 17, 2, 2, 5, 5]
[4, 0, -1, 18, 46, 2, 1, 1]
[-5, -8, -7, -44, -92, -21, -14, -4]
[5, 3, 4, 18, 20, -1, 10, 1]
[-2, -1, 3, 0, 8, 0, -3, -2]
[-2, 2, -4, -3, -2, -2, -3, -2]
[1, 0, 4, 13, 46, 10, -3, -5]
[-3, -4, -5, 13, -7, -1, 1, 11]
[1, 0, 2, 5, 11, 8, -16, -2]
[-1, 2, -5, -48, -79, -18, -1, -4]
[-1, -6, 2, 44, 52, 9, 4, -5]
[-4, -5, -2, -5, 7, 1, -15, -2]
[5, -2, 5, -20, -36, 3, 8, 7]
[1, 3, 1, 17, 2, -2, -1, 1]
[2, 4, 6, 20, 50, 0, 1, -1]
[-1, -1, -1, -24, 7, 1, -3, -8]
[-7, -5, -4, 12, -52, -12, 3, 9]
[-1, 3, -6, -26, -19, -4, -4, -3]
[3, 1, 0, -3, 7, 0, -1, 0]
[1, -4, -4, 13, 2, 1, -7, -4]
[1, 1, 5, 19, 55, 9, 0, -8]
[-1, 1, -2, -10, -34, -5, -1, -1]
[-2, 2, 3, 24, 19, 4, 3, 0]
[2, -5, -3, -31, -17, -6, -1, -2]
[0, -3, -8, -19, -20, -5, -2, -3]
[-3, 0, 2, 37, 91, 12, -2, 2]
[2, -1, -5, 4, -51, -10, -10, 1]
[-6, 1, -3, -38, -56, -4, 1, 1]
[-2, 2, 4, 37, 45, 7, 7, 2]
[-2, -3, 1, -27, -5, 0, -1, 1]
[4, 7, 6, 58, 55, 9, 6, 1]
[2, -3, -4, -16, -29, -6, -1, -3]
[-3, -2, -2, -7, -17, -1, 3, -6]
[-2, -2, 1, 16, -10, -3, 3, 5]
[-3, 0, 3, -6, -9, -2, -10, -1]
[2, 1, -4, -23, -31, -4, 0, 2]
[2, 1, 1, -3, 10, -1, 1, -2]
[2, -2, -2, 4, 6, 3, -1, -2]
[-1, -3, -4, -12, -14, -1, 2, -3]
[-2, -1, -1, -2, 32, 0, -1, 3]
[0, -3, -7, -7, -15, -4, -5, -2]
[1, 0, 2, -12, -6, -2, -2, -1]
[-3, -5, -2, -2, -14, -2, 1, 2]
[-1, 4, 5, 7, -7, 5, -2, 2]
[-1, 1, -3, -4, 43, 2, 2, -2]
[-1, 0, -3, 19, -33, -7, -4, -1]
[-3, -1, -2, -16, 17, 0, 0, -2]
[2, 2, 0, -13, -25, -2, 1, 0]
[1, 2, 0, 1, 21, 2, 3, 1]
[-2, -4, -2, -7, 7, -1, -3, -6]
[-3, -3, -3, -22, -13, -5, 1, -3]
[-2, -4, 3, 33, 6, 1, 4, 2]
[0, -1, 0, 0, 12, 5, -1, 1]
[1, 0, 4, 20, 55, 6, -2, -3]
[1, -1, -5, -33, -89, -9, -3, -2]
[0, -1, -2, -1, 26, 1, -3, -3]
[0, 0, -1, 1, -10, 4, 2, 0]
[-2, -1, 1, 4, 8, 1, -2, 1]
[-2, -5, -3, 2, 37, 2, 1, 2]
[-1, -2, -4, -14, -35, -5, 1, -7]
[-1, 3, 0, -5, 4, -1, -6, 0]
[-2, 4, 1, 1, -22, 0, 5, 2]
[0, 1, -1, 6, 10, 1, 1, 2]
[0, -1, -1, 12, 21, 0, 0, 0]
[-1, 1, -3, -27, -23, -5, 0, -2]
[1, -1, 2, 11, 11, -1, -1, -2]
[-1, 1, 4, 9, 18, 5, 0, -2]
[-1, -2, 3, 21, 47, 7, 1, 0]
[-2, 1, 1, -6, -44, -2, -2, -2]
[1, 1, -3, -18, 0, -1, 1, 3]
[2, 3, -2, -12, -43, -6, -2, 2]
[-1, 2, -4, -10, 4, -3, 1, -3]
[-1, -1, -1, 15, 26, 2, 2, -2]
[-4, -5, -4, -8, -7, -5, -3, -7]
[-2, -6, -2, -2, 28, 1, -5, -1]
[-1, 0, 1, 7, 0, 1, -7, 2]
[2, 0, 2, 13, -11, 1, 17, 0]
[-1, 0, -4, -12, -10, 1, 0, 2]
[0, 0, -3, -8, -11, -7, 0, 0]
[-1, -1, 1, -4, 3, 0, -1, -2]
[-1, -3, -3, 16, 27, 2, -4, 0]
[1, 2, 1, -14, -28, -3, 2, -1]
[0, 4, 10, 41, 52, 8, 3, 1]
[-3, -3, -8, -47, -55, -5, 1, -1]
[0, -2, 9, 23, 45, -1, -6, 2]
[-1, -4, -4, -9, -41, -7, -1, 1]
[-1, -3, -1, 11, 9, -4, -3, -1]
[0, -1, 2, 9, -8, 1, 3, -2]
[2, 0, 0, -7, 11, 0, -2, 1]
[0, -1, -1, -7, -8, -2, 0, -2]
[-3, 0, -7, 7, -3, -3, -3, -3]
[1, 1, -2, -10, -6, 2, 0, 2]
[0, 0, -1, 7, 0, 2, -3, -1]
[-1, 0, 3, 4, 33, 2, 2, -1]
[-1, -1, -7, -11, -37, -6, 0, -4]
[0, -2, -2, -8, -21, -2, 1, 0]
[2, 1, 1, 6, 1, 2, -5, 1]
[-3, 0, 0, -5, 24, 2, -3, 1]
[-1, 2, 2, -9, -36, -8, 0, 5]
[0, 2, 1, 20, 27, -3, 5, 4]
[0, -3, -4, -24, -47, -3, 2, -2]
[0, -2, -3, 5, 15, 1, -1, -1]
[-3, -1, 6, -10, -2, 5, -3, -5]
[2, 0, 2, 32, 36, 1, -4, 0]
[0, -1, -1, -7, -42, 0, -1, 3]
[0, 0, -1, 9, 18, -1, 0, -2]
[0, -2, -5, -25, -4, 0, 2, 2]
[0, -1, -1, 8, 0, 1, -3, -2]
[-1, 1, -2, 4, 9, -2, 2, -1]
[-2, -3, -2, -5, -16, -5, -3, -3]
[-2, 0, 0, -5, 3, -2, 0, -3]
[0, 1, 0, 9, -9, -1, -4, -3]
[0, -3, -1, -14, 19, 5, -2, 0]
[0, 1, 2, 5, -18, 3, -3, -2]
[-1, -3, -1, 4, 7, -1, -1, 3]
[-2, -2, -2, -6, -1, -2, 2, -1]
[-1, -2, -6, -19, -9, -3, 0, -1]
[0, -2, 0, 7, 14, 0, 2, 1]
[-1, -1, 0, 8, 9, 4, 2, -1]
[0, 1, -1, -12, -18, -5, -3, -1]
[-2, 1, 5, 8, 12, 1, 1, 0]
[0, 1, -3, -1, -6, 0, 0, 1]
[-2, 3, 5, 9, 11, -3, 0, -1]
[-2, -1, -3, -5, 6, 1, -4, 0]
[0, 2, 3, 0, -5, -1, -4, 0]
[0, 0, -1, 1, 0, 1, 2, -2]
[0, -6, -5, -5, -14, -7, -3, -3]
[-2, -3, 2, 10, 34, 3, -1, -1]
[1, -1, -3, -5, -3, -4, -1, 0]
[1, 1, 1, 1, -33, 0, -1, -1]
[-2, -1, -6, -10, -22, -4, -4, -3]
[0, -2, 2, -6, -7, -2, -1, -1]
[1, 0, 1, 10, 22, 4, 3, 4]
[-1, 2, -4, -11, -9, -4, -2, 1]
[-1, 1, -2, 14, 17, 0, 1, -2]
[0, -1, 2, -12, -14, -3, 2, -3]
[0, 0, -2, 4, 7, 1, 2, -1]
[-1, -2, 1, -1, 18, 0, 1, 0]
[-1, -1, -1, -11, -35, -2, -3, -1]
[-1, 0, -2, 9, 10, 2, -1, 0]
[-2, -2, -3, -2, 15, 2, 0, 2]
[0, -2, 0, 6, -4, -2, -2, -1]
[-1, -3, -1, 1, 4, 2, -2, 1]
[-2, 2, 1, -9, -2, 4, -1, -2]
[1, 0, 2, 6, 10, -3, -1, -2]
[0, 4, 0, -11, -13, -1, 0, -1]
[0, -1, -4, -9, 13, -2, -1, 0]
[0, -2, 0, 22, 0, -1, 1, 0]
[-1, -1, 0, 3, 6, 1, 2, -2]
[-1, -3, 2, 12, 18, 3, 1, 1]
[-1, -4, -5, -24, -25, -6, -3, -3]
[-1, -3, -5, -9, -10, -2, -2, -1]
[-2, -1, -4, 2, 7, -3, -6, -2]
[-1, 3, -3, -3, -12, -3, -2, 1]
[0, 2, 3, 3, 15, 1, 2, 1]
[-2, -1, -1, 8, -7, 0, 0, -1]
[0, 1, 4, 10, 12, 5, 3, -3]
[-2, -4, -3, 0, 11, 2, -4, -2]
[0, -2, 1, -4, -4, -5, -5, -1]
[-1, -1, -2, -25, -1, -3, 3, 0]
[-3, -3, 0, 8, -15, -1, 2, 1]
[-2, 0, -3, -14, -7, -2, -1, -1]
[2, 1, -4, 12, 9, 1, 4, 4]
[-2, 0, -2, -5, -11, -4, -2, -1]
[-1, 1, 0, 1, 23, 3, -4, 1]
[-2, -1, 0, -6, -44, -6, -1, -2]
[0, 1, 0, 5, 0, 2, 4, -1]
[3, 2, 0, -1, 2, 1, 2, 3]
[0, -2, -4, -6, -11, -3, 2, 0]
[1, -2, 3, 6, 19, 2, -2, 0]
[-1, 0, 2, -12, -5, -2, -2, -1]
[0, 0, -2, 9, -6, -3, 0, 2]
[1, -1, -1, 1, 3, 4, -2, -1]
[1, -1, 3, -5, -12, -2, 5, 4]
[-3, -7, -3, -10, 1, -1, -5, -1]
[0, -4, 1, 15, 19, 0, -10, -2]
[1, -1, -6, -5, 24, -1, -8, -6]
[-5, 3, -1, -14, -56, -9, 6, -2]
[1, 3, -3, -8, -16, -4, -1, 2]
[-1, 1, 4, 13, 8, 1, 6, -2]
[-1, -1, -3, -8, -8, 0, 1, -1]
[1, -4, -2, 15, 23, 4, 3, 0]
[0, -2, 2, 0, 6, 2, 3, -3]
[-1, -2, -6, -26, -26, -7, -9, -2]
[-2, 0, 3, 13, -3, 1, 2, -2]
[3, 1, -3, -9, 19, 5, -2, 2]
[-4, -2, -2, 4, -8, -5, 8, 1]
[1, 1, -1, 5, 11, 5, -1, -3]
[-5, -3, 3, 9, 3, 1, -4, 4]
[-1, 0, -5, -4, 9, -2, 1, -5]
[-4, -1, -2, 9, 4, -4, -7, -5]
[4, 0, -1, -15, -32, 0, 3, 4]
[1, -1, -2, -7, -12, -5, -7, -2]
[-3, -5, -4, -1, -21, 2, 3, 7]
[0, 0, 1, 8, 27, -3, 2, -2]
[-5, 1, 1, -13, -29, -12, -4, -8]
[3, 2, 2, -7, -14, -1, -1, 2]
[1, 0, 3, 5, 18, -6, -14, -4]
[-1, -1, -3, -8, 2, 5, 4, 0]
[-3, -4, 1, 31, 21, 6, 5, 1]
[1, -1, 0, 1, 3, 4, 14, 3]
[-1, 1, -3, -2, 20, -2, -6, -1]
[-4, 1, 2, -6, -42, 0, -11, -4]
[0, -4, -4, -10, 32, -3, 0, -4]
[3, 3, 1, 8, -11, 0, -7, -1]
[-1, 2, 0, 0, -9, -2, 5, -2]
[-1, -1, -6, 10, 23, 0, 15, 4]
[-6, -5, 0, 1, 10, 3, -6, -2]
[1, 3, -1, -12, -20, -5, -4, -7]
[0, -4, -1, 5, 17, 2, -5, 5]
[10, 3, 1, -7, 12, 10, 8, -4]
[-2, 4, 1, 9, -16, -8, 5, 1]
[4, -3, -1, 5, 16, 2, -3, 6]
[-2, -1, 2, 12, -19, -7, -2, -5]
[-8, -3, -3, -20, 5, 3, 9, -2]
[6, 5, 2, -12, 26, 6, -13, -11]
[-7, -9, -5, -22, -72, -3, 18, 2]
[-10, -11, 1, 10, 3, -3, -12, -9]
[5, -3, 6, 57, 58, -19, -25, -6]
[9, 21, -4, -42, -69, 10, 23, 20]
[0, 1, -3, 2, 29, -13, -36, -2]
[11, 10, 10, 8, 41, 31, 41, 10]
[-13, -7, -4, -1, -47, -25, -29, -14]
[9, -8, 3, 12, 15, -11, -29, -4]
[9, -5, -4, -15, 46, 11, 24, 12]
[-19, 12, 0, 1, -82, 6, 2, 5]
[3, 1, 5, 13, 34, 3, 5, 2]
[-9, -1, -2, -24, 6, -8, -6, -6]
[-1, -6, -3, 12, -76, -7, -14, -3]
[3, -8, 4, 35, 116, 17, 19, 10]
[4, 7, -14, -68, -90, -13, -4, -10]
[-16, -15, -2, 14, -57, 0, 12, 13]
[-3, 10, -1, -20, 5, 0, -3, -18]
[2, -1, -5, -19, -9, -9, -9, -3]
[12, 7, -8, 13, 2, 11, 19, 21]
[8, -5, 0, -38, 2, 4, 23, 6]
[0, 0, 4, 35, 107, 6, -13, -14]
[-7, -5, -10, -7, -112, -8, 10, 12]
[-13, -4, -8, -35, -45, -34, -35, -34]
[1, -3, 7, 27, 52, 4, -21, 6]
[-5, 4, 8, 68, 63, -10, 7, 4]
[10, -3, -7, -51, -14, 27, 29, 2]
[-14, -11, 2, 53, 34, 21, 18, 0]
[-11, -3, -2, -14, -19, -22, -14, -5]
[-7, 1, 2, -48, -104, -20, -24, -13]
[7, -5, -3, 25, 50, -13, -31, -8]
[-10, -15, -5, -7, 77, 21, 17, 13]
[-2, -3, -14, -9, -64, -8, 12, -13]
[-9, 1, 2, -20, 46, -2, -4, 9]
[12, -6, -12, -64, -123, -36, -16, -2]
[4, -2, 15, 65, 58, 13, 15, -13]
[-7, -7, -7, -16, 50, 34, -3, 2]
[12, 16, -6, -31, -48, 18, 62, 24]
[-23, -4, -4, -16, 25, -17, -17, -7]
[32, 5, 8, 39, 19, -2, -21, 28]
[-14, -2, -5, -5, -59, -16, -5, -28]
[0, -13, -19, -62, -30, 15, 10, -6]
[11, 15, 28, 91, -16, -20, -28, -9]
[5, 8, 8, 3, 14, 42, 52, 16]
[0, -3, -5, 26, 69, -17, -9, -7]
[4, 7, 9, -3, -36, 49, 12, 12]
[9, 5, -3, -14, 32, -12, 0, 4]
[-11, -1, -1, -9, 21, -16, -4, -10]
[-7, -20, -18, -50, -73, -12, -32, -12]
[-28, -17, -2, -7, 16, -41, -12, -6]
[24, 12, 13, 7, 120, 67, 67, 41]
[28, 40, 15, 31, 32, 48, 87, 45]
[46, 9, -18, -72, -38, -22, -37, 2]
[-33, 5, 6, 76, 26, -8, -4, -17]
[-3, -25, -14, -44, -63, -15, -58, -17]
[-31, -14, -1, -3, -31, -28, -32, -7]
[-6, 3, 9, 0, 47, 51, 35, 14]
[1, 10, 50, 111, 89, -22, -70, -53]
[-14, 4, -3, -34, -40, -1, 24, 6]
[13, -10, -82, -90, -59, -21, -53, 8]
[2, 18, 103, 127, 44, 32, 72, 19]
[-2, -16, -30, -70, -68, 19, 34, 11]
[19, 16, 37, 46, 29, 20, 3, 27]
[13, 6, 23, -12, -13, 18, -14, -27]
[0, 2, -23, -14, 24, 0, 27, 4]
[48, 32, 3, -29, -37, -29, -2, 48]
[-49, -15, -23, -33, 23, 41, 26, -22]
[7, -11, 1, 18, -79, -31, -27, 0]
[-45, 2, 6, 12, 7, -40, -72, -37]
[-6, -14, -7, -2, -10, -29, -30, -21]
[21, -5, -18, 12, 12, 38, 72, 35]
[7, -1, -1, -14, 8, -19, -41, -13]
[6, 8, -12, -19, -7, 3, -7, 0]
[-28, 5, -7, -12, 11, -3, -4, -32]
[36, -11, -11, 78, 7, -23, -33, 0]
[-27, -5, 32, 6, 10, -11, -5, 12]
[-10, -14, -11, 14, -29, 17, -2, -8]
[26, 4, -62, -71, -35, -21, -29, -38]
[-51, 9, 63, 44, 39, -33, -63, -28]
[61, 1, -8, 21, -9, 57, 67, 63]
[4, 26, 35, 30, 29, -16, -40, -10]
[31, -25, -2, -37, 33, 40, 48, 51]
[-42, -6, -13, 30, 3, -32, -38, -60]
[-64, -8, -23, -91, -9, -41, -73, -65]
[59, 10, -2, 10, 5, 23, 73, 107]
[0, -4, 7, 35, 32, 18, 4, -12]
[-22, 1, -18, -47, -15, -38, -39, -36]
[-52, 10, 21, -23, 20, 31, 76, 32]
[62, -12, -19, -1, -1, 14, 9, 57]
[24, -9, 25, 50, -5, -5, -8, 29]
[31, 5, -22, -49, -4, 8, 6, 15]
[-30, -13, -16, -20, -21, -55, -68, -68]
[-126, -15, -36, -45, -19, -9, -44, -122]
[24, -2, 51, 99, 21, 46, 51, 79]
[-40, -3, -10, -31, 4, 2, -22, -8]
[66, 9, -3, 19, -35, -32, -29, 41]
[34, 28, 22, -14, 5, 25, 70, 6]
