[-65, -29, -61, 12, -1, -5, -39, -96]
[-8, -12, 14, 19, 4, 24, 54, 72]
[1, 7, 25, -24, -22, -25, -22, -51]
[56, -10, -21, 1, 9, 9, 0, 61]
[-77, -13, -24, -68, -16, -25, -39, -67]
[8, 30, 13, -7, 5, -1, -9, -79]
[-54, -4, -7, 4, 13, 15, 14, 0]
[68, -29, 9, 40, -1, 20, 54, 60]
[-55, 0, 9, -26, -12, 4, -30, -23]
[93, 27, 4, -8, -4, -35, -21, 40]
[-38, 0, -1, 7, -5, 3, 17, -85]
[-128, -27, -24, -30, -11, -60, -68, -75]
[59, 5, 8, -9, 18, 72, 115, 127]
[21, -2, -8, 9, 7, 10, -12, -39]
[56, -10, -3, -3, -12, -7, -8, 76]
[-96, 10, -7, -15, 6, 8, -37, -106]
[23, -16, -17, -43, 3, -33, -17, 28]
[-58, 40, 50, -15, 16, -2, -13, -63]
[23, -21, -7, 83, 21, -17, -16, 38]
[85, 19, 32, 9, 11, 27, 86, 127]
[21, -4, 6, 10, -10, -18, -48, -54]
[41, 2, -25, -17, 10, 81, 53, -10]
[-96, -35, -57, -58, -55, -84, -99, -104]
[-93, 17, 4, -10, 15, 49, 35, -121]
[95, -29, 17, 41, 5, 55, 76, 97]
[-53, -23, -1, 19, -49, 38, 33, -26]
[12, 5, 7, -55, 1, 26, 22, -29]
[-77, -18, -49, -36, -17, -103, -128, -122]
[-16, -18, -2, -61, 6, 32, 68, 29]
[82, 29, 34, 104, 25, -6, -19, 86]
[-30, 14, 32, 2, 11, 16, 25, 24]
[-29, -13, -11, -5, -16, -11, -49, -58]
[1, 66, -19, -23, 12, -84, -62, -64]
[-113, -73, -12, -38, -19, 8, 53, -41]
[127, 6, -22, 25, -27, -12, -62, 76]
[59, 6, 20, 90, 13, 11, 67, 97]
[-51, -45, 2, 4, -5, 84, 60, -19]
[5, -9, -29, -64, -17, -55, -93, -16]
[-128, -8, 7, -42, 26, 77, 79, -115]
[127, -11, 2, 60, 36, 91, 82, 127]
[24, 57, 3, 12, -19, -114, -128, -116]
[20, -15, -18, -19, -6, -50, -1, 26]
[-31, 9, 17, -21, -12, 62, 127, 41]
[85, 8, -44, -114, -44, -27, -60, -85]
[-68, 47, 30, 57, 32, 11, -78, -76]
[68, -24, 26, 80, 36, 18, 73, 115]
[-20, -8, 1, -4, -1, 37, -31, -36]
[-78, -16, 16, -26, -7, 28, 29, -70]
[-22, 69, -2, -45, 22, 26, 13, -82]
[28, -19, -51, 24, -8, -35, -69, 57]
[-15, 1, 21, 28, 12, 45, 47, 13]
[35, 18, -17, -36, -11, -28, -58, -4]
[-106, -45, 14, 19, 11, -5, -3, -69]
[60, 18, -2, -31, 14, 66, 71, 62]
[-31, -20, -21, -8, -42, -26, 20, 35]
[-82, 6, 7, 6, 46, -6, -78, -70]
[65, -54, -50, -51, -110, -97, -44, 127]
[-119, 24, 25, -20, 12, 4, -84, -128]
[87, 34, -15, -5, 25, 83, 70, 7]
[77, 9, 15, 19, -20, 49, 23, 105]
[-65, -27, -1, -10, 14, 52, 6, -50]
[-87, -18, -54, -94, -55, -93, -73, -72]
[38, 88, 88, 106, 91, 20, -84, -118]
[53, -21, 7, -71, -20, -85, 39, 89]
[33, 10, 29, -19, 31, 97, 119, 93]
[-11, -19, -17, 29, -35, 12, -20, -68]
[-128, -30, -48, -76, 4, -10, -95, -128]
[59, -32, -28, 44, -20, -96, -20, 92]
[53, 52, 73, 82, 36, 51, 76, 77]
[-64, -4, -21, -52, 6, 46, 55, -20]
[-22, 5, 3, 34, -3, -39, -106, -61]
[-95, -8, -40, -73, -1, 1, -54, -59]
[102, 18, 23, 63, -13, 60, 67, 92]
[-83, 33, 42, 15, 23, 40, -3, -109]
[13, -39, -4, -11, -10, -77, -54, 29]
[-91, 32, 17, -21, -5, -2, 9, -114]
[-128, -50, -59, -72, -10, -68, -48, -56]
[74, 13, 10, -43, 7, 51, -37, 30]
[123, 53, 46, 104, -1, -13, 92, 107]
[-79, -45, -17, -27, 38, 107, -42, -43]
[94, 6, -25, -2, -30, -26, 86, 54]
[-108, -30, -15, -21, -55, -4, -31, -100]
[90, -21, -61, -105, -19, 9, 9, 127]
[14, 67, 77, 127, 21, -19, -52, -94]
[18, -6, -30, -53, 18, 98, 34, 22]
[12, 4, 22, -40, 10, -62, -15, 35]
[-15, -16, -13, 12, -1, 14, 9, -35]
[-25, 13, -2, -5, -6, 5, 26, -53]
[-97, -30, -14, -18, 10, -52, -100, -97]
[108, 11, 5, -18, 11, -28, -4, 105]
[-78, -27, 6, 13, -3, 78, 93, 3]
[56, 5, 3, -6, -8, -33, 30, 88]
[-115, -8, 2, 10, -7, -52, -87, -91]
[81, 28, 1, -18, 18, 6, -14, 112]
[-33, 23, 15, 15, 16, 3, -17, -46]
[29, -11, -25, 27, -33, 37, 53, 29]
[39, 9, 45, 75, 15, -3, -42, -12]
[-59, -17, -5, 2, 5, -32, 26, -57]
[52, -5, -12, -70, -5, -10, -53, -15]
[-82, 32, 26, -29, 20, -41, 2, 34]
[82, 7, -9, -22, -3, 72, 13, 6]
[7, -10, -9, 28, -31, -89, -45, 4]
[-12, 7, 2, -23, -5, 10, 1, -12]
[-50, -38, -21, -16, -12, 18, -11, -63]
[12, 18, 11, 4, 27, 17, 12, 14]
[-87, -13, 0, 12, 3, 0, -12, -28]
[14, 5, -8, -15, -2, -16, 32, 36]
[74, 32, 8, 16, 0, 31, 16, -15]
[82, 13, 29, 9, -8, -52, -24, 86]
[3, 3, -1, 15, 11, 73, 93, -20]
[-71, -35, -18, -16, -30, -92, -92, -43]
[63, 11, 6, -16, 10, 14, 32, 63]
[-40, -5, -13, 51, -2, -12, -11, -55]
[-16, -15, -56, -64, -15, 14, 16, -13]
[2, 16, 41, 90, 16, 3, 8, -25]
[-26, -4, 28, -4, 0, -19, -31, -45]
[-32, -5, -1, -10, 7, 45, 44, 34]
[99, 6, -1, -16, -15, -21, 13, 79]
[3, -23, -11, -8, -3, 19, 7, 14]
[-18, -10, -9, -9, -9, -20, -10, -8]
[-48, -24, -25, -28, -2, -12, -14, -35]
[-43, 0, 11, 20, 18, 20, 16, -62]
[22, 33, 9, -12, 1, -5, -21, 53]
[9, -5, 1, 16, 1, -6, 26, -14]
[-18, 0, 0, -34, -13, -18, -15, -6]
[64, 25, 22, 36, 13, 6, 21, 46]
[-43, -26, -8, -8, 1, 6, -13, -10]
[-12, -18, -6, 3, 5, 11, 14, 8]
[-9, -3, -3, -3, 1, -16, -21, -24]
[-3, 2, 6, 10, -1, 2, -6, -7]
[7, 2, -3, -6, -3, -5, 19, 14]
[-15, -4, 2, -3, -1, -2, -9, 1]
[13, 4, -13, -41, -8, -7, 0, -2]
[-33, -8, 25, 61, 21, 8, -11, -12]
[13, 4, -7, -20, -10, -8, 1, -3]
[-4, -13, -6, 4, -5, 4, 0, 14]
[-5, 12, -2, -14, -5, -13, 3, -2]
[-4, -3, -2, 9, 31, 17, -10, -8]
[4, -7, -2, -6, -30, 0, 4, 8]
[3, -5, 3, 13, -6, 4, -2, 16]
[7, 12, 1, 18, 30, -2, 15, -5]
[-11, -5, -5, -28, 4, 6, -27, -11]
[-4, -22, -3, 17, -6, -6, 3, 8]
[-19, 10, -7, -27, 4, -6, 0, -20]
[7, 7, 7, -4, -90, 3, 9, 17]
[-6, 5, 2, 8, 10, -7, -12, -4]
[-4, -18, -4, -8, 21, -6, 26, 3]
[4, -16, -4, 17, 15, 9, -28, 5]
[-1, 3, 3, 12, 15, 2, -9, 1]
[-2, 10, -5, -30, -36, 13, 28, -9]
[1, 21, 7, 9, 47, -4, -41, 2]
[-7, -26, -9, -20, -12, -20, -9, -8]
[-4, 1, 1, -2, 1, -5, -2, -10]
[0, -8, 3, 0, -15, -1, -13, -2]
[-1, 0, -3, -13, -19, 1, 13, -5]
[-3, 0, -4, 13, -22, -6, -6, 0]
[-11, -15, 2, 15, 13, -5, -12, -22]
[4, -1, 4, 13, 20, 17, 19, 19]
[-27, -38, -12, 5, 36, -2, 4, -2]
[24, 48, 10, 19, 23, 14, 5, 14]
[-9, -18, -10, -41, -88, -13, -8, -23]
[-7, 4, 1, -1, 62, 1, -3, -3]
[14, 3, 4, -13, -31, 5, 10, 16]
[-4, -17, 4, 28, 73, 18, 17, -21]
[2, 13, 1, 26, -4, -2, -3, -16]
[6, 10, 4, -23, -39, 3, 19, -5]
[1, 10, -2, 25, 53, -1, -8, 31]
[-3, -11, -6, -15, -60, -10, 10, 8]
[5, -1, -5, -32, 4, -6, 0, -2]
[-6, -10, -4, 22, 6, -10, -6, -12]
[10, 0, 0, -24, -6, 1, 16, 4]
[-4, 1, 3, 25, -3, -6, -1, 0]
[-6, -2, 0, 15, 33, -2, -12, 2]
[-11, -2, -7, 3, -28, -4, 5, 4]
[11, 14, 10, 22, 31, 5, 3, -8]
[-13, -19, -7, -49, -50, -8, -10, -3]
[25, 27, 14, 27, 51, 15, 19, 23]
[-6, -11, -7, -13, 12, -15, -36, -22]
[9, 4, -2, -24, -65, 9, 32, 17]
[-6, 7, -3, -35, 24, -4, -17, -5]
[6, 4, 4, -24, -27, -7, -14, 21]
[-4, 1, -3, 47, -5, -5, -2, -4]
[1, 1, -1, 4, 33, 6, -2, -6]
[0, -6, -4, 7, 10, 3, 6, 6]
[-6, -11, -3, -20, 7, 5, 5, -2]
[3, 6, 0, -1, 6, 0, -4, -2]
[-5, -6, 0, -15, -41, -9, -18, -14]
[1, 5, 5, 52, 47, 12, 13, 11]
[-5, -2, -6, -10, 9, -6, -5, -9]
[-1, -9, -6, -34, -40, 0, 6, 7]
[1, -6, -5, 1, -21, -7, -4, -9]
[1, 1, -2, -9, 16, -2, -2, 6]
[-1, 4, 2, 36, -5, 0, 7, -6]
[-1, -2, -4, -24, -6, -1, -1, 1]
[0, 3, -5, -12, -65, -15, -2, -1]
[5, -2, -5, -12, 42, 10, -1, 3]
[-4, -8, 2, 45, 15, -12, -8, -1]
[-1, 0, 0, -35, -8, 2, 10, 3]
[1, 6, 9, 51, 69, 5, -21, -18]
[-4, -5, -2, -2, -81, -11, 0, -3]
[-7, -4, -5, -32, 37, -3, 0, 7]
[2, 0, -3, 21, -42, -11, 5, 5]
[-5, -2, -3, -6, 55, 3, -5, -1]
[2, 6, 2, 4, 47, 9, 8, -1]
[-10, -3, -3, -26, -77, -16, -10, -2]
[2, -1, 1, -1, 44, 1, -21, -8]
[-14, -14, -4, 14, 25, 5, 4, -8]
[15, 17, 13, 32, 38, 13, 8, 10]
[-1, -14, -8, -57, -17, 2, -17, -6]
[-7, -10, 2, 42, 12, 7, 20, 2]
[13, 8, -4, -10, -29, -11, 0, 2]
[-7, -4, 4, -18, -24, 1, 17, -5]
[-3, 0, -3, 7, 9, -2, -17, -6]
[2, 4, -2, -7, -7, -1, -3, -2]
[-2, -6, 1, -10, -12, 3, -5, -1]
[5, 3, -1, -28, -11, 0, 10, 11]
[1, 0, 4, 70, 64, 3, 10, 2]
[-2, -8, 2, 11, 11, -2, -6, -5]
[5, 8, 0, -8, -1, -1, 3, 4]
[-2, 1, 0, -26, -24, -7, -9, -1]
[-3, -1, -5, -8, -18, 1, 3, -2]
[7, 5, 6, 30, 21, 12, -4, 5]
[1, 3, -3, -27, -46, 0, 29, 4]
[-6, -6, -4, -7, -45, -9, -15, -16]
[-1, -2, -2, 13, 12, -4, -7, 2]
[4, 8, 4, -5, -13, 2, 17, 6]
[0, 2, 0, 9, 21, 3, -7, 1]
[-3, -7, -3, 21, -5, -8, -14, -8]
[3, 2, 2, -12, 24, 7, 16, 5]
[-5, 0, -2, -18, -36, -5, -9, -9]
[-2, -4, -3, -16, -13, -7, -3, 6]
[0, 2, 4, 33, -8, 1, 3, 7]
[4, 9, 1, -6, -11, 2, 3, -3]
[1, 1, -3, -2, 26, -4, -6, 1]
[-2, 0, 4, 28, -8, 1, -4, -10]
[2, 0, -3, -19, -3, 3, 10, 6]
[-1, -5, 2, 5, 20, 5, 1, -3]
[-4, -3, 1, -8, 2, -3, 0, -5]
[0, 1, -2, -28, -44, -4, -8, -1]
[-1, -1, 0, 3, 21, 2, 4, 3]
[-1, -7, -2, 0, -5, -1, 1, -3]
[4, 2, -3, 16, 86, 10, 4, 1]
[-4, -1, -4, -29, -74, -22, -9, -5]
[0, 1, 0, -2, 29, 4, 0, 3]
[-2, 0, 2, 35, 6, 0, 6, 0]
[-2, 1, -1, -14, -6, -1, 12, -4]
[-2, 1, 1, 10, 32, 7, -16, 8]
[-1, -1, 1, -2, 14, 4, -2, 0]
[1, -1, -5, -27, -27, 1, 18, -2]
[-1, -2, -4, 1, -13, -12, -15, 3]
[-3, -1, 4, 3, -21, 6, -1, -5]
[4, -3, -4, -15, -16, -5, 1, -1]
[2, 1, 0, -1, 19, 3, 1, 4]
[2, -1, -3, -6, -13, -6, -5, 0]
[-1, 0, 0, 0, 33, -2, -2, -3]
[-1, 0, 1, 46, 25, 6, 12, 1]
[-1, -3, -3, -32, -18, -4, -12, -2]
[-1, -5, -3, -17, -19, -6, 4, -12]
[1, -2, -2, 9, 29, 1, 3, 4]
[-2, -4, -1, -20, -40, 2, -1, -3]
[-2, -2, 0, -10, 0, -3, 0, 1]
[-5, -3, 3, 34, -2, -1, -4, -1]
[2, 1, 4, 5, 14, 9, 10, -1]
[-1, -2, -8, -31, -53, -11, -12, -2]
[-1, 1, -2, 16, 29, 2, -6, -5]
[2, 2, 5, -5, -20, -5, 2, 3]
[2, 1, 0, 6, 18, -1, -6, -2]
[-1, -2, -1, 3, 21, 4, -2, 0]
[-4, -4, 1, 3, -11, -3, -3, -4]
[-3, 0, -5, -11, -10, 1, 2, 4]
[0, 0, -1, 14, 19, 0, -1, -4]
[0, 1, -2, 5, 1, 3, 7, 0]
[3, 3, -1, -30, -30, -3, -3, -1]
[1, 1, 0, 24, 13, 2, 3, 0]
[-1, -3, -4, -5, 2, 0, 4, 1]
[1, 2, 6, 10, 33, 8, -5, -2]
[-4, -4, -4, -2, -36, -7, -5, 0]
[-4, 0, 6, 12, 17, -2, -5, 0]
[0, -1, -4, -7, -9, 0, 1, -2]
[-1, -1, 1, -10, -55, -5, -2, 3]
[-1, -1, -4, -5, -6, 1, -4, -1]
[-4, -3, -4, -5, -3, 0, -5, 1]
[-2, -1, -2, 10, 14, 1, 5, -3]
[2, -2, -2, -8, 15, 1, -1, 1]
[0, -1, 1, -2, -11, 0, -3, -3]
[-1, -2, -3, -18, -6, -2, 0, 0]
[2, 1, 2, 12, 20, 2, 2, 1]
[2, 2, -1, 10, 6, 2, -3, 0]
[-3, 0, 1, 13, 10, 0, 0, -1]
[1, 0, -1, 1, 16, 2, -1, -1]
[-1, -1, -2, -24, -42, -6, -2, -2]
[1, 0, 2, 19, 48, 3, -1, -1]
[-1, -3, 1, -10, -43, -3, 7, -4]
[-2, 0, 3, 9, -18, -4, -5, 2]
[-3, -4, -3, -11, -20, -8, -1, -1]
[0, -3, -4, -2, 18, 4, 4, 1]
[0, -3, 1, 12, 25, 5, 3, -1]
[-1, -6, -5, -20, -26, -4, -3, -1]
[1, 1, 0, 14, -1, 3, -1, -1]
[-3, -2, -5, -4, 10, -7, -14, -1]
[-1, 3, 2, 8, 21, 3, 27, 1]
[-1, -1, -3, -13, -15, -1, 4, 0]
[1, 2, 4, 20, 29, 3, -23, 0]
[-1, -1, 3, -5, -11, 1, 1, -1]
[1, 0, -1, -26, -7, 0, -4, 2]
[1, 0, -1, 30, 0, -5, 1, -3]
[-1, -1, 1, -7, -19, -2, 5, -1]
[-2, -3, 0, 9, 8, -5, -4, -3]
[-1, -2, -2, 1, 11, -2, -9, -3]
[-1, -1, -3, -18, -20, 3, 1, 2]
[-2, -1, -2, 1, 7, -3, -1, 0]
[-4, -2, 4, 6, 0, 2, 0, 0]
[-2, 0, -1, -20, -15, -4, 4, -1]
[0, 1, -1, -1, 15, 2, -12, -2]
[-1, 0, -3, 6, 6, -1, 4, 2]
[2, 1, -2, 1, 14, 4, 1, -3]
[-1, -2, -1, 10, 3, -1, -3, -2]
[2, -1, -3, -14, -8, -6, -2, 0]
[-1, -3, -1, -15, -26, -4, -1, -4]
[-2, 0, -3, -25, -35, -2, 2, 5]
[1, 2, -5, 22, 39, 1, -3, 1]
[-5, 0, 0, -20, -45, -8, -2, -4]
[0, 1, 5, 18, 11, 0, 3, -3]
[2, 3, 0, -7, -14, -2, 1, 0]
[-1, -1, -5, -9, 17, 1, -13, -1]
[0, 1, 0, 7, 11, 5, 17, -4]
[-2, -4, -7, -16, 11, 0, -3, -1]
[-2, -4, 1, -4, -18, 1, 2, 0]
[-2, 2, 7, 29, 62, 7, -2, 2]
[-2, 2, 0, -13, -46, -2, -2, 1]
[2, -2, 0, -4, 20, 0, 1, 0]
[-1, 0, -1, 9, -20, -4, 0, -1]
[1, 0, -2, -14, -7, -1, 3, 1]
[-2, -2, 0, 14, 31, 2, -2, -1]
[-4, -4, -2, -4, -17, -4, 1, 0]
[1, 0, -1, 2, 23, 3, -3, -4]
[2, -2, 3, -1, -9, -1, 2, -1]
[0, 0, -3, 0, -8, -3, -3, 0]
[0, 3, 1, -1, 2, 4, -1, 0]
[-1, 0, 3, 21, 13, 0, 1, -1]
[-1, -2, 0, -13, -23, -2, 0, -2]
[0, -1, -2, -11, 10, 1, -2, -1]
[0, 1, 2, 19, 26, 2, 2, -2]
[2, 0, 1, 7, 23, 2, -1, 1]
[0, 0, -2, 5, -26, -3, 0, 1]
[-1, -1, -3, -38, -18, -9, -4, -1]
[-1, 0, 1, 42, 26, 2, 0, 1]
[0, 0, 5, -6, -16, 1, 2, -1]
[-1, -1, -2, 8, 21, 2, -1, 0]
[-1, -2, -1, -5, 5, 0, -1, -1]
[0, -2, -4, -12, -9, -4, -1, -3]
[1, -1, -6, -15, -28, 0, -1, 1]
[-3, 1, 0, 10, 13, -1, 1, -2]
[2, 1, 1, 6, 9, -1, 1, 4]
[1, -1, -2, -7, -14, -1, 2, 0]
[0, -1, 1, 2, 24, 1, -1, -1]
[1, -2, 0, 15, -2, -3, -3, -1]
[-1, -1, -4, -21, -23, -2, -4, 0]
[-2, 0, -3, -2, 11, -5, -6, -3]
[-1, -1, -3, 7, 28, 2, -2, -1]
[1, -1, -4, -28, -32, -4, 0, -1]
[-1, -1, 2, 43, 31, 5, 1, -1]
[0, 1, 11, 4, 4, 0, 2, 1]
[0, 0, 2, 1, -12, 1, 1, 0]
[-3, 0, -3, -10, -9, 0, 0, 0]
[0, -1, 1, 4, 45, 4, -1, -2]
[-2, -1, -2, -12, -53, -4, -2, -2]
[0, -2, -2, 7, -4, -2, 0, -2]
[2, 0, 4, 3, 5, 0, -1, 2]
[0, 0, -2, -5, 8, -1, 0, 0]
[1, -1, -4, 1, -8, 1, -1, 1]
[-2, -2, -2, -7, -4, -1, -3, -1]
[-2, -2, 1, 0, -13, -1, -5, -2]
[-1, -1, -1, 8, 1, 0, -4, -3]
[-1, -1, -3, -10, 12, 1, 6, 2]
[0, -2, -4, -17, -16, -1, 2, 3]
[-1, -1, 2, 13, 5, -3, 0, 0]
[-3, -3, 0, -4, -4, -2, -3, -3]
[-2, 0, 11, 30, 24, 3, -9, -4]
[0, -1, -2, -11, -8, -3, -1, -2]
[2, 1, -1, -5, 9, 0, 4, 0]
[0, 2, -3, -5, -28, -7, -1, 0]
[0, 0, -4, -14, -17, 0, 1, 2]
[-3, 0, -3, 4, 20, 1, -3, -2]
[0, 3, 2, 6, -7, -1, -6, -3]
[-2, -1, -4, -7, -6, -1, -6, -3]
[0, -2, -7, -15, -12, -1, 4, 1]
[3, 1, 0, 9, 31, 3, 5, 5]
[0, 0, 12, 14, -35, 0, 11, 0]
[-2, -1, 0, -6, 1, -1, 2, 2]
[-3, 0, 6, 8, -3, -3, -7, -2]
[0, 3, -2, -14, -19, -3, -5, -2]
[3, -1, -10, -14, 16, 1, -4, 2]
[0, 0, 10, 40, 9, 0, -2, -2]
[1, 1, 4, -16, -4, 1, 7, -1]
[-2, -3, 3, 3, -5, -3, -22, 0]
[-3, -2, -3, -10, 7, 3, -2, -6]
[3, -5, -11, -8, -5, -5, -4, -11]
[-4, -3, -8, -15, -8, 0, 1, 2]
[5, 4, 3, -19, -18, 2, 4, 8]
[0, -1, 0, 38, 29, 2, 2, 0]
[-1, -1, 3, -3, 16, 4, 3, 3]
[-2, -1, -8, -8, -25, -9, -13, -7]
[-2, 0, -3, 4, 24, 13, 17, -1]
[-5, -2, -8, -19, -61, -17, -26, -5]
[7, 1, 1, -9, -21, 1, 19, 1]
[-1, 2, 0, -4, 18, 19, 19, 6]
[-2, -4, -6, -10, -14, -26, -17, -7]
[-10, -1, -8, -13, 18, 3, 6, -5]
[12, 3, 20, 44, 0, 0, -19, 11]
[16, -4, -8, -11, 2, -4, -3, 2]
[-5, -4, 5, -13, -5, 7, 17, 6]
[0, -3, -2, 6, -20, -7, -26, -12]
[3, 3, -8, -8, 27, -7, 5, -3]
[-20, -1, 1, 16, -32, -8, -9, -9]
[9, -1, -3, -13, 27, 8, -2, 7]
[-3, -5, -3, 2, 6, -3, 9, 8]
[2, 1, 1, -15, -15, 2, -3, -2]
[-1, 2, -4, 12, 16, 2, 10, -3]
[-7, -6, -13, -28, -57, 1, -22, -11]
[5, 0, 10, 16, 16, 4, -3, 17]
[-14, -6, -11, -4, 3, 4, 17, -2]
[7, -3, -2, -2, 30, -28, -23, -5]
[-6, -3, 5, 36, 32, -15, 13, -7]
[1, 3, -5, -40, -53, 3, 5, 10]
[-6, -2, 0, -15, -9, -8, -26, -13]
[-11, -6, -4, 1, 2, 27, 17, -7]
[8, 6, 5, 28, 23, 9, 7, 10]
[7, -3, -9, -33, 10, 8, 2, -2]
[-2, 0, 14, 35, 32, -17, 12, 10]
[2, 3, 3, 18, 33, 25, 8, 5]
[-15, -2, 2, -18, -45, -54, -56, -28]
[-16, 3, 4, -1, -1, 51, 73, 27]
[26, -4, -21, -61, -90, -5, 8, -11]
[29, 11, 23, 69, 113, 0, -10, 30]
[-19, -17, -6, 6, -66, -32, -3, -11]
[6, 8, -2, -32, -33, 10, -11, 10]
[-25, 6, -9, -20, 63, 6, 10, -22]
[3, -4, -7, 13, -84, -31, -36, 1]
[4, -16, -3, 22, 67, -18, 4, -6]
[20, 50, 22, 37, 34, -2, -8, -14]
[-8, -12, -16, 23, -96, -30, -13, 25]
[-5, 9, 7, -56, -32, 43, -6, -34]
[13, 0, -1, -5, 30, -4, 32, 46]
[6, -19, -12, -43, -25, -7, 15, 2]
[-10, -17, -8, 11, 81, 42, -10, -14]
[-11, -4, -3, 1, -35, -58, -34, -10]
[-14, -7, 3, 49, 33, 25, -12, -8]
[-9, -15, -9, -35, -22, -13, -25, -15]
[9, 18, 11, -2, -7, -31, -25, 14]
[-7, -13, -13, -30, -30, 46, 63, 3]
[6, 21, 19, 16, -7, 33, 17, 2]
[5, -2, -1, 2, -19, -39, -41, -19]
[-22, -4, 2, 17, -15, -11, -24, 3]
[15, 1, -13, -48, -19, -13, -21, 14]
[1, -6, -10, -62, 13, 59, 41, -35]
[-8, -9, -2, 115, 106, -60, -13, 6]
[7, 5, 12, -33, -82, -31, -62, -24]
[-1, -2, 7, 13, 48, -14, 4, 7]
[20, 16, 0, -18, -27, 60, 95, 61]
[-10, -6, -7, -49, -89, -23, -66, -31]
[17, 9, 7, 33, 35, 33, 36, 45]
[-20, -7, 3, 44, 3, 0, 35, -15]
[-29, -12, -16, -42, -31, -24, -61, -35]
[15, -14, -25, 1, 34, 22, 29, 20]
[-17, 5, 17, 62, 26, -22, -22, -25]
[4, 1, 4, -26, 13, -1, -10, -7]
[-3, 12, 40, 77, 12, -18, 16, 19]
[27, -10, -12, -35, -32, -1, -28, -3]
[20, 5, 1, -1, 65, 28, 37, 18]
[-10, -8, -23, -23, -87, -2, 2, -9]
[-2, 4, 18, 16, 53, 34, 52, 10]
[-17, 7, 14, -2, -24, 6, 9, -6]
[-24, -6, -3, -34, -24, 2, 1, -18]
[9, -2, -7, 13, 38, 20, -24, 7]
[36, 18, 1, -8, -1, -45, -73, 2]
[-29, -5, 2, 4, -10, 34, 88, 25]
[-22, -11, -8, -7, -2, 37, 41, 10]
[27, 5, 7, -1, 6, -30, -66, -11]
[-27, -10, -23, -20, -28, -21, -58, -39]
[42, 5, 7, 34, 86, 73, 101, 47]
[-7, 5, 9, 10, -31, -73, -88, -26]
[-34, -10, -44, -77, -5, 31, 25, -4]
[24, 1, 37, 94, 37, 34, 24, 28]
[-30, 3, 18, 25, -9, -40, -54, -22]
[28, -1, -10, -35, -16, 39, 36, 13]
[8, 2, 12, 11, 1, -29, -3, -7]
[23, -6, -12, -25, -9, -10, -20, -15]
[-39, -6, 0, 22, 37, 17, 9, -9]
[-11, -8, -5, -16, -11, -8, -3, 3]
[37, 14, 15, 28, -5, 2, 29, 8]
[-54, -18, -23, -25, -11, -6, -12, 8]
[50, 15, 4, -11, 14, -23, -56, -31]
[-34, -18, -29, -39, -28, -4, 10, -15]
[-11, -3, 9, 17, -20, -2, -25, -21]
[13, -7, -5, -2, -5, 0, 20, 23]
[10, -2, 2, -21, 18, 15, -4, 4]
[-41, -11, -4, 15, 27, -10, -4, -46]
[71, 32, 1, 0, 22, 1, 13, 11]
[-88, -22, -9, -28, -4, 44, 48, 24]
[52, 6, 42, 75, 12, -10, -9, 31]
[-9, -4, -20, -46, 7, -1, -13, -17]
[-128, -25, -17, 14, -8, -1, 4, -46]
[8, 30, 3, -39, -1, -20, -31, 5]
[73, -7, -33, -48, 1, 17, 40, 71]
[-12, 7, 39, 77, 8, 4, -1, -34]
[-100, 6, -22, -58, 0, -16, -31, -38]
[101, 10, 42, 69, 17, 18, 48, 60]
