[31, 6, 13, 33, -10, 10, 49, 35]
[27, 36, 12, 9, -1, 14, 0, 11]
[-8, -18, -3, -24, -8, -8, -6, -12]
[-39, -18, -27, -25, -16, -32, -47, -63]
[-52, -13, -26, -71, -12, 33, 24, -8]
[49, 4, -12, 71, 3, -36, -46, -13]
[-50, -3, 39, 56, 26, 17, 24, -5]
[22, 9, -36, -78, -28, -5, -1, -58]
[12, -32, 7, -26, 16, 4, 5, 45]
[-22, 3, 67, 41, 14, 18, 4, 5]
[27, 21, -4, -31, -19, -16, -6, 28]
[-85, -49, -18, 2, 4, -27, -63, -98]
[35, 18, -20, -34, -15, -32, 25, 52]
[-69, -46, -42, -31, 0, 27, 20, 5]
[74, 10, 17, 5, -7, -2, -7, 33]
[69, 41, 39, 53, 24, 42, 57, 23]
[-119, 13, -22, -12, 2, -9, -54, -128]
[-30, -37, -2, -26, -1, -60, -89, -42]
[55, 26, -18, -28, -34, 2, 79, 88]
[33, 7, -17, 10, -1, 7, -11, -23]
[77, 0, 16, 46, 4, -11, -11, 50]
[10, -4, 5, -10, -12, 1, 32, 23]
[-128, -22, -10, -11, 6, 3, -28, -74]
[7, 39, -10, 3, -3, -43, -119, -66]
[23, 7, 18, 55, 8, 14, 52, 68]
[35, 22, -6, -102, -15, 15, -10, 26]
[-50, -26, 8, 50, -21, -3, 17, -62]
[-8, 0, 48, 47, 18, 17, 26, 55]
[-128, -15, 14, 19, 9, -29, -62, -128]
[53, -11, -42, -45, -4, -10, 10, 79]
[93, -31, -21, -119, -16, 12, 4, 30]
[11, 35, 41, 70, 12, -12, -22, -38]
[-11, 12, -11, -46, -15, -8, -33, 2]
[20, 2, 25, 48, 12, 35, 54, 34]
[-36, -57, -7, 9, 17, -5, 15, 44]
[-3, 3, -17, -8, -6, 28, 64, -22]
[12, -3, 4, -11, 4, 9, -36, -22]
[-98, -17, -17, -16, -12, 6, 7, -91]
[122, 67, -24, -1, -7, -39, -60, 75]
[44, -45, -18, -85, -29, -10, -26, 33]
[-121, -31, 13, 20, -12, 47, 104, -101]
[-26, 3, 11, 51, -2, -40, -9, -48]
[-4, 27, 18, 1, 21, 75, 40, -8]
[-93, -38, -49, -66, -10, -6, -25, -50]
[74, 23, 2, 50, 4, -26, -87, 58]
[-5, 13, 10, 38, 7, 7, 30, -94]
[-101, -49, -31, -60, -3, -44, -58, -30]
[122, 54, 44, 87, 8, 44, 100, 127]
[-127, -3, -21, -89, 12, -26, -78, -128]
[127, 31, -2, -23, -3, 32, 103, 127]
[-20, 22, 3, 3, 4, -22, -47, -16]
[-44, -21, -29, -52, -19, -14, -9, -74]
[47, 35, 17, 26, -6, -65, -114, -40]
[25, -25, -6, 1, 10, 68, 90, 107]
[-38, 2, 41, 48, 0, -23, -53, -30]
[40, -8, -43, -109, 2, -3, 21, 13]
[85, 28, 10, 30, -17, 7, 1, 127]
[-18, -2, 23, -15, 2, 10, -54, -82]
[-12, -33, -30, 45, -7, -49, 29, 24]
[-23, 40, 112, 127, 48, 32, 4, -19]
[67, -8, -24, -95, -22, 60, 97, 66]
[-72, 25, -18, -33, -5, -48, -48, -42]
[-96, -21, -17, -3, -8, -21, -49, -89]
[35, -4, -12, -30, -3, 0, -13, 15]
[1, 50, 12, 31, 19, 13, 19, -17]
[-76, -32, -16, -41, 20, -9, -65, -81]
[-1, -41, -15, 1, 15, 17, 73, 55]
[46, 9, -19, -43, -52, -20, 12, 84]
[-84, -46, 26, 17, 18, 58, 47, -48]
[96, 54, -7, 29, -25, -31, -6, -33]
[-35, 0, -4, -55, 0, 23, -43, -65]
[12, -16, -29, -20, -6, -25, -28, 47]
[-126, -10, -12, -33, 6, 13, 32, -59]
[-128, -24, 17, 35, 23, -20, -35, -110]
[127, 31, -7, -27, -13, 13, 46, 97]
[39, 61, 65, 101, 13, 27, 38, 0]
[-26, -89, -76, -109, -24, -15, -34, -7]
[8, 111, 26, -10, 9, 3, -47, -41]
[31, -94, -30, 16, -2, 3, 12, 78]
[-41, -33, -34, -79, -20, 14, 28, 4]
[42, 32, 14, 72, 16, -47, -39, -9]
[-38, -5, -14, -75, -8, -1, 12, -34]
[-82, 1, 8, 119, 23, -1, -53, -128]
[8, 16, 17, -27, -2, -11, 24, 31]
[51, 41, 12, 13, 6, 11, 0, -60]
[-3, -81, -30, -19, -19, -15, 5, 19]
[-51, 95, 20, -40, -5, 4, -16, -128]
[-10, -4, -20, -24, 17, -25, -48, 19]
[127, 49, 56, 38, -13, 21, 89, 106]
[-23, 2, -9, 6, -11, 3, 11, -24]
[-45, 2, 32, 46, 15, -19, -13, -63]
[-2, 0, -27, -41, 3, 17, -19, -59]
[-42, -17, 22, 18, -2, -16, -18, 4]
[31, -18, -22, -42, 0, 11, 6, 71]
[-23, 3, 11, 13, 1, 5, 7, -49]
[-99, -11, 12, 88, 8, -5, -28, -128]
[17, 15, -10, -38, -2, -7, 11, 88]
[108, -1, 9, -20, -14, 4, 26, 58]
[-18, -54, -26, -41, -19, -20, -57, -73]
[83, -18, -20, -55, -11, -6, 35, 90]
[-128, -54, -4, 27, -4, -24, -82, -128]
[1, 44, 14, 34, 23, 16, 52, 58]
[-22, -66, -32, -61, -29, 10, 19, 64]
[-2, 32, 15, 31, 1, -3, 9, -28]
[-36, -23, -9, 14, 6, -8, -8, -57]
[-23, 4, -5, -13, -9, -11, -19, -10]
[19, 57, 20, 6, 15, 2, -16, -31]
[-75, -51, -22, -24, -10, 4, 17, -27]
[44, 0, -15, -2, 2, 8, 4, 34]
[-7, -1, 23, 21, 6, 8, -11, -17]
[64, 35, 13, 46, 10, 11, 25, 50]
[-39, -17, 13, -24, 5, -2, -31, -39]
[12, 14, -30, -13, -4, -2, 12, 10]
[-25, -15, -1, 34, -4, -6, -16, -13]
[88, 15, 11, -19, -4, 9, 36, 67]
[-37, -4, -15, -36, -6, -3, -9, -21]
[12, -3, -3, 3, 3, -6, -1, -6]
[-20, -22, -6, -3, 1, -3, -5, -10]
[24, 18, 15, -6, 6, 7, -14, -11]
[-67, -13, -11, 1, -7, -8, -22, -43]
[103, 25, 8, 0, 6, 2, 16, 75]
[10, 11, 4, 16, 3, 3, 17, 7]
[14, 1, 0, -11, -4, 10, 33, 14]
[-53, -1, -4, 16, 4, -10, -22, -54]
[-18, -18, -1, 1, -7, -12, -12, -10]
[24, 14, 1, -12, -9, -4, 4, 18]
[0, 4, 6, 10, 5, 1, 0, -8]
[-3, -8, -5, 1, 12, -4, -11, -2]
[-22, -12, -5, -23, -31, -2, 3, -10]
[3, -6, -6, 0, 10, 3, -18, -5]
[7, 15, 20, 9, 0, 6, 12, 11]
[4, -4, 2, 15, 7, 4, -2, 4]
[-5, 4, -1, -4, 3, 3, -2, -21]
[-9, -13, -8, -29, -8, -6, -8, 2]
[11, 5, 8, 43, 13, 12, 28, 19]
[5, 3, -7, -18, 34, -4, -45, -6]
[-23, -6, -2, -9, -70, -6, -4, -24]
[-7, -21, -5, 7, 22, 0, -3, 3]
[13, 9, 5, -9, 2, 1, -2, 8]
[14, 12, 4, 0, 27, 5, 25, 4]
[-13, -8, -2, 15, -50, -14, -23, -8]
[4, 2, 2, -6, 15, 17, 4, 7]
[10, -4, -3, 8, 33, 5, -3, -6]
[6, 27, 10, 12, -16, 26, 7, 3]
[-2, -6, 2, 1, 59, 4, 2, -14]
[11, 5, -1, -18, -54, -19, 21, 23]
[-5, -3, 1, -6, -17, -5, 0, -5]
[-11, -13, -11, -13, -22, -25, -22, -11]
[-9, -1, 5, 14, 17, 4, 2, -1]
[1, -10, -2, 17, -21, 1, -10, -8]
[4, 2, -3, -9, 53, 12, 14, 18]
[-10, -6, -5, -7, -81, -6, 5, 0]
[0, -1, -1, -19, 26, 1, 5, -2]
[0, -2, 2, 28, 4, -8, -14, 0]
[10, 4, 0, 4, -8, -3, 16, 14]
[-5, -6, -3, 3, -6, -4, 30, -3]
[-30, -15, 1, -7, -25, -22, -53, -15]
[7, -2, -7, -45, -21, 4, 19, -11]
[0, -11, -1, 24, 26, 9, -39, 10]
[10, 3, 0, 27, 25, -1, 20, -8]
[-5, -1, -5, -12, 36, 1, 6, 15]
[3, 10, 5, 6, -1, -2, -8, -10]
[-1, 5, 10, 14, 13, -2, 0, -3]
[-1, -4, -4, -15, -11, -9, 2, 6]
[-7, -3, -8, 22, -20, -6, 2, -14]
[-7, -9, -9, -57, -11, -6, -21, -7]
[6, 2, -3, 14, 3, -1, 21, 2]
[-8, -4, -2, -1, -3, -5, -16, -12]
[3, -4, -2, -24, -39, -1, -10, -9]
[0, -1, -8, -18, -56, -5, 1, 9]
[2, 13, 6, 6, 9, -1, 4, -7]
[-15, -17, -8, -42, 10, -1, 5, 7]
[-1, -10, -1, 30, 43, -1, 15, 7]
[12, 28, -1, 11, -2, 9, -21, -9]
[3, -4, 2, 17, 18, -1, -5, 6]
[12, 8, 0, 2, -41, -9, -11, 12]
[11, 28, 6, -34, -4, 9, 30, 2]
[-3, 0, 3, 51, 79, -3, -10, 4]
[-7, -21, -8, -83, -102, -6, 2, -6]
[-2, 2, 13, 91, 66, 17, 2, 1]
[-12, -15, -13, -2, 32, -3, -1, -10]
[4, 3, 1, 11, 17, 8, 13, 10]
[-1, 5, 2, 6, 11, 6, 3, -2]
[-2, -18, -14, -24, -69, -22, -7, -4]
[1, 6, 0, -39, -25, 4, 2, 1]
[-3, -5, 8, 35, 50, 8, 3, -1]
[6, 5, 3, -16, 18, 6, 13, 9]
[7, 9, -1, -41, -10, 4, 5, -5]
[3, 2, 2, 46, 9, 2, 6, -1]
[-7, -11, 1, 6, -4, -3, -1, 5]
[3, 4, -6, -19, -27, -3, 6, -6]
[0, -1, 4, 8, 28, 2, 10, 12]
[0, -2, 1, 16, 48, 6, -13, -12]
[2, -8, -5, 8, 48, -3, -7, -14]
[-3, 10, 13, -9, -67, -5, -2, 12]
[-2, -1, 0, 28, 20, 3, 8, -4]
[-5, -11, -6, -21, -46, -6, 1, 1]
[10, 17, 5, 11, 31, 1, -4, 9]
[-1, 7, -7, 13, 11, -5, -23, -13]
[1, 2, -2, -16, 27, 3, 0, -2]
[-1, 1, -1, 11, 41, 0, -11, 5]
[-8, -11, -11, -23, -104, -14, 2, 0]
[5, 5, 10, 42, 118, 21, 23, 5]
[-5, -10, -3, -47, -102, -15, -27, -3]
[-1, 1, -4, 6, 19, -3, 1, -3]
[0, -2, -4, -9, 24, -2, 6, 2]
[-2, -2, -2, -22, -14, 2, -5, -1]
[-3, -2, 1, 24, 1, 4, 7, -4]
[2, 0, 4, 7, -12, 3, 15, 3]
[-5, -8, 5, 6, -5, 11, 9, -3]
[5, 17, 2, 25, -17, -6, -11, 4]
[-2, 5, 3, -3, 31, 0, 1, 0]
[1, 2, -6, -32, -26, -4, 3, 4]
[-1, 1, 5, 9, 3, 10, 10, 4]
[-4, -13, -7, 10, 22, -2, -1, -5]
[-3, -1, -7, 1, -10, -7, -2, 0]
[3, 6, 5, 4, -26, -5, 1, -3]
[0, -3, 0, -27, -10, -3, -5, 0]
[-2, -3, -3, 11, 20, -3, -2, -5]
[4, 2, -3, -14, 10, 12, 0, 5]
[-2, -6, 4, 22, 40, 1, -4, -6]
[-2, 0, 6, 13, 12, 4, 1, 0]
[-2, -4, -12, -36, -45, -7, -3, -2]
[3, 2, 6, 25, 54, 5, -5, 0]
[-3, 0, 4, 17, -7, 11, 18, -5]
[0, -2, -10, -38, -47, -10, -2, -2]
[-4, 2, -5, -35, -16, -3, 3, -4]
[-2, -2, 4, 43, 11, 4, -14, -10]
[1, 0, -3, -8, -3, -3, 1, 15]
[1, 2, 2, 30, 27, 2, 12, 6]
[-5, -7, -3, -13, -20, -5, -23, -14]
[-2, 0, -6, -23, -6, -2, 0, -4]
[0, 2, 1, 3, 4, -4, -8, 7]
[0, 2, -2, -11, -3, 0, 4, 0]
[0, -5, 0, 37, 10, 0, 4, 9]
[0, -5, -10, -39, -11, -2, 1, 0]
[1, 4, 9, 29, 70, 4, -4, -9]
[-2, -3, -4, -18, -59, -11, -7, 3]
[3, 1, 4, -23, -30, 2, 9, 1]
[2, -2, -5, -20, -44, -9, -4, -1]
[1, 2, 1, 4, 2, 1, -2, -4]
[-2, 2, -2, 2, -15, -3, -3, -1]
[0, 1, 3, 2, 27, 3, 7, 0]
[-1, -3, -3, 12, 17, 0, 5, -1]
[0, -5, -8, -1, -8, 1, -10, -1]
[-4, -5, -1, 1, 0, -3, 7, -5]
[-3, -2, 2, 7, -13, -3, -1, 2]
[0, -2, 0, -14, 15, 1, 2, 4]
[-2, -1, 3, -7, -7, -5, -6, -2]
[-1, -2, 1, 0, 9, -2, -8, -1]
[0, -1, 0, -1, 2, 2, 5, 1]
[0, 2, 4, 15, 3, 0, 0, -1]
[-2, 2, -6, -15, -5, -4, 0, -3]
[0, 4, 5, 27, 45, 5, 2, 1]
[1, -1, -4, -43, -79, -7, -1, -1]
[1, -3, -5, 5, 20, 0, -4, -3]
[-5, -6, -9, -16, -37, -10, 0, -4]
[-2, -2, -1, -1, 5, 4, -4, -2]
[-1, 1, 0, 20, 36, 0, -1, 2]
[-1, 3, 6, 13, -1, 4, 7, 5]
[0, -1, -4, -16, -14, -2, -16, -4]
[3, 2, -1, 11, 9, 3, 2, 6]
[1, 0, -4, -10, -9, -1, 3, -3]
[-3, -2, 1, -8, 7, -2, -4, -2]
[-3, 1, 2, 22, 20, 1, 7, -1]
[-1, -4, -2, -2, -7, -4, -10, -3]
[-3, -2, -1, 2, 23, 1, -5, -4]
[2, 0, 0, 0, -18, -2, -3, 1]
[1, 1, 2, -12, -8, 2, 19, 0]
[-2, 0, -1, -3, -7, -2, -4, -3]
[2, 0, 0, 6, 22, 6, 4, 5]
[0, 5, 1, -13, -24, -6, -3, -2]
[1, -3, 0, 19, 17, -5, -6, -1]
[-2, -3, -5, -30, -27, -3, 1, 0]
[-3, -4, -2, -5, 32, 3, 1, -2]
[0, 0, 3, 24, 15, 5, 0, 3]
[0, 0, -1, -18, -12, 1, -4, 2]
[1, -3, 0, 13, 46, 8, 3, -5]
[0, 1, 4, -1, -40, -8, -6, 0]
[-4, -1, -4, -6, 6, 3, 1, 1]
[0, 0, -2, 0, -26, -6, 1, 0]
[-1, -2, -2, -4, 8, -3, 0, -2]
[0, -2, -1, 2, -6, 3, 1, 0]
[1, 1, 2, 15, 8, -2, 1, -1]
[-2, -3, -2, -31, -10, -3, 1, -1]
[0, 2, 1, 29, 12, 0, -9, -1]
[-2, 0, 0, 2, 13, 0, -3, -10]
[0, 0, -1, -3, -10, -2, 9, 10]
[0, -3, -4, -1, -8, -2, -1, 0]
[-1, -1, 1, 6, 19, 1, 0, 2]
[-2, 1, -1, 4, -23, 1, -2, 1]
[-3, -2, -1, -10, -6, 0, -1, -9]
[0, 0, -4, 8, -14, -1, -4, 4]
[-1, 1, -3, -11, -20, -2, 0, 3]
[1, 0, 1, -4, 25, 1, 4, 0]
[-1, -4, -2, -10, -17, -5, -9, -3]
[1, 2, 7, 8, 15, 2, -1, 1]
[1, 1, 0, -4, 3, -1, -1, -4]
[2, 3, -3, 1, -18, -1, 1, 3]
[0, 1, 1, -11, 10, 4, 0, -1]
[-4, 0, -2, 6, -2, -3, -6, -4]
[-1, -1, -2, -2, 12, 3, 3, 3]
[-3, 0, 2, 11, -1, 0, 2, 1]
[0, -1, -1, -7, 10, -5, -3, -1]
[-4, 0, 1, 21, 1, -3, -1, -1]
[0, -1, -3, -10, -9, -4, -3, -4]
[2, 0, 2, -4, 14, 5, 2, 0]
[0, -1, -4, -11, -11, -6, -1, -3]
[2, 1, -4, -17, -10, 2, 0, 0]
[0, 0, 3, 9, -6, 0, 4, 2]
[1, -2, 1, 9, 11, 0, -2, -1]
[-1, -4, 3, 14, -4, 0, 1, -1]
[-4, 0, 0, -4, 18, 1, -3, -3]
[-2, -2, -3, -15, -23, -3, 1, -1]
[-1, -1, -2, 4, -2, 2, 2, 0]
[-2, 3, -3, 0, 4, -2, -1, 2]
[0, 2, 1, 15, 18, 0, 2, 1]
[-2, -4, -5, -9, -50, -8, -11, -3]
[0, 1, -1, -9, -4, -1, -4, 0]
[2, 1, -1, 10, 21, 2, -2, -3]
[0, -1, 0, -12, -31, -2, -2, -1]
[-1, -2, -2, 5, 11, 3, 3, 0]
[-2, -3, -5, -13, 0, -2, 0, 1]
[0, -2, 1, -4, -13, -1, -1, -1]
[-1, 0, -1, -5, 14, 2, -1, -2]
[0, 1, 2, 17, 38, 3, 4, -1]
[1, 1, 1, -15, -50, -7, 0, -2]
[0, 0, 0, -11, 7, 0, 0, -1]
[1, -5, -6, -1, -29, -5, 0, -2]
[0, 4, 7, 19, 28, 2, -1, 0]
[-2, 0, 11, 10, 10, 6, 1, 1]
[-2, 0, 3, 14, 20, 3, 0, 0]
[-1, -4, -4, -22, -22, -6, -3, -1]
[2, -3, -4, -11, 2, -3, -7, 0]
[-1, -1, -4, 6, -11, 0, 4, 1]
[-2, 3, 0, -1, -2, -3, -4, -2]
[0, 2, -1, -3, -4, -1, 3, -1]
[-1, -2, 1, 18, 11, 2, 6, 2]
[-1, -2, -1, -3, 15, -1, -4, 0]
[-2, -1, -6, -14, -14, 1, -1, 2]
[-4, -2, 1, 7, 5, -2, -4, -3]
[0, 4, 3, -21, -25, -2, -1, 0]
[2, -2, 2, 28, 53, 6, 1, -2]
[-1, -3, -3, -2, -26, -2, 2, 0]
[-2, -3, -3, -13, -6, -4, -4, -2]
[2, 1, 6, 3, 1, -2, -1, -2]
[0, -1, -3, -20, -30, -1, 5, 1]
[-1, 1, 4, 42, 39, 3, -1, 2]
[0, -3, -2, -10, -8, -2, -6, -1]
[-1, -1, -2, 21, 27, 1, -1, -3]
[-2, -1, -7, -18, -32, -8, -6, -6]
[0, -2, -3, 2, 5, -3, -2, -1]
[-2, 2, -1, -12, -15, 1, 3, 1]
[-3, 0, -1, -10, -11, -1, 0, 0]
[1, 0, -3, 7, 30, 1, -2, -1]
[-2, 2, -3, -12, -21, 1, -3, -1]
[-2, -2, 3, 21, 33, 5, 3, -3]
[0, -1, -2, -16, -32, -4, 7, -4]
[3, -3, -3, -7, -6, 0, -11, -1]
[4, 1, -5, -14, -12, -1, 11, -2]
[2, 2, 10, 32, 46, 6, 4, 1]
[-4, -5, -5, -3, -23, -7, -5, -3]
[-3, 2, 4, -6, -6, 2, 5, 2]
[-2, -2, 4, -1, 3, 4, -1, 0]
[-1, -1, -8, -10, 4, -1, -1, 0]
[0, 1, 13, -3, -27, -3, -2, -2]
[-2, -1, -1, 31, 22, -4, 1, -1]
[2, 1, 8, 8, 4, -2, 0, 0]
[-1, 0, -3, 3, -3, -2, -7, -2]
[-3, -3, -8, -15, -11, 2, 23, 3]
[0, 0, -6, -11, -2, -3, 2, -5]
[1, 1, -3, -1, 6, 0, -2, -4]
[-1, -4, -6, -19, -28, 1, 4, 5]
[1, -2, -3, 11, 20, -1, 4, 2]
[-1, 2, 2, 0, 4, -1, -4, 3]
[1, 1, -6, -18, -2, 6, 7, -5]
[1, -1, -3, 1, -17, -7, 1, -1]
[2, 5, 22, 25, 18, 3, -9, 1]
[0, -3, 1, -1, 6, 2, -4, -1]
[-2, -4, 1, -4, -6, -5, -10, -1]
[0, 0, -5, -12, 11, -4, 4, 3]
[0, -5, -11, -10, -5, 10, 5, -5]
[0, -4, 4, 5, 3, -3, -12, 0]
[-2, -1, -1, -2, 12, 8, -4, 3]
[2, 3, 2, -6, -14, -11, 4, 1]
[2, 4, -1, 30, 24, 3, 4, -3]
[4, 7, -4, -20, -14, 6, 12, 6]
[-1, 0, -2, 8, 8, 8, -1, 0]
[2, 1, 1, 1, 5, 1, 3, 0]
[-6, -3, -3, -2, 17, -2, -12, -2]
[-4, -3, -8, -22, -42, -14, -12, -9]
[-2, -1, 2, 16, 3, -7, -14, 0]
[0, 2, 6, 13, -2, 5, 0, 6]
[-1, -5, -4, -20, -6, -3, -22, -3]
[-2, -2, -1, 15, 15, 3, 14, 6]
[1, 0, 1, -4, 4, 7, 21, 4]
[1, 1, 7, 7, -5, 8, -15, -7]
[0, -1, -2, -4, -1, -18, -2, -3]
[-2, -4, -2, 2, 13, 1, 5, 2]
[1, -2, -5, -9, -15, -15, -14, 2]
[-8, 0, 6, 18, 17, 16, 27, -2]
[2, 2, -1, -6, 1, 8, 0, 8]
[-8, -10, -7, -13, -9, -15, -30, -20]
[-3, -5, -7, -61, -40, -2, 16, 6]
[-3, -2, -7, 43, -20, -7, -14, 7]
[-3, -3, -4, -14, -11, 5, 19, 1]
[4, 4, 8, 19, 33, 16, -2, 5]
[-11, -8, -2, -4, -10, -7, -6, -10]
[8, -8, -6, -34, -21, -6, 11, 2]
[4, 2, -7, -32, -105, -21, -20, -19]
[-7, 9, 10, 23, 84, -4, -6, -9]
[11, 3, -6, 19, 0, 18, 38, 35]
[-9, -8, -13, -44, -54, -9, -7, 0]
[-6, -8, -1, 28, 55, 12, 3, -24]
[3, 12, 6, 7, 38, -15, 12, -12]
[-2, 5, 6, 8, 13, 29, -19, -20]
[5, -1, -6, -25, -55, -19, 1, 3]
[3, 1, 2, 7, -8, 6, -5, 6]
[2, -6, -7, -48, 39, 20, 13, 10]
[-7, 0, -3, 31, -50, -22, 21, 1]
[-2, 0, 12, 55, 65, -5, -38, -8]
[-15, -5, -12, -44, -109, -19, -25, 0]
[-3, -6, -7, -15, 12, 32, 71, 16]
[2, -6, -2, 1, 19, 15, -25, -3]
[-1, 1, 2, -47, 12, 21, 16, -15]
[5, -1, 2, 52, 51, -5, -15, -1]
[0, 1, 0, 4, -46, -29, -32, -2]
[6, 3, 6, 29, 59, 6, 5, 4]
[-4, 1, -12, -30, -48, -63, -49, -4]
[2, 4, 7, 11, 40, 57, 18, -1]
[-2, -3, -8, -5, -55, 14, 30, 7]
[-5, -4, 4, 11, 21, -40, -19, -10]
[-1, -2, -2, -22, -37, 9, 15, -4]
[-2, 0, 5, 35, 45, -1, 5, 8]
[4, -4, -2, 4, 7, -11, -21, 0]
[-1, 2, 4, -8, -54, -1, -22, -12]
[-3, 1, 0, -7, 67, -1, 5, 1]
[5, -1, -20, -56, -87, 2, 38, 12]
[-7, -6, 1, 11, -8, -10, -35, -12]
[-2, 1, -4, -10, 43, -7, -3, -9]
[0, 2, 19, 47, 13, 14, -15, 3]
[-1, 5, 21, 4, 5, -20, -10, 0]
[1, 2, 2, 16, -19, 10, 2, 1]
[-3, -3, -17, -54, -6, -8, -18, -8]
[3, 1, 0, 38, 25, 0, 1, 11]
[6, -2, -12, -8, 19, 8, 70, 21]
[18, 15, 31, 38, -17, 17, 10, 7]
[-14, -10, 5, 6, -2, -20, -83, -42]
[-10, 11, -16, -37, 8, 17, 90, 34]
[40, -7, -4, 11, -20, -7, -27, 29]
[-23, -13, -21, -62, -4, 18, 20, -4]
[-10, 11, 5, 44, -7, -8, -18, -15]
[28, -10, -3, -2, -30, -2, 5, 8]
[26, 20, 5, 6, 33, 7, 1, 15]
[-11, -4, -6, -15, -4, 3, 32, 2]
[4, -8, 3, 16, -19, 3, -13, 15]
[-34, -4, 0, -5, -4, -32, -43, -32]
[-22, -6, -2, -20, 9, 8, 18, -9]
[-7, -5, -18, -15, 7, -9, -62, -27]
[7, 13, 46, 65, 34, 7, 79, 13]
[10, 2, 3, 6, -17, 11, -14, 8]
[5, 5, 13, 15, 0, -4, 1, 0]
[-9, -10, 5, -6, 0, -18, -63, -21]
[14, 2, -15, -31, -22, 20, 58, 12]
[-28, -7, -11, -4, 14, 4, 4, 0]
[-19, -17, -16, -26, 20, -27, -61, -44]
[22, 2, 2, 17, 3, 14, 41, 29]
[21, 6, -8, 4, 19, 12, 0, 11]
[13, 15, 20, 29, 13, 1, 28, -8]
[-42, -14, -33, -42, -9, -38, -69, -29]
[11, 9, 1, -11, -7, 18, 52, 30]
[5, -12, -8, 1, 5, 12, 31, 22]
[7, -13, -13, -1, -1, 7, -27, -2]
[-6, 12, 30, 34, 0, -24, -44, -29]
[-27, -5, -10, 2, -10, 1, -1, -10]
[1, -1, -17, -64, -9, -29, -22, 3]
[54, 20, 2, 69, 10, 31, 58, 35]
[-30, -11, -19, -58, -15, -28, -6, -10]
[49, 16, 5, 13, -4, -12, -39, 2]
[-46, -20, 14, 49, 6, -3, -13, -19]
[-48, -41, -37, -108, -27, -12, -24, -32]
[49, 12, 24, 108, 17, 30, 48, 55]
[4, 9, -12, -38, -7, -49, -52, -31]
[-7, -9, -17, -28, -4, 36, 32, 36]
[-61, -1, 24, -8, 0, -30, -31, -41]
[86, -11, -4, -24, -2, 37, 70, 76]
[-46, 0, -15, -9, -13, 14, -7, -32]
[23, -9, 8, 14, 8, -25, 0, 15]
[-38, 7, 17, 55, 12, -6, -20, -15]
[-81, -25, -45, -124, -8, -8, -47, -96]
[62, 23, 57, 127, 10, 12, 29, 75]
[31, 35, 27, -8, 10, 29, 28, 5]
[18, 12, 6, 24, 5, 9, 15, 15]
[-22, 7, 12, 25, 5, -27, -33, -32]
[-28, -27, -17, -44, -4, -10, -14, -24]
[-29, 10, -42, -93, -23, -15, -50, -33]
[49, -18, 38, 83, 18, 10, 40, 57]
[-29, -13, -4, 4, -9, 15, 18, -6]
[-28, -2, -3, -12, -6, -19, -26, -38]
[-29, 12, -5, -13, 9, -3, -11, -51]
