[66, 12, -8, -57, -15, -12, -17, 29]
[106, -12, -18, -13, -22, 23, 46, 98]
[-36, -5, 25, 65, -7, -30, -20, -54]
[-31, 1, -6, -1, 4, 13, -10, -99]
[-103, -35, -43, -107, -16, -4, -12, 24]
[-39, -11, 40, 127, 25, 8, 5, 7]
[98, 17, -8, -38, -3, 7, 23, 95]
[25, 2, 8, 34, 7, 16, 47, 30]
[-98, -16, -16, -71, -14, -2, -48, -110]
[19, -5, -28, 11, -1, -28, 24, 32]
[-128, -16, -11, 25, 17, 26, 7, -124]
[104, -2, 21, 57, -5, -25, -1, 120]
[53, 60, 13, 0, 3, 32, -29, -40]
[-49, -39, 2, -46, -13, -27, -10, 0]
[95, 43, 39, 62, 10, 6, 8, 56]
[-21, 14, -22, -57, -8, -29, -7, -86]
[-43, -8, -13, 13, 4, 43, 48, -74]
[81, 10, 17, 22, -6, 29, 5, 67]
[-60, -20, -1, -5, 8, -5, -25, -68]
[85, -30, 4, 38, -1, -5, 1, 94]
[-85, -1, -26, -46, 16, -28, -36, -87]
[72, 46, 19, 12, -6, 24, 73, 53]
[5, 6, -14, -46, -2, 24, 19, -18]
[-82, -2, 29, 67, 1, -3, -3, 8]
[-11, 8, 4, 19, -15, -33, -14, -8]
[-120, 8, -45, -107, 5, -39, -18, -128]
[63, -23, -2, 52, -16, -35, -97, -15]
[38, 4, 34, 76, 24, 51, 42, 42]
[-21, -11, -3, 1, -26, -5, -21, -47]
[50, 10, -3, -72, -4, 10, -28, 78]
[-4, -15, 5, 0, -5, 17, 48, 36]
[-128, 19, -66, -77, 8, -50, -128, -128]
[127, -10, 56, 86, 15, 39, 121, 127]
[-95, 23, -10, -32, -4, -10, -51, -114]
[11, -3, 0, -24, 10, -2, -34, -14]
[-3, -12, -28, -65, -24, 3, 10, -43]
[48, -9, 6, -16, 10, -33, -45, 7]
[-101, 4, -28, -36, -23, 57, 3, -65]
[-57, -68, -8, -5, 11, -9, 25, 66]
[-105, -1, 1, 46, 9, 52, 57, -94]
[106, 23, 19, -1, -5, -3, 13, 88]
[6, 28, 75, 127, 9, -4, 41, -57]
[-96, -1, -26, -97, -11, 47, 34, -84]
[-56, -23, 5, -28, -16, -66, -88, -25]
[-85, -8, -29, -2, -5, -84, -75, -119]
[28, -2, -40, -40, 11, 25, 9, 41]
[21, -5, 32, 67, -6, -11, 31, 59]
[-11, -14, 16, -8, 6, 1, -6, -86]
[-70, 20, -65, -55, -9, 0, -20, 58]
[53, -43, 42, 5, 21, -20, -96, 60]
[72, 85, 5, 7, 24, 62, 88, 67]
[124, -15, -14, -77, -6, 88, -56, 127]
[100, 24, 39, 62, 6, 20, 108, 105]
[-107, 33, -7, -27, -16, -45, -70, -128]
[-101, -65, -16, 25, 13, -12, -4, 5]
[-59, 28, -3, -8, -1, -48, -61, -86]
[-42, 7, -41, -73, 11, 22, -18, -89]
[125, 28, 32, 34, 14, 60, 107, 127]
[87, 6, 11, 45, -8, -40, -64, 14]
[-86, -14, 20, 18, 1, 49, 77, -13]
[-36, -11, -5, 71, -10, -73, -81, -56]
[-68, -12, -40, -78, -18, -55, -81, -128]
[122, 44, 13, 27, 10, 13, 58, 101]
[97, 19, 1, -1, 3, 35, 63, 74]
[-67, 5, 16, 3, 10, 28, 8, -51]
[-77, -52, 13, 72, 8, -8, -16, 10]
[15, -12, -15, -58, -24, -49, -93, 28]
[22, -35, -17, -28, -8, 41, 53, 105]
[-25, 22, 34, 36, 0, 21, -4, -47]
[6, -17, -38, -28, 1, 15, 23, -37]
[-86, -20, -10, -35, -1, -21, -48, -1]
[104, 65, 19, 51, 23, 65, 115, 105]
[33, -30, -5, -57, -29, -10, 3, -50]
[-13, 24, 0, -27, 2, -25, -7, 18]
[9, -34, -50, -65, -7, 26, 26, -51]
[89, 54, 91, 77, 19, 28, -19, 76]
[-26, -27, -63, -64, -10, -32, -35, 20]
[-78, 32, 37, 127, 33, 7, -79, -108]
[22, -45, -21, -76, -31, -51, -58, 24]
[-38, 35, 17, 90, 7, -26, 15, -128]
[92, -59, -45, -67, -49, -25, 21, 117]
[-49, -6, 41, 39, 2, -45, -57, -42]
[1, -34, -28, -26, 6, 62, 78, 24]
[-57, 6, -33, -93, -30, -92, -98, -28]
[12, 48, 67, 80, 37, 77, -3, 67]
[-31, -29, -42, -51, -18, -11, -32, -24]
[-50, 8, 30, 11, 10, 36, 29, -40]
[-128, -50, -41, -57, -17, -89, -25, -121]
[49, 13, 16, -4, 11, 12, 25, 68]
[62, -13, -8, -1, -12, -7, 14, 61]
[11, 51, 20, -6, 6, 2, -32, -47]
[-80, -15, -8, 11, 11, -5, -41, -70]
[-70, -46, -33, 33, -7, -22, -21, 3]
[127, 47, 54, -46, 14, 76, 127, 127]
[-80, 18, 8, -17, -3, 11, -1, -49]
[-2, -15, -20, -29, -15, -18, -6, -53]
[-123, -66, -33, 48, 16, 52, -42, 19]
[38, 18, 32, -6, -10, -47, 12, 77]
[0, 30, -2, 21, 6, 0, 8, -40]
[-70, -42, -10, -49, -15, -2, -47, -33]
[-2, 5, -11, -26, -4, 0, -18, -77]
[-25, -18, -30, -16, -1, -15, -73, -48]
[79, 35, 33, 38, 15, 43, 96, 78]
[-21, -19, -28, -8, -19, -19, -31, -59]
[44, 15, -10, -75, -9, -47, -16, 1]
[23, 31, 38, 74, 17, 21, 33, -33]
[-20, 10, -26, -70, -26, -23, -45, 29]
[31, -34, 17, 53, 3, 2, 0, 12]
[-33, 1, 43, 59, 19, 43, 78, 54]
[38, 0, -13, -44, -7, 19, 13, 34]
[-50, -19, -34, 18, -13, -33, -41, -67]
[39, 5, 27, -9, 20, 19, 33, 65]
[-25, 21, 39, 42, 13, -21, -31, -51]
[-28, -8, -33, -50, -4, -10, -24, -2]
[-32, -21, -26, 17, -4, 5, 22, -18]
[76, 22, -3, -12, -4, -6, -1, 81]
[23, 21, 12, 5, -4, -3, 25, -36]
[-27, -32, -25, -27, -4, 19, 7, -4]
[-5, 6, 18, 9, 6, -16, 0, -19]
[-11, -9, -10, -3, -7, -13, -9, 3]
[-14, 53, 9, -6, 2, -5, -12, -50]
[69, 12, -4, 5, -1, 32, 77, 121]
[4, -14, 9, 8, -7, -14, -23, 2]
[-6, -11, -4, 14, -1, 6, 8, 12]
[-3, -19, -18, -57, -5, 5, -6, -14]
[-64, 10, -13, 22, 7, -13, -30, -80]
[67, 29, 59, 32, 15, 4, 17, 32]
[18, -10, -11, -47, -2, 1, 0, 24]
[10, -8, 2, 17, 3, 12, 6, -12]
[-43, -12, -1, 8, -19, -15, -18, -25]
[-23, -11, -15, -11, -2, -10, -17, -22]
[20, 6, -6, -3, -1, 3, 10, 31]
[-1, 1, 4, -19, -5, -3, -6, -10]
[-11, -16, -9, 5, -2, -5, 3, -12]
[-15, 0, -5, -3, 5, 0, -32, -9]
[0, -1, 0, 9, -3, 1, 11, 13]
[-18, -7, -9, -1, 8, -5, -22, -29]
[27, 23, 9, 8, -1, -3, 14, 20]
[19, 7, 2, -2, -10, 17, 29, 20]
[-1, -12, -11, -10, -6, -8, -1, 14]
[28, 28, 15, 13, 8, 6, -1, 3]
[-38, -10, -5, -7, 6, -2, -29, -25]
[6, 28, 6, -2, 16, 0, 1, -5]
[2, -3, 0, 6, -13, -2, -1, 8]
[-4, -11, -3, -6, 3, 1, 14, 8]
[10, -6, 3, 14, 21, 10, 13, -3]
[-31, -16, -15, -29, -38, -13, -35, -23]
[4, -10, -9, -3, -9, 4, 4, 6]
[5, 0, 19, 41, 23, 4, 0, 1]
[-7, -5, -5, -51, -65, -7, 4, 1]
[-11, -17, -1, 56, 70, 5, 0, -5]
[-6, 1, -3, -23, -23, 2, -1, 4]
[9, 10, -8, -28, -26, -4, 7, -11]
[-7, -35, -5, 36, 60, 13, -8, 4]
[13, 45, 4, -15, -42, -2, 13, 0]
[-12, 1, 2, -6, 1, 7, 8, 0]
[2, 0, 0, -10, -12, -6, -29, 7]
[9, 0, 5, -8, -1, 11, 12, 6]
[-9, 17, 5, 20, 11, 4, 11, -28]
[12, 7, 5, 5, 1, -1, 13, 23]
[-4, -2, -4, -3, -1, -4, -15, -9]
[-3, -3, -3, 15, 26, -4, -3, -3]
[-6, -18, -6, -43, -62, 5, 2, 2]
[8, 19, 9, 43, 8, -5, -4, -11]
[-7, -11, 0, -7, 29, -3, 7, 9]
[6, -2, -4, -2, -17, -15, -7, -5]
[-14, -12, -7, -8, 46, -3, 1, -2]
[-1, -7, -3, -37, -113, -25, -2, -1]
[-1, -7, 2, 20, 63, 19, 13, 6]
[-9, -6, -10, -4, 18, -5, -20, -11]
[-7, -9, -8, -28, -38, -19, -13, -7]
[4, 10, 1, 13, 50, 6, 3, -12]
[17, 3, 1, 22, 25, 8, 21, 57]
[0, 12, 4, 14, 65, 10, 18, -13]
[-1, -13, -6, -35, -90, -17, -27, -3]
[11, 14, 0, -11, 24, -2, 16, 6]
[-9, -13, -6, -3, -77, -10, -4, -19]
[7, -9, -5, -42, -6, 8, 9, 26]
[-13, -2, 4, 44, 19, 4, 0, -31]
[-13, -6, 5, 50, 77, 8, 3, 3]
[12, 11, -4, -62, -49, -14, -5, -10]
[1, 2, 0, 29, -9, 7, 4, 5]
[-3, -15, -5, -28, 0, -5, -2, -1]
[6, 6, 2, 25, 55, 7, -7, -1]
[3, 7, 3, 26, -19, 2, -6, -6]
[2, -1, -5, -50, -63, -15, -6, -6]
[-3, 0, -1, 29, 53, 4, 20, 14]
[-9, -9, 3, -11, -7, -1, -33, -8]
[3, -10, -7, -5, 33, 2, 8, 10]
[-5, -3, -1, -19, -64, -1, -1, 0]
[-2, 10, 5, -4, 24, -1, 8, 2]
[1, -9, -7, -1, -75, -6, -1, -5]
[1, 14, 4, 10, 19, 5, 0, -12]
[0, 5, 13, 41, 35, 4, 5, 4]
[-8, -15, -8, -25, -9, -4, 0, 7]
[0, -11, 10, 37, 96, 11, 3, 1]
[3, 26, -9, -49, -110, -16, 0, -4]
[-1, -1, -8, -26, -3, 0, 3, -3]
[1, 1, 4, 9, 24, 5, 0, 2]
[-1, 4, -1, 5, -8, -8, -24, -1]
[-5, -12, -2, -12, 3, 0, 0, -2]
[3, -6, -4, 22, 13, -7, -5, -5]
[0, 7, 4, 16, -38, 6, 0, 1]
[3, -3, -10, -53, -37, -14, -2, 6]
[-3, -5, 5, 45, 67, 9, -1, -5]
[4, 3, 0, 1, -26, 8, 13, 8]
[-2, -11, -3, -44, -2, -3, -31, -18]
[1, 4, 12, 80, 82, 22, 8, 7]
[-6, -11, -17, -62, -102, -20, -9, -10]
[8, 7, 9, 40, 68, 8, 1, -3]
[-4, -2, -6, -11, -19, 2, 5, 5]
[0, 3, 1, -39, -37, -7, 5, 0]
[-4, -1, 6, 19, 5, 5, 0, -3]
[-6, 1, 4, 12, 28, 3, -10, -3]
[3, -4, -6, 12, -9, -5, 6, 4]
[-5, 4, -1, 11, 2, -2, -7, -7]
[2, 6, 3, 14, 84, 10, 5, 6]
[-3, 0, 3, -17, -68, -11, 4, -2]
[2, 0, 5, 15, 57, 0, -7, 0]
[1, 2, -6, -37, -65, -3, 14, 1]
[-1, -13, -1, 29, 55, 7, -27, -4]
[-1, -1, -1, -30, -26, -2, -4, -1]
[0, -1, 8, 58, 61, 10, 2, 3]
[-6, -10, -12, -40, -86, -19, -5, -2]
[-7, -4, 1, 5, 22, 1, 11, -5]
[2, 2, -2, -24, -16, 0, -9, 5]
[-1, 0, 2, 55, 13, 0, 0, -5]
[2, 0, -8, -35, -8, -7, 0, 1]
[1, 0, -1, -35, 2, 3, -4, -4]
[-1, -1, -2, 20, -56, -6, 1, 5]
[1, -1, -2, 2, -3, 3, 3, 3]
[-4, 0, 1, 14, 40, -1, -10, -9]
[2, 1, -2, 6, -44, -5, -2, -1]
[-1, -10, 1, -22, 18, 5, 0, -5]
[-3, 3, -5, -20, -12, -10, 0, 2]
[2, 2, 0, 7, -9, 0, 9, 7]
[-2, -4, 8, 41, 47, 4, -19, -7]
[-3, 1, -1, -24, -44, -3, -2, -3]
[0, -4, 0, -15, -16, -1, -1, 4]
[0, -1, -6, -13, 23, 2, -4, -2]
[0, 2, 4, 12, -13, 4, 17, 7]
[1, 1, 1, 42, 70, 6, 12, 2]
[-2, 0, -3, -16, -7, 1, -6, -4]
[0, -1, -6, -8, -7, -8, -2, -3]
[-2, -3, -1, -3, -15, -5, 4, 1]
[-2, 2, 3, -14, 36, 4, 4, 0]
[-1, -1, 1, 27, 8, 2, 4, 1]
[0, 1, 2, -24, -27, 0, -4, -7]
[1, -6, -7, -22, -36, -6, -2, 8]
[-2, 0, 5, 61, 82, 7, -2, -3]
[-1, 1, -3, -24, -12, -4, -1, 0]
[0, -1, 2, 12, 1, -5, -3, -6]
[-1, 2, 2, 4, 11, 0, -5, -8]
[1, -3, -11, -35, -33, -3, 0, 2]
[-1, 2, -1, 3, 4, -6, 2, 2]
[-2, -1, -1, 12, 9, -2, -4, -5]
[1, -1, 1, -21, -9, -3, 6, 0]
[-1, -1, 1, 35, 19, 0, -5, -5]
[0, -1, -8, -46, -8, -5, -2, -2]
[-2, 2, 3, 22, -7, 4, 0, 2]
[-2, 0, 0, 5, 25, -2, 2, -2]
[-4, -1, -1, -40, -46, -4, 3, 0]
[0, 0, 8, 52, 41, 5, -6, 0]
[-3, 1, -2, -8, -9, 1, 2, 2]
[0, -1, -1, -28, -15, 0, 3, 2]
[-1, -2, -1, 25, 8, 2, -1, -1]
[-2, -3, -4, -23, -18, -2, 1, 2]
[0, 0, -2, -15, -17, -5, -3, -1]
[0, 0, -1, 6, -4, 1, 2, -2]
[0, 1, -2, 20, 23, -1, -3, 0]
[1, -1, 0, -22, -24, 3, 2, -3]
[-1, -2, 1, 17, 22, 4, 0, 1]
[0, 1, 2, 14, 7, 0, 12, 2]
[3, 2, 2, -8, 2, 6, -6, -5]
[-3, -2, -3, -8, -29, -7, -6, -1]
[1, 1, -2, 6, 23, -1, -3, -4]
[0, -2, -1, -8, -17, -1, 6, 4]
[2, -1, -1, -10, -3, 0, -1, -1]
[-1, -2, -2, 24, 24, -1, -3, 2]
[-4, -3, -1, -28, -2, -4, -2, -1]
[-3, 1, 5, 31, 25, 3, -3, -3]
[1, 0, -2, -6, -11, -2, -3, 2]
[0, 0, 4, -8, -8, 2, 3, -2]
[-3, 0, -4, -1, -5, 0, 4, 0]
[-1, -2, -3, -9, -6, -3, -6, -3]
[2, 1, -2, 6, 5, -1, 2, 3]
[1, 2, -3, -13, -16, -4, 5, -1]
[0, 1, 1, 12, 12, 1, 1, 3]
[-3, 1, -1, 11, -2, 0, -3, -2]
[-2, -3, -3, -15, 10, 1, 2, -1]
[2, -3, -2, -2, 4, 2, 2, 1]
[-1, -4, 1, -8, 2, -4, -7, -3]
[1, -2, -5, -13, -21, -6, -6, 0]
[-1, 1, -6, -30, -24, -10, -3, -1]
[-2, 1, 5, 16, 10, 1, 1, 1]
[-5, -4, -6, -5, -40, -7, -6, -2]
[0, 2, -2, 3, 11, 1, 3, 0]
[1, 2, 2, 13, 3, 5, -5, 0]
[-1, -1, -1, 7, 42, 2, 3, -3]
[1, 0, 1, -14, -39, -3, -3, -2]
[-3, -5, -5, -2, -10, -4, -5, -3]
[1, -1, 4, -20, -30, 1, 4, 0]
[-1, 0, 1, 23, 50, 2, -2, 1]
[1, 1, 4, -5, -26, -4, -1, 1]
[-1, -1, -2, -17, -18, -5, 4, -2]
[-1, -5, 1, 3, 10, 0, -12, -5]
[0, -1, -7, -12, -30, 0, -1, 1]
[1, 1, -7, -17, 24, -2, 10, 4]
[0, 1, 4, 49, 7, 1, -27, -15]
[-1, -1, -2, -8, -10, -1, 6, 6]
[-2, -1, 0, -4, -17, -3, -4, -4]
[1, -1, 0, 16, 45, 7, 4, 1]
[-3, -3, -5, -39, -45, -8, 1, 3]
[0, -2, 0, 7, 7, 1, 1, -2]
[1, -3, 2, 14, 31, 6, -1, -2]
[-2, -2, -6, -17, -56, -11, -4, 0]
[0, 1, 3, 5, 11, 3, 4, 1]
[0, 2, 4, 21, 8, 2, 2, -1]
[-1, 1, -3, -29, -44, -6, 0, 3]
[2, 2, 3, 7, 23, 5, 0, -2]
[3, -1, 2, 28, 27, 1, 1, 4]
[-3, -1, -5, -32, -54, -12, -11, -4]
[-1, 1, -2, -4, -1, -1, -2, -3]
[-3, -1, -1, 7, 2, 0, -3, -1]
[-1, -2, -3, -19, 6, 3, 4, 1]
[2, 1, -1, 24, 32, 2, 4, 3]
[-3, -3, -1, -4, -20, -2, -7, -5]
[-1, -1, -1, 0, -16, 1, -1, -4]
[2, -1, 0, -9, 11, 0, 2, 1]
[-1, -3, 2, 13, -4, 3, 4, -3]
[-2, 1, -1, 2, -8, -3, 1, 2]
[2, 3, 5, 16, 39, 4, 0, 2]
[0, -3, -5, -12, -31, -6, -2, 0]
[0, -2, 0, -5, -15, 1, 0, -2]
[0, 0, -1, -6, -3, 1, 3, 0]
[0, 0, -1, 3, 26, -1, 0, -1]
[-2, -1, 1, -10, -24, -3, 5, 0]
[1, 2, -1, 3, 15, 1, 3, -1]
[-1, -2, -3, -12, -18, -2, -4, -2]
[-1, 0, 1, 8, 14, -1, 1, -2]
[1, -3, -4, -15, 0, 7, 11, 2]
[2, -2, 0, 19, 18, 5, 1, -3]
[-2, 0, 0, 16, 34, 4, 2, 2]
[0, -4, -4, -1, -15, 0, -4, -2]
[-2, 0, -2, 6, 11, 2, 2, 2]
[-2, 1, -1, -20, -20, -4, -5, -2]
[0, 0, 1, -6, -19, -3, -1, -2]
[-4, 1, 1, 5, 10, -8, 1, 1]
[-1, 3, 2, 9, 9, 4, -3, -1]
[0, 0, -3, -9, 2, -1, -8, -1]
[1, -1, 1, 13, 51, 6, 12, 3]
[-1, -2, -7, -31, -77, -13, -5, -1]
[-1, 0, 0, 12, 22, 0, -2, 0]
[-1, -3, -3, -3, 8, 4, 4, -2]
[2, -1, 0, -3, -20, 1, 1, 1]
[1, -1, -2, -19, 4, 0, 0, -2]
[-1, -2, 3, 11, -7, -3, 0, -5]
[2, 1, 7, 4, 10, 3, -1, 2]
[-1, 0, -1, -8, -3, -2, -4, 1]
[-3, -2, 1, 7, 4, 1, 0, 1]
[1, 0, -4, -6, -8, -5, -6, 0]
[-1, 0, 0, 15, 32, 3, 3, 0]
[-3, -2, -8, -22, -39, -6, -1, -1]
[1, 2, 9, 16, 12, 1, -2, 0]
[-1, -1, 1, 9, -16, 0, -1, -1]
[-2, 0, 1, 3, 17, -2, 1, -3]
[0, 0, 0, -1, -10, -3, -2, -3]
[0, -2, -3, 0, 10, 0, 1, 1]
[-2, 1, -3, -11, 4, -1, -3, -1]
[-2, -3, -1, 6, 9, 4, 1, 2]
[-2, -3, -5, -7, -17, -2, -5, -3]
[0, 0, -4, 0, -22, 0, -2, -2]
[2, -1, -3, 4, 0, -1, -2, 2]
[1, 4, 3, -8, 10, -4, 1, 0]
[1, -1, -4, -6, -25, -4, -3, 0]
[0, 0, 5, 24, 47, 5, -2, 0]
[0, -2, 2, -12, 3, 5, 4, 0]
[-2, -3, -7, -10, -41, -7, 2, 1]
[0, 0, 3, 17, 35, 4, -1, -1]
[1, -2, -5, -19, -32, -3, -1, -1]
[-1, -1, -1, 13, 36, -2, -2, -1]
[0, -2, 0, -3, -14, -4, -1, 0]
[1, 1, 2, 4, 7, 5, 4, 1]
[-3, -4, -5, -2, 0, -1, -2, -1]
[0, -1, 0, 2, 2, 1, 0, -3]
[1, 1, -3, -21, -18, 2, -5, -3]
[-2, -1, 4, 18, 24, -3, -4, -3]
[-1, 0, 3, -3, -23, -2, 0, 4]
[0, 2, 11, 18, 16, 3, 5, 5]
[0, -5, -10, -7, -9, -3, 1, 0]
[-1, 1, 2, -2, -5, -3, -7, -1]
[-2, 0, -7, -15, 11, 0, 2, -2]
[-11, -2, -9, -6, -6, 1, 0, -6]
[6, 0, -3, 8, 13, 2, -5, 7]
[9, 2, 9, 14, 25, 7, 2, 2]
[-1, -2, -2, -3, -16, -5, 0, 0]
[0, 0, -7, -21, -47, -2, 3, -2]
[-7, 0, -3, -6, 6, 0, -1, -6]
[-1, -1, -3, 2, 0, -4, 4, 3]
[1, -1, -1, -1, 3, -3, -3, -1]
[4, -3, -4, 4, 24, 5, 12, 3]
[2, -4, 0, -15, -18, -9, -1, 0]
[1, 0, 0, 16, 13, 7, 4, -3]
[-8, -4, 2, -1, -13, -5, -17, -4]
[-5, 6, 1, -1, 3, -5, -10, -7]
[7, 3, 2, 5, 18, 6, 19, 9]
[2, 4, -6, -15, -32, -2, 4, 0]
[-3, -6, -2, 12, 4, 4, -5, 0]
[3, -6, 4, -4, -3, -14, -3, -2]
[-6, -7, 0, -9, -6, -10, -17, -10]
[-5, 4, -1, -4, -13, 4, 6, 5]
[3, 3, -1, 12, 11, 10, 17, 3]
[7, -3, -5, -22, -2, 8, 2, 3]
[5, -3, -5, 16, -27, -9, -17, -5]
[-12, -9, 2, -17, 28, -10, -17, -16]
[9, -2, -4, 10, -14, -2, -1, 5]
[-4, 2, 5, -12, 5, 2, 15, 15]
[-6, -2, -9, 3, -11, -1, 1, -7]
[4, -3, 2, 3, 18, 13, -3, 1]
[0, -4, -7, -44, -23, -20, -7, -3]
[2, 1, -1, 45, 89, -4, -9, 4]
[0, 8, 1, -40, -55, 0, 9, 9]
[-1, 9, 6, 51, 111, 18, -12, -9]
[-3, -2, -1, -23, -90, -20, 2, -3]
[3, -3, -4, -9, -12, 6, -4, -8]
[-7, -3, 7, 17, 38, 15, 10, 0]
[4, -8, -6, -22, -44, 3, 12, 3]
[-8, 3, -5, -41, 1, -10, -13, 0]
[0, -4, 3, 66, 9, -14, -35, -1]
[-11, -5, 10, 14, 35, 8, 10, -12]
[-9, -11, -20, -74, -59, -3, 27, 12]
[13, 5, 7, 54, 72, -5, 13, 6]
[-1, -3, -11, -65, -115, -17, -2, -8]
[0, -1, 1, -12, 69, 6, -29, -10]
[4, 5, 5, 18, -29, -10, -3, -5]
[-17, -11, -9, -3, 11, 1, -5, -15]
[-1, 18, 10, 6, -6, -19, -23, 10]
[-2, -27, -8, 24, -20, 8, -10, -16]
[12, 33, 5, -11, 9, -26, -24, -11]
[8, 13, 4, -18, -54, -2, -4, 16]
[1, 5, 7, 20, 97, 9, -2, 0]
[10, 21, 1, -3, -78, 17, -4, 0]
[-10, -10, 4, 20, 41, 38, 38, 18]
[2, 1, -2, -38, -22, -14, 4, -7]
[-1, -12, -9, 36, 63, 32, 20, 8]
[-11, -5, -19, -99, -105, -51, -26, -10]
[-6, -15, 2, 54, 3, -8, -8, -6]
[2, 11, 9, 43, 99, 7, -13, -3]
[-9, -4, 5, -35, -62, -6, -23, -13]
[16, 4, 8, 65, 66, 6, 47, 25]
[-8, 6, 2, -44, -9, -24, -43, -21]
[-2, -8, -4, -5, 4, 26, 37, 24]
[11, 15, 8, 7, -17, -15, -35, -5]
[18, 5, 10, 26, 112, 35, 34, 19]
[-6, -16, -15, -33, -95, 0, 5, -2]
[9, 40, 26, 77, 100, 14, 32, 7]
[-10, -10, -13, -61, -56, -19, -37, -15]
[0, 3, 4, 23, 15, 34, 63, 14]
[-16, -26, -11, -23, -92, -10, -7, -8]
[-6, -11, -9, 5, 1, 13, 37, -8]
[7, -7, -14, -33, 38, 24, 2, 4]
[-8, 2, 11, 3, -105, -44, -17, -2]
[2, 4, 8, 32, 111, 10, -8, 0]
[6, -16, -14, -22, -96, -2, -7, 4]
[4, 10, 29, 26, -24, -27, 2, -1]
[2, -5, -18, 10, 37, 15, 3, 1]
[-23, -1, -2, 21, 22, -19, -59, -27]
[5, -2, -11, -10, 44, 22, 46, 33]
[23, -12, -5, 12, 47, -3, -1, 9]
[-7, 8, 28, -17, -95, -28, 10, -3]
[6, 4, -18, -28, 3, 45, 27, 0]
[-36, -7, -2, 12, 38, 3, -23, -17]
[12, -5, -28, -58, -92, -16, -11, -12]
[-5, -5, -7, 25, 27, 0, -9, -6]
[33, 22, 14, -14, -2, -22, 4, 40]
[-11, -11, -8, -30, -16, -26, -61, -52]
[-21, -5, -25, -23, 12, 40, 99, 19]
[25, 17, 22, 33, 52, -7, -39, -10]
[-14, -3, 13, 32, -37, -23, -18, -10]
[-11, -8, -19, 2, -56, -26, -53, -16]
[20, 16, 29, 12, 38, -4, 22, -25]
[-45, -20, -34, 4, 28, 35, 70, 31]
[34, -2, 7, -18, -2, 34, 58, 48]
[7, 1, 6, -30, -28, -39, -89, -37]
[-13, 3, 9, 68, 30, 37, 50, 29]
[17, -6, -15, -66, -36, 7, -20, -5]
[-9, -7, -1, 40, 50, 2, 4, -1]
[11, 4, -6, 30, -6, 6, 8, -1]
[-53, -5, -7, -11, -13, -12, -32, -32]
[45, 4, -15, -75, 13, -24, -29, 9]
[-11, -2, 0, 29, -20, 5, 7, 12]
[30, -2, 32, 43, 26, 25, 22, -4]
[16, 19, -4, 13, -38, -28, -16, -28]
[-97, -40, -17, -31, 7, -10, -27, -21]
[61, 13, -20, -70, 9, 8, 28, 46]
[11, -7, 11, 30, -10, 3, 47, 31]
[1, -2, -1, -51, -3, -29, -23, -7]
[-9, 9, 23, 122, 9, -33, -75, -34]
