[-59, -21, -7, -6, -7, -8, -19, -43]
[-6, -4, -23, -57, 12, 9, -13, 8]
[32, 7, 26, 78, 4, 48, 84, 47]
[6, 4, -24, -108, -8, 20, 26, -6]
[1, 0, 8, 25, 16, -35, -8, -17]
[4, 7, 11, 57, -6, -27, -55, 1]
[-63, -29, -32, -32, -17, -18, -107, -54]
[79, 38, 7, 59, 12, 29, 111, 102]
[-17, -3, 17, -5, -7, 8, -11, 10]
[15, -6, 1, -1, 0, 3, 27, 23]
[-12, -6, -18, -29, 12, -17, -35, -25]
[-41, 3, 8, 19, -3, -12, -67, -59]
[23, -9, -18, -4, -7, 7, 20, 26]
[-7, 6, -9, -41, -29, -13, -11, -6]
[1, 0, 5, 54, 5, 17, 58, 17]
[-4, -6, -13, -17, 24, -14, -55, -33]
[-31, -3, -33, -59, -11, 17, 55, -5]
[-23, 4, 37, 20, 6, 13, 0, -5]
[64, 7, 12, 16, -4, 23, 16, 52]
[-44, -10, 1, -24, 9, 2, -8, -32]
[24, 10, 21, 58, 7, -11, -18, 0]
[-55, -10, -22, -32, -11, -14, 20, -22]
[63, 10, 12, -23, -16, -16, -11, 48]
[49, 27, 10, -1, 7, -21, -24, -24]
[-63, -29, -16, -55, -6, -10, 0, 0]
[-39, -1, 4, 42, 23, -5, -1, 5]
[18, -20, -25, -80, -17, 40, 51, 36]
[20, 9, 26, 62, -5, -16, 22, 14]
[-13, 9, -12, -34, -9, -10, -57, -68]
[17, 5, 3, 39, 14, 20, -11, 11]
[32, 2, 3, 5, -13, -14, 13, 36]
[-25, -13, -26, -33, -18, 17, -31, -12]
[17, 10, 9, -20, 12, -18, -33, -26]
[53, 1, -31, -47, -7, -30, -1, 15]
[-60, -6, 11, 32, -7, 16, 2, -36]
[17, -10, 0, -3, 18, 21, 20, 37]
[3, 21, 22, 22, -3, -18, -10, -11]
[-15, -6, -33, -65, -8, 6, -32, -24]
[54, 20, 18, 56, 0, -30, 38, 39]
[1, -27, 3, -4, -11, -39, -52, 18]
[-20, -5, -3, -27, -2, 33, 57, 3]
[-42, 4, -5, 6, 6, -28, -36, -28]
[2, 24, -8, -64, 4, 40, -9, -81]
[-59, -33, 28, 70, 23, 4, 23, 44]
[32, -5, -17, -46, -26, 4, 42, 26]
[69, -7, -15, 37, -3, -19, 5, 97]
[-16, 6, 53, 28, 29, 37, 15, 4]
[-29, -16, -28, -70, -28, -5, -22, -49]
[-67, -1, -1, 29, 7, -3, -55, -99]
[22, 20, -18, -45, 12, 75, 85, -10]
[-31, -26, -15, -9, -8, -75, -71, -72]
[101, 19, 13, 13, 8, 19, 26, 100]
[-14, -13, 12, 48, 26, -31, -50, 40]
[19, 0, 5, -88, -32, 37, 13, -41]
[-14, -5, -16, 29, -6, 16, 75, 57]
[-22, 44, 32, -22, 22, -2, -42, -97]
[22, -4, -19, -48, -28, -38, -17, 23]
[-17, -15, 25, 108, 9, 6, 16, 1]
[-31, -23, -9, -45, 6, 2, -10, -41]
[96, 5, -8, 78, 6, 6, 37, 108]
[81, 55, -4, -6, 14, -35, -47, 47]
[-49, -42, 0, -38, 2, 39, 36, -70]
[-25, 8, -2, -66, -31, 6, -31, 18]
[-96, -19, 1, 25, -7, -17, -16, -86]
[30, 11, -3, 121, 28, 29, -21, -48]
[-11, 1, 18, 16, 4, -6, 52, 121]
[2, -5, 1, 2, -8, -92, -110, 3]
[11, 2, -15, -58, 12, 91, 127, 8]
[-57, -39, -27, -53, -46, -31, -45, -51]
[-68, 25, -17, -48, 0, -63, -109, -92]
[8, -10, 3, 48, 2, 14, 35, 3]
[59, -12, -23, -71, -9, 3, -52, 33]
[3, -14, 31, 29, 6, 36, 93, 75]
[1, 34, 42, 78, 25, 42, 67, -16]
[-11, -28, -29, -73, -21, -67, -64, 9]
[-112, 21, 3, -4, 5, -18, -11, -101]
[77, 44, 2, 54, -16, -19, -54, -67]
[108, -20, 29, 4, 0, 24, 83, 117]
[-19, 8, 19, 18, 3, -16, -27, -38]
[-11, 8, -6, -35, -22, 14, 25, -57]
[-128, -24, -8, 4, 28, 19, -37, -105]
[97, -18, -46, -97, -17, -26, 71, 100]
[21, 16, 31, 101, 26, 75, 0, 2]
[-45, -9, 32, 63, -10, -95, -66, -70]
[16, 6, 11, -14, 7, 48, 59, 74]
[-96, 5, -4, -12, 5, -61, -110, -116]
[-14, -1, -27, -71, 10, 40, -6, 47]
[114, 5, -17, 6, -27, -45, 33, 43]
[-17, -2, 7, -26, -9, -23, 3, -13]
[-36, -20, -14, -14, -24, 30, 10, 4]
[-74, -15, -36, -46, -10, -4, -16, -59]
[-37, -15, 17, 85, 31, 14, 3, 57]
[67, 8, 9, -45, -14, 7, 18, 47]
[-24, 3, 20, 77, 24, -8, -16, 8]
[-62, -3, -19, -21, 0, -33, -45, -100]
[47, 0, -14, -25, 9, 53, 56, 102]
[42, 4, 6, -3, -17, 14, 22, 43]
[-38, -2, -14, -65, -13, -6, -53, -97]
[-44, 3, 2, 79, 0, 14, 31, 9]
[-79, -6, 9, -10, 6, 30, -9, -55]
[52, -17, 1, -5, 7, 26, 77, 74]
[38, 6, 7, 31, 6, 6, -27, 16]
[-2, -8, -3, -4, -4, -20, 2, -39]
[-36, 26, -24, -50, -12, -4, -28, -70]
[-16, -2, -7, 15, 12, -12, -19, 47]
[40, 8, 8, -29, -13, 24, 36, 27]
[20, 15, 8, 37, 1, -1, 7, 8]
[-43, -3, -25, -101, -13, -29, -45, -78]
[36, -12, 46, 73, 17, 2, 5, 37]
[-3, 13, 27, 62, 17, 26, 27, -9]
[42, 9, -4, -35, 0, 0, 20, 45]
[25, 11, 20, 10, 1, 8, -5, 11]
[-56, -11, -48, -97, -22, -24, -42, -118]
[-68, -22, 13, 86, 13, -61, -89, 24]
[42, 4, 22, 6, 7, 53, 111, 26]
[-9, -20, -24, -29, -10, -1, -11, 31]
[-20, 2, -1, -19, -1, 18, 22, -3]
[1, -6, -19, -21, -6, 8, -5, -15]
[-24, -8, -13, -26, -9, -32, -31, -30]
[19, -8, 13, 33, 3, 9, -2, 32]
[-20, -7, -12, 7, -5, -20, -26, -29]
[22, 4, -10, -31, -2, 28, 20, 22]
[-4, 32, 24, 27, 11, -3, -4, -2]
[72, 12, 0, 3, 0, 4, 28, 50]
[-18, 8, 12, 14, 6, 2, -4, -10]
[-45, -28, -19, -25, -4, -26, -29, -35]
[30, -2, 4, -6, 1, 10, 12, 39]
[1, -5, -9, -20, 2, 0, -6, 2]
[-16, -4, -8, -34, -9, 4, 3, -12]
[0, 16, 28, 96, 19, 0, -1, -22]
[6, -6, 0, 7, -3, 0, -8, 16]
[7, 4, 4, -7, 0, 11, 18, 8]
[15, -2, 5, 23, 1, -6, 2, 11]
[9, -1, -24, -62, -13, -5, 4, -4]
[2, -4, -6, -3, -1, -2, -5, -2]
[-16, -11, 4, 24, 8, -9, -12, -10]
[-13, -5, -6, -12, -3, 0, 3, 3]
[7, -3, -3, -6, -3, -5, 8, -3]
[-4, -2, -5, -2, 5, 3, -19, -8]
[-3, 7, 5, 6, 3, -1, 9, 11]
[17, 22, 3, 9, 17, 2, -14, -6]
[3, -2, -3, -18, 0, 2, 21, 22]
[-3, -13, -3, 0, -21, -4, -11, -15]
[-7, -4, -10, -3, -2, -4, -11, -9]
[11, 8, 9, 14, -3, 1, -8, 0]
[2, 4, 4, 1, 2, 1, 14, -6]
[-3, 0, -5, 5, 44, 9, 8, 8]
[0, -5, 3, 2, -45, 1, -3, 1]
[-14, -12, -12, -8, 9, -2, 4, -3]
[3, 9, 1, -7, -21, -5, -13, -9]
[5, -6, -6, -18, -54, -9, 5, 9]
[0, 3, 4, 21, 29, 8, -2, -4]
[-9, -12, -3, -2, 21, 2, 6, -5]
[2, -4, -1, -34, -56, -8, -6, 3]
[-2, 4, 2, 21, 67, 6, 1, 0]
[-4, -11, -3, 4, -36, -10, -11, 11]
[0, 1, -4, -6, -17, -1, 11, 3]
[15, 8, -5, 7, 33, 2, -10, -9]
[7, -1, -3, -19, -39, 2, 0, -7]
[2, -2, 5, 2, 30, -1, -28, -2]
[0, 2, 8, 27, -23, 4, 18, 8]
[-2, -3, 2, 2, 46, 5, 2, -4]
[0, 2, 3, 9, -34, -7, -4, 0]
[-4, -3, -5, -12, 10, -2, 12, -3]
[-5, -11, -4, 2, 0, -1, -3, -2]
[1, -2, -4, -22, -17, -10, -13, -12]
[4, 7, 2, -17, 11, 10, 7, 19]
[-5, 1, 4, 17, -8, -8, 1, -7]
[-3, 0, 2, 12, 6, -3, -5, -3]
[-3, 3, -5, -34, -17, -4, -2, -7]
[-2, 3, -4, 21, 42, -2, -2, -1]
[3, 0, 3, -4, -3, 3, 12, 1]
[8, 10, 6, 37, 59, 11, 7, 2]
[-6, 5, 0, -7, -48, -9, -25, -10]
[12, 16, 4, 1, -27, 4, 5, -5]
[4, 9, 1, -5, 4, -3, -19, -3]
[5, 7, -5, -13, -6, 0, 10, 0]
[-11, -3, 7, 53, 87, 11, 4, 1]
[-11, -22, -19, -53, -82, -11, 30, 15]
[7, 19, 3, 5, 2, -3, 3, -4]
[-3, -10, -12, -59, -60, -19, -12, 3]
[0, 5, 14, 51, 47, 7, 0, -2]
[-4, -6, -1, -22, 9, -3, -7, -5]
[-9, -25, -7, 21, -10, -2, 0, -8]
[7, 24, 9, -2, 7, 1, 5, 5]
[-2, -7, -8, -14, -38, -3, 15, 4]
[-11, -2, 2, 18, 88, 12, -22, -5]
[8, 3, 0, 22, 12, -7, -24, -6]
[-7, -11, -4, -17, -15, -4, -11, -17]
[3, 5, 1, -2, -24, 2, -2, 13]
[17, 3, 7, 7, -11, 2, 4, 5]
[-4, 2, -1, -32, -11, 2, 13, 4]
[-6, -5, -1, 5, -12, -6, 3, 0]
[1, 0, -5, 17, 35, 0, -3, -4]
[-8, -16, -1, 3, -32, 1, 2, -6]
[1, 10, -1, -33, 23, 1, 15, 12]
[-2, -3, -1, 18, 63, 4, -10, -4]
[-3, -15, -7, -34, -71, -7, 22, 15]
[-2, 1, -1, -29, -61, -10, -34, -13]
[9, 15, 10, 43, -4, 4, 4, -1]
[-7, -11, -8, -24, -25, -4, 2, 2]
[1, 7, 3, 2, 37, 5, -4, -7]
[3, 4, -5, 24, 36, 0, -5, 0]
[-3, -3, -4, -27, -35, -4, 9, -1]
[-2, -12, -2, 18, 24, 5, 3, 7]
[-3, 2, -3, -24, -9, -7, -16, -8]
[5, 2, 5, 27, 33, 5, 15, 7]
[-9, -13, -7, -40, -32, -10, -14, -6]
[5, 6, 10, 58, 67, 9, 0, 1]
[-3, -13, -9, -36, -29, -6, 1, -2]
[2, 8, 17, 72, 52, 16, 7, -1]
[-1, 0, -3, -1, 4, 2, 7, 5]
[1, 4, -3, -27, -61, -6, 7, 0]
[4, 3, 1, 3, -3, 1, -3, -2]
[-4, -6, 1, 31, 76, 6, 8, 4]
[-2, -6, 1, 8, -24, 3, -4, -2]
[9, 12, -3, -18, -32, -12, 9, -6]
[4, 0, -4, -20, 28, 3, 0, 5]
[4, 2, -2, -28, -38, -10, -1, 0]
[-9, -12, -1, 50, 6, -2, 2, 0]
[-2, -8, -3, 11, 65, 4, -10, -2]
[6, 18, 6, -1, -61, -5, -6, -6]
[-4, -7, -19, -65, -85, -17, 0, 4]
[-6, 6, 4, 48, 68, 3, 0, -3]
[-2, -1, 5, -10, -19, 0, -2, 0]
[2, -4, 0, 22, 36, -2, -2, -5]
[-6, -11, 1, -5, 17, 13, 23, 11]
[2, 7, -6, -35, -59, -20, -66, -23]
[2, 3, -2, -39, -25, 3, 20, 8]
[-1, -2, 1, 18, 3, 1, -2, 2]
[-1, 1, 2, -19, -24, -1, 2, -9]
[3, -7, 1, 25, 61, 14, 15, 8]
[-5, -1, -2, -15, -40, -4, 1, -4]
[-2, -4, -6, -13, 14, 1, -12, -3]
[2, 5, 4, 22, 6, 4, 5, 3]
[2, 0, -1, -13, 24, 8, 16, 2]
[-6, -8, -5, 0, -13, -13, -18, -8]
[0, -3, -4, -12, 9, -2, 10, 7]
[3, 2, 2, -1, 9, -4, -5, -3]
[1, 0, -1, -13, 5, 3, -4, -1]
[-6, -1, 3, 22, -7, -3, -10, -5]
[0, -2, -1, 7, -40, -7, -2, -1]
[1, -1, -5, 3, 50, 7, 3, -1]
[0, 1, -1, -14, -34, -1, 22, 8]
[-1, 11, 4, -29, -46, -1, -1, -8]
[3, 2, 5, 55, 57, 5, 2, -1]
[1, -4, -5, -11, -30, -4, -12, -4]
[-2, -4, -3, 13, 40, 0, 20, 1]
[1, 0, -6, 2, -28, -5, -7, -1]
[-5, -2, 4, -15, -10, -1, 1, -5]
[5, 1, 3, -19, -21, -5, -1, 1]
[0, -4, -4, 18, 33, -1, -3, 3]
[-2, -2, 0, 18, 44, 2, -2, 0]
[-1, 1, -3, -32, -56, -6, -5, -2]
[-5, -4, 2, 33, 5, -3, -2, 1]
[1, 0, 3, -31, -44, 1, 0, -2]
[-2, -4, 2, 27, 38, 5, -2, 0]
[0, 0, 1, -2, 2, 2, 9, -1]
[-1, 2, -1, -4, 13, -2, -7, -5]
[-1, 0, 2, 10, 42, 3, -1, -2]
[-3, -2, -1, -21, -68, -10, -4, -3]
[2, 0, 5, 19, 67, 10, 1, 5]
[0, 3, -6, -38, -58, -10, -2, 0]
[-4, 1, 5, 42, 29, 5, -6, 0]
[-1, -5, -6, -10, -2, -1, -6, 0]
[-2, -1, -1, 16, -1, -3, 17, -4]
[3, 0, -4, -42, -19, 2, -3, 0]
[2, 0, -1, 11, 10, -5, 6, 0]
[0, -2, -2, 1, 11, 2, -1, 0]
[1, 1, 2, 14, 26, 3, -2, -1]
[2, 0, -5, -2, 7, 0, -1, -2]
[-1, 0, -1, -19, -49, -4, 8, 4]
[-4, -5, 0, 10, 8, -3, -28, -8]
[-1, -1, -1, -13, -4, -3, -6, 0]
[-1, -2, 3, 15, 42, 4, -1, -10]
[0, -1, -5, -11, 7, 1, -2, 10]
[-3, -2, -6, -25, -91, -15, 5, 3]
[-2, 0, -4, -19, -14, 2, -3, -2]
[0, 1, 3, 22, 11, -4, -5, 0]
[-3, 0, 1, 10, 39, 3, -3, -5]
[-1, -3, 2, 19, 35, 6, 6, 0]
[0, -2, -4, -6, 22, 0, -5, -2]
[0, -3, 3, 10, -21, -1, 4, -1]
[1, -3, -4, -25, -32, -8, -3, -3]
[0, 0, 1, 3, 22, 0, 4, 2]
[-4, 0, -2, -2, -11, -2, -4, -6]
[0, 2, -2, 7, 35, 6, 3, 3]
[0, 3, 0, -7, -43, -2, 1, -2]
[0, -1, 0, 7, 16, 2, -1, -3]
[0, 1, -4, -5, -37, -4, -6, 6]
[0, 3, 7, 22, 31, -1, -4, -4]
[0, -1, -2, -10, -10, 0, -1, 1]
[3, -1, 3, 13, 22, 5, 9, 1]
[-3, -6, -3, -31, -24, -5, -7, -1]
[-2, -2, 0, 30, 24, 12, 4, 2]
[-3, -4, -2, -19, -6, -3, 0, -4]
[-1, 0, -3, -22, -16, -11, -3, 1]
[0, -1, -2, 15, 6, 2, 5, -2]
[1, 0, -3, -14, -24, -2, -1, 1]
[0, 1, -4, -4, 3, 2, 0, 0]
[-2, 2, 0, 21, 36, 4, 1, 0]
[-2, -2, 2, 4, 7, -1, -1, -1]
[0, -2, -1, -10, -12, -3, 0, 0]
[-1, -4, -1, -4, -5, -2, -5, 0]
[0, -1, -4, -15, -7, 0, 1, -1]
[0, 3, 2, 9, 1, 2, 1, 2]
[1, -1, -2, 13, 5, -1, -2, -1]
[-2, 1, 0, -12, 22, 2, 2, -5]
[-3, -1, -2, -14, -25, -2, -5, 0]
[0, 0, 2, 17, 19, -1, 13, 1]
[0, -1, -2, 2, -12, 2, 3, -1]
[1, 0, 0, -14, -27, -1, 3, -1]
[-1, -1, 2, 15, 40, 6, -1, -2]
[-3, -3, -6, -22, -32, -11, -11, -2]
[1, -2, 1, 1, 10, 3, 18, 2]
[2, 2, -2, -7, -22, -10, -2, -2]
[1, 0, 1, -3, 25, 4, 4, 3]
[-3, -1, 0, 3, -26, -3, -10, -3]
[-3, 1, -3, 4, 2, 2, -8, -2]
[1, -2, -2, -3, -4, -1, 0, 3]
[-1, 0, 2, 25, 4, -1, 2, -1]
[1, -2, -5, -24, -2, -4, -3, -2]
[-2, 0, 3, 27, 10, 3, -4, -3]
[-2, -1, 4, 14, 25, 2, 2, -2]
[-1, -2, -3, -13, -35, -3, -3, 1]
[-2, -2, 5, 16, 7, 2, 2, -2]
[-1, -1, -2, -29, -15, -4, -4, 0]
[0, -1, 4, 10, 1, 2, -3, 0]
[-1, -3, -1, 11, 3, 1, 2, 0]
[0, 1, -3, 3, 28, 6, 1, -2]
[-2, -1, 3, -1, -4, 0, -3, -1]
[-1, -1, -3, -5, -14, 1, 2, 1]
[-2, -3, -1, -1, 24, -5, -4, -2]
[0, 1, 3, 6, -24, 2, 2, 1]
[-3, -4, -4, -9, -11, -5, -4, -1]
[0, -2, -4, 6, 13, 2, -2, -1]
[-3, -1, -5, -11, -23, -5, -1, 0]
[0, 1, -3, 0, 22, 1, -3, -1]
[0, 1, -1, -2, 3, 0, 2, 1]
[-1, -1, 0, -5, -19, 0, -1, -1]
[-2, -2, 2, -7, 12, -1, -5, 0]
[-4, -3, 2, 7, -17, -3, 18, -5]
[-1, 0, 2, -20, 5, 0, -17, 3]
[-1, -1, 0, 14, 3, 1, 2, -2]
[-1, -1, -6, 9, 26, 0, -2, 2]
[-1, 2, -1, 30, 16, 2, -3, 1]
[-2, 0, -3, -36, -56, -7, 1, 2]
[-1, -3, -4, -13, -26, -3, -1, -1]
[-1, 1, -1, 1, -3, 1, 0, -4]
[-1, -2, -4, -13, 0, -2, -3, 2]
[1, -1, -3, 21, 28, -2, 4, -1]
[0, 0, 3, 12, 23, 2, -5, -1]
[-2, -2, -1, -8, -16, -3, 5, -3]
[-1, -2, -2, -9, -10, -5, -2, -2]
[0, 2, -2, -20, -5, 4, 2, 1]
[0, 3, 6, 27, 28, -2, -2, -1]
[-1, -1, 1, 12, 1, 2, 1, -1]
[-1, 0, 1, -1, 7, 0, -4, 0]
[1, -2, -3, 6, 12, 1, 2, -1]
[-1, 1, -6, -9, -12, -3, 0, -2]
[0, 3, 5, 7, 9, 1, 1, -1]
[-2, 0, 1, -10, -44, -6, -2, 1]
[2, -2, 1, 6, 17, 3, 0, -4]
[1, -2, -4, -11, -17, -3, 2, -1]
[0, -1, -4, -8, -14, -3, 0, 1]
[2, 0, 1, 6, 23, 0, -1, 0]
[-3, -1, 2, 21, 3, 3, 1, -1]
[1, 1, 2, -22, 7, 1, 2, 1]
[-2, 1, -1, 17, 5, -2, -1, -2]
[-3, 0, -1, -5, -6, 0, -3, -2]
[0, -1, -2, 0, 17, 1, 1, -3]
[-2, -1, 1, -3, -22, -3, -9, 2]
[-2, 0, -1, -9, -9, 1, 12, 2]
[0, 0, -3, -15, -24, -4, -5, 1]
[-1, -3, -1, -3, -3, -1, -1, -2]
[-3, -1, 3, 27, 26, 6, 4, -1]
[0, 0, -2, -12, 4, -3, -5, -2]
[0, 1, 3, 19, -7, -2, -5, -4]
[-1, -1, -3, -14, -8, 0, 3, 4]
[0, -2, -1, -10, -11, 0, 0, 1]
[-2, -2, -5, -13, -12, 0, -1, 2]
[-1, 1, 7, 15, 51, 2, 1, 0]
[2, 1, 2, 12, -2, 0, 6, 4]
[0, -3, -4, -8, -15, -6, -14, -7]
[0, -2, -6, 3, 27, -2, -2, -1]
[-1, -1, -2, -26, -51, -1, 2, -1]
[-1, 0, 1, 2, 10, 4, -4, -2]
[0, 0, -3, 1, 14, -2, 6, 1]
[-3, -1, 1, 11, -4, 1, -6, 0]
[-2, -1, -6, -10, -4, -2, -4, 1]
[1, 3, -1, 2, -1, 0, 4, 0]
[-1, 1, 0, -7, 3, 1, 3, 0]
[0, 0, -2, -15, -26, -6, -7, -1]
[-1, -3, 1, 5, 31, 3, -1, -1]
[0, -2, -4, -4, -13, -1, -4, -2]
[-2, -3, -3, 7, -9, -7, 1, -2]
[1, -2, 3, -3, -7, 4, 6, 2]
[-1, -2, -5, -4, -19, -3, -3, -1]
[0, 2, 6, 2, 21, 2, -1, -2]
[-2, -1, 1, 8, 22, 2, 2, 1]
[-3, 0, -1, -5, -31, -4, 0, -1]
[1, -1, -5, 0, 13, -1, 1, -1]
[-2, 0, -3, -17, -16, 0, -5, -1]
[0, -2, -5, -1, 7, 0, -4, -1]
[1, -3, 2, 5, 1, -2, 3, -1]
[1, -1, -2, 0, 10, 3, 3, 0]
[-1, 1, 1, -3, -27, -5, -3, -1]
[-1, 1, 4, 1, -2, 3, 3, -1]
[0, -1, -1, 9, -6, -1, -9, 1]
[1, 0, 2, -8, 5, -3, -6, 0]
[1, -4, -2, -3, -7, 0, 2, 0]
[0, 3, -1, 4, 27, -1, 1, 0]
[-1, 2, 4, 6, 5, -4, 5, -3]
[-3, 0, -2, -3, -17, -4, -2, -1]
[0, -3, -2, 9, 17, 3, -7, 2]
[1, 0, 6, 0, -29, 1, 8, 3]
[1, -3, -4, -28, -1, 3, -2, -3]
[-8, -3, 2, 17, 5, -4, -1, -5]
[-3, -3, -3, 5, 15, -2, -15, -3]
[-1, -3, -6, -11, -17, 4, 21, 2]
[-2, 0, 2, 8, 12, -5, 12, -2]
[3, -3, -4, -13, 3, 0, -7, 4]
[0, -4, 1, 3, -17, 3, -6, -3]
[-5, 4, 1, -4, 16, 5, -3, 3]
[0, 2, -2, -7, -36, -13, -6, -4]
[0, 1, -1, 4, -1, -12, -14, -4]
[2, 1, -3, 6, 15, 3, 22, 1]
[1, -2, -2, 1, 6, 2, 1, 0]
[-6, -2, -4, -5, -3, 5, -4, -5]
[2, 1, 2, 7, 35, 5, -5, 0]
[1, 2, 0, 5, -41, -3, -1, 5]
[-3, 2, 5, -14, 30, 11, 5, -3]
[2, -4, 0, 8, 3, 8, -5, -1]
[7, 3, 9, 11, 25, -5, 14, 7]
[-10, -7, -4, 12, 43, 6, -1, -12]
[0, 0, -7, -39, -99, -21, -5, 3]
[-13, 2, -3, 4, 9, -5, -9, 0]
[13, -1, -1, 0, 19, -6, -21, -5]
[22, 7, 2, -12, 8, 4, 13, 9]
[-4, -7, 4, 32, 26, -3, 4, 5]
[5, 6, -1, -4, -15, 5, 16, -2]
[3, 6, -7, -32, -32, -3, -27, -8]
[-9, 2, 3, 24, 65, -16, -1, 2]
[-5, -3, 1, 1, -6, 6, -7, -8]
[10, -6, -20, -13, -42, 8, 7, 13]
[-4, 7, 39, 42, -12, -4, 12, -7]
[-8, -4, 6, -4, -6, 10, -1, -1]
[7, 3, -3, -3, 10, -23, -12, -2]
[-12, -9, 2, 12, 24, 5, -7, -10]
[-4, 9, -3, -1, -29, -2, 19, 8]
[7, 2, 4, 6, 11, 14, -17, -16]
[-5, -5, -3, -14, 17, -21, 21, 16]
[-11, -10, -1, 5, -38, 33, 18, -4]
[-6, -10, -16, 2, 56, 7, -14, -5]
[-4, 1, 0, -26, -56, -52, -31, -9]
[12, 17, 8, 37, 82, 5, 4, 6]
[6, 4, -8, -47, -70, -59, -61, -20]
[-13, -8, -7, 6, 4, 16, 21, 7]
[-11, -12, -15, -43, -75, -15, -10, -2]
[5, -9, 2, 6, 13, 25, -26, -11]
[-10, 3, 10, 13, 32, -45, 35, 11]
[-3, -16, -14, -26, 2, 61, 53, -1]
[-2, 7, -2, 24, 4, 11, 11, 4]
[-8, -9, -9, -27, -19, -15, -21, -10]
[11, 5, 7, 19, 10, -3, -55, -5]
[2, 1, -8, -37, -41, -3, 17, 9]
[-3, -4, 12, 42, 92, -71, -98, -32]
[-13, -19, -9, 12, -54, 37, 45, 9]
[7, 10, -3, -30, -6, -8, 6, 11]
[3, 9, 7, 27, -24, -70, -104, -20]
[6, 7, 0, -34, 5, 91, 121, 12]
[-13, -11, -12, -26, -19, 2, 47, 7]
[14, 1, 3, 13, -9, 20, 19, 6]
[-1, 7, -1, 7, 46, -2, -19, -12]
[0, 8, 1, -57, -84, -30, -15, 3]
[6, 7, -2, -11, -10, 3, -46, -18]
[-34, -6, -2, 36, 61, 47, 27, 8]
[20, -11, -3, -4, -24, -11, 19, 19]
[7, 0, 7, 61, 14, -18, -67, -23]
[-40, 12, 29, 22, 48, 39, 79, 2]
[69, -1, -27, -99, -46, -3, 14, 26]
[-22, 0, 16, 86, 26, -11, -42, 0]
[37, 9, 16, -22, -31, 36, 108, 29]
[-46, -17, -22, -29, -64, -36, -96, -34]
[-4, 3, 3, 0, 42, -34, -65, -13]
[2, -12, -8, -21, -42, 38, 102, 24]
[-6, -10, -16, -4, -25, -5, -21, -6]
[20, 24, 12, 16, 34, -21, -29, -24]
[-57, 9, 3, 33, 61, 12, 15, -9]
[58, -5, -12, -53, -23, 7, -20, -3]
[-36, -2, -7, 12, -10, 22, 44, 31]
[59, -7, 15, 4, 11, 14, 19, 16]
[-56, -14, 5, 26, 14, -32, -39, -25]
[29, -1, -35, -67, -39, -23, -26, 9]
[-11, 7, 55, 91, 65, 39, 29, -6]
[-29, -6, -13, -16, -11, -22, -44, -2]
[31, -6, -1, 8, -17, 9, 32, 0]
[-16, 15, 6, -35, 6, -8, -26, -28]
[-18, -13, -19, -6, -18, -6, -32, -9]
[-16, -7, 2, 30, 7, 10, 7, 9]
[-1, -3, 15, -17, 1, 6, -14, -2]
[11, 6, -6, 8, 3, 36, 74, 42]
[19, 4, -11, -16, 29, -30, -61, -17]
[-35, -11, -13, -30, -10, -11, -35, -44]
[-19, -11, 13, 37, -4, 8, 37, 7]
[63, -2, -9, -33, -3, 9, 22, 48]
[3, 20, -3, 37, 56, -5, -7, -13]
[22, 12, 31, 38, -35, -16, -32, 30]
[-30, 2, -17, -49, -17, -18, -32, -44]
[-18, -19, 13, 72, 37, 8, 0, -21]
[-48, -6, -7, -41, -18, 4, 26, -36]
[29, -17, -38, -57, -9, 18, 45, 35]
[61, 18, 17, 38, 2, -15, -65, 19]
[-116, -15, 12, 20, -10, -39, -78, -74]
[85, 12, -7, 20, 18, 74, 98, 91]
[12, 9, 13, -4, -4, -8, -12, -24]
[-54, -14, -22, -17, -13, -10, -24, -19]
[52, 11, -8, 26, 14, -1, 35, 53]
[-31, 1, 15, -8, -19, -23, -36, -20]
[13, 10, -13, -20, 22, 14, 31, -4]
[57, -14, 10, 28, -10, 3, 25, 23]
[-8, 14, -2, -28, 2, -4, -6, -4]
[-32, -10, -13, -4, -13, -12, -37, -46]
[-1, 4, 15, 1, 7, 5, 27, 54]
[-6, -1, -17, -24, 2, -7, -34, -45]
[34, 15, 18, 23, 5, -4, 39, 24]
[4, -11, 19, 27, -8, 0, -27, 0]
[-5, -9, -13, 19, 4, 12, 19, -27]
[-20, -16, -21, -41, -8, 18, 38, 16]
[11, 9, 32, 25, 3, 15, -2, 10]
[18, 3, -13, -2, 2, -22, -37, -12]
[-4, 9, -12, -9, 4, -13, -26, -14]
[34, -1, 20, 12, 8, 1, 27, 43]
[-46, -19, -4, 5, -9, 1, 22, 15]
