[-33, -3, -11, 49, -5, -27, -5, -14]
[98, 18, -21, -67, 43, 61, 46, 35]
[127, 26, 14, 76, -3, 97, 80, 95]
[-93, -55, -31, -7, -50, -74, -121, -83]
[11, -21, -4, -52, 21, 127, 127, 112]
[-80, 16, -22, -70, -25, -63, -81, -110]
[-11, 38, 14, 40, 15, 29, 36, 23]
[127, 8, 93, 127, 29, 13, 113, 127]
[-4, 12, -48, -82, -19, 18, 7, -53]
[48, 9, 40, 127, -26, -123, 31, 75]
[-128, -25, 2, -84, 29, -47, -99, -128]
[18, 64, -11, -53, 8, 95, 7, -15]
[49, -23, -14, -9, 15, -128, -128, 92]
[55, 19, 37, 13, 2, 36, 60, 91]
[-128, -20, -34, -62, 12, 70, 37, -127]
[-27, 50, 29, 41, 8, -7, -64, -70]
[89, -15, -52, -128, -35, 8, -47, 20]
[-67, 37, 4, 108, 22, 49, 18, -81]
[108, 3, 45, 27, -11, -16, 107, 127]
[-81, -50, -81, -125, -3, 106, 46, -30]
[-79, 4, 32, -13, -6, -83, -47, -30]
[-128, -43, 17, 115, 15, 61, 9, -117]
[19, 2, 21, -24, -9, 65, 54, 102]
[-85, -16, -11, 38, 23, 94, 41, -81]
[80, 7, -32, -41, -49, 32, 41, 83]
[76, 11, 87, 61, 32, -39, -10, 44]
[-128, -49, -76, -97, -73, -86, -128, -128]
[15, -1, -41, -39, 1, -81, -78, -35]
[-128, -63, -28, 127, 42, 13, 30, -13]
[-40, -31, 9, -12, -6, -6, 26, 98]
[127, 20, 7, -20, 55, 113, 96, 127]
[-32, -17, 1, -46, -49, -30, 4, 4]
[-15, 37, 11, -2, -13, -29, -85, -73]
[41, -40, -81, -91, -24, 49, -16, -97]
[-90, -5, 5, 25, 21, -27, -28, 58]
[123, 18, -11, -82, 3, 9, 77, 123]
[44, 52, 94, 86, 29, -18, 56, -73]
[-84, 0, -23, -63, 29, 77, -8, -67]
[-3, -44, -42, -85, 12, 73, 56, 59]
[98, 51, 106, 127, 0, -83, -92, 1]
[-84, -13, 6, 3, -42, 32, 28, 1]
[-43, 9, -14, -2, 26, 25, -6, -68]
[54, 40, 37, 94, 16, 4, 2, -39]
[-77, -15, -41, -62, -28, -12, -23, -49]
[-52, -4, 5, -65, 23, 31, 15, -81]
[-71, -30, -92, -128, -43, -74, -111, -102]
[14, 68, 48, 35, 33, -1, 29, -73]
[65, -4, 6, 56, 11, -63, -56, 77]
[90, 12, 38, 12, 34, 127, 127, 103]
[-3, -5, -31, -77, -56, -67, -128, -72]
[-14, -8, -30, 2, -9, 18, 5, -58]
[60, 21, 5, -17, 17, 25, 1, 82]
[4, 25, -22, 34, 10, 18, -7, -107]
[19, -17, 61, -6, -6, -36, 10, 127]
[-45, -7, 26, 82, -9, -74, -23, -85]
[-93, -11, 19, 109, 29, 36, 17, -85]
[-3, -14, -64, -89, -28, -44, -88, -8]
[-59, -31, -82, 4, -17, -2, 127, -29]
[48, 27, 46, 37, 10, 59, 29, 23]
[-13, 17, 83, 55, 7, -44, -16, -9]
[36, -19, 9, -3, 1, 48, -19, -36]
[-16, 9, -3, -42, 2, -19, -31, -10]
[-35, -34, -83, -128, -40, -51, -72, -51]
[55, 17, -32, 5, 16, 7, 53, 38]
[-66, -17, 13, 7, 23, 58, 101, -26]
[21, -2, 11, 6, -44, -26, -75, -45]
[-126, -40, -52, -94, -34, -51, -82, -120]
[68, -2, 3, 43, 5, 59, 52, 62]
[-16, -17, 6, 8, -19, -13, -55, 24]
[45, 42, 43, 87, 48, -2, -23, -37]
[25, -11, -16, -22, 11, 5, 25, 85]
[-4, 11, 13, 38, -13, -33, -24, -43]
[-21, 19, 2, -44, -1, -12, 12, -8]
[58, 10, 20, 53, 6, -15, 20, 41]
[-89, -24, -53, -125, -38, -54, -85, -112]
[-128, -19, -17, -82, 31, 24, 37, -128]
[127, 46, 80, 111, 11, -23, -19, 127]
[-18, -18, 7, -17, -18, -26, -45, 25]
[26, -5, 12, 31, 8, 45, 67, 57]
[-72, -11, -39, -67, 0, 8, -28, -16]
[-2, 14, -3, 6, 0, -2, -2, -30]
[-61, -28, -1, -22, 12, 27, 27, -40]
[91, 14, 29, 69, -2, -23, 16, 73]
[-29, 11, -2, 10, 2, 39, 12, -20]
[-42, -14, -27, -48, -1, -5, 15, -22]
[12, 15, 12, 45, 11, 19, 41, 2]
[-27, -23, -35, -83, -18, -20, -44, -54]
[32, -5, 0, -49, -2, 5, -11, 16]
[-21, 12, 37, 105, 26, -28, -41, -49]
[55, -1, -10, -53, -9, 53, 35, 76]
[-11, 0, 5, -17, -17, -27, -8, -16]
[21, -6, -13, -67, -13, -6, -24, -14]
[-19, -10, -17, -22, -13, -34, 16, 24]
[22, -14, -9, 7, -6, 37, 8, 27]
[7, 9, 23, 45, 11, -7, -12, 8]
[0, 0, -18, 1, 0, 9, -12, 4]
[-25, -37, -31, -17, -14, 8, 7, -25]
[-20, 43, 23, 40, 9, -15, -14, -10]
[66, 14, 6, 5, -4, 6, -6, 22]
[-34, -35, -15, 11, 3, -14, -19, -8]
[19, 27, 4, -4, 3, 13, 17, 16]
[44, 7, 12, -9, -2, -10, -8, 29]
[-52, 23, -5, -8, -20, -36, -32, -63]
[2, -11, 7, 17, 12, 5, 5, 19]
[-9, -7, -10, -19, 1, -3, 0, 8]
[-5, -8, 2, 3, -3, -2, 3, 9]
[-35, 3, 4, 23, -3, -1, -4, -15]
[12, -6, 3, 25, 37, 4, 5, 1]
[7, 3, -8, -21, -17, 0, 1, -9]
[9, 3, -6, -15, -12, -17, -7, 5]
[-11, -11, -5, 4, 25, 2, 5, -8]
[-10, 6, 7, -3, -64, -11, -1, 3]
[-10, -9, -16, -39, -5, -30, 0, -11]
[19, -1, 9, 58, 78, -3, 14, 21]
[1, -7, -5, -8, -53, -12, 11, 6]
[-18, -17, -14, -11, 15, 7, -48, -25]
[9, 18, -3, 1, -24, 20, -6, 12]
[72, 25, 16, 9, 22, 40, 30, 29]
[-3, -1, 5, -11, -21, 9, -12, -10]
[-1, 2, -14, -1, -37, 43, 14, 4]
[-9, -9, 2, -26, -23, 27, 3, 14]
[-9, -7, 7, 10, 23, -15, 3, 9]
[-10, -2, 1, 25, 55, 1, 1, -10]
[-6, -9, 5, -2, 29, -12, 1, 6]
[-10, -12, -10, 12, 11, -27, -6, -9]
[-6, -4, -10, -30, -41, -22, 4, 7]
[-7, -1, -2, 14, -7, -36, -16, -14]
[-1, -1, -1, -10, 13, 1, 2, -1]
[9, 11, 4, 2, -52, 6, 10, 1]
[-1, -8, -9, -35, -14, -4, -6, 2]
[-13, -4, -2, 35, 46, -4, -4, -7]
[-11, -14, -3, 1, 59, 1, 15, -2]
[-1, 17, 1, -1, -11, 7, -20, -23]
[12, -4, -4, -22, -87, -14, 17, 47]
[3, 11, 4, -37, -45, 39, -15, -11]
[17, 22, 10, 17, 38, 25, 12, 22]
[-3, 2, 0, 1, 31, -9, 2, -22]
[-14, -18, -11, -15, 7, -24, -28, -21]
[-5, -11, 6, 67, 41, 6, -9, 1]
[1, 1, 0, -15, -22, -1, 0, -2]
[-1, -9, -7, 1, 3, -14, -2, 9]
[1, 5, 7, 17, 50, -9, 1, -9]
[-8, -13, -18, -66, 15, -18, 10, 0]
[-3, 0, 6, 48, 37, -8, -8, -9]
[5, 2, 6, -1, -25, 9, 10, 11]
[0, -1, -2, 36, 10, 0, -1, -2]
[-9, -2, 6, -16, -29, 8, -8, -10]
[-2, -2, -3, -45, -36, -4, 2, 0]
[-20, -20, -13, 30, 22, 13, 4, 4]
[-3, -12, -8, 19, 41, 16, -17, -9]
[19, 34, 10, -1, 32, 23, 40, 13]
[19, 24, 3, 0, -70, -17, -11, 1]
[-5, -14, -2, -13, 87, 6, 0, 11]
[1, 26, 2, -40, -32, 0, -12, -5]
[-11, -27, -6, 24, 25, -10, -27, -18]
[5, 12, 10, 27, 73, 11, 11, 9]
[2, 0, 3, -1, -57, -5, 5, 7]
[-11, -11, -1, -3, -63, -3, 0, 4]
[-4, -4, -10, -58, -40, -8, 2, -1]
[-5, -2, 0, 70, 22, -2, 4, -7]
[4, 0, -2, -2, -68, -12, -11, -2]
[1, 2, -2, -9, -12, 4, 7, -2]
[5, 6, 2, 2, 15, 7, 5, 3]
[-8, -15, -12, -43, -58, -16, -11, -7]
[5, 8, 5, 23, 69, 13, 4, 3]
[-3, -3, -10, -38, -93, -25, -5, -5]
[-5, 3, 3, 5, 38, 5, -2, -2]
[-1, -3, -1, -19, -60, -5, 0, 3]
[6, 2, -1, 6, 48, 0, 9, -1]
[-2, 3, 18, 24, 43, 14, 8, 3]
[0, -1, 2, 33, -23, 3, -6, -1]
[1, -6, -5, -10, 14, -4, -5, -1]
[15, 13, 1, -13, -16, -2, 9, 1]
[0, -1, -3, 0, 2, -7, -11, -5]
[-5, -4, 1, -9, -36, -3, -6, -5]
[-11, -6, -2, -10, -17, -2, 7, -3]
[-4, -5, -3, 0, 48, 2, -5, -3]
[-3, -2, 7, 32, 49, 11, 7, 2]
[-6, -5, -8, -20, -63, -18, -4, 1]
[-3, 4, 1, -9, -45, -2, -4, 1]
[0, 1, -4, -18, 24, -3, -2, -2]
[-3, -3, -5, -4, -41, -1, 0, -7]
[-1, -2, 2, 29, 66, 1, 5, 11]
[2, -4, -4, -29, -30, -7, 15, 6]
[0, -2, -3, -21, -16, -6, -14, -4]
[-2, -9, -6, 2, 37, 7, 3, -7]
[1, 19, 3, -14, -43, -5, -1, -4]
[2, 10, 3, -1, 6, 8, 7, 4]
[-2, 6, 6, 0, -7, 1, -1, 0]
[3, -5, -3, -12, 5, 1, 1, 2]
[1, -3, -3, 6, 7, -1, -5, -1]
[-1, -5, 0, -7, 42, 3, -10, 0]
[-6, -3, -3, 26, -23, -2, 2, -4]
[0, 2, -4, -12, -7, -4, -5, -1]
[-2, -8, -3, -11, -8, 0, 3, -1]
[3, 3, 10, 34, 46, 9, -4, -4]
[-2, -7, 0, -23, -26, -9, -1, 0]
[0, 3, 5, 20, -21, 3, 6, 2]
[-2, -3, -4, -1, -19, -3, 2, 0]
[-2, -1, -7, -14, -3, -2, 2, 2]
[-4, -4, 5, 2, 41, -2, -1, -1]
[-2, 0, -6, -6, -48, -5, -4, -4]
[0, -4, 2, -1, 22, 0, -2, -1]
[-1, -6, 0, 20, 64, 5, 0, -3]
[7, 5, -1, -12, -97, -4, 4, 3]
[-1, 5, -2, 17, 6, -3, -8, 1]
[-1, -6, -3, -30, -6, -2, -4, -2]
[-2, -1, -2, 24, 36, 2, -2, -4]
[-3, 1, 2, 2, -3, 4, 2, 11]
[-2, 2, 2, -5, 1, -2, -1, -8]
[1, -3, -3, -4, -30, 0, 4, 16]
[0, 1, 10, 31, 40, 5, 5, -1]
[2, 1, -5, -18, 10, 0, -4, -5]
[0, 2, -2, 9, 1, 0, -1, -3]
[-2, -2, 1, 16, 8, 2, 3, 0]
[-2, -4, -2, 2, 29, -1, -2, -2]
[-2, 4, 8, 13, -15, 5, 0, 0]
[-6, -3, -5, -22, -14, -11, -4, -1]
[0, 4, -2, -30, -8, -1, -4, -5]
[3, 1, 2, 30, -23, 0, -1, 2]
[-2, -2, -3, -11, 4, 3, -2, -3]
[1, 0, -2, -4, 37, 1, 2, 2]
[1, -2, -2, 8, 2, -3, 0, -3]
[-2, -3, -5, -2, -2, -1, -1, 0]
[-1, -3, 1, -5, -12, -3, 1, -3]
[5, -1, 0, 4, 18, -1, 0, 5]
[-5, 0, -4, 2, -1, -3, -1, -1]
[-3, -3, -3, -19, -51, -3, -2, 1]
[-2, -3, -2, 20, 56, 1, -9, -3]
[-1, -1, 0, -14, -63, -9, 0, 4]
[0, -1, 4, 14, 11, 5, 1, -3]
[0, 1, -2, -20, -26, -7, -3, -1]
[-4, 0, -5, 18, 31, 0, 2, -3]
[-1, 1, 1, -26, -26, -3, 0, -2]
[0, -1, -2, 0, -13, -1, -2, -3]
[2, -2, -5, -16, 19, 3, -2, -3]
[1, -2, -3, 0, -12, -1, 2, 0]
[0, 1, 2, 31, 55, 3, 2, -2]
[-7, -4, -9, -32, -90, -13, -4, -5]
[0, 4, 7, 0, 19, 6, 0, 0]
[-1, -1, -4, -23, -30, -7, -4, 0]
[-1, 0, -5, 1, 10, 2, 0, 1]
[1, 3, 4, 34, 70, 9, 2, -2]
[0, -3, -2, -27, -62, -8, -9, -1]
[-1, -1, 2, 7, 21, -2, 6, 0]
[-1, -2, -1, -17, -23, -2, -1, 1]
[2, -4, 0, 13, 33, -1, 0, -1]
[-1, -3, -2, -9, 0, 1, 4, -1]
[1, -2, -1, 2, -7, -1, -5, -1]
[2, -1, 0, 7, 23, -1, -2, 1]
[-2, -1, -1, 2, 18, -2, -2, 0]
[2, -1, 9, 35, -2, 5, -3, -1]
[0, 0, 2, -8, 5, 2, -5, 2]
[-1, -1, -1, -15, -7, 1, 1, 0]
[1, 2, 3, 17, 24, -2, -3, -1]
[0, 2, -3, -5, 21, 0, 2, 0]
[-2, 0, -4, -18, -49, -6, -2, -2]
[-1, 4, 0, 24, 41, 2, -2, 2]
[2, 5, 3, 0, -22, 1, -1, 1]
[-3, -5, 2, 0, 2, -2, 0, -3]
[1, -2, 2, -19, 1, 6, 7, 3]
[-2, -1, -4, 22, 12, -5, 1, 0]
[0, 2, -5, 4, 56, 2, -5, -4]
[0, -1, -5, -21, -61, -8, 0, -1]
[2, 0, 5, 37, 3, 3, 0, 0]
[-3, -6, -6, -24, -14, -6, -1, -1]
[1, -1, -3, -11, -8, -3, -1, -3]
[0, 5, -3, 5, 8, -1, 1, 0]
[-2, -3, -3, -8, 12, 1, 2, 0]
[-2, -5, 4, 2, -14, 2, -1, 0]
[-2, -2, 5, -17, -13, 2, 2, 1]
[0, 1, 0, -25, 11, 4, -2, 0]
[1, 2, 0, 19, -9, -4, 0, 1]
[0, 1, 1, 2, 16, -2, 1, 1]
[-1, -5, -5, -4, -44, -7, -1, 0]
[1, -3, -1, 13, 45, 2, 1, 2]
[-2, -4, -5, -11, -20, -1, -2, 0]
[1, -3, -1, -17, -65, -6, -2, -4]
[0, 2, 0, -3, 8, 0, -1, -2]
[2, 3, 0, 14, 20, 5, 0, -2]
[1, 0, -7, -3, 23, 1, 1, -2]
[3, 3, 6, -1, 7, 0, -1, -1]
[-3, -2, 0, -7, -20, 0, 2, 0]
[-1, -1, -2, 12, 35, 1, 1, 1]
[-3, -7, 1, -8, -40, -8, -3, -3]
[-3, -2, -4, -2, 3, -2, -2, -2]
[-1, 1, 2, 10, 0, -1, 2, -1]
[0, -2, -3, -22, -24, 1, -1, 3]
[1, 1, 1, 3, 11, 2, -1, 1]
[-1, -1, 1, -3, -1, 1, 0, -1]
[0, -3, -2, 12, 17, -3, -1, -2]
[4, 0, 0, 11, 25, 2, 0, 0]
[0, 0, 1, -9, -39, -6, -2, -1]
[1, 2, -3, 20, 14, 0, -3, -2]
[-1, 1, 2, 11, 10, 1, 0, -1]
[-3, -2, -2, -14, -20, -7, 1, -2]
[2, 2, 6, 7, 36, 5, -1, 0]
[-4, 0, -2, -13, -19, -1, -2, 0]
[-2, -4, -5, -13, 1, 4, -1, 0]
[0, 0, 3, 0, -30, -3, -1, -3]
[-4, 0, 0, -5, 6, -3, 3, -1]
[-1, -2, -2, 2, -1, -1, 3, -1]
[1, 1, 3, 7, 17, 4, 0, -1]
[-2, -2, -5, -11, -7, -4, -2, -1]
[-1, 0, 1, 4, -2, -1, -2, -2]
[1, -3, -1, -1, 9, -1, 0, -2]
[1, -2, -6, -13, -18, -2, -1, 1]
[-1, -3, 0, 20, -16, 1, -1, -2]
[1, 0, 0, 10, 12, -5, 0, -2]
[-1, 0, 1, 8, 34, 8, -1, 0]
[1, -1, -6, -27, -33, -7, -2, -1]
[-4, -3, -1, 7, -17, 1, -1, -2]
[-1, 1, -3, -12, -2, 4, 2, 0]
[0, -1, 6, 30, 12, -2, -2, 0]
[1, 2, 2, -13, 16, 3, -4, -1]
[2, 1, -1, -13, -20, -3, 1, 1]
[-1, -1, -3, 10, 21, 0, 3, 0]
[-1, 0, -3, -8, -9, -4, -2, 1]
[1, 0, -1, 9, 7, 3, 1, 4]
[-2, 2, 4, -12, 25, 0, -1, 1]
[2, 0, 4, 1, -19, 4, -1, -3]
[0, 1, -1, 6, 4, 0, 2, 0]
[0, 0, 1, 18, 16, 1, -1, -1]
[-1, -2, -3, -2, -19, -3, -4, -2]
[-1, -1, -1, -12, -3, -1, -3, 0]
[1, -1, 0, -4, 5, 3, 2, -1]
[-3, -4, -2, -6, -23, -6, -2, 1]
[0, -1, -2, 3, 39, 1, 0, -1]
[0, -1, -4, -6, -42, -7, -2, 0]
[-4, -3, -4, -13, -23, -7, -5, -2]
[1, 1, 2, 11, 22, 3, 3, -2]
[1, -2, -4, -36, -44, -4, -1, -1]
[-3, -1, -2, 40, 51, 0, -1, -1]
[1, 5, -1, 2, 3, 0, 0, -1]
[-2, -1, -4, -10, -7, -5, 0, 0]
[-1, 0, 1, 10, -2, 1, 2, 2]
[-1, -4, 1, -14, -5, 3, -1, 2]
[-2, -6, 1, -4, -19, -2, 0, 0]
[0, -3, -5, -31, -24, -1, -3, 0]
[1, 5, 3, 32, 19, -1, 0, 1]
[-2, 1, 0, 9, 16, -1, 1, -2]
[1, 0, -2, -1, 25, -2, 0, -1]
[4, 2, 5, 5, 1, 5, 1, -1]
[-5, -4, -4, -9, -51, -9, -5, -5]
[0, 0, -4, -7, 7, 1, -4, -1]
[0, 2, 0, -1, -16, -3, -2, 0]
[2, 1, 5, 11, 28, 4, 2, 0]
[-1, 0, -5, -5, -23, -1, 1, 2]
[-2, -2, 2, 5, -3, -3, -2, -1]
[-4, -3, -4, -20, -10, -2, -3, -2]
[-2, -1, 0, 7, 8, -1, 0, 0]
[2, 2, 2, 9, 19, 7, 7, 2]
[-1, -4, -6, -15, -15, -1, -1, 0]
[-1, -1, 0, 25, 19, -1, -1, -1]
[-2, 0, 1, 0, -17, -1, -2, -2]
[-1, -2, 2, 6, 28, 5, 0, 1]
[0, 1, -3, -11, -14, -6, -12, -2]
[1, -3, 0, -6, -16, -4, 0, 1]
[-1, -1, 0, 16, 5, -3, -1, -1]
[1, 0, 5, 10, 51, 13, 4, 2]
[1, 0, 2, 2, 14, -1, -1, 0]
[-3, 2, -1, -14, -44, 1, -4, -1]
[-2, -4, -7, -4, -9, -5, 0, -2]
[1, -2, -3, -7, -5, -2, -2, -2]
[-3, -2, -3, 6, 17, 1, 3, 0]
[2, -3, 1, -20, -12, -5, -1, 1]
[2, -1, 6, 25, 25, 4, 2, 2]
[0, 4, -1, -13, -17, -2, -2, 0]
[-2, 2, 3, 8, 11, 0, -1, -2]
[-2, -1, -7, -24, -25, -5, 0, -2]
[-2, -1, -3, -11, -16, -2, -2, 0]
[1, 0, 0, -6, 8, -1, -2, -2]
[2, -1, 2, 25, 18, -1, -1, -1]
[-2, -2, 2, 11, 4, 3, -1, 0]
[1, -3, 2, -14, -62, -5, -1, 0]
[-3, -3, -3, 11, 12, 0, -5, -3]
[-5, -2, -9, -25, -11, -2, -3, -2]
[-1, 4, 1, 3, 20, 1, -3, 2]
[0, 1, -4, -16, 12, -1, -1, 1]
[-3, -4, -5, 11, -10, -4, 1, -2]
[-2, 2, 7, -9, -20, 1, 4, 0]
[-1, -1, 2, 15, 54, 5, 3, 1]
[0, 5, -1, 2, 0, -2, -1, 0]
[1, -2, -3, 0, -1, -5, -4, -2]
[-3, -6, -7, -8, -4, -1, 0, 0]
[3, -2, 1, 4, -18, -2, -1, 0]
[0, -2, 2, -5, 6, 6, 3, 3]
[-4, -3, 1, 19, 17, 5, -1, 0]
[-1, 3, 1, 5, 0, -5, -4, -1]
[2, 3, 0, -6, -1, 1, -5, -4]
[1, -2, -7, -15, -3, -6, -1, -3]
[4, 3, 3, 21, 11, 0, 5, 2]
[-1, 0, -3, 6, -32, -4, 0, -2]
[-3, 0, 2, 10, 41, 5, 6, 1]
[-1, -2, -1, -6, -16, -1, -10, -4]
[-2, 0, -2, -19, -43, -6, -1, -1]
[-1, -1, -2, -9, -3, -6, 5, 3]
[1, 0, -4, -17, -20, 2, 1, 3]
[1, 1, 5, 43, 81, 10, 3, 2]
[1, 1, 6, -13, 4, 6, -2, -1]
[-2, -3, -5, 3, -28, -10, -3, -4]
[0, -3, -4, -15, -23, -10, -5, -3]
[-1, -2, 0, 0, 3, 7, 7, 2]
[-2, -2, -8, -8, 7, -8, -11, -2]
[0, -1, 6, 8, 39, 5, 7, -3]
[-3, -8, -1, -3, -7, -1, 2, -1]
[0, 3, -6, -18, -22, -6, -16, -3]
[2, 3, 3, 6, 3, 3, 9, 2]
[-4, -5, -6, -12, -19, 4, 1, -1]
[1, -3, -5, 0, -8, -3, 4, 1]
[6, 9, 3, 8, 20, 3, 2, 4]
[-4, -4, -2, -8, 3, -6, -16, -9]
[3, 2, 2, -10, -32, -6, 3, 6]
[-1, 5, 2, 9, 2, 1, 2, 6]
[-3, -7, -4, -14, -11, -2, -11, -1]
[4, -6, 0, 3, 3, -2, 2, 1]
[-7, 4, 4, 5, 4, -3, -17, -10]
[-4, -4, -1, 22, 40, 2, 11, -1]
[-4, -2, -3, -22, -33, -5, -2, 0]
[2, -1, -5, -13, -43, 6, 4, -2]
[3, -5, 2, 5, 9, -11, 6, 7]
[-4, -1, -3, -8, -29, 4, 5, 2]
[-2, -1, 1, 19, 29, 9, 4, 1]
[-1, -5, 2, 11, 15, 7, 10, 0]
[-11, -7, -3, -20, -43, -12, -34, -19]
[6, 2, 5, 4, 28, 2, -8, 7]
[2, -10, 2, 8, -46, 7, 34, 1]
[4, 17, 0, -16, -10, -12, 1, 11]
[4, 13, 2, 3, 17, 22, 13, 3]
[0, 3, -1, -7, 3, -39, -36, -9]
[12, -3, -2, -3, -8, 22, 15, 7]
[-8, -3, -5, 14, -5, -9, -5, -9]
[2, 0, 0, 34, 93, 12, 16, 7]
[-9, -4, -4, -46, -84, -2, 9, -10]
[-7, 1, 5, 25, 80, -18, -22, -8]
[4, 0, -1, -21, -7, -2, 13, 1]
[2, 5, 7, 26, 35, 8, -11, -2]
[0, -6, 0, 11, -35, -2, 19, 1]
[-5, -2, -6, -25, 2, 14, 12, 2]
[-4, 2, 10, 25, 24, -23, -44, -6]
[-9, -3, -6, -27, -16, -4, 12, -10]
[-1, -16, -2, -1, 37, 17, -22, -5]
[17, 8, 0, -15, -37, -7, 18, 21]
[-10, -13, -11, 8, -18, 54, 9, -1]
[14, 34, 17, 12, -1, -90, -19, 6]
[9, 8, 6, 22, 25, 13, 5, -2]
[-4, 1, -3, -6, 10, 8, 31, 21]
[4, -19, -12, 4, 71, 49, -26, -18]
[-12, -10, -4, -24, -37, 19, 74, 27]
[-10, 1, -2, -25, -60, 105, 41, -10]
[12, 7, 11, 57, 29, -18, -25, -12]
[-10, 10, -2, -63, -69, -34, -50, -2]
[2, -8, 1, 35, 72, 14, -22, -12]
[4, -1, -6, -16, -72, -70, -62, -2]
[25, 12, 13, -13, 47, 27, 99, 33]
[5, -2, 10, 93, 94, 90, 54, -4]
[-47, -42, -35, -72, -91, -70, -117, -51]
[39, 30, 12, -2, 17, -76, 19, 23]
[-29, -12, -9, -14, 14, 54, 50, 3]
[1, 12, 4, -5, 52, -34, -80, -17]
[23, 23, 15, 29, 4, -41, -23, 3]
[-7, -19, -1, 90, 87, 120, 100, 56]
[9, 14, -4, -65, -62, -113, -128, -52]
[17, 7, 3, 1, -43, 18, 109, 23]
[-15, -28, -14, -41, -46, 58, -85, -31]
[-5, 16, -7, -18, -79, -2, 35, 0]
[-14, -10, -4, -11, 31, 8, -48, -12]
[-4, -2, -5, -14, -53, -15, 39, 24]
[18, 2, 1, 23, 1, -4, 1, 5]
[-8, -10, 1, 32, 86, 16, 26, -2]
[-27, -3, 9, 29, -5, -32, -78, -30]
[20, -3, -23, -40, 3, -18, -32, 6]
[21, 6, -10, -13, -7, 22, 127, 44]
[-6, -1, 4, 28, 19, -40, -47, -13]
[-16, -1, 8, 64, -34, -2, -34, -22]
[-11, -1, 13, 2, 5, -49, -44, -39]
[-21, -7, -13, -34, 37, 7, 25, 14]
[48, 0, -22, -41, -26, 13, -29, 12]
[-14, -21, -7, -35, -24, 8, 64, 21]
[-2, -7, -4, 10, -50, 0, 14, 2]
[13, 40, 22, 27, 76, 3, -52, -24]
[-49, 1, -7, -28, -5, -55, -50, -18]
[65, 19, 2, 12, 49, 108, 115, 62]
[-17, 9, 22, 19, 38, -23, -20, -17]
[-39, -7, -3, 4, -39, 50, -29, -8]
[32, -11, -12, -34, 4, -42, 31, 5]
[-40, -9, -19, 7, -55, -5, 18, -30]
[-6, -1, 8, -3, -9, 21, 63, 31]
[16, 9, 36, 41, 18, -8, -44, -25]
[-42, 0, 5, -38, 17, -11, -19, -38]
[-8, -5, -23, 5, 52, 23, 1, 14]
[75, 0, -4, -2, -18, -21, -24, 5]
[-7, 13, 25, 14, -27, 9, 65, 18]
[-42, 1, 15, -17, -46, -5, -53, -46]
[35, -5, -18, 4, 26, -18, -2, 5]
[-53, 2, -8, -76, -26, 22, 46, -32]
[-19, -51, -40, 28, -32, -33, -12, 29]
[88, 21, 57, 47, 2, 12, 6, 34]
[-39, 0, -4, -5, 7, -7, -16, -37]
[-36, 4, -5, -13, -8, -15, 0, -13]
[7, -5, -10, -44, -28, -23, -20, 5]
[27, 1, -8, -28, 16, 62, 74, 31]
[-78, -6, 7, 30, -21, -36, -85, -46]
[95, 12, 5, 32, 40, 27, -5, 32]
[-8, -6, -11, -68, 5, -26, -25, -20]
[-91, -11, 18, 15, -2, 2, -3, -2]
[48, 0, 5, 64, 5, -16, 4, 38]
[-27, -26, -27, -108, -13, -21, 36, 4]
[-38, 15, 39, 96, 8, 46, 32, 29]
[-11, -5, 4, 22, -10, -66, -98, -29]
[73, 8, -24, -93, -18, 39, 65, 60]
[-72, -14, 47, 73, 3, 5, 9, -12]
[-33, -20, -34, -52, -14, -28, -35, -48]
[0, 0, -17, 39, 33, -2, -64, -15]
[32, 14, 13, -24, 8, 2, -15, 8]
[61, 0, -33, 9, -3, 2, -25, 30]
