[18, -1, -12, -31, -5, -1, 2, 8]
[-15, -10, -23, -19, -3, -29, -88, -56]
[36, 17, 4, 50, 5, 42, 116, 40]
[-26, 18, 2, -27, -3, 5, -26, -56]
[-28, -34, -25, -40, 0, -4, 7, 53]
[44, 38, 35, 52, 8, 10, 7, 0]
[-26, -7, -5, -12, 1, -2, -28, -24]
[-4, -54, -41, -46, -22, -13, 3, -49]
[21, 35, 40, 0, 15, 10, 2, 76]
[41, 24, 18, 21, 5, 30, 83, 9]
[15, -2, 1, 31, -2, -5, -1, 14]
[-17, 11, 1, -4, -2, 1, -9, -12]
[0, -11, -12, -50, -6, -28, -44, -72]
[-41, -11, -13, -55, 4, 24, 46, 22]
[27, 10, 46, 76, 14, -19, -77, 38]
[-41, 4, -7, -15, -15, 12, 45, -39]
[-28, -23, -31, -7, 5, -1, -2, -32]
[8, -11, 16, -52, -20, -28, -51, 23]
[4, 13, -7, 72, 3, -6, 27, 27]
[26, -4, 16, -5, -1, 21, 23, 51]
[-71, 14, -25, 5, 0, -17, -47, -114]
[-11, -14, 8, -55, 1, 23, 31, 24]
[-25, -15, -6, -24, -8, -5, 13, -24]
[-16, 14, 7, 54, 9, -32, -78, -49]
[61, -4, 1, 40, 2, -13, 59, 126]
[29, 20, 12, 2, 13, 38, 36, -84]
[-81, -21, -9, -41, -15, -26, -50, -5]
[122, 43, 19, 36, 14, 57, 75, 96]
[-74, -24, -14, -14, -5, -24, -49, -107]
[9, -16, -27, -1, -19, -32, -29, 107]
[32, 38, 8, 17, 2, 6, 13, -39]
[-128, -41, -16, -34, -5, -13, -18, -70]
[53, 1, -7, -17, 1, 12, -14, -3]
[-37, 2, -15, 1, 7, -6, -8, -43]
[61, -2, 5, -31, -20, 7, 23, 45]
[-23, -21, -3, -3, 0, -5, 36, 18]
[-1, 26, 22, 26, 1, 16, 20, -4]
[-31, -4, -23, 34, -7, -25, -61, -122]
[-87, -31, -31, -88, -17, -12, -18, -6]
[124, 15, 11, 84, 11, -12, -3, 115]
[-12, 13, 12, -16, -3, 50, 67, -33]
[-31, -13, -15, 2, -12, -16, -6, -3]
[-24, 12, -3, -40, 1, 1, -38, -99]
[-43, -30, -13, -6, 3, -9, -27, -16]
[-15, 0, -27, -47, -8, -11, -8, 0]
[21, -2, 38, 95, 22, -13, -36, 52]
[43, 6, -7, -24, -6, 18, 69, 18]
[-53, 33, -3, -35, -5, -35, -67, -119]
[30, -45, -3, 35, 10, 25, 52, 127]
[44, 28, 20, 30, -11, -8, 7, -6]
[-53, -3, -21, -18, 19, 6, -28, -88]
[120, -22, 8, -12, -5, 36, 31, 88]
[-77, -14, -11, -51, -35, -38, 4, -18]
[17, 23, -25, 51, 0, -13, -16, -21]
[20, 1, 6, 27, 11, 7, 42, 27]
[-49, -11, 11, -11, -8, 12, -4, 9]
[-30, 20, 63, 88, 33, -12, -24, -15]
[-38, 8, -23, -120, 2, -34, -69, -49]
[89, 13, 21, 53, 7, 45, 63, 77]
[-108, -9, -29, -60, -9, -39, -51, -128]
[127, 11, -2, -22, -1, 49, 87, 127]
[-110, 24, 41, 23, 3, -28, -31, -81]
[-31, -31, -11, -19, 19, 9, -15, -49]
[65, 7, 16, 8, 9, 8, 38, 82]
[-7, 21, -7, -24, -26, -24, -42, -74]
[-42, -34, -36, -8, 7, 19, -30, -42]
[12, -13, -1, -32, -17, -18, 17, 37]
[40, -16, 11, 13, 9, 10, -72, 35]
[-93, 57, -34, -108, -14, 18, 49, -109]
[127, -57, 23, 107, 21, 21, 77, 95]
[5, 6, 7, 61, -18, -43, -85, -63]
[11, 32, 7, -10, 1, -30, 11, 77]
[0, -6, 29, 19, 10, -15, -52, -16]
[-42, -3, -5, -14, -6, -10, 6, -34]
[-31, 2, -16, -22, 0, 11, 12, 36]
[-21, 6, -5, -13, -9, 11, -3, -76]
[-28, 16, 8, 63, 14, -7, -37, -45]
[15, -42, -37, -88, -21, -25, -25, 12]
[5, 10, 26, 17, 12, 28, 70, 108]
[49, 17, 2, 9, 1, 42, 22, -11]
[44, -19, -19, -34, -6, 30, 35, 33]
[-51, -8, 2, 1, -3, 14, 0, -22]
[37, 23, 9, 5, 9, -29, -58, -35]
[-63, -10, -14, -46, -8, -48, -9, -24]
[-2, -20, -23, -60, -27, -65, -92, -17]
[20, 5, 38, 118, 30, 49, 58, 32]
[-75, -13, -39, -19, -8, 2, 4, -47]
[49, 14, 56, 57, 13, 55, 91, 44]
[-13, -22, 7, 21, 2, -8, -29, -1]
[-8, 4, -1, -45, -17, -10, -5, -44]
[1, 6, -13, -69, -15, -20, -16, 40]
[-37, -12, -5, 24, 9, -7, -36, -78]
[-75, -37, -34, 22, 1, 2, 28, 87]
[86, 13, 16, -22, -9, 12, 22, 79]
[-42, -1, 1, -2, 4, 3, -25, -113]
[28, 11, -11, -20, -7, -21, -14, 44]
[-92, -11, -17, -81, 3, -15, -80, -125]
[15, -4, -8, 32, -1, 26, 89, 113]
[37, -14, 22, 26, 12, -23, -87, 6]
[-41, -8, -31, -56, -31, 25, 91, -15]
[-31, 14, 12, 40, 4, -1, -10, -53]
[63, 12, -2, -16, 1, -7, -2, 26]
[-39, -8, -19, -60, -17, -16, -31, -33]
[35, 35, 1, -42, 6, -5, -7, -4]
[66, -10, 32, 89, 13, 23, 68, 86]
[41, 17, 30, 17, 0, -2, 2, 43]
[-39, 1, 31, 27, 4, 17, 13, -37]
[-44, -5, -45, -96, -10, -53, -108, -117]
[-78, -20, -6, 8, 11, 40, 40, -106]
[69, 13, 9, 3, 0, 1, 32, 84]
[3, 6, 3, -18, 1, 9, 34, -28]
[-77, -16, -4, 53, -14, -7, -19, -64]
[64, 32, 14, -6, 9, -7, -14, -1]
[-81, 0, -22, -60, -4, 15, -1, -46]
[13, -11, 9, 41, 19, 21, 37, 23]
[24, -6, -12, -10, -10, -33, -23, 72]
[-32, -23, 2, -72, -1, 8, -2, -46]
[22, 28, 10, 53, 5, 11, 14, 7]
[27, -3, -22, -29, -15, -33, -10, 37]
[54, 3, 27, 42, 21, 12, 4, 29]
[53, -1, -9, -28, -7, 15, 21, 59]
[-87, -18, -30, -44, -14, -41, -88, -82]
[-18, 18, 5, 27, 3, 40, 101, -24]
[-31, -4, -13, 13, -1, -3, -48, -30]
[66, 7, 4, 49, 7, 3, 46, 106]
[33, 8, 11, 0, 3, 9, -21, 3]
[-29, -10, -14, -20, -18, -56, -24, 3]
[24, 8, -4, -14, 18, 32, 17, -34]
[-55, 4, 6, 5, -9, -26, -25, -35]
[48, -16, -23, -39, -10, 7, 3, 61]
[16, -3, -2, -20, -17, 11, 0, 29]
[-102, -31, -13, -13, -5, -6, -15, -84]
[101, 20, 3, 7, 3, 2, 27, 101]
[-99, -29, -31, -3, -4, -31, -24, -112]
[12, 2, 18, -7, 14, 34, 41, 69]
[30, 14, 34, 77, 1, -15, -27, 13]
[-7, -6, 2, 71, 15, 0, -26, -40]
[-26, -12, -26, -84, -21, 2, 13, 14]
[-6, 3, 16, 34, 17, 6, -24, -38]
[-46, -9, -4, 5, 0, -1, 10, -13]
[37, -2, -5, -45, -12, 2, 5, 38]
[5, 16, 19, 31, 11, -3, -7, -40]
[-98, 4, -19, -47, -5, -28, -63, -68]
[96, -12, -13, -51, -3, 28, 38, 109]
[12, 4, 45, 76, 22, 10, 23, -28]
[1, 16, 15, 14, -12, -6, 1, -14]
[31, 22, -8, -4, 0, -21, -47, -49]
[-65, -31, -14, -59, 0, -5, 43, 37]
[48, 12, 21, 61, 0, 11, -14, 63]
[-54, -20, 2, -2, -2, -4, -8, -53]
[1, -10, 2, 19, -1, -6, -15, -8]
[-50, 15, -3, -3, 0, -11, -18, -45]
[2, -15, -58, -128, -13, -15, -14, -25]
[-2, 25, 80, 111, 23, 12, 13, 23]
[9, 0, -3, -8, -1, 0, -11, 24]
[23, -8, -16, -7, -16, -2, 1, -4]
[-16, 2, -6, -1, 4, 1, -8, -18]
[-18, 4, 2, 5, 3, 8, 18, 6]
[30, 2, 1, -2, 2, 3, 10, 27]
[25, 3, 18, 21, 6, 8, 16, 21]
[-18, -19, -7, -7, 2, -1, -10, -20]
[-33, -2, -21, -31, -22, -20, -25, -23]
[15, 20, -5, -62, -13, 9, 20, 34]
[63, 14, 42, 115, 22, 15, 2, 32]
[-16, 9, -3, -8, -8, -11, -14, -18]
[-2, -24, -24, -24, 9, 8, 0, -4]
[-24, -21, -3, -4, 0, 3, 3, -20]
[-3, 4, -4, -12, -1, -5, -6, -4]
[-9, 5, 1, -3, 1, -4, -11, -3]
[11, 24, 2, 0, -3, -4, 2, 4]
[11, 1, -1, 16, -2, 2, 1, 3]
[-20, -10, -6, -6, 6, 0, -4, -11]
[-5, -14, -19, -14, -12, -5, -7, -14]
[8, -6, -6, -10, -6, -1, 2, 12]
[12, 3, 16, 37, 4, 0, -2, 1]
[-8, -1, -2, 1, 2, 7, 1, -2]
[-7, 12, 4, -18, 2, 0, 4, -4]
[-1, -4, -19, -39, -3, -8, -6, 7]
[4, -12, -8, 32, -3, 0, 11, 6]
[-11, 7, 5, -6, 8, 4, 6, -17]
[-9, -19, -8, -10, -43, -16, -20, -4]
[9, 14, 0, 3, 11, 1, 18, 1]
[-7, -19, -6, -6, -19, 8, -3, 4]
[-2, -6, -14, -16, 33, 0, 5, -1]
[24, 40, 18, 11, -9, -5, -25, -4]
[-6, -3, -1, 0, 4, -2, -11, 2]
[13, -10, 0, 3, 9, 0, -1, 0]
[-11, -17, -8, -18, 1, -1, -6, 7]
[-1, 3, 2, 5, -17, 8, -6, 3]
[-8, -2, 2, 2, -11, -8, -8, -10]
[8, 7, 0, -2, 2, 10, 7, 4]
[-12, -10, 4, 33, 39, 1, 0, -13]
[0, -1, 10, 25, -1, 7, 17, 0]
[-5, -3, -10, -35, -11, 1, -4, 2]
[-8, -9, -5, -6, -16, -13, -9, -7]
[2, 26, 7, -5, 4, 0, -3, -11]
[-9, -3, 6, 23, 38, 6, 9, 5]
[2, -19, -10, -16, -46, -6, -10, -4]
[12, 16, 6, 7, 28, 7, 7, 4]
[-4, 28, 16, 21, 14, 7, 0, -15]
[-6, -13, -10, -28, -43, -2, 5, 13]
[0, 2, 4, 14, 32, 3, -12, -13]
[5, 4, -5, -17, -4, -2, -1, 8]
[-3, -1, -4, 0, 7, -1, 5, 3]
[-5, -7, 0, -15, -31, -1, 11, -7]
[6, -4, 2, 29, 42, 7, 0, 10]
[-2, 2, 4, -15, -56, -8, -6, -2]
[-9, -15, -9, -15, 23, -9, -15, -9]
[0, 5, 2, -33, -15, -9, 7, 4]
[-11, -12, -2, 47, 30, -3, 0, -5]
[9, 2, 0, -22, 1, 7, 3, -4]
[6, -2, -3, -28, -71, 1, 10, 13]
[-7, -5, -1, 10, 49, -5, 3, -5]
[12, 14, 5, -7, -20, 1, 9, 5]
[-8, 6, 12, 74, 64, 11, 22, -1]
[4, -8, -6, -30, -33, 0, -12, -1]
[14, 8, -3, -28, 3, -1, 0, 4]
[-9, 9, 4, 41, 12, -2, -18, 11]
[2, -6, -6, 16, 104, 7, 32, -1]
[-2, 1, -2, -34, -81, -11, -25, -19]
[-5, -14, -6, 28, 45, -1, 14, 13]
[-7, -6, 5, 3, -22, 2, 30, 1]
[7, 9, -9, -49, -42, -9, -27, -11]
[-6, -1, 2, 34, 30, 3, 13, 15]
[-6, -7, -8, -21, -1, -4, -17, -27]
[-1, -4, -5, -28, -34, -8, -9, 0]
[-6, 1, 5, 28, 22, 3, 10, 4]
[-1, -5, -6, -16, -12, -12, -28, -12]
[3, 0, 5, -20, 0, 0, 1, 5]
[-2, -7, 4, 4, 46, 15, 11, 3]
[-4, -2, -5, 23, -94, -21, -22, -13]
[-1, -2, -3, -16, -31, -12, 3, 7]
[6, 15, 9, 44, 55, 8, 5, -2]
[-10, -15, -6, -15, 12, -6, -6, 0]
[8, 4, -6, -30, -31, 0, 5, 10]
[11, 11, 4, 16, 22, 12, 15, 9]
[-1, 3, 0, 15, 14, -2, -1, -5]
[1, -1, -9, -50, -61, -12, 0, 8]
[-7, -1, 9, 29, 44, 9, -9, -7]
[0, -9, -4, 13, -1, -1, 13, 10]
[-5, -11, -2, -10, -28, -2, 1, -3]
[-2, -3, -5, -12, -17, -4, -15, -11]
[2, -4, -5, 17, 19, 5, 11, 6]
[3, 7, 11, 42, 102, 25, 1, -3]
[0, -2, 0, -9, -89, -12, -7, -1]
[-5, -3, -14, -41, -43, -19, 4, 0]
[0, 0, 3, 2, -38, -6, -18, -8]
[-2, -1, 3, 4, 55, 4, 3, -1]
[-1, -1, 4, 7, -26, 5, 4, 2]
[1, 7, 2, -9, -39, -8, 10, -1]
[0, -1, -5, -43, -12, 3, 5, 5]
[-1, 2, 6, 52, 55, 15, 4, -3]
[-7, -7, -12, -19, -57, -22, -11, -1]
[-1, -4, -2, -2, 28, 6, -15, -9]
[2, 4, 1, -25, -11, -3, 15, 11]
[4, 3, 6, 55, 63, 11, 0, 0]
[4, 0, 0, -22, -40, 4, 27, 10]
[-2, -5, -8, -39, -36, -17, -6, -3]
[-5, -7, -5, 9, 78, 9, -11, -14]
[-9, -2, -11, -45, -128, -29, -10, -1]
[2, 2, 6, 46, 103, 21, 6, 5]
[1, 0, -3, -9, 7, -7, -5, 0]
[-6, -4, -1, -23, 6, 1, 3, -3]
[1, -1, -2, -9, -37, -5, 4, 3]
[-3, -5, -5, -6, 8, -3, -12, -10]
[3, 4, 4, 61, 44, 10, 4, 3]
[-1, 0, -2, -40, -51, -2, -14, 2]
[-5, -3, -4, -25, 3, -9, 7, -9]
[2, 3, 1, 19, 27, 2, -7, 1]
[4, 3, 4, 7, -9, 4, 1, -1]
[-2, 1, -2, -13, 29, -9, -2, 0]
[1, 0, 2, 20, 23, 8, -6, 5]
[2, 1, -1, -10, -18, -6, -6, -5]
[1, 3, 4, 5, 19, 2, 7, 2]
[0, -5, 3, 17, -20, -1, -4, 0]
[0, -4, -5, -53, -52, -4, 1, -1]
[-1, 0, 0, 12, 48, 7, 3, -2]
[1, 1, -2, 8, 12, 5, -2, -3]
[-2, -5, -7, -14, -43, -7, 10, 1]
[-4, -4, -5, 12, 17, -7, -22, -12]
[-2, 1, 1, -6, -23, -4, 2, -1]
[0, 0, -2, -7, 2, 4, -6, -3]
[1, 2, 5, 16, -7, -2, 2, 4]
[2, 1, -1, -21, 11, 7, 21, 5]
[-1, -2, 4, 49, 39, 4, -5, -5]
[0, 0, -7, -24, -23, -2, -1, 5]
[-1, -1, 2, -1, 36, 4, 9, -4]
[-1, -3, -4, 1, -22, -3, 1, -2]
[-1, 1, 0, 1, 4, -2, 3, 1]
[0, 0, 2, 6, -8, 2, 5, 1]
[0, -1, -5, 4, 21, -1, -5, 0]
[-1, -2, 1, -6, -7, 7, -4, 2]
[1, 4, -1, -25, -11, -4, 0, 0]
[-2, 2, 2, 17, 29, -2, -6, -3]
[-2, -1, 5, 4, -46, -3, -4, 5]
[0, 5, 6, 22, 16, -3, 0, 1]
[-1, -5, -8, -20, 12, 3, -1, -2]
[0, -3, -3, -18, 8, -2, -2, -5]
[-2, 0, 4, 37, 21, 3, 0, -4]
[-3, -1, -5, -16, -28, -5, 3, 0]
[-2, -1, -3, 3, -39, -2, 1, -1]
[-2, 4, 6, 30, 55, 6, 0, 1]
[-2, -7, -7, -28, -25, -4, -3, 0]
[0, -2, -6, -6, 7, -1, -1, 1]
[-4, 0, 0, -13, -5, -4, -3, -2]
[1, 0, -2, 15, 1, -1, -1, -1]
[-1, 1, 7, 30, 19, 3, -7, -4]
[-1, 0, -3, -26, -21, 1, 4, 7]
[1, 1, 0, -6, 18, 1, 3, 3]
[0, 2, -1, 3, -36, -3, -6, -1]
[-2, -2, -2, -2, 3, -1, -7, -3]
[2, -1, 4, -2, 6, 1, -1, -5]
[-2, -4, -1, 14, 14, 0, -6, -1]
[0, 2, 2, -6, -35, -4, 3, -1]
[-3, -1, -6, -17, -17, -5, -7, 0]
[-1, 3, 2, 1, 8, -2, -6, -1]
[1, 1, 0, 7, 18, 4, 4, 1]
[1, -2, -1, -8, -36, -1, -2, -5]
[-4, -5, -7, -17, 23, -6, 0, 0]
[-1, -3, 0, 6, -9, 1, 1, -2]
[-1, -4, -3, 2, 40, 2, -2, -2]
[-2, 0, -3, -34, -71, -8, 0, 0]
[0, 2, 2, 18, -9, 2, 1, 3]
[-2, -2, -2, 2, 14, 2, 1, -1]
[-2, 1, 4, 7, -13, -2, -10, -1]
[1, 0, 0, 5, 46, 6, 3, 0]
[3, 2, 3, -1, -6, -3, 3, 2]
[-1, -1, 0, 18, 15, 1, -1, -2]
[-2, 2, -2, -9, -13, -1, -2, -3]
[-4, -1, -1, 15, 23, -2, -5, 0]
[1, 1, 2, 0, -3, 3, -1, 3]
[1, 1, 3, 9, 3, -1, 2, -6]
[-1, -1, -2, -5, -10, 0, 3, 3]
[-1, -4, 3, 22, 53, 4, 1, -10]
[-1, -2, -3, -23, -23, -3, -4, 8]
[3, 0, 3, 30, 1, 4, 1, 2]
[0, -1, -1, -22, -25, -5, 9, -2]
[-3, 0, -2, 9, 10, -1, -8, -3]
[-2, 1, 4, 11, 22, 4, 1, -3]
[1, 3, 4, 18, -1, 0, -1, 3]
[2, 0, 2, -2, 0, -1, 6, 2]
[-3, -3, -6, -27, -22, -8, -6, -2]
[-3, 2, 2, 34, 28, 5, -1, -4]
[-1, -1, -3, -22, 7, 2, -2, -1]
[0, -1, 1, 11, -2, 2, -4, -2]
[-1, -1, -1, -19, -36, -4, 1, 2]
[3, -3, -7, -7, -18, -7, -2, -2]
[0, -2, -5, -6, -1, 1, 1, 1]
[-1, -1, -4, 3, 7, -4, -4, 0]
[-3, 0, -1, 3, 21, -1, 2, -1]
[-1, -3, 2, -2, 1, -3, -2, 0]
[1, 0, -3, -20, -15, -1, 19, -2]
[-1, 1, 3, 15, -19, -1, -6, -14]
[1, 1, 4, 5, -5, -1, 5, 13]
[0, -1, 0, -5, 25, 7, 2, -4]
[-5, -2, 2, -3, -34, -6, -6, -1]
[1, -3, 0, 5, 7, 2, 2, 3]
[-2, 1, -3, 2, -7, -1, 6, -4]
[-3, -2, -4, 5, 11, -5, -24, -8]
[-2, 0, -2, -29, -30, -1, -3, 4]
[1, -2, -1, 15, 36, 7, 2, -1]
[-2, -5, -4, 2, 4, -4, -5, 0]
[1, 2, -1, -6, -14, 0, 5, 1]
[1, 2, 2, 6, 7, 1, 4, 0]
[-1, 0, 0, -4, 6, 1, -2, 3]
[-1, -3, 1, -9, 18, -1, 4, 1]
[-3, -3, -7, -8, -35, -6, 3, -3]
[0, -1, 2, 17, 20, 2, -5, -2]
[0, -2, 0, 2, 7, -3, 0, 1]
[0, -2, 0, -10, -24, 0, -2, 0]
[0, 0, -4, -27, -23, -6, -4, -3]
[-1, -1, -2, -4, 22, 4, 15, -2]
[0, -3, -6, -13, -49, -7, -4, -2]
[-2, -1, 2, 20, 12, 5, -1, -5]
[-1, -2, 5, 10, 12, 3, 2, 2]
[1, 2, -4, 6, 8, 1, -4, 3]
[-2, -1, 1, -7, 9, 2, -5, 1]
[0, 2, 2, 10, 15, -2, -1, -3]
[-3, 0, 1, -4, -20, -4, 5, 4]
[1, -4, -2, 9, 18, -2, -8, -4]
[1, 2, -1, -23, -5, 3, 4, -2]
[-1, -3, -7, -5, -18, -6, -3, 1]
[-2, -1, 3, 28, 48, 3, 12, -2]
[-1, -1, -4, -21, -32, -9, -9, -3]
[-2, 1, 1, 11, 15, 1, 0, 1]
[3, -1, -1, -4, 18, 1, 2, -1]
[-1, 2, -4, -14, -34, -4, 2, 0]
[-1, 2, 4, 0, 2, 2, -3, 1]
[-3, -3, -5, -6, -37, -7, -4, -1]
[-2, -1, 1, 19, 66, 6, 4, 0]
[2, 3, 0, -2, -21, -2, -2, -2]
[1, 2, 3, 18, 24, 0, -12, 0]
[-4, -2, -1, -31, -52, -5, 16, -1]
[-2, 0, 2, 1, -19, -2, -3, 0]
[-3, -4, -5, -13, 4, 1, -1, -3]
[0, 1, 0, -16, -7, -3, -4, 1]
[-1, -2, 0, 5, 31, 4, 0, -1]
[0, -2, -4, -20, -40, -5, -3, -3]
[1, 1, 0, 20, 19, 1, -4, 1]
[-1, -3, -2, -17, -22, 2, 1, -7]
[-2, 2, 0, 17, 34, -5, -3, 6]
[0, 0, 1, 16, 7, -1, 1, 3]
[1, -1, -2, -16, -1, 4, 0, -4]
[-2, -3, -2, -11, -1, -2, 0, -2]
[3, 2, 1, 12, 4, 3, 1, 0]
[-1, 1, -3, -9, -10, -2, -3, -2]
[1, -1, 2, -5, -30, -2, 2, 4]
[0, 1, 2, 13, 21, 3, 1, -1]
[-1, 0, -2, -3, -15, -2, -4, -1]
[0, 0, 1, -2, 11, -1, 4, 4]
[2, -2, 2, 12, 17, -1, 0, -1]
[-1, -3, -6, -19, -45, -3, -1, 2]
[-1, 3, 5, 27, 28, 3, 0, -2]
[-4, 0, -2, -8, -19, -2, -3, -3]
[-4, 1, 0, 6, 12, -1, -10, -2]
[-1, -1, -1, 3, 6, 6, 22, 4]
[-2, -5, -3, -12, -6, -1, -1, -3]
[1, -3, -2, -10, -2, -4, 0, -2]
[-1, -1, 1, 6, -1, -1, -6, -3]
[-1, -2, -1, -1, 29, 4, -1, 1]
[-1, -1, -4, -12, -39, -4, -2, 0]
[-4, 0, -1, -17, -30, -5, -4, -2]
[1, 2, 1, 17, 24, 1, 0, 1]
[-3, -3, -3, 1, -16, -5, -7, -2]
[3, 4, 4, 5, 16, 1, -3, -1]
[0, -4, -4, 8, 14, -1, -1, -2]
[-1, 0, -3, -20, -30, -3, 5, 0]
[-1, 1, 3, 18, 35, 6, 0, 1]
[1, -3, -4, -12, -10, 0, -1, -1]
[-1, 1, 2, -1, -2, -5, 0, 1]
[-2, -2, -1, -4, -3, -3, -1, 0]
[0, 2, 2, 10, 0, -2, -2, -1]
[-2, -4, -4, -32, -18, -2, -5, 0]
[0, 0, 2, 32, 33, 5, -2, 0]
[0, -3, -1, 23, 73, 7, 5, 0]
[0, -1, -3, -24, -84, -14, 4, -2]
[-1, 1, 1, -1, 10, 1, -3, -4]
[-2, 0, 1, -6, -7, -2, 0, -1]
[-1, 0, -4, -13, -16, -3, -3, -2]
[3, 0, 2, 19, 49, 10, 6, 0]
[0, -2, -7, -23, -38, -10, 0, 0]
[-1, -2, -1, 6, -29, -1, 0, 0]
[-2, -2, 3, 1, 2, -2, -2, 1]
[-1, -3, -2, 3, 15, 1, -5, 0]
[1, 4, 4, 4, 16, 4, 3, -1]
[-2, -1, -4, -5, 2, -1, -4, -1]
[1, -1, -4, -13, -27, -4, -1, -2]
[4, 2, 5, 18, 29, 5, -4, -1]
[-3, -3, -2, 1, 14, 2, -1, -2]
[-2, 0, 1, -12, -26, -5, 4, 0]
[-1, -3, -5, -26, -10, 0, -6, 1]
[-1, -3, -3, -2, -6, -3, -4, -2]
[1, 3, 9, 16, 22, 6, 3, 2]
[-3, 0, -6, 10, 1, -6, -8, -3]
[0, -1, -1, 2, 10, -1, -4, 0]
[-1, -2, -3, -9, -16, 1, -1, -3]
[1, 0, -3, -7, 0, 0, -2, -4]
[1, -1, 3, 4, 2, 4, 1, 1]
[-1, 1, 0, -6, -40, -5, -2, 2]
[-2, -2, -5, -9, 6, -7, -5, -2]
[-1, -6, -4, 14, -15, -4, 2, 1]
[0, 3, 3, -18, -1, -3, -3, -4]
[-3, -1, -2, 20, 10, 1, 3, -2]
[-1, 2, 3, 1, -2, 0, 1, 2]
[-2, 0, -1, -19, -4, 3, 0, -1]
[2, -1, 0, 22, 8, 2, 0, 0]
[1, 0, 2, -3, -7, -4, -1, -2]
[-1, 2, 1, -4, -6, 1, 0, 0]
[1, -1, -2, 18, 24, 3, 1, 4]
[1, -2, -1, -6, 2, 0, 3, 1]
[-3, -4, -7, -2, 25, -2, 3, -1]
[0, 3, 1, -7, -59, -2, -2, -4]
[0, 0, 1, -2, 12, -1, -7, 2]
[-1, 1, -2, -8, -4, 1, 0, -1]
[-1, -3, -1, -7, -19, -6, -1, -1]
[-1, -3, -1, 14, 48, 4, 2, 2]
[-1, -2, 0, 3, -3, -2, 0, -2]
[2, -1, 0, -15, -23, -1, -1, 0]
[-1, 2, 5, 17, 26, -1, -3, 0]
[2, -1, 3, 5, 6, 3, -3, 2]
[-2, 0, 1, 7, 10, 5, 15, 6]
[-1, -5, -6, -15, 4, -5, -27, -8]
[-1, 4, 3, 22, 2, 2, 3, -2]
[-1, -2, -3, -31, -18, -2, 1, 0]
[-1, -1, 2, 6, 10, 0, -4, -3]
[-1, -1, -1, 9, 1, -4, 5, 2]
[3, 2, 1, 1, 12, 0, 3, 1]
[0, -2, -4, 7, 4, 0, -7, 0]
[0, -1, -5, -9, -12, -3, 2, -1]
[-1, 4, 2, 10, 9, 3, 4, 1]
[-2, 0, -4, -30, -26, -3, -5, -2]
[0, -1, -1, -6, 0, -2, 4, -1]
[0, -2, 1, 13, 7, 3, -2, -4]
[0, 0, 0, 7, 7, 1, 5, 1]
[0, 0, 2, 6, -3, -2, 0, 0]
[-2, -2, -2, -12, -11, 1, -1, -1]
[-2, 2, -3, -2, 15, -2, -1, -2]
[-3, -1, -2, 0, -10, -4, 0, 4]
[0, -2, 4, 7, -19, 1, 1, -1]
[1, 1, 4, 6, 29, 2, 1, 0]
[0, 2, 0, 5, 13, 1, -3, -1]
[-3, -1, -4, -8, 3, -5, 2, 0]
[0, -1, -2, -7, 2, 0, 1, 0]
[-1, 2, 3, 3, -10, -1, -1, 0]
[0, 0, -1, 2, -3, 0, -2, -1]
[-1, 1, 2, 1, -8, 2, -5, 1]
[-2, -2, -1, -2, 13, 1, -3, 0]
[-1, 2, -3, -9, 7, -2, 0, -2]
[-2, 1, 0, 1, -26, -4, -5, -2]
[-3, -5, 1, 6, 4, 0, 4, 0]
[-2, -3, -2, -1, -6, 0, -5, -2]
[1, -1, -1, 9, 8, 1, 2, 0]
[2, -1, -3, -7, 7, 2, 10, -2]
[3, 1, 6, -17, -8, 1, -14, 4]
[0, 1, 4, 49, 34, 2, 4, 1]
[-4, -5, -7, -40, -50, -12, -4, -1]
[0, -3, -2, -10, -2, 3, 7, 2]
[1, 1, 0, 6, 7, 2, 4, 0]
[-1, -1, -3, -3, 5, -1, 2, 0]
[0, 3, -3, 8, 6, 0, 2, -1]
[1, 2, 2, -1, -2, -1, -7, 2]
[0, 2, 0, -15, -15, -3, -3, -3]
[-1, -4, -3, 5, -1, -1, 3, -1]
[0, 0, -1, 4, -1, 0, -2, 0]
[-2, -2, 0, -2, -13, -3, -2, -2]
[0, 0, -3, 8, 19, 1, 2, -1]
[-1, 2, 0, -12, -12, -2, -1, 0]
[-2, 0, -1, 10, 25, 1, -7, 0]
[0, 2, 3, 1, -22, 0, 1, 2]
[1, 0, -2, 11, 31, 1, 1, -3]
[-1, -2, -3, -33, -68, -11, -7, 0]
[0, -2, -1, 30, 30, 5, 2, -1]
[-1, -3, -3, 1, 7, 0, -4, 0]
[-3, -2, -4, -22, -12, 2, 5, -2]
[-1, 0, 2, 22, 20, 1, 0, -2]
[-1, -1, 3, -14, -3, 0, -1, 3]
[-1, -1, -2, 2, -18, -4, 2, 3]
[-1, -1, -5, -19, -9, -3, -17, -8]
[0, 1, -3, -3, 10, 1, 2, -1]
[0, 2, 2, 13, 8, 5, 2, 3]
[0, -1, -2, -19, -24, -4, -2, -3]
[-1, -2, -5, -6, -6, -7, 3, 1]
[1, -1, -2, -9, -1, 1, -1, -2]
[-2, 3, 3, 11, 4, -1, 0, -3]
[-2, -3, -3, -2, 11, 4, 2, 0]
[-1, -2, -2, 8, 9, -1, 2, -1]
[0, 0, -1, -4, -7, -1, -5, 0]
[-1, -5, -1, -10, -9, -3, 1, -1]
[2, 0, 2, 2, -3, -2, -3, 2]
[0, -2, 1, 22, 25, -1, 2, -1]
[-3, -4, -6, -21, 1, -2, -2, 1]
[-2, 1, 1, 5, -11, 1, 1, -3]
[-2, 0, -2, 3, 12, 1, -3, -4]
[1, 1, 1, 5, -29, -2, 0, -2]
[-1, -2, -6, -35, 1, -2, 1, 0]
[1, 0, 1, 19, 5, 2, -2, -2]
[0, -1, 0, 6, 23, 1, -1, -2]
[-1, 0, 0, -11, -23, -3, -4, 1]
[0, 1, 0, 4, -7, 1, 22, 0]
[0, 0, -1, -5, 26, -4, 3, 1]
[-3, 0, 0, -2, -35, -4, -10, -3]
[0, 0, -1, -2, 4, -1, 0, 2]
[-2, 1, 4, 2, -7, 0, -7, -2]
[2, 1, -1, 1, 1, 2, -5, -6]
[-2, -2, -4, 5, 19, -3, 4, 11]
[-1, -4, -1, -12, 0, 0, 7, 3]
[0, -1, -1, 8, -11, -2, -25, -8]
[0, 0, 0, -5, -17, 1, 5, 0]
[-1, -1, 0, -7, 1, -2, -3, -6]
[-2, -5, -2, 19, 37, 7, 2, 1]
[0, -4, -4, -17, -55, -8, 2, 2]
[-1, -1, 0, -18, -33, -2, -4, -3]
[-1, 1, 3, 28, 42, 8, -4, -3]
[-3, -1, -4, -16, -34, -14, 1, 0]
[3, 0, 2, 1, 26, 6, 5, -1]
[-1, -4, -6, 1, 2, -2, -2, -1]
[0, 0, 4, 2, -5, 2, 5, 1]
[1, -1, 4, 4, 26, 4, 2, -1]
[0, 0, -1, -8, -28, -2, -1, 0]
[0, 0, 1, 9, 5, 1, -5, 1]
[-3, -1, -5, -1, 6, -2, 0, -3]
[-1, 1, 1, 10, 22, 2, -2, -1]
[-2, 1, -3, -9, -33, -8, -4, 1]
[-3, 0, -3, -23, -5, -2, 3, -2]
[1, 3, 6, 30, 32, 5, 5, 1]
[-1, -1, -4, -10, -39, -4, -5, -2]
[-2, -1, -1, -7, 1, 3, 3, 1]
[-2, -4, -2, -2, -2, -6, -7, -5]
[0, -3, -3, -14, 11, -4, 0, 5]
[-1, 2, 5, 20, 15, 1, 4, 2]
[-1, -3, -1, 0, -3, 2, 9, 0]
[1, 2, -1, 0, -12, 2, 1, -3]
[-2, -5, -4, -11, -10, -4, -2, -5]
[1, -1, -1, -8, -7, 2, 1, 0]
[3, 2, 4, 26, 41, 3, 5, 1]
[-2, -2, -2, -13, 4, -1, 3, 3]
[-1, 0, -1, 8, -10, -3, -10, -3]
[-3, -2, -3, 1, -11, -3, -4, -1]
[-1, 0, 1, 20, 50, 7, -3, 1]
[1, -1, 1, -5, 12, -1, -1, 0]
[-1, -2, -2, -16, -54, -12, -6, -3]
[-1, 0, 4, 5, 6, -2, -5, 0]
[0, -1, -3, -16, -2, -1, 5, -4]
[0, 0, -3, 2, 1, 2, 1, 3]
[-2, -3, -5, 13, 6, -4, 0, -2]
[1, 4, 1, -1, -6, -2, -6, -4]
[-1, -2, -2, -5, 24, 2, -6, -3]
[-3, -3, -6, -11, -22, -3, 4, 1]
[1, 2, -2, -14, -19, -3, 0, 2]
[0, 0, 2, 5, 2, 2, 3, -1]
[2, 2, 5, 10, 8, 0, -1, 2]
[1, -1, -1, 1, -2, -2, -1, -1]
[-2, -1, 0, -16, 2, 1, -2, -1]
[0, -2, -2, 8, 21, 0, 0, -1]
[-2, -3, -4, -9, -25, 0, 0, -2]
[1, -1, 1, 14, 7, 2, 1, 3]
[0, 1, 0, 0, -2, -1, -3, -3]
[-1, -1, -3, -19, -21, -4, -3, 1]
[-1, 1, 0, 14, 26, 4, -3, -2]
[-1, 1, 5, 6, -14, 4, 2, -2]
[-5, -2, -2, -9, 0, -5, 4, 9]
[-1, -1, 0, -4, -5, -3, 1, -1]
[1, -1, 0, 1, -9, 1, 1, 3]
[1, 0, 2, 9, 22, 3, 0, 1]
[0, -1, -3, 10, 12, 3, 6, -2]
[-2, 1, 4, 2, 13, 0, -7, -4]
[2, 1, -1, 3, -10, -2, -4, 1]
[0, 0, 1, -5, -2, -2, -2, 2]
[0, -1, -5, -20, -15, -4, -4, -8]
[2, -4, -5, 9, 8, 2, 0, 0]
[1, -1, 3, -7, -5, 1, -1, -2]
[0, -1, 1, 0, -2, -3, -5, 0]
[-1, -1, -2, 14, 18, 0, -4, -1]
[-2, 0, -3, -30, -25, -4, 2, -2]
[1, -1, 2, 12, 12, 3, -2, 0]
[-1, -3, -2, -18, -8, -1, 0, 0]
[-4, -1, -1, 8, -14, -6, 0, -3]
[2, 1, 1, 9, 8, 6, 7, 0]
[-4, -4, -2, -10, -23, -6, -4, -5]
[1, 0, 0, -1, 4, 2, 0, 4]
[0, 2, 1, -3, 2, 1, -1, -2]
[1, 0, -3, -1, 11, 4, 2, 1]
[-1, 0, 0, 1, 1, 0, 0, 1]
[1, -1, -2, 3, -4, 0, -1, -2]
[1, 0, 3, 2, 13, 0, -4, -1]
[-1, -2, -3, -2, 5, -2, -1, 1]
[1, 0, 5, 10, 0, 3, 1, 0]
[-1, -3, -1, 7, 1, 0, -1, -2]
[0, -4, -3, -13, -2, -1, -1, -1]
[-2, -2, -1, -11, -9, -2, 3, -2]
[-1, -1, -1, -20, -7, -1, 0, -1]
[-2, -1, 1, 35, 15, 1, 0, -2]
[-5, -2, 1, 6, 9, -2, -1, -2]
[-4, -4, 0, 4, 3, 1, -4, -2]
[1, -2, -8, -27, -40, -6, 0, 2]
[1, 5, 6, 21, 11, 1, -1, 0]
[0, 1, 1, -5, 0, -2, -8, -2]
[1, 0, 0, 4, -27, -2, 13, 1]
[0, 0, 3, 7, 10, 3, -7, -9]
[-2, -3, -3, -16, -6, -2, 4, 12]
[-1, -2, -3, -22, -16, -2, -3, 0]
[0, 0, 4, 31, 36, -1, 3, 1]
[4, 0, -4, -4, 0, 2, 5, 0]
[0, -2, -6, -10, -7, -4, -4, -4]
[0, 1, 0, -6, 0, 0, 2, -3]
[-2, -1, -4, 5, -1, 0, -6, -1]
[-3, 2, 2, 5, 5, 2, 3, 1]
[-2, 1, 2, 7, 20, -1, -7, -6]
[0, -2, -2, -10, -15, -2, 8, 5]
[-2, -2, -1, -14, -40, -1, -3, -4]
[1, 1, 1, 10, 21, -1, -2, 2]
[-3, 0, -4, -28, -35, -4, 4, -3]
[-2, -3, 0, 0, 7, -4, -2, -2]
[2, 0, 1, 3, 2, 1, -4, -1]
[-2, 0, 2, 7, 18, 3, 3, -1]
[1, -1, -1, -4, 1, 4, 0, -3]
[-1, -1, -4, -9, -28, -5, -2, 0]
[-2, 0, 1, 6, 24, -3, -1, 2]
[-1, -3, -3, -16, -13, -2, -8, -1]
[2, -1, 1, 13, 51, 5, 2, -1]
[-2, -2, -3, -4, -53, -10, -12, 0]
[0, 0, -3, -27, -25, -3, 14, 0]
[0, -2, 0, 22, 36, 3, 2, 1]
[-1, 0, -3, -8, -4, -2, -2, -3]
[0, 0, -1, 4, -10, -4, -6, -1]
[-2, -2, -1, 6, -1, -3, -9, -1]
[-2, -1, 0, -1, 15, 5, 4, -2]
[-1, -2, 0, 8, -2, -2, 1, -2]
[0, 3, 0, -8, 11, 2, 6, 1]
[0, -2, -1, -2, -12, -2, -6, -2]
[0, -1, -2, 2, 8, 2, 2, 0]
[0, -2, -1, -9, -1, 0, 1, -3]
[0, 1, 1, 33, 13, 0, 12, 3]
[-1, 1, -1, -9, 12, -1, -3, -3]
[-1, 0, -1, 1, -26, -2, -1, -1]
[1, -3, -3, -9, -8, 0, -4, -1]
[-1, 2, 3, 7, 5, 1, 3, -2]
[1, 2, -1, -15, 23, 4, 2, 0]
[0, -1, -3, 8, 1, 2, 0, 0]
[-1, -2, -4, -20, -54, -9, 2, -1]
[-1, -2, 0, -2, 13, -1, -6, 0]
[-2, 0, -2, -5, 11, -2, -3, 2]
[1, 1, 0, 8, 2, -1, -3, -2]
[0, 1, -2, 2, -4, -1, -2, 2]
[0, -3, -1, 2, 2, 0, -2, -1]
[-2, -4, -1, -5, -33, -2, -7, -2]
[-1, -1, -1, -3, 11, 3, -1, 2]
[1, 3, 2, -2, 4, 0, -3, -4]
[0, 1, 1, 10, 15, -2, -2, 0]
[-1, 1, 0, -5, -13, -3, 0, -2]
[1, -1, -1, 6, 22, 1, -4, 0]
[0, -3, -1, -9, -30, -4, -2, 2]
[-2, -3, -6, -13, -19, -7, -1, -1]
[0, 2, 3, 12, 15, 1, -5, -3]
[-1, -1, -5, -34, -18, -3, 3, 0]
[-2, 0, 1, 21, 40, 3, 0, -1]
[-2, 0, 2, 8, 3, 2, 3, 1]
[-2, -3, -5, -6, -3, -2, -5, -2]
[2, 0, 1, 16, -6, 0, 3, 1]
[-1, 0, -1, -5, 10, -1, 2, 2]
[1, -2, -2, 0, 2, 0, -6, -3]
[1, -1, 0, 7, -1, 0, 0, 1]
[-1, -1, 0, 0, 10, 1, 2, 0]
[0, -1, 1, -7, -12, 1, -2, -1]
[-2, 0, -1, 20, 15, -1, -5, -3]
[1, 1, 0, 4, 0, 2, 1, 0]
[2, 1, 0, -4, -16, -3, -2, -7]
[-2, -3, -4, 0, -3, -3, 2, 7]
[-3, -3, 2, 7, 17, -1, -1, -2]
[-2, -2, -4, -17, 4, -2, 1, -3]
[1, -1, 1, 5, -5, 3, 3, 6]
[-2, -2, 2, 16, 27, -1, -2, -4]
[-3, -3, -4, -20, -27, -1, 10, 2]
[0, -2, 0, 2, 11, 1, -14, -5]
[-2, -1, 2, 7, 3, -1, 1, -3]
[1, 4, 3, -4, -15, -4, -5, 0]
[0, 0, 0, -2, -3, -3, 6, 5]
[0, 2, -2, -4, -21, -2, -6, -3]
[0, -1, -2, -2, 22, 5, -2, -1]
[0, -2, -1, 1, -9, -4, -2, -2]
[0, 0, -2, -12, -1, -2, -6, -1]
[0, -2, 2, 16, 8, 2, 3, 4]
[0, -2, -4, -12, -11, 0, -1, 1]
[-1, 0, -1, 13, 13, 0, -2, 0]
[0, 0, -1, -7, -13, -3, -3, -5]
[1, -1, -2, -8, 4, 0, 5, 1]
[-1, 0, -1, 6, -13, -3, 3, 1]
[-1, -4, -2, -11, 8, -2, 1, -2]
[2, 2, 0, 5, -7, 1, -5, -1]
[-1, -1, 0, 10, 8, 0, 1, 0]
[-1, 2, 1, -6, 2, -4, -3, 1]
[0, 0, -1, -2, -10, 6, 4, 3]
[0, 2, 1, 11, 12, 0, -1, 0]
[0, -3, -3, -2, -6, -1, 1, 2]
[1, 1, -1, -9, -4, 0, 1, -1]
[0, 0, 2, 4, 16, 2, -4, -3]
[-1, -3, 2, 4, -8, -4, 1, 0]
[1, -1, 1, -3, -8, -4, 1, 0]
[1, -1, 0, 8, 20, 4, 1, -2]
[-1, 0, -5, -13, -21, -2, -1, -1]
[-2, 0, -1, -1, -21, -6, -6, -1]
[-1, -1, -3, -1, 0, -1, 0, 1]
[-1, -2, 0, -9, -9, 0, -1, 1]
[0, -2, 1, 10, -6, -2, -1, 0]
[-2, 1, -3, -18, -2, 0, -1, -1]
[1, 0, 4, 28, 32, 4, 4, 1]
[-1, 0, -1, -29, -44, -3, -6, 0]
[-1, -1, 0, 20, 23, 3, 0, -3]
[1, -2, -3, -20, -4, -4, -4, -1]
[-2, -1, 2, 2, -16, -1, 5, 1]
[-2, -2, -2, 4, 12, 1, 1, -2]
[0, 2, 2, 12, 16, -1, 0, 1]
[0, 0, -1, 1, 8, -1, -2, -1]
[2, 1, -6, -11, -10, -3, -3, 1]
[2, -3, -4, -7, -3, 3, 3, -1]
[-2, 0, -1, -7, -17, -3, -1, 0]
[0, -1, 2, 7, 20, -1, 0, -1]
[-2, -1, 2, -10, -33, -3, 1, -2]
[-3, -2, -1, 12, 8, 1, -1, -1]
[1, -4, -5, -13, -4, -3, -1, -2]
[0, 0, -2, 4, -1, 3, 2, 1]
[-1, -1, -2, 2, 17, 0, -4, -2]
[2, 2, 1, 3, -7, -4, -1, -1]
[-2, 0, -1, -24, -18, -2, 2, 0]
[0, 0, 1, 17, 4, 3, -2, 1]
[-1, -2, -1, 2, 16, 1, -1, -2]
[0, 0, -2, 9, 24, 1, 0, 0]
[-2, 0, 0, -9, -16, -3, -2, -3]
[-1, -3, -3, -5, -4, -5, -2, -2]
[-3, 0, -5, -9, -3, -1, -5, -2]
[-1, 0, 2, 9, 5, -2, -2, 0]
[1, 1, 0, -1, 5, 3, 7, 5]
[-2, -2, -2, -2, -11, -2, 0, 0]
[2, -1, -2, -1, -4, -1, -1, 0]
[3, 1, 2, -2, -9, 1, -1, 1]
[-2, -1, 1, 15, 2, 1, -1, -4]
[-3, -1, -4, -9, -13, -4, -8, -2]
[-1, 0, -2, 13, 20, 3, 6, 6]
[0, 3, 2, -9, 3, -1, 4, -1]
[-2, -4, -2, 9, 9, 1, 0, -2]
[1, -1, 2, 1, 9, 5, 4, -2]
[-1, -5, -6, -34, -55, -15, -6, -3]
[1, -1, 4, 27, 14, 6, -8, 2]
[-2, -3, -2, -11, -25, -8, 17, -4]
[1, 0, 2, 5, 29, 5, 0, 6]
[-2, -1, 0, 1, 3, -3, -4, -3]
[-1, -2, -3, 2, 6, 2, 2, 2]
[1, 0, -4, -10, -3, -1, -16, -1]
[1, 0, -3, -1, -3, -3, 3, -4]
[0, 3, 7, 14, 17, 10, 13, 0]
[-4, -2, 0, -6, -13, -13, -41, -10]
[4, 5, 1, 10, 19, 6, 7, 7]
[1, -4, 0, -7, -8, 0, 10, 2]
[-9, -6, -4, -1, -3, -9, -14, -6]
[2, -4, -5, -7, 2, 4, 13, -5]
[7, 0, -4, 2, -7, 1, -4, 5]
[1, 3, 3, 11, 12, 5, 8, 6]
[7, 2, 1, -9, -19, -6, -1, 3]
[-4, 1, -2, -3, 21, 6, 8, 0]
[0, -1, 1, 9, -11, -10, -5, -6]
[-2, -1, 1, -9, -26, 2, 3, -2]
[-1, 1, 6, 20, 21, -4, -11, -4]
[1, -1, -6, -28, 11, -7, 1, -1]
[-2, -2, 4, 34, 28, -1, -2, 7]
[3, -3, -2, -12, -23, 9, 14, -7]
[-1, 2, 0, 3, -11, -5, 5, 5]
[0, -6, -3, -4, -32, -9, -9, -4]
[-3, 9, 2, -9, 25, 11, 5, 5]
[0, 1, -2, -6, 36, -5, -10, 0]
[-2, -4, -2, 3, -53, 1, 11, -5]
[4, -1, 1, 17, 44, 10, 3, 14]
[-5, -6, -3, -16, -82, -21, -25, -24]
[-4, 3, 5, 4, 26, -3, -24, -7]
[4, 6, 3, 7, 15, 15, 13, -2]
[5, 1, 0, 15, -4, 14, 21, 14]
[-5, -3, 1, -5, 12, -3, -23, -5]
[2, 1, -7, -36, -80, -16, -27, 0]
[0, 1, 6, -22, 12, -11, -17, -3]
[-4, -1, 0, 39, 53, 6, 16, -27]
[0, -4, -6, -16, 13, 9, 21, 37]
[6, 0, 3, 57, 28, 1, -13, -11]
[-7, -8, -10, -40, 0, 37, 1, 9]
[2, 0, 12, 69, 30, -16, -10, -1]
[26, 24, 11, -35, 11, 50, 90, 45]
[-5, -2, -4, 22, 70, -17, -39, -22]
[-14, -3, -4, 2, -27, -12, -27, -29]
[17, 9, 7, -27, -29, 41, 18, 9]
[-22, -38, -15, 17, 112, 16, 18, -19]
[9, 32, 4, -2, -71, -22, -29, 19]
[-12, -3, -8, -73, -18, -36, -28, -10]
[6, 12, 1, 18, -9, 1, 27, 22]
[7, 1, -1, -21, 10, 16, 22, 4]
[-8, -22, -4, -20, -6, 1, 47, -6]
[-5, -7, -5, 13, -21, -14, -50, -9]
[-4, 5, 12, 4, -8, 9, -11, -5]
[-10, -1, 2, -24, -46, -58, -50, -22]
[2, -10, -5, 0, -6, -41, -42, 12]
[27, 18, 23, 68, 103, 102, 112, 33]
[-16, -23, -20, -29, -75, -24, -25, -25]
[-7, 8, -1, 39, 61, -15, -23, 3]
[-2, 3, -1, -39, -8, -32, -25, -12]
[5, -3, 0, 28, 83, 32, -22, -10]
[15, 15, 3, -49, -90, -46, 30, 31]
[-25, -18, -19, -58, -81, 14, -5, -15]
[-26, -30, -8, 65, 84, 5, 18, -18]
[25, 28, -1, -42, -70, -28, -37, 16]
[-18, -3, 0, 26, 32, -10, -40, -27]
[8, 8, 0, -34, -40, -23, -38, -9]
[-12, 12, 9, -5, 29, 61, 93, 7]
[-60, -32, -16, -3, 5, -58, -82, -30]
[79, 12, 31, 49, 18, 47, 57, 65]
[41, 20, 18, 9, -5, -10, 23, 44]
[4, -13, -31, -34, -9, 36, 22, 3]
[2, 6, -34, -76, -67, -52, -59, -34]
[-83, -17, -24, 13, 7, -33, -42, -42]
[-22, 10, 63, 41, 42, 52, 64, -9]
[-7, -12, 0, 3, -55, -20, -28, -2]
[48, 9, -1, -17, -5, 0, 43, 52]
[36, -17, -80, -128, 14, -11, -43, -11]
[-57, 2, 19, 127, 4, 22, 9, -47]
[28, -2, 20, 9, -14, -51, -116, -2]
[-18, 3, 45, 26, 13, 43, 127, 38]
[29, -2, 8, -3, 15, 29, 49, 32]
[-17, -10, -39, -49, -9, -35, -68, -44]
[-26, 14, -1, -30, -51, 0, -27, -45]
[-18, -26, -10, 16, 18, 2, 35, 30]
[40, 19, 20, 27, 0, 31, 41, 48]
[-23, -15, -18, -47, -10, -20, -33, -19]
[-1, -9, -16, -12, 4, 0, -5, 21]
[17, 7, 9, 50, 34, 19, 25, 0]
[-33, -15, -12, 7, -12, -24, 0, 5]
[34, 9, -11, -5, -7, -28, -52, -8]
[-8, -2, -5, -28, 21, 48, 78, 3]
[-45, -11, 6, 63, -7, -29, -41, -12]
[8, -3, -13, -44, 3, -12, -49, -54]
[-1, 8, -21, -2, 15, 2, 15, 8]
[28, 13, 31, 28, 1, -3, 30, 53]
[-7, -6, -23, -53, -9, 7, 0, -23]
[-15, -15, 28, 26, 24, 27, 54, 16]
[49, 6, -7, 54, -5, -18, -41, -27]
[-96, 7, -1, 16, 10, 1, -13, -55]
[127, 14, -10, -35, -15, -3, 30, 96]
[-66, 8, 40, 54, 23, -9, -40, -75]
[50, -21, -45, -103, -4, 43, 80, 104]
[34, 21, 57, 87, 1, 1, 5, 27]
[-5, 7, 2, 19, -6, -6, -24, -52]
[-27, -10, -10, -29, -7, -29, -44, 4]
[-128, -17, -2, -19, -1, -10, -52, -128]
[104, -26, -38, -48, -7, 36, 89, 100]
[37, 15, 25, 11, 0, -36, -60, 29]
[-54, 6, -15, -34, -9, 25, 84, -34]
[-59, -6, -4, 27, -10, -3, -11, -33]
[46, 7, 3, 12, 2, 3, -25, 30]
[-50, -19, -48, -83, -18, -30, -32, -81]
[3, -3, 67, 93, 47, -12, -56, 66]
[66, 30, 15, -36, 8, 28, 19, 38]
[-6, 6, -3, -45, -17, -19, -5, 9]
[-17, 9, 4, -11, 0, 22, 46, -5]
[-35, -15, -38, -98, -19, 3, -48, -52]
[24, -3, 13, 66, 6, 7, -11, -5]
[37, -25, -6, 6, 4, -5, -1, 64]
[-30, 25, -25, -11, -11, -35, -66, -83]
[-101, -19, 7, 19, 13, 9, 22, 64]
[127, 51, -21, -92, -11, 27, 61, 19]
[-6, 11, 18, 59, 4, -14, -5, 75]
[92, -7, 67, 127, 24, 17, 85, 127]
[-40, -9, -25, -74, -25, -8, -59, -89]
[-110, -45, 4, 55, 7, -27, -54, -81]
[-1, -2, -61, -81, -25, 14, 50, -31]
[-13, 56, 49, 27, 26, 35, -17, -30]
[18, -14, -9, -9, -12, -6, 25, -9]
[-62, 0, -27, -48, -21, -54, -24, -70]
[22, -32, 9, 56, 5, 23, 75, 19]
[-17, -4, 11, -16, -9, -22, -59, -69]
[123, 14, -45, -56, 0, 36, 93, 73]
[2, -1, -5, -16, 15, 91, 90, 117]
[-127, -25, -21, -64, -47, -92, -128, -128]
[45, -7, 10, 23, -3, 23, 19, 60]
[-81, 51, 20, -29, -25, -103, -128, -128]
[9, -55, -25, 60, 10, 44, 77, 116]
[51, 6, -10, -99, 6, 57, 50, -93]
[31, -1, 16, 98, 9, -24, -17, 112]
[-21, 15, -35, -116, -23, -6, -2, -98]
[89, -1, 3, 97, 36, 21, 39, 75]
[-17, 5, 85, 78, -2, -18, -80, 106]
[-45, -35, -45, -18, -31, -33, -66, -127]
[-46, -5, -52, -31, -24, 11, -80, -17]
[-94, -55, 7, -31, -26, -58, -41, -42]
[23, 67, 70, 66, 57, 30, 63, 21]
[-114, -36, -39, -128, -2, 26, 20, -84]
[37, -15, 21, 62, 26, 39, 36, 127]
[54, 69, 8, -56, -29, -8, -39, 46]
