[52, 11, 16, -1, 0, 19, 26, -9]
[-128, -25, -66, -111, -7, -31, -92, -128]
[71, -6, 54, 92, 12, -19, -8, 61]
[23, 13, -29, -93, 9, -15, -38, -9]
[-6, -2, 65, 94, 20, -11, -1, 10]
[51, -3, -28, -96, 9, 60, 87, 50]
[-84, 10, 17, 42, 20, -48, -54, -101]
[-12, -17, -46, -94, 6, -5, 29, 43]
[-59, 24, 2, 79, 9, -29, -78, -96]
[0, -17, -14, 16, -13, 26, 90, 114]
[104, 11, 44, 81, -9, 40, 39, 30]
[10, 13, 62, 69, 1, -41, -44, 13]
[-44, -6, -42, -84, -2, 9, 0, -91]
[123, 11, -13, -11, 8, 4, -38, -9]
[-128, 10, -47, -60, -13, -4, -62, -128]
[77, -38, -20, -69, -11, 18, 92, 80]
[-35, 8, 31, 82, 4, 36, 38, -33]
[-36, -27, -20, -42, -12, -48, -18, 112]
[40, -15, -4, -42, -11, 33, -1, 83]
[-35, 8, 50, 87, 26, 35, -89, -69]
[-32, -5, -15, -26, -25, -20, -39, -37]
[36, 18, -5, -49, 30, 61, 85, -11]
[-19, -16, -21, -9, -23, -102, -65, 19]
[80, 50, -12, -13, 36, 123, 127, 93]
[-56, -54, 35, 2, -21, -50, -97, -33]
[-97, -4, 10, 29, -18, -93, -95, -73]
[13, -7, -59, -54, -19, 80, 61, 59]
[-6, 28, 59, 98, 45, 79, 49, 37]
[127, 44, -89, -110, -31, -46, -2, 65]
[61, -12, 54, 30, -3, 41, -8, 20]
[-81, -13, -20, -85, -17, -102, -98, -116]
[17, -14, 40, 88, 8, 53, 36, 55]
[9, 17, 63, 41, 11, -30, -2, 15]
[105, 9, -19, -13, -26, 2, 4, -21]
[-128, 22, 4, -44, 31, -6, -128, -116]
[-2, -100, -121, -27, -46, -104, 2, -12]
[17, 46, 72, 64, 36, 67, 95, 127]
[-10, 40, 49, -66, 3, 18, -19, -62]
[-56, 2, 30, 9, 32, 26, 82, -25]
[-128, 46, -59, -128, -26, -83, -128, -128]
[127, -31, -49, 38, -14, 17, 127, 127]
[-28, -47, 9, 63, 10, 34, -4, 75]
[66, 14, -35, -69, -43, 66, 49, 2]
[-92, 32, 25, 57, 25, -40, -58, -108]
[18, -59, -128, -115, -29, -37, -45, 14]
[31, 115, 116, 127, 49, 37, 22, 9]
[-45, -31, -17, -54, -22, 9, 4, -36]
[-21, 14, 28, 59, -5, 10, -13, -31]
[-109, 8, -50, -122, -8, 2, -47, -128]
[-74, -49, -26, 46, -13, -58, -37, -19]
[68, -9, 4, 65, 14, 35, 8, 44]
[-116, -28, -43, -38, -45, -109, -29, -128]
[60, -30, -2, -61, 24, 76, 26, 89]
[21, 14, 60, 101, 5, 17, 80, 91]
[71, -4, 34, 7, 36, 99, 54, 17]
[-87, -49, -26, -113, -67, -65, -72, -78]
[-66, 4, -40, 2, -5, 35, -40, -97]
[11, 16, -40, -40, 8, -22, 1, 46]
[-116, -37, -2, 17, 14, -41, -95, -89]
[127, 51, 61, 31, -17, 21, 64, 127]
[-113, 4, 17, 39, 2, -11, -7, -128]
[-74, -26, -75, -30, -30, -59, -72, -104]
[28, 56, 50, 51, -3, -12, -12, 3]
[28, -1, -50, -38, 51, 89, 14, -8]
[25, -14, 64, 53, -29, -61, 56, 123]
[48, 34, -4, -1, -3, -7, -35, -128]
[-35, -42, -37, 11, 25, 59, 26, 127]
[6, 4, 8, 38, -8, -33, -52, 26]
[94, 16, -23, -128, -13, 6, -17, 93]
[-99, -34, 5, 126, 26, 19, -5, -67]
[98, 60, 49, -39, -18, -48, 22, 89]
[-38, -7, 8, -19, 27, 53, 35, -28]
[-83, -19, 3, -65, 15, -37, -61, -73]
[-128, -9, -35, -51, -17, 22, 1, -84]
[54, -12, -32, -36, 34, 85, 98, 61]
[-41, 3, 20, 59, -30, -70, -91, -20]
[-68, -32, 4, 34, 1, 57, 98, 31]
[-76, -22, -56, -96, -19, 7, -23, -100]
[-66, -2, -34, -103, -28, -57, -71, -78]
[127, 62, 99, 106, 77, 85, 110, 127]
[-92, -58, -64, -112, -60, -44, -93, -125]
[11, 5, 59, 53, 8, 6, 1, 127]
[-14, 6, -11, 44, -11, -26, -13, -49]
[-14, -18, -12, 55, 30, 12, 6, -41]
[-54, 14, 3, -39, -5, -7, -51, -86]
[71, -5, 12, -22, 38, 27, 42, 72]
[-17, -7, -34, -106, -49, -68, -46, -31]
[-83, -5, 31, 61, 19, 74, 59, -89]
[109, 35, 5, 17, 17, 30, 25, 86]
[-72, -26, -33, 9, -4, -28, -33, -56]
[107, 26, 43, 19, 10, 5, 77, 119]
[-62, -23, -35, -50, -14, -41, -15, -88]
[47, 13, 9, 31, 13, 44, 5, 70]
[-65, 1, -11, -29, -31, -42, -65, -71]
[12, 31, 35, 67, 16, -25, -6, -83]
[-37, -30, -37, -97, -19, 26, 22, 20]
[33, 32, 48, 87, 24, 62, 44, 2]
[56, -3, -34, -80, -11, -16, 18, 55]
[-80, -27, 2, 40, 5, 14, 2, -59]
[-1, -12, -34, -120, -29, -36, -58, -4]
[-92, 7, -7, -33, -3, -25, -24, -94]
[127, 53, 88, 88, 29, 57, 102, 127]
[-15, -16, 4, -3, -4, -35, -27, -34]
[-38, 11, -5, -10, -2, -7, 1, -34]
[62, 4, 1, 1, 13, 13, 9, 69]
[-70, -16, -24, -29, -19, -14, -9, -81]
[-14, -28, -9, 12, 1, 5, -22, 5]
[51, 42, 14, 14, -2, -8, -6, 44]
[-21, 20, 8, 30, 10, -1, 13, -51]
[10, -15, -8, -33, -10, -10, -12, -6]
[65, 64, 21, 17, 13, 23, 12, 64]
[-23, -19, -7, -8, -9, 5, 4, -14]
[26, -5, 0, 13, -9, -19, 11, 27]
[23, -1, 6, -11, 11, 13, 11, 13]
[-49, -19, 4, 16, 7, -3, -7, -28]
[0, -13, -3, 18, -15, -16, -18, -2]
[-5, 6, 3, -4, 13, -7, 17, 5]
[-4, -4, -19, -15, 14, 3, 4, 1]
[-15, -22, -11, 1, -28, -7, -7, -20]
[13, -8, 2, -19, -3, -12, 13, 18]
[25, 3, 2, -3, 30, -8, -12, 8]
[-22, -7, -11, -18, -42, -15, -28, -8]
[-16, 6, 9, -16, -37, -12, -14, -23]
[25, 18, 1, 26, 26, 4, -20, 16]
[-29, -4, 0, 5, -16, -18, 12, -3]
[32, 30, 6, -10, 27, -1, 6, 3]
[-9, -13, -12, -6, -11, 1, 23, 6]
[15, -8, 3, 9, 21, 0, -16, -1]
[-21, -1, 3, 38, 22, 4, -1, -12]
[-12, -8, -10, -16, 3, -11, -10, -7]
[-4, -10, -6, -13, 8, 11, 16, 5]
[-7, -1, -1, -34, -21, 4, -6, 2]
[-1, -10, 7, 1, -51, -5, -9, -9]
[5, 0, 3, 27, 35, 10, 3, -1]
[-24, -8, 4, 18, 16, -2, -7, 0]
[-1, -4, -4, -15, -40, -14, -1, -2]
[10, -6, -1, -15, 34, 0, 6, 15]
[-6, 6, -8, -12, -44, 4, 18, 5]
[9, 13, 9, 47, 72, 40, 24, -7]
[5, 21, 10, -19, -38, 12, -66, -6]
[13, -12, 8, 25, -11, 8, 2, 7]
[23, 50, 6, -26, 41, -4, 5, 6]
[-4, -8, -5, 32, 79, 17, 11, 10]
[-19, -28, -13, -44, -102, -24, 11, 1]
[8, 24, 6, 8, -5, -4, 1, -6]
[-21, -31, -6, -1, -3, -7, -18, -20]
[2, -6, 0, -18, -3, 2, 4, 1]
[0, -13, -1, 28, 19, -7, 8, 4]
[-3, 7, -5, 3, -12, -2, -6, -14]
[-31, -27, -13, -39, 22, 12, 4, -6]
[23, 2, -6, -16, -95, -27, -11, 7]
[7, 7, 10, 60, 49, -1, -11, 1]
[-12, -7, -3, -51, -4, 2, 41, -1]
[28, 20, 9, 64, 44, -7, -27, 14]
[-25, -21, -9, -45, -6, 4, 15, -16]
[9, -1, -4, -8, 54, -5, 10, 7]
[2, -7, 3, 9, 42, 0, -11, -18]
[18, 20, 4, -13, -46, 0, 28, 27]
[-2, 12, -1, -21, -32, -18, -26, -6]
[-2, -3, -5, -35, -8, -5, 9, 0]
[-4, 0, -3, 7, -29, -8, -8, 3]
[-13, -23, 5, 27, 34, 4, -4, -14]
[-2, -1, 3, 11, -3, 5, 0, 3]
[-6, 1, -6, -31, -33, -9, 7, 4]
[-8, -8, 3, 44, 64, 11, -8, -5]
[-11, -22, -6, -48, -91, -10, -12, -14]
[21, 29, 14, 69, 81, 13, 8, 4]
[4, 4, 5, 18, 41, 5, 0, 2]
[-11, -10, -13, -18, -44, -17, -14, -9]
[9, 7, 2, -21, -17, 3, 7, 6]
[-8, -7, -2, -20, 2, 0, 3, -5]
[-5, -3, -1, 43, 40, 11, 6, 11]
[14, 14, 10, 53, 64, 7, -12, -1]
[-2, -12, -10, -25, 10, -3, -8, -6]
[-3, -15, -7, -21, -8, -2, 16, -1]
[3, 1, 1, 14, -30, -15, -1, -1]
[2, -5, 0, -6, 29, 5, 9, 4]
[-3, -9, -3, -12, -17, 3, -7, -7]
[2, 4, -1, -14, 10, -5, -10, -2]
[-6, -5, -7, -23, -66, -15, 0, -1]
[-6, 5, -4, -15, 36, 8, 1, 0]
[7, 10, 11, 22, -33, 4, 6, 3]
[-8, 0, 1, 9, -3, -14, -10, 0]
[-3, -1, -1, -13, -34, 5, 2, -3]
[-4, 0, 0, 6, -1, -4, -5, -2]
[3, 1, 1, -28, -33, 0, -2, 0]
[-11, -2, -5, 11, -43, 3, -2, -4]
[1, 2, 7, 37, 67, 6, -10, -10]
[-7, -11, -6, -40, 11, 2, 2, 7]
[13, 6, -4, -1, -24, 5, 16, 5]
[-16, -5, -5, -11, -22, -6, -7, -2]
[11, -10, -6, -12, 37, 1, 5, -3]
[16, 24, 6, -7, -44, 2, -4, 13]
[-6, -11, -1, 18, 46, 3, 0, -2]
[7, 0, 0, 11, 17, 4, 0, 4]
[-7, -4, -1, 3, -25, -5, -5, -6]
[0, -6, -3, -10, -4, 0, 2, -5]
[3, 2, 2, 8, 10, 9, -5, 0]
[3, 2, 2, -24, -12, 0, -3, -3]
[-3, 5, 5, 41, 47, -3, 0, 4]
[3, 4, 2, 7, 9, -5, 0, 0]
[0, 1, -5, -9, 3, -2, 3, 0]
[2, -1, 0, 2, -10, -2, -2, -1]
[-2, 0, -1, -44, -45, 5, 3, 2]
[-1, -3, -1, 50, 29, -1, 2, 1]
[-5, -3, 0, 28, 56, 9, 2, -2]
[0, 0, 5, 6, 1, -5, 1, 3]
[-4, -4, -4, -13, -12, -3, 1, -3]
[-3, 3, -5, -15, -37, -6, -3, -3]
[-6, -4, -2, 13, 37, 2, 0, -1]
[1, -1, -3, -4, -13, -3, -4, 0]
[5, 11, 4, 13, 34, 3, 4, 5]
[0, 2, 6, -13, -50, 3, 1, -3]
[0, -2, -4, 5, 41, -1, -1, -1]
[6, -1, -2, -8, 7, 5, 1, -1]
[-3, -2, -1, -4, -12, 0, -2, -3]
[2, -2, -3, -2, 14, 2, -2, -1]
[0, 0, 5, 11, 21, 6, 3, 3]
[-3, -8, -8, -12, -51, -13, -4, -2]
[-2, 0, -4, -3, 34, 4, -1, 0]
[-5, -3, -4, -17, -95, -17, -5, -4]
[0, 2, -2, -10, -14, -5, -3, 0]
[-2, 1, 1, 10, 18, 0, -9, 0]
[-2, -2, -4, 5, -14, 1, 16, -2]
[-2, -2, 0, -23, -2, 6, 4, 0]
[-3, -1, 1, 15, -10, -2, 0, -3]
[-1, 0, 0, 6, 23, 2, -4, -3]
[1, -2, 0, 6, 42, 1, -4, 2]
[-1, -5, -7, -27, -68, -11, 1, -2]
[1, -2, -4, -10, -22, -2, -4, -2]
[-1, 2, 4, 11, 29, 4, 3, -3]
[1, 4, 0, -1, -6, -3, -8, -1]
[-2, -5, -3, -10, -7, 1, -2, -4]
[1, -1, 1, 7, 50, 4, -4, 0]
[3, 2, -3, -8, -43, 2, 5, 2]
[-1, 0, 1, 6, -5, -4, -4, -1]
[0, 2, 0, 1, 28, -1, 0, 1]
[-1, -2, -6, -22, -55, -9, 0, 0]
[-6, -5, 0, 22, 79, 2, -2, -4]
[-3, -1, -2, -11, -21, -4, -2, 1]
[3, 2, 0, 13, 18, 2, -1, 1]
[-1, -3, 1, -1, 14, 3, 0, -2]
[0, -1, -3, -8, -23, 0, 0, -2]
[-5, -4, -2, -1, -18, -8, -2, 0]
[2, -3, -4, 0, 12, 2, -9, -9]
[-1, 0, -1, -2, -10, -1, 3, 7]
[1, 3, 2, 6, 2, 2, -1, -2]
[1, 3, 1, 2, 1, -3, -2, -3]
[0, 2, 0, 2, 45, 2, 2, 7]
[-2, -2, -1, -10, -42, -2, -4, -5]
[0, 1, 3, -1, -12, 0, -6, -1]
[-3, -3, -11, -21, -1, -8, 12, 2]
[3, 1, 2, 32, 50, 4, -1, -1]
[2, 4, 1, -10, -29, -5, -3, 0]
[-5, 2, -1, 6, 4, 1, 6, 3]
[-1, -5, 1, -7, -28, -2, -7, -2]
[-3, -3, 0, -15, -6, 1, -1, 1]
[0, -2, 1, 18, 30, 6, 0, -2]
[1, -3, -5, -10, -12, 0, -5, 0]
[-2, -3, -3, 6, -6, -2, -8, -5]
[-1, 3, 3, -4, -9, 0, 4, 1]
[1, 0, 1, 14, 33, 0, -2, 4]
[-3, 0, -2, -18, -34, -7, 1, -3]
[5, 4, 2, -1, -3, 4, 3, 0]
[-1, 0, -2, 7, 7, -2, 3, -2]
[0, -1, 1, -1, -1, -1, 1, -1]
[-3, -2, -2, -7, -2, 0, 0, 0]
[-2, -1, 1, 4, -11, 1, -4, 0]
[2, -2, 0, 12, 29, 2, -2, 1]
[2, 1, 2, -27, -63, -3, -1, -2]
[1, 3, 5, 21, 17, 6, 1, -1]
[-1, -1, -5, -12, -36, -4, -7, -1]
[0, 1, -5, -10, 6, -3, 1, -1]
[-2, -2, -3, 8, 52, 9, 2, 0]
[0, -3, -5, -17, -38, -4, -1, 0]
[-1, 2, 3, -3, -10, -3, -2, -3]
[-3, 1, 2, 1, -4, -6, 0, 2]
[3, 0, -1, 14, 17, 1, 0, -2]
[1, 0, 2, 2, 16, -2, -2, -1]
[0, -3, -2, 8, 26, 0, -2, 1]
[1, 0, -1, -10, -35, -8, -3, 0]
[-2, 0, 1, 0, -11, 0, -1, 1]
[2, 0, 1, 17, 41, 6, -1, 4]
[-3, -3, 0, 14, 30, 3, -2, -3]
[-1, 0, 3, -14, -20, 1, 0, -2]
[-1, -2, 2, 1, 19, -1, 8, 2]
[-2, -4, -1, -4, 0, 0, -6, -2]
[0, -5, -4, -10, -20, -9, 0, -1]
[-2, -3, -4, 4, -22, 0, 0, -5]
[4, 7, 4, -2, 9, 3, 1, 5]
[0, 1, 1, 5, 34, 7, 5, 1]
[-3, 1, -2, 0, 14, 1, -3, -1]
[-2, -2, -1, 4, 0, 1, 1, -3]
[-1, -4, -4, -8, -27, -2, -2, -4]
[1, 3, -2, 7, 31, -4, 0, -1]
[-3, 3, -1, -1, 2, -6, -1, 0]
[0, -2, -1, -6, -9, 2, 2, -1]
[-1, -1, 4, 12, 3, 1, -4, 0]
[1, -1, 1, -11, -18, -1, 0, -1]
[-2, 1, 4, 15, 27, 5, 1, 1]
[1, 0, 1, -3, -5, 1, 1, 2]
[1, -2, -6, 2, 3, 0, -1, -2]
[-2, -6, 0, -14, -33, -8, -8, -1]
[3, 1, 2, -9, -8, 1, 4, 0]
[-4, 0, -2, -18, -26, -7, -6, -2]
[-4, 5, -3, 0, 18, 4, 0, -1]
[-3, 3, -5, -5, -23, -6, 2, -2]
[1, 1, 2, 4, 29, 2, -2, -1]
[0, -4, 0, 2, 2, -3, -1, 0]
[2, -4, 0, 6, 1, 1, -1, -3]
[1, -1, -1, 0, 3, 2, -3, -1]
[-3, 0, -3, -18, -6, 0, -6, -1]
[-1, 1, 0, -6, -20, -1, 6, 2]
[4, -2, -1, -9, -13, -2, -1, -1]
[1, -2, 0, 19, 21, 0, 1, -1]
[-4, -4, -4, -4, -28, -9, -4, -2]
[-4, -1, 1, 4, 15, -1, -2, -3]
[-3, 1, 5, -3, 15, 3, 2, 2]
[2, 2, 2, 5, -11, 4, 2, 1]
[0, -1, -5, -1, -3, -2, 0, -2]
[-4, 0, 0, 6, 22, 7, -2, 1]
[-2, 0, -2, -6, -14, 0, 1, 1]
[2, -1, -4, -14, -11, -3, 0, -4]
[-1, -1, 0, 5, 12, -2, -2, -2]
[1, 1, 2, 4, 0, -1, -1, -1]
[0, 1, 1, 10, 56, 9, 0, -3]
[0, 1, 2, -15, -73, -5, 3, 0]
[1, -2, -2, -1, 12, 0, 1, -1]
[0, -1, -3, -1, 5, -2, 0, 2]
[-2, -1, -2, 3, -6, 0, -2, 1]
[-2, -1, -4, 8, 24, 1, -1, 0]
[-4, 0, 1, -5, -22, -2, 3, -1]
[-2, -2, 1, 4, 20, 0, -2, -4]
[-2, -1, -6, -15, -20, -9, -1, -2]
[0, -2, -3, 0, 4, -1, -3, 1]
[3, -3, 2, 5, 3, 2, 0, 2]
[0, 0, -3, -8, -33, -4, -4, 2]
[-1, 0, 2, 5, 17, 8, -1, 0]
[-3, 0, 0, -2, -19, -12, -3, -2]
[-1, 2, 1, -6, -8, -6, -2, -4]
[2, 2, 6, -1, -5, -7, 2, 0]
[0, -1, 0, 5, 7, 0, -1, 0]
[-1, -3, -3, 3, 17, 4, 0, 0]
[0, -5, -9, -7, -20, -1, -2, -3]
[0, -2, -3, -2, -1, 5, -2, -5]
[2, 0, 1, 1, 6, 5, 3, -1]
[0, -2, 4, -3, -2, 1, 0, 1]
[1, -1, 4, -11, -21, -3, -1, 1]
[2, -1, -1, 8, 20, 1, 1, 0]
[3, 0, 3, -3, -1, 1, -1, 1]
[-2, 1, 1, 7, 20, 1, -1, -4]
[0, -2, -1, 1, 7, -3, -1, -1]
[0, -1, -1, -10, -17, -3, -3, 0]
[2, 1, -2, 7, 17, 4, -2, -1]
[-1, -2, -2, -6, 7, 1, -3, -3]
[-3, 0, 1, 1, 7, 5, -3, -3]
[-6, -2, -2, -2, -22, -5, 1, -1]
[-5, 0, -5, -5, -34, -3, -2, -1]
[1, 1, -2, -3, 5, -1, 2, 1]
[2, 2, -3, 7, 6, -1, -1, -2]
[1, 0, -5, -3, 0, -6, -5, -2]
[0, 3, 4, -4, -13, -5, -1, 0]
[-1, 2, 4, 3, 10, 1, 0, 1]
[-3, -3, -1, -2, 16, 0, 0, 0]
[-4, -1, 2, -1, 0, 0, -1, 1]
[-1, -3, -1, 8, -21, 0, 0, -3]
[-4, 0, 1, -4, 27, 1, -2, 0]
[-1, -1, -1, -1, -12, -5, 2, 2]
[1, 1, -1, -3, -1, 1, 1, 0]
[3, -1, -1, 6, 0, -1, 0, 0]
[1, -2, 0, 5, 15, 3, 1, -1]
[-2, -3, -6, -13, -33, -6, -5, -2]
[-2, -1, -5, -8, -15, -6, -2, -3]
[1, -2, 1, 2, -1, 1, 1, -1]
[0, 1, -2, 6, 20, -2, 1, -1]
[1, 4, 1, -6, -9, -4, 0, -1]
[2, -3, 3, 12, 29, 2, -2, 0]
[-2, -4, -1, -13, -30, -6, -3, -2]
[-4, -3, 1, 3, 2, 0, -2, 0]
[-2, -1, -7, -12, -25, -5, -5, 2]
[-1, 4, 1, 6, 13, 1, -1, 1]
[-2, -3, -1, 13, 21, 2, -1, 2]
[-1, -2, -2, -8, -29, -2, 0, 0]
[3, 0, 5, 5, 24, 0, 0, -1]
[3, -3, -1, -1, 4, -2, -1, -2]
[1, 1, -1, -5, -12, -2, -2, 0]
[0, -2, 0, 0, 1, 1, 0, 1]
[-6, -1, 0, 4, -13, 1, 2, -1]
[-2, -5, -4, -7, 16, -2, 3, -1]
[2, 2, 4, 8, 0, 0, 3, 0]
[2, 1, 1, -1, -3, 2, 1, -1]
[0, -1, 2, 9, 13, -2, -3, -2]
[-3, -2, -5, 1, -8, 1, -4, -3]
[-3, 0, -9, -9, -3, -5, -3, -3]
[2, 0, -3, -6, -9, -1, 5, -1]
[-1, 1, 3, 3, -4, 6, 1, 0]
[-2, 0, 8, 2, -9, 0, -2, -3]
[0, -1, 2, 7, 24, 0, -4, -1]
[-2, 2, -1, 4, 13, -2, -7, 2]
[-3, -1, 0, -2, -15, -6, 2, 3]
[1, 0, -1, 1, 5, -3, -3, 0]
[-4, -2, 1, 10, 16, 5, 2, -1]
[-4, -4, -2, -16, -39, -8, -4, 0]
[-4, -6, -2, 0, 15, -1, -4, -2]
[1, 1, -6, 1, -13, 0, -3, 0]
[1, 3, 2, 13, 30, 0, 0, -2]
[2, 3, -2, -2, -35, 0, 3, -2]
[-2, 2, 1, -13, -16, 1, -2, 0]
[0, -1, 2, 4, 7, 3, -1, 2]
[-1, -2, -2, -7, -13, -3, 0, 2]
[-2, -8, -6, -2, 4, 0, 0, 1]
[3, 1, -4, 3, -1, -1, 1, 3]
[1, 2, 3, 16, 7, 3, -1, 1]
[1, 5, -1, -11, -1, -4, -4, -1]
[0, -1, 1, 5, 3, -1, 2, 0]
[-1, -6, -1, 3, 7, -6, -5, -4]
[-1, -1, -1, -8, 3, -2, 0, -1]
[-5, -2, 1, 1, 9, -1, 1, 1]
[-2, -2, -5, -19, -80, -4, 0, 2]
[-1, 4, 2, 6, 1, 3, -2, -1]
[-1, -1, -4, -3, -18, -4, -1, -2]
[2, -2, 0, -3, -13, -1, -13, 0]
[-2, -8, -2, 17, 43, 1, 17, -4]
[5, 10, -1, 3, 9, 4, 0, 7]
[-5, -6, 2, -1, -6, 3, -11, -8]
[6, 12, 2, -4, 2, -4, -8, -3]
[5, 2, 2, -12, -6, 4, 23, 9]
[4, -2, 3, 19, 30, -3, -20, -10]
[-8, -7, -11, -5, 16, -11, 6, -3]
[0, -3, 1, 6, 23, 15, 4, -7]
[3, 0, -2, -2, -13, -7, 0, 7]
[-1, 6, 0, -3, -37, -1, 13, 0]
[0, 1, 2, -20, -31, 1, -3, 0]
[-4, -14, -8, -5, -5, -7, 0, 0]
[-10, 2, 7, 19, 23, 3, -24, -10]
[3, 5, 3, 13, 79, 8, 3, -2]
[8, -6, -9, -40, -69, -49, -40, 2]
[-2, 3, -3, 2, 10, 10, 34, 3]
[-6, -8, -7, -10, 4, -6, -8, -3]
[9, 3, 3, -2, 7, 22, 8, 3]
[1, 10, 3, 10, 17, 19, 22, -4]
[-1, 2, 4, 14, 14, -23, -26, -11]
[5, -2, 6, 4, -4, 1, 18, 11]
[-25, -22, -8, -19, -67, -5, 0, -10]
[11, 19, 11, 1, -4, 16, 5, 8]
[3, -5, -8, -13, -14, 3, -6, 8]
[-3, -2, -8, -18, 17, 0, -14, -6]
[6, 4, -1, 0, 2, 23, 17, 6]
[-3, -1, 9, 35, 61, -20, 10, -2]
[-6, -1, 6, 34, 86, -10, -21, -9]
[-3, -2, -6, -41, -107, -8, 10, -8]
[4, -5, -3, -11, -23, 6, -28, 3]
[9, -4, -3, -12, 24, -36, -24, 0]
[-4, -15, -7, -8, 3, 32, 6, -1]
[19, 27, 11, 31, 102, 30, 2, -8]
[-36, -23, -20, -57, -103, -85, -21, 1]
[19, 13, 9, 52, 58, 22, 33, 8]
[13, 17, 3, -29, -5, -28, -13, 3]
[-4, -16, -3, -7, -47, 70, -28, 12]
[47, 34, 24, 28, 96, -62, -33, -2]
[-50, -49, -39, -55, -104, 78, 31, -11]
[6, -22, -15, 8, 20, -75, 2, -9]
[-1, 9, 3, 14, 30, 6, -18, -18]
[-5, 8, 10, 4, 23, 71, 48, 17]
[13, 18, 24, 57, 55, -33, 25, 12]
[-1, -3, 3, 18, 11, 73, 31, 13]
[-16, -19, -18, -42, 21, 13, -22, -5]
[-5, -5, -10, 7, 8, -89, -87, -20]
[0, 7, 10, -45, -51, 39, 72, 19]
[6, 5, 10, 64, -50, -11, -19, -1]
[-10, -13, 0, 1, 46, -4, -6, -4]
[1, -28, -23, 24, 112, 83, 37, -5]
[-1, 22, -10, -45, -41, -52, -19, -6]
[-3, 14, 0, -7, -16, -44, -86, -1]
[4, 12, 2, -48, -39, -49, 91, 33]
[10, -6, 7, 30, 6, 29, 46, -8]
[-23, -31, -11, 6, 13, 3, -115, -18]
[25, 0, 2, -2, 20, 41, 61, 2]
[-31, 4, -2, 14, 17, -24, -36, -21]
[3, 7, -7, -41, -104, -24, -9, 17]
[13, 3, 0, 42, 90, 4, 16, 14]
[9, 6, 14, 5, -79, 15, 37, 6]
[-13, -5, -2, -31, 25, -31, -76, -27]
[16, 8, -2, -26, -22, 72, 120, 33]
[-6, -2, 5, 6, -88, -58, -82, -41]
[-27, -7, -8, 39, 81, 25, 43, 8]
[12, 9, 15, 82, 5, -30, -22, 5]
[2, 9, 26, 7, 6, 9, -5, -14]
[-22, 8, -13, -85, -46, -49, 1, 15]
[11, -15, -17, -5, 54, 38, -53, -21]
[-9, -19, -30, -6, -27, 4, 113, 49]
[1, 13, 16, -6, 36, 10, 28, -13]
[17, 9, 16, 21, 8, 21, 0, 5]
[-15, -9, -24, -76, -70, 6, 47, 4]
[-11, 4, 14, 32, 41, -11, -51, -29]
[34, -3, -5, 40, 24, -28, -54, 14]
[-32, -16, -11, -41, -30, -33, -1, -3]
[11, 25, 3, -24, 1, -3, -7, -44]
[-51, -24, -18, 22, -44, 0, 1, 2]
[81, -4, -16, 33, -13, -9, -13, 77]
[13, 5, -7, 23, 33, 43, 52, -5]
[-45, -23, 5, -18, 1, -25, -36, -7]
[-4, 7, -29, -67, -29, -33, -12, -52]
[-61, 1, 25, 68, 34, -11, -42, -24]
[25, -15, -27, -1, 35, 68, 63, 37]
[-25, 1, -26, -80, -59, -27, -64, -44]
[50, 16, 16, 75, -1, -12, -37, -87]
[-79, -34, -40, -21, -29, 7, 24, -5]
[89, 36, 53, 58, 11, 58, 77, 85]
[-19, -27, -14, -40, -1, -28, -10, 12]
[-41, 12, 21, 21, 39, 17, -33, -29]
[-71, 0, -32, -122, -8, -58, -99, -128]
[46, -4, 11, 88, 32, 24, -6, 26]
[71, 12, 28, 44, -4, 3, 5, 108]
[94, 22, -12, -69, -11, 3, -7, 60]
[-58, 10, 10, -5, -8, 16, 48, -42]
[-78, -23, -11, 40, 38, 32, -6, 16]
[-39, 17, 41, 26, 29, 14, 56, -83]
[28, -14, -22, -11, -35, -21, -46, 42]
[26, 23, 12, -53, 27, 17, 0, 33]
[32, 9, -33, 24, -20, -15, 57, 47]
[-6, 1, 16, 77, 0, 40, 6, -13]
[-84, -29, -13, -64, 25, -36, -90, -87]
[80, 7, 34, 49, 10, 39, 56, 102]
[18, -1, -35, -89, 8, -9, -65, -59]
[-5, -10, -15, 51, -6, -19, -26, 6]
[30, 8, 44, 38, 19, 74, 127, 119]
[-83, -34, -69, -104, -47, -42, -78, -49]
