[90, 52, 73, 17, 37, -12, -12, -3]
[23, 9, 3, -21, -12, -11, -13, -13]
[-122, -17, -18, 41, 22, -22, -43, -59]
[127, 31, -7, -74, -11, -26, -7, 116]
[-128, -6, 59, 80, 25, -27, 17, -53]
[-16, -33, -26, -49, -3, 40, -26, -84]
[-78, 14, -25, 11, -26, -93, -53, -104]
[73, -41, -27, -16, -12, 67, 108, 71]
[-47, 16, 35, 6, -12, 16, -89, -84]
[-94, -18, -46, -89, -15, -28, -68, -43]
[127, 17, 50, 67, 8, 54, 11, 53]
[-11, -16, -37, 23, -15, -66, -81, -118]
[-52, -9, 8, -8, 30, 14, 7, -27]
[68, -6, -24, -32, -15, -34, -83, 112]
[-45, 17, 4, 16, 13, 70, 86, -42]
[-6, 26, 18, -32, -19, -65, -101, -81]
[-32, 45, -2, -52, 2, 60, 14, -16]
[73, 24, 62, 127, 4, 35, 92, 84]
[-39, 6, 9, -63, -3, 16, -64, -48]
[-125, -55, -34, 106, -12, -52, -43, -86]
[27, 27, 25, -18, 34, 25, 0, 27]
[23, 0, -26, -114, -34, 12, -22, -44]
[127, 33, 34, 113, -11, -71, 18, 54]
[-52, -27, -8, 15, 28, 103, 72, -6]
[-62, -58, -77, -87, -64, -96, -94, -128]
[28, 37, 30, 34, 21, -37, 2, 113]
[-78, -18, -86, -96, -20, 24, -66, -73]
[49, 60, 123, 127, 19, -12, 63, 62]
[-61, -52, 5, -7, -6, -103, -2, 73]
[70, 47, 20, -35, 9, -15, 57, 92]
[-114, -46, -51, 15, -33, 7, -114, -44]
[82, 57, 30, 32, 25, 35, -17, 82]
[-82, -2, -24, 102, -26, -9, -28, -48]
[28, 70, 94, 31, 37, -12, -18, -76]
[-121, -94, -38, -128, -13, -42, -97, -70]
[48, 34, 21, -26, 16, 74, 82, 86]
[67, 4, -16, -62, -7, 28, 36, -24]
[-128, 18, -40, 0, -31, -70, -112, -128]
[127, -6, -52, -11, 12, 96, 127, 127]
[-21, 18, 84, 4, 20, -12, 63, -7]
[29, -13, -28, -72, -5, 2, -47, 64]
[14, 12, -20, -37, 1, 67, -14, -54]
[-76, -20, 3, -90, -18, -10, 108, 11]
[15, -29, -58, -109, -33, 19, 16, 34]
[-44, -4, 2, 75, -4, -55, -72, -48]
[28, -8, 10, 59, -4, -3, -21, -46]
[-34, -9, -12, 6, 23, -5, 55, -15]
[-66, -23, 2, 18, 8, -17, -25, -29]
[96, 12, 58, 53, 6, -71, -56, 106]
[-46, -39, -37, -59, 2, 106, 127, 39]
[-28, 13, 26, 21, -4, -64, -128, -89]
[-121, -21, -76, -102, 13, -27, -35, -62]
[81, 51, 55, 73, -13, 41, 14, 22]
[-86, -59, -25, -31, -11, -50, 56, -22]
[126, 51, 43, -19, 18, 65, 87, 127]
[-116, -39, -35, -19, -14, 10, -115, -119]
[4, -13, -44, -115, -4, 44, 92, -60]
[39, -19, 23, 98, 12, -17, -64, 61]
[67, 47, 37, 5, -12, 37, 32, 97]
[35, 36, -3, 26, 31, -19, -14, -65]
[-38, -61, -27, -80, -12, 43, -25, -72]
[-117, -26, -44, -99, -39, 35, 1, -18]
[-29, -14, 32, 116, 63, 59, 60, 6]
[127, 6, 4, -74, -63, -62, -82, 127]
[-95, -3, -10, 11, 46, 75, 52, -87]
[-63, -7, -5, -51, 24, 1, 12, -46]
[-71, -2, -39, -109, -62, -40, -88, -113]
[-33, 9, 34, 117, 9, -52, 33, -59]
[19, 32, -20, 2, 12, 59, 30, -52]
[127, -4, 9, 48, 7, 6, 47, 120]
[-95, -20, -3, -12, -28, -78, -76, -67]
[-123, -18, -23, 51, 0, 15, -41, -66]
[95, -22, -17, -43, -6, -12, 76, 127]
[-95, 3, 2, 7, -23, -79, -92, -99]
[-75, 6, 3, 0, 12, -47, -39, -122]
[56, -16, -24, -63, -15, 45, 59, 4]
[-85, -34, -43, -82, -19, -29, -103, -42]
[25, 45, 51, 109, 58, -2, -34, -54]
[12, -35, -15, -50, -23, -19, 53, 50]
[-128, -41, -37, -104, -8, -14, -47, -128]
[58, 19, 7, 39, 13, 9, 24, 127]
[73, 8, 19, 18, -15, 11, 52, 63]
[-15, 1, -8, -39, 1, -6, -42, 0]
[18, 29, 50, 67, 4, 18, 20, 7]
[-90, -48, -41, -30, -16, -12, -37, -86]
[-51, -27, -25, -33, -4, 16, 7, -25]
[74, 31, 31, 60, 10, 1, 6, 38]
[10, 34, 0, -17, -21, 4, -13, -3]
[-1, 28, 25, 20, 26, 4, -5, 7]
[-32, -11, -14, -13, 2, -2, -6, 1]
[40, -3, 7, 0, 0, 13, 27, 18]
[-28, -8, -3, 16, -10, -15, -28, -20]
[-2, 13, 4, 19, 1, -10, 0, 5]
[45, 8, -28, -99, -9, 9, 13, -35]
[49, 11, 24, 88, 11, 21, 18, 82]
[-36, -9, 29, 37, 4, -5, -1, 13]
[5, -7, 4, 18, 6, -17, -18, -34]
[5, -19, -24, -45, -16, 15, 1, 15]
[5, 2, -4, -20, 0, -23, -28, -13]
[-26, -20, -11, -1, -2, 3, 8, 5]
[5, -18, 10, -4, 9, 6, 5, 1]
[38, 92, 23, 17, 5, -3, -7, 3]
[3, 12, -10, -10, -14, -20, -9, -19]
[34, 24, 12, 21, 16, -15, -4, 24]
[-42, -18, -10, -14, -14, 12, 16, 0]
[-6, -1, 3, 3, -11, 9, 30, 2]
[3, 17, 8, 16, 13, 15, -10, 2]
[3, -14, -14, -16, 29, 17, 25, 8]
[-14, 3, -2, 2, -11, 12, -34, -13]
[-16, -28, -5, 6, -39, -12, 1, -1]
[7, 15, 12, -22, -10, -6, 16, -10]
[10, -6, -1, -5, -7, -19, -7, 6]
[6, 12, 4, 18, -5, -36, 0, -1]
[-21, -18, -1, 28, 36, 0, 3, 0]
[-15, -23, -14, -17, -61, -12, -23, -21]
[30, 18, 0, -26, -59, 8, 5, 24]
[-5, 7, 8, -1, 48, 34, 13, -6]
[-8, -9, -2, 16, 42, 33, -13, -9]
[26, 19, 4, 3, -48, 10, 10, -3]
[0, 15, 6, 26, 62, 2, 3, 26]
[11, 4, -1, -41, -13, -20, 26, 9]
[-19, -20, -10, -16, -22, 6, 1, 15]
[-16, -16, -4, 20, 79, 31, 3, -14]
[7, -19, 1, -25, -53, 13, -20, -17]
[8, 27, -4, 13, 18, 9, -10, -3]
[-6, 2, 1, -32, -11, -35, -6, 5]
[3, 7, 5, 26, -17, -3, 9, -3]
[-20, -15, -3, 53, 58, -17, -9, -2]
[17, 6, 18, 26, 42, 11, 34, 17]
[-6, -13, -8, -2, 1, -8, -28, 3]
[-5, -3, -2, -26, -55, -20, 1, 0]
[-7, -12, 7, 7, 25, 16, 1, -13]
[17, 21, -1, -3, -1, 11, -14, -2]
[-9, 3, 2, -24, -35, 28, -4, -12]
[-2, -5, 5, 32, 42, 11, -2, 6]
[10, 0, -11, -41, -22, 2, 26, 9]
[-10, -25, -3, 19, 35, -2, 3, 6]
[0, 9, 10, 57, 38, 0, 12, -6]
[-14, -6, -8, -33, 26, -20, -37, -22]
[15, 3, 0, -2, 28, 4, 5, 16]
[-7, 11, 0, -11, 12, -5, -6, -2]
[6, -2, -4, -4, -15, -2, -2, 0]
[-3, -17, -5, 17, 45, 7, 17, 12]
[-15, -19, -10, -13, -19, -9, 13, -7]
[18, 36, 3, -16, -60, 2, 2, 3]
[-15, -17, 1, 52, 31, 1, 0, -4]
[1, -3, -3, -9, 67, 6, 15, 4]
[17, 33, 11, 35, 32, 7, -3, -3]
[-25, -26, -18, -66, -111, -31, -26, -21]
[8, -3, 4, 17, 52, 9, 17, 22]
[-13, -10, -6, 0, -59, -11, -3, 1]
[4, 5, 2, 10, 15, 11, 4, 6]
[-11, -6, -5, 16, 7, -4, -7, -22]
[-10, -4, -9, -2, -56, -10, 4, 1]
[10, -4, 2, -32, 36, 8, -4, 7]
[-11, -9, -11, -13, -80, -24, -6, -11]
[-1, 4, 4, 8, 1, -5, -22, -5]
[-5, 1, -4, -11, 12, 4, -9, -3]
[7, 1, 1, 27, 9, 2, 8, 2]
[0, -9, -6, -33, -48, -2, -6, -4]
[-3, -14, -2, 31, 49, 10, 12, 7]
[-10, -3, 2, -25, -27, -6, -5, -1]
[16, 26, -2, -41, -100, -16, -4, -2]
[3, 3, 6, -4, 3, 4, -8, -1]
[-5, -1, 8, 36, 56, 13, 4, 5]
[0, -1, -3, -13, 27, -8, 3, -2]
[-6, -7, -17, 3, -50, -25, 7, -4]
[-3, -2, -5, 30, 31, -6, -11, 0]
[1, -3, 1, -61, -87, 0, 0, 4]
[4, -3, -2, -17, -3, 7, 2, -6]
[2, 11, 18, 66, 94, 20, 9, 0]
[-6, -10, -10, -6, -50, -13, -12, -3]
[-5, -11, -6, -31, -15, -2, 0, 1]
[4, 10, 11, 55, 33, 6, 3, 0]
[1, 0, 3, -3, 84, 5, -4, 3]
[-1, 0, -4, -22, -55, -7, -7, -1]
[-4, -4, 1, 24, 38, 0, -6, -7]
[-3, -8, -9, -59, -66, -10, -4, 3]
[-4, -1, 5, 12, 41, 11, -3, 2]
[-6, -7, 3, 16, 53, 6, 7, 2]
[1, -1, 2, 9, -25, 2, 1, 1]
[7, -2, -5, 3, 12, 1, -12, -2]
[4, -3, 3, 6, -7, 0, 8, -2]
[-5, 11, -3, -52, -76, -6, -4, 1]
[5, -8, -3, 25, 76, 11, 2, 3]
[6, 6, -4, -10, -28, -5, -4, -6]
[4, -1, 2, -4, -34, -6, -11, 1]
[6, 0, -4, -21, 10, -4, -2, -1]
[-5, -5, -1, -3, -6, -2, -3, 0]
[-2, 1, 8, 36, 16, 1, 1, -4]
[-1, -1, -6, -55, -43, -5, 0, 1]
[1, -1, 6, 33, 43, 5, 1, 0]
[0, 1, -6, 30, 9, 0, -1, -3]
[3, 2, 2, 12, 41, 6, 5, 1]
[-6, -7, -9, -24, -35, -10, -4, 0]
[2, 1, 5, 5, -10, -5, -4, 2]
[1, 4, 4, -17, -57, 2, 3, 3]
[-7, -1, 2, 6, 36, -7, -1, -6]
[0, -1, 0, -4, -3, 4, 4, -3]
[1, -4, 0, 8, 8, 2, 0, -1]
[1, -1, -1, -5, 4, 0, 1, 1]
[-3, -4, -6, 1, -22, -7, -4, -1]
[-1, 4, 5, -18, -10, 2, -2, 0]
[4, 2, -7, 9, 22, 6, 0, 1]
[-6, 0, -1, -7, -11, -3, 3, 2]
[-1, 2, 3, 12, 13, 1, 1, 0]
[-1, -1, -4, 6, 31, 1, -6, 1]
[4, -1, -3, -12, -20, -1, 9, 1]
[-2, 5, 4, 18, 37, -1, -3, -1]
[-3, -1, 0, -30, -67, -9, -2, 0]
[2, 8, 3, 12, -15, -5, 12, -2]
[-1, -7, -6, 5, 43, 3, -13, 8]
[4, 1, 0, 1, -6, 10, 2, 0]
[-3, -5, -9, -33, -47, -12, -4, -6]
[-1, -1, 6, 4, -17, 2, 2, 2]
[2, 2, 3, 11, 10, 5, 5, -1]
[0, -1, 1, 13, 37, 2, 0, -1]
[-2, 1, 3, -3, 7, 4, -4, 0]
[-3, 1, 0, 2, -7, 1, -3, -2]
[-3, 1, -2, 24, 21, -2, -3, -3]
[0, -2, 0, -12, -1, -2, -1, 1]
[1, -4, -2, -8, -15, 1, 1, -3]
[1, -2, -4, 10, 31, 0, -6, -1]
[-2, 5, 13, 7, -50, -6, 1, 0]
[-2, -3, -7, -4, 17, 2, 2, -1]
[-1, -1, -6, -17, -12, 4, 1, -1]
[-1, -5, -8, 1, 1, -11, -6, -1]
[1, -1, -2, -1, 32, -2, -4, -5]
[1, 4, 3, -13, -45, -6, -4, 2]
[2, 1, 8, 12, 47, 7, 1, -1]
[0, -2, 0, -1, -20, -1, -2, 1]
[-2, -4, -6, -14, 2, 1, 2, -2]
[-1, 0, -1, -1, -23, -8, -4, 0]
[1, 1, -3, 5, 19, 0, 1, 1]
[1, 0, -1, 15, -3, 2, 2, 0]
[-1, -1, -2, -11, 7, 6, -1, -2]
[-3, -2, -2, -11, 5, 0, -1, 0]
[0, -2, -2, -5, 3, 1, -1, 1]
[-4, -2, 1, -8, -16, -4, -2, -1]
[2, 1, 1, -9, -3, -3, 1, 1]
[-2, 1, -1, 2, 0, 1, 0, 0]
[-3, -4, -1, -2, -2, -3, -3, -2]
[0, -2, -5, 7, 2, 0, 0, 0]
[2, -3, -4, 4, 41, 4, 1, 1]
[-1, -4, -1, 0, -45, -8, -2, -3]
[-2, -2, -4, 2, -15, -4, -2, -1]
[2, 3, 6, -5, 9, -1, 0, 2]
[-2, 0, 1, 5, -59, -4, -3, 2]
[-1, 1, -7, -15, 29, 0, -1, -1]
[-1, 1, -1, 4, -33, -1, -3, -2]
[-3, 0, 3, -16, 3, 1, -4, 1]
[-2, -4, 2, 5, 12, 0, 0, 0]
[0, -1, 2, 16, 9, 0, 0, -1]
[-1, -1, 0, -16, -42, -10, -3, -1]
[2, 0, 3, 33, 83, 12, 2, -1]
[-1, 1, -1, -13, -41, -1, 2, 0]
[1, 3, -3, -1, -1, 2, -1, 0]
[-4, 1, -2, 5, 60, -2, 2, -1]
[-2, 2, -3, -6, -69, -10, 0, 2]
[1, -2, 2, 5, 39, 2, 1, -1]
[-2, -4, 2, -1, -16, -3, -2, -1]
[0, -1, -2, -3, -11, 1, -3, 0]
[-2, -1, 0, 8, 26, 7, -2, -1]
[0, 1, 0, 4, 31, 6, 4, -2]
[0, -1, 1, -11, -46, -8, 2, 2]
[-4, 0, 3, 6, 0, -4, -2, -2]
[-3, -2, -3, -22, -28, -4, -1, 2]
[5, -2, -2, 1, 20, 3, -4, -1]
[1, -4, -2, 6, 25, 4, -3, -3]
[0, 3, -2, 2, -12, -1, -1, 1]
[-3, 1, -4, 6, 8, 3, 2, -3]
[-4, -6, 0, -12, -19, 0, -1, -4]
[2, -3, 0, -7, 10, 3, 1, -1]
[0, 0, 2, 16, 4, 1, 2, 1]
[0, 1, -6, -2, -6, -6, -3, 3]
[0, 4, 0, 1, 16, 2, -1, 3]
[0, 0, -5, -11, -26, -4, -2, 0]
[0, -2, -1, 2, 31, 6, 3, 2]
[0, -3, 3, 1, -2, -7, 1, -2]
[-3, -2, -1, 13, -12, -2, -3, -2]
[-1, 1, 0, -17, 1, 0, 0, -2]
[-1, -2, -1, -3, 35, 2, 2, -4]
[1, 1, 1, 3, -21, -1, 0, 0]
[-1, -1, -5, -7, -42, -4, -3, 0]
[-4, 0, -3, 13, 17, -1, -3, -2]
[-1, -2, 1, 2, 7, -1, -3, -1]
[-1, -7, 1, -3, 4, 0, 0, -2]
[4, 0, 1, 3, 7, 2, 0, 2]
[1, 1, 0, 7, 8, 0, -1, -2]
[0, 1, -3, -6, -7, -2, 1, -2]
[2, 1, 3, -2, 2, 0, 5, 0]
[1, 1, -3, -24, -34, 1, 1, 1]
[-1, 0, 2, 19, 23, 3, 0, 2]
[1, 1, -4, -7, 3, -1, -2, 0]
[-1, -3, -4, -14, -35, -6, -3, -2]
[-1, 1, 2, 16, 40, 5, 2, -4]
[-1, 0, 1, 3, 14, 2, -1, -1]
[-5, -3, 2, 21, 5, -3, -2, 0]
[1, 0, -6, -29, -79, -7, -5, 1]
[1, 0, 2, 7, 31, 3, 0, 1]
[0, -1, 0, 4, 14, 2, 1, -1]
[-3, -4, -5, -16, -27, -7, -3, -3]
[-3, -2, 1, 12, 24, 5, 0, -3]
[-1, -1, -1, -6, -16, -1, -1, -2]
[-1, 0, -2, 6, 6, 0, 1, 0]
[-1, 0, 1, -1, 6, -2, -1, 0]
[1, 4, -2, -9, -18, -3, 0, -1]
[2, 1, 3, 25, 41, 5, 2, 0]
[1, -1, -1, -6, -16, -5, -3, 0]
[1, -2, -2, 5, 1, -3, -1, -1]
[0, -5, -4, -8, -6, 1, 0, -2]
[1, 4, 6, 13, 41, 3, 2, 1]
[0, 0, 7, -1, -36, 0, -3, -1]
[-2, -1, -3, -16, -33, -5, -4, -2]
[-2, -1, -1, 11, 42, 2, 1, 0]
[-4, -1, -2, -12, -30, -4, 0, 1]
[2, -1, -1, 8, 14, 1, 2, 2]
[-1, 0, -3, -14, -19, -3, -2, 1]
[-2, -1, 0, 6, 18, 4, -1, -1]
[-2, -2, -1, -2, -6, -1, -1, 0]
[-4, 0, 3, -8, -2, 2, -1, -2]
[-1, -3, -1, 16, -2, 0, 1, -3]
[3, 3, 0, -9, 7, -4, 1, -1]
[0, 2, 1, -5, 9, -1, 1, 0]
[0, -1, -6, -7, -32, -6, -3, -3]
[2, 0, -3, -7, 9, 0, -4, 0]
[2, -1, 3, 10, 3, -1, 2, 0]
[5, 0, -3, -5, -5, 4, -1, 1]
[-2, -1, -8, -14, -36, -8, -4, 0]
[-2, -2, 1, 17, 27, -1, -2, -1]
[-1, -3, -6, 6, -3, -1, 0, 0]
[-1, -2, 6, 8, 22, 3, -1, 0]
[-3, -2, 2, -6, 26, 1, 3, -4]
[-3, -1, 0, -5, -16, -2, 0, 0]
[0, 2, 3, 2, 25, 2, 0, 1]
[-1, -1, -5, -14, -40, -3, 1, 1]
[-3, 0, 0, 6, 22, 6, -2, -1]
[-4, -2, 0, -7, -14, -4, -1, -4]
[0, -2, -2, 3, 4, 0, -2, 0]
[1, 0, -2, -4, -18, -3, -2, -2]
[0, 0, -2, 9, 7, -1, 1, 0]
[1, -1, -5, -6, 9, -2, 1, 1]
[-3, -2, 3, 9, 13, 1, -3, -1]
[-4, -2, -3, -3, 6, -2, -5, -2]
[3, 2, 8, 14, 17, 8, 3, -1]
[-1, -6, -10, -48, -88, -18, -4, -3]
[0, 2, 2, 14, 21, 1, 1, 0]
[1, -1, 1, -3, -2, 1, 0, 0]
[-3, 3, 4, 16, 33, 5, -1, -1]
[-1, 1, -1, -3, -8, -2, 2, 1]
[1, -1, -5, 0, -7, -2, -1, 0]
[-2, -5, -3, -3, 5, 2, 0, 1]
[-3, -2, -1, 6, 10, 2, 0, 1]
[-2, 0, -2, 4, 1, -2, -1, -1]
[-3, -5, -6, -14, -5, -4, -2, -5]
[1, 3, 1, 2, 6, 3, 0, -2]
[1, -1, -3, -4, -18, -3, -3, -2]
[1, 2, 1, 5, 3, 1, -1, -2]
[-2, -2, 0, 11, -14, -1, -1, -1]
[-1, -1, 2, 10, 56, 1, 0, 1]
[-1, 1, 5, -29, -65, -4, 0, 3]
[-3, 2, 4, 4, 12, 2, 0, 1]
[-3, 0, 1, 6, -4, -4, -2, 0]
[0, -1, -6, -15, -45, 0, 1, 0]
[2, -1, -6, -8, 6, -2, 2, 2]
[0, -3, 0, 21, 28, 0, -2, -2]
[-1, -3, -5, -9, -7, 1, 0, 1]
[0, -4, -1, -3, -7, -2, -1, 1]
[-1, -4, -2, 14, 33, 0, -1, -1]
[-1, -3, -1, -7, -12, -2, -2, -2]
[-1, 0, -3, -6, -3, 0, -2, -5]
[1, 4, 7, -5, -15, -1, 0, -2]
[0, 1, 3, -4, 5, -2, 0, -2]
[-3, 4, 6, 11, 14, 3, 0, 0]
[1, 5, -1, -10, -29, -3, -1, 2]
[1, -1, -2, 12, 19, 4, -1, -3]
[-3, -6, -7, 2, -26, -7, -3, -1]
[-2, -2, -1, -11, 13, 1, -1, 1]
[1, -2, -1, 8, 9, -1, -2, 0]
[1, 3, -1, -15, -7, -1, 2, 1]
[2, -2, 0, 5, 1, -1, 0, -3]
[1, -1, -6, -7, 9, -1, -1, -2]
[-4, -2, -4, -9, -10, -2, -6, 0]
[0, 1, 0, -4, -23, -2, -2, -1]
[-2, 2, 1, 6, 28, 1, -1, 0]
[-1, 0, 0, 3, 0, 1, 3, -2]
[0, 1, 2, -7, 14, 5, 4, 1]
[0, -4, -5, 8, -4, -1, -2, 0]
[-1, -3, 4, -9, -7, 1, -1, 1]
[-1, -2, -1, 10, 3, 0, -1, -3]
[-2, 0, 0, 0, -1, -5, -1, -2]
[-4, -2, -6, 0, 15, -1, -3, -1]
[-3, 5, -3, -5, -22, -3, -1, 0]
[-2, 0, -1, 5, -3, 0, 4, 2]
[4, 0, 2, 3, 45, 5, 4, 0]
[2, -3, -2, -16, -55, -7, -1, -2]
[4, -2, -1, -2, 5, 4, -1, -3]
[-1, -1, 2, -10, -24, -7, -1, 0]
[-1, -1, 4, 15, 10, 5, 1, 0]
[-2, 1, -3, 6, 17, 0, 1, -1]
[-2, -1, -5, -8, 11, -2, -2, -3]
[-2, -1, -7, -6, -7, -7, -7, -3]
[-2, -2, -3, -16, -33, -3, -2, -1]
[1, 1, 7, 6, 1, 4, -1, 0]
[2, -2, 3, 18, 6, 2, 7, 1]
[2, 1, 4, -1, 8, -4, -8, 0]
[-2, 1, 1, 0, -8, 0, 7, -1]
[-2, 0, -1, 10, 35, 2, -1, -2]
[-2, -1, -3, -5, 1, -2, -7, -2]
[2, 1, -2, -10, -42, -4, 6, -2]
[1, 3, -1, -7, -19, 0, 7, 3]
[1, 0, -2, 2, 2, 2, -2, 1]
[0, -1, -1, -13, -7, -4, -2, -2]
[-2, 2, 1, 19, 39, 3, -5, -2]
[-1, -2, 0, -3, -4, -1, -7, -3]
[-2, -1, -1, 3, -19, -1, 6, 0]
[1, -6, -4, -6, -9, -1, 1, 1]
[0, -6, -2, 1, -4, -1, -6, 0]
[2, -3, -1, -5, 15, 6, 8, 0]
[-4, 0, 4, 9, 14, 6, -5, -3]
[-2, 2, 1, 7, 32, 2, -6, -1]
[0, 3, -5, -12, -64, -7, 5, -3]
[-3, -1, -8, -3, -8, 0, -3, 3]
[2, -3, 0, 5, 30, -1, 4, -1]
[5, 3, 0, -21, -56, -9, -9, 0]
[-4, -10, -10, -4, 24, 5, 5, -1]
[2, 5, 9, 10, 10, 0, -3, 1]
[-4, -1, -7, -15, -42, -11, 1, -1]
[-2, 0, 5, 26, 45, -1, 0, -3]
[0, -1, 1, -15, 5, 0, -4, 6]
[-2, -4, -4, 3, -22, -3, -8, -7]
[-2, 0, -1, 15, 70, 17, 5, 2]
[-4, 0, -6, -27, -66, -11, -12, -3]
[-4, 1, 0, 0, -4, -21, -4, -3]
[-7, -11, -3, 7, 26, 20, 12, 4]
[-11, -9, -2, 0, -21, 4, -14, -10]
[14, 5, -2, 0, 24, -1, 19, 11]
[6, 12, 6, 4, -2, 10, 23, -1]
[-1, -6, 6, -15, -20, -13, -18, -9]
[0, 4, 3, 4, 12, 16, 20, 6]
[7, -11, 3, 10, 18, 10, -1, -1]
[-14, -3, 0, 11, 9, 7, 16, -1]
[15, 21, -4, -6, 17, -12, 2, 7]
[2, -5, -8, -16, -39, -8, -11, -4]
[-4, -2, -4, 6, -18, 3, 7, 6]
[-2, 0, 3, -11, 18, 1, -1, 1]
[-2, -8, 2, 18, 11, 0, 1, -2]
[1, 1, 0, -4, -39, -11, -11, 1]
[-6, -5, -5, -5, -14, -9, -6, -9]
[-8, -7, 1, 8, -7, -6, 2, -2]
[0, 2, 8, -3, 4, 9, 5, 0]
[4, -2, -6, 0, 19, -3, 19, 2]
[-15, -11, 0, 36, 45, 12, 5, 0]
[1, -13, -13, -5, 37, -1, -17, -6]
[-13, 1, 4, -12, -43, -27, -31, -14]
[8, 42, 6, -32, -46, -4, 1, 10]
[16, 0, -8, -9, -38, 1, 6, 8]
[-14, 4, -7, -18, -22, 7, 5, 0]
[6, -5, 2, 16, 24, 15, 0, -7]
[1, -4, 5, -12, -10, 13, 19, 0]
[-10, -7, 0, -5, 37, -16, -36, -4]
[16, 14, 5, 9, -23, -4, 20, 6]
[-2, -10, -16, -20, 22, -7, 14, -1]
[-4, -6, 6, 34, 9, -12, -31, -8]
[15, 14, 12, 6, -6, 41, 27, 4]
[-6, -3, 10, 19, 41, -15, -20, -5]
[-1, 2, 3, 7, 11, 15, -3, 0]
[-2, -10, 0, 20, 25, 16, -12, -6]
[-9, -2, -4, 0, 62, 17, 74, 5]
[-25, -42, -29, -62, -89, -25, -78, -25]
[4, 31, 1, 21, 0, -14, -6, -4]
[2, -6, -1, -6, 17, 49, 15, 9]
[6, 59, 18, 21, 35, -86, -69, -15]
[26, -8, 9, 6, -20, 100, 98, 35]
[45, 40, -1, -68, -61, 20, 2, 15]
[-12, -24, -18, 3, 8, 32, -11, 7]
[-20, -13, 1, 42, -18, 2, -82, -29]
[3, 7, 3, -37, 44, -46, -72, -4]
[-14, -13, 14, -2, 30, 63, 57, 8]
[3, 0, -8, -18, -28, 74, 31, 4]
[-10, -22, -19, 0, -51, -33, 38, 7]
[-12, -1, 6, 17, 24, -45, -70, -28]
[-26, -21, -1, 33, 31, -29, -17, 0]
[22, 21, 12, -2, -1, -42, -15, 1]
[-14, -18, -21, -104, -7, -11, -61, -15]
[-6, 5, 11, 80, -37, -30, 40, 15]
[20, 1, -3, -17, 1, -36, -10, 10]
[-4, -9, 0, -16, -5, -13, -30, -19]
[-3, 8, 5, -6, -27, -13, 42, -1]
[5, -7, -17, -11, -62, -30, -80, -11]
[-18, -8, 5, -1, 20, -21, -30, -5]
[38, 7, -5, 9, -9, 2, 66, 49]
[9, -9, -21, -30, 23, 28, 27, -2]
[-9, 22, 45, 70, 85, 22, -31, -9]
[-18, -22, -39, -29, -7, -33, -80, -24]
[-70, -17, -31, 38, -73, 33, 57, -13]
[84, 29, 55, 6, -6, -88, -18, 38]
[-12, -2, -6, -61, -23, 15, 37, 16]
[38, 19, 49, 127, 36, 84, 57, 38]
[-2, -14, -28, -73, 64, -46, -72, -63]
[-100, -21, -43, -26, -26, -5, -11, -4]
[80, 3, 3, -8, 0, 36, 18, 48]
[-8, -22, -22, -28, -30, -35, -26, -27]
[-30, -4, 3, 15, 41, -20, -25, -6]
[-15, 35, 14, -3, -52, 47, 14, 6]
[14, -1, -25, -51, 35, -29, 35, 24]
[18, -8, -9, -18, -81, 17, 23, -9]
[-28, -3, 17, 45, 103, 21, 24, 4]
[74, 2, 16, 23, -11, -4, -61, -1]
[-125, -37, -55, -97, 10, 13, 27, -36]
[68, 1, -17, 20, -28, -12, -14, 35]
[42, 10, 24, 68, 21, -42, -24, -18]
[-10, -3, 33, 5, -19, 22, 36, 11]
[12, 2, 0, 23, 24, 20, -7, -38]
[-55, 6, -2, 14, -17, -11, 45, -24]
[-19, -1, -18, -90, -4, -20, 13, 22]
[-9, -8, -5, 27, 13, 7, 10, -44]
[30, -18, -11, 63, -36, 8, -23, 63]
[-69, 29, 41, 22, 48, -7, -15, -42]
[25, -12, -16, -71, -36, -29, -25, 26]
[95, 2, -9, -13, 32, -33, 52, 56]
[34, 35, 30, 66, 8, 69, 88, 0]
[-16, -39, -30, -17, -1, -22, -59, -62]
[-15, 3, 23, 19, -18, -11, 3, -56]
