[31, 4, -49, -122, 4, 23, -39, -1]
[28, -12, 1, 106, -3, -37, -26, 74]
[-66, -4, 17, 5, -5, 27, 45, -35]
[-44, -1, -41, -35, -24, -17, -66, -19]
[60, 31, 56, 65, 24, 23, 78, 68]
[75, 46, 3, -33, 10, -15, -20, -19]
[-38, -46, -17, 15, 4, 4, -34, 28]
[64, 5, 11, -16, 9, 28, 71, 16]
[-128, -37, -29, 46, 32, 24, -12, -56]
[-40, 9, -8, -85, 0, -23, -56, -71]
[50, 31, 15, 12, 26, 54, 103, 106]
[-43, -3, 19, 50, -11, -15, -47, -55]
[27, -11, -10, 3, 2, -23, -22, 41]
[-39, 15, 21, -10, 10, 27, 37, -34]
[-108, -20, -28, -103, -46, -57, -84, -118]
[104, 34, -4, 85, 15, -1, 18, 112]
[-117, -51, 0, 127, -3, 30, 8, -33]
[-32, -27, -33, -65, -6, -58, -115, 43]
[41, 20, 18, 25, 16, 34, 52, 71]
[15, 41, 30, 33, 5, -22, -83, -68]
[87, 14, -24, -62, -5, -19, -42, 23]
[92, -7, 0, 25, -32, -48, 17, 70]
[-81, -10, -34, -59, -13, -11, -52, -65]
[60, -23, -16, -82, -12, 8, 41, 81]
[-118, 21, 33, 48, 20, 21, -39, -128]
[33, -12, 3, 32, 23, 39, 85, 67]
[28, 22, 2, -54, -17, -47, -55, -7]
[-11, -24, 21, 64, -4, 37, 56, 76]
[74, 40, -18, -123, 4, 3, -8, 9]
[-122, -23, -15, -15, -18, 31, 2, -94]
[4, 11, 71, 104, 32, -15, -27, -22]
[-42, -12, 23, 1, 19, 45, 61, 41]
[37, 21, 23, -6, 25, -33, -45, -46]
[-76, -6, 19, 28, 13, 79, -51, -28]
[86, -22, -31, -13, -40, -41, 14, 113]
[42, 8, -24, -65, -20, 20, 41, -43]
[-63, -52, -5, 79, 0, 24, -18, -4]
[-5, 32, 5, 9, 2, 53, 31, -128]
[127, 53, 28, 77, 44, -15, 5, 83]
[-13, -26, -29, -66, -28, -1, -4, -45]
[-49, 1, -2, -4, -4, -40, -36, -22]
[-97, -38, -27, -24, -22, -43, 45, -127]
[35, -35, -48, -12, 4, 62, 53, 76]
[-54, 35, 44, 26, 21, -31, -47, -50]
[27, -57, -44, -51, -26, -1, 35, 81]
[-78, 4, -25, -62, -6, -31, -34, -40]
[113, 6, 36, 68, 17, 37, 32, 81]
[-77, 7, 0, -100, -23, -46, -24, -73]
[-91, -7, 7, 78, -7, 23, -8, -98]
[32, 7, -18, -128, -2, -14, -49, -73]
[-93, -25, 66, 32, 53, 47, 60, -1]
[23, -6, 17, -36, 10, 50, 28, 68]
[11, -8, 20, 3, -18, -70, -67, 39]
[86, 34, -8, -51, -1, 1, 81, 54]
[-128, -35, -58, -97, -35, -81, -127, -128]
[19, 22, -36, 10, 29, 50, 63, 51]
[90, 28, 92, 34, 27, 114, 68, 107]
[108, 11, 23, 50, 3, -36, -15, 88]
[30, 38, 1, -12, -11, 2, 13, -61]
[-117, -40, -50, -103, -33, -33, -75, -91]
[-49, -20, -18, 45, 24, 12, 16, -59]
[-45, 0, 27, -8, 5, -42, -18, -36]
[-14, -6, -24, -28, -18, -9, 3, 10]
[-35, -21, -26, -67, -19, -88, -109, -67]
[62, -4, 38, 13, 38, 81, 104, 80]
[102, 54, 67, 44, 41, 63, 43, 23]
[-128, -61, -82, -84, -80, -97, -97, -124]
[105, -10, -30, -11, -7, 63, 62, 72]
[-51, 17, 19, -1, -14, 12, -12, 3]
[-9, -27, -9, 75, 7, 15, 14, 51]
[63, 37, 49, 79, 33, 47, 27, 22]
[-18, 16, 18, 33, 4, -43, -54, -74]
[-57, 8, -18, -64, 3, 15, 60, -45]
[-70, 32, -2, 10, 3, -17, -44, -76]
[-20, -55, -66, -69, -18, -15, -15, 74]
[-72, 16, 33, 57, 2, 21, 93, 12]
[21, -35, -12, -88, 0, 14, 8, 53]
[82, 7, -34, -12, -20, -46, -78, -90]
[16, 8, 60, 87, 34, 52, 85, 103]
[58, 34, 36, 60, 19, 14, -38, -46]
[-11, 6, -81, -103, -29, -7, -17, 39]
[-86, -47, -15, 2, -34, -5, 24, 16]
[-69, 11, 11, -15, 13, 17, -8, -110]
[110, -5, -37, -10, 3, 32, 42, 127]
[-23, 22, 27, 25, -18, -60, -31, -99]
[-31, -4, 22, 58, 8, 17, 4, 52]
[-33, 0, -12, -29, 5, -41, -51, -102]
[-4, -1, -11, -18, -23, 20, 2, 45]
[-41, -27, -38, -1, -32, -80, -49, -6]
[-3, -43, 1, 1, 5, 17, 23, 65]
[-23, 20, -1, -34, 5, 32, 20, -41]
[-7, -12, 32, 68, 18, -22, -19, -22]
[71, 33, -15, -66, -12, 6, 23, 61]
[6, 3, 9, 91, 12, -17, -18, 14]
[-67, -12, -45, -97, -9, 0, -2, -42]
[29, 13, 58, 76, 30, 13, -39, -30]
[-36, -19, -12, 70, -15, 14, 51, 81]
[-68, 3, 4, 15, 4, 3, 30, -7]
[28, 2, 4, -87, -26, -26, -41, -3]
[-128, -41, -34, 70, 19, -7, 22, -88]
[56, 26, 29, 19, 0, -23, -22, -18]
[15, -14, -2, -43, -15, 4, -5, -24]
[120, 24, 7, 39, 7, 22, 37, 127]
[-50, 9, -17, -75, -11, 20, -3, -54]
[-104, -10, -40, 4, 9, -22, -22, -101]
[97, -11, 8, -9, -9, -5, 32, 111]
[9, 13, 20, 1, -11, -15, 0, -7]
[24, 15, 10, 18, 8, -6, -33, -8]
[-101, -39, -32, -43, -9, 4, -25, -128]
[74, 23, -4, -34, -13, -21, -38, 87]
[31, -13, -22, 27, 0, 7, 23, 39]
[11, 5, 42, 9, -2, -31, -29, 22]
[-52, -11, -16, 10, 1, -2, -15, -86]
[-23, 0, 19, -10, 3, -2, 0, 39]
[-16, 25, -28, -28, 13, 30, 14, -70]
[64, -11, 29, 56, -11, -13, 34, 102]
[37, 21, 24, 23, 4, -2, -19, 3]
[-45, 5, -22, -54, 4, 18, -9, -32]
[21, 4, 7, 22, -5, -13, -12, 12]
[-65, -24, -17, -30, -4, 10, -2, -31]
[67, -3, -4, -13, 3, -4, -9, -3]
[-12, 6, 0, -23, -10, -17, -9, 13]
[-31, -3, 18, 22, 12, 16, 32, 10]
[28, 5, -17, -8, -5, -2, 6, 6]
[44, 10, 10, -10, -13, -4, 12, 50]
[-51, -8, -16, 0, 7, -7, 10, -43]
[28, 10, 14, -1, 2, 5, -3, 5]
[-18, -15, -9, 4, -5, -6, -5, 1]
[6, 28, -4, -22, -1, 7, 1, 12]
[-3, 5, -2, -37, -6, 2, -4, -27]
[2, -4, 32, 98, 24, 4, 0, 13]
[3, -4, -3, -22, -1, -13, -3, -3]
[-2, -19, -5, -15, -16, 2, -2, 0]
[0, 8, -6, -8, 1, 3, 2, -10]
[17, 5, -5, -16, -3, 7, 12, 5]
[-8, -12, -11, 0, 21, -14, -9, -1]
[13, 18, 20, 19, -20, -10, -4, 21]
[-14, -20, -7, 0, -8, -5, 14, -3]
[-6, -9, -4, -26, 11, -7, -51, -25]
[25, 30, 17, 16, 3, 8, 5, 3]
[-9, -34, -8, -16, 27, 17, 6, 24]
[21, 57, 10, -1, -11, 10, -2, -16]
[-5, -15, 1, 20, 26, -14, -8, -2]
[-15, -4, -11, -14, -15, -13, 2, 4]
[6, -1, -5, -35, -69, -19, -8, 5]
[-22, -12, 1, 57, 47, 13, 9, -2]
[-7, -18, 1, -12, 70, 3, -5, -14]
[-13, -11, -11, -40, -74, -8, 22, 14]
[-7, -4, 2, 53, 35, 6, -61, -18]
[-19, -26, -1, -19, 9, 3, -15, -17]
[-1, 13, 3, -9, 12, 21, 13, 6]
[-11, -12, -4, 28, 3, -5, -7, -23]
[-14, 10, -2, -29, -46, 2, -1, 13]
[19, -22, -3, -9, -10, -3, -19, 1]
[38, 44, 11, 21, 22, 16, 6, 12]
[-8, 5, -5, -24, -37, -3, -9, 1]
[15, 30, 6, 4, 5, 5, 16, -13]
[-13, -23, -7, 19, 52, 9, 4, -5]
[5, 5, -6, -64, -126, -22, 13, 12]
[-11, -5, -3, 16, 31, -2, -12, -17]
[5, 5, 2, 16, 40, -4, 7, 3]
[0, -5, 5, 21, 52, 2, -4, -6]
[-12, -15, 2, 10, 8, 4, 17, 3]
[2, 9, 4, -8, -23, -6, -8, -1]
[-3, -13, -11, -29, -45, -8, 28, -10]
[-28, -8, 3, 46, 63, 3, 8, 22]
[13, -4, 2, 31, 13, 3, -15, -8]
[10, 8, -3, -23, 2, -4, 0, -7]
[18, 28, 16, 24, 46, 13, 16, 33]
[-7, -9, -2, -71, -49, -9, -5, -13]
[2, 33, 5, 20, -58, -9, 3, 9]
[5, 1, 8, 67, 110, 17, -5, 2]
[12, -8, -9, -39, -13, -2, 3, -21]
[6, 19, 2, 3, 9, -3, 22, 8]
[-18, -16, -8, -45, -29, -12, -20, -8]
[-2, -5, -1, 10, 74, 9, 9, 2]
[-19, -14, -15, -6, -85, -28, 8, -2]
[-1, -4, -7, 2, -2, -1, -6, -8]
[-4, -16, -7, 10, 40, -1, 4, -4]
[2, -1, 0, -7, -66, -10, 4, 5]
[-9, -13, 7, 46, 127, 14, -18, -6]
[9, 8, -4, -37, -89, -12, -5, -10]
[-4, -3, 3, -31, -50, 0, 9, 5]
[-1, -8, -3, 12, 3, -1, 0, 4]
[25, 42, 4, -4, 20, -1, -8, 8]
[-3, 3, -4, -19, -65, -3, -5, -9]
[-1, 5, 4, 26, 94, 20, 19, -3]
[5, 3, -8, -48, -88, -17, -20, 11]
[-8, -23, -6, 19, 58, -4, 0, -5]
[2, 0, 3, 11, -6, 0, 0, 1]
[-7, -13, -10, -27, -32, -8, 0, -1]
[-5, -2, 8, 41, 77, 19, 0, 0]
[-1, -8, -10, -45, -45, -13, 0, -1]
[4, 8, 10, 43, 38, 4, -1, -1]
[0, -4, 4, 0, 28, 7, -1, 3]
[3, 4, -2, -28, -25, -5, 1, -7]
[-2, -3, 6, 33, 51, 10, 2, -1]
[-2, 2, -1, -9, -46, 1, 4, -1]
[1, 4, 7, 52, 66, 13, 8, 3]
[-8, -3, -11, -63, -59, -17, -6, -7]
[-4, -3, 7, 4, 51, 10, 12, 3]
[-4, 0, -3, -26, -30, -3, -27, -14]
[-5, -3, -3, 24, 4, 0, -2, 6]
[-4, 1, 5, 29, 48, 5, 2, -6]
[-5, -11, -5, -39, -99, -5, 1, 0]
[3, 1, 2, 31, 63, 4, 5, 5]
[-3, 1, -4, -21, -23, 2, 25, 1]
[-2, -5, -8, -21, 6, -6, -3, 0]
[9, 15, 9, 44, 12, 10, 5, 5]
[4, -7, -1, -6, 9, 0, 5, -1]
[5, 9, -3, 1, -5, -10, -9, 7]
[0, -1, 1, -8, 11, 4, 2, 1]
[-1, -2, 0, -1, -5, 0, -2, -2]
[2, -1, -2, 8, 7, -5, 0, 0]
[3, -2, 5, -12, -30, 0, -5, -2]
[6, 5, 8, 13, 11, 3, 0, -1]
[-4, -5, -8, -34, -33, -16, -3, 0]
[-1, 3, -1, -10, -1, -5, 3, 3]
[-1, -5, -2, 44, 98, 15, 1, -3]
[-3, -4, -9, -37, -83, -9, -2, -4]
[-8, -4, 1, -3, -26, 0, -4, -2]
[-1, 5, 1, -1, 1, 5, 8, 3]
[-1, -6, -5, -23, -7, 0, -3, -3]
[4, 5, 2, 34, 50, 5, 2, 2]
[-4, -5, -6, -4, -47, -8, -2, 4]
[0, -2, 0, -14, -34, -4, 0, 2]
[-5, -7, 2, -20, -18, 2, -7, -6]
[4, 11, 1, 4, 0, 0, 4, 1]
[1, -1, 2, -3, 5, 5, 0, -1]
[6, 0, 0, 0, 19, 0, 0, -1]
[0, 0, -1, -8, -53, -7, -2, 0]
[-2, -6, -3, 3, 11, -1, -2, -2]
[1, 1, -5, -11, -2, -2, -1, -4]
[1, 0, 1, 16, 41, -1, -3, -1]
[-5, -5, -6, -8, -16, -4, -3, 1]
[-3, -3, 0, 10, 22, 3, -6, 3]
[-1, 1, 0, -21, -5, 1, 6, -4]
[-2, -5, -7, -12, -18, -4, -3, 0]
[1, 1, 2, 35, 39, 6, 1, 0]
[-5, 0, 1, -6, -14, -3, -7, -3]
[0, -1, 3, -3, 2, -1, -1, 0]
[-2, 1, 4, 10, 17, 4, 1, -1]
[3, -1, -3, -12, -15, 2, 0, -2]
[0, -6, -7, -2, 13, -1, 0, -2]
[-2, -4, 0, 3, 2, -3, -3, -5]
[-1, 0, 4, -4, -34, -8, 1, 1]
[-1, 2, 3, -22, 16, 0, -3, 2]
[-2, -2, 3, 30, 29, 0, 0, -1]
[-1, -4, -3, -13, -19, -1, -4, -1]
[-2, -2, -7, -3, -11, -5, -3, -1]
[2, 1, 0, 1, 10, -1, 3, 1]
[-1, -1, -3, -6, -1, 1, 4, 3]
[3, -1, -2, 17, 19, 0, -2, 0]
[-1, 1, -2, -23, -24, 2, -3, -2]
[1, -1, 1, 8, 0, -4, 0, -2]
[0, 2, 5, 12, 7, 3, 2, 0]
[-2, -1, -3, -1, 0, -2, -6, 0]
[-2, -2, -7, -1, 41, 2, 1, 4]
[1, -1, 0, -6, -49, -3, -1, -2]
[2, -2, -3, -10, -18, 2, 2, -3]
[-2, -2, 4, 16, 39, 5, 3, -1]
[-4, -1, -2, 5, 7, -2, 0, -4]
[2, -1, -1, 3, -9, 1, 1, 1]
[-2, 0, -3, -13, 20, 1, -1, 1]
[-3, -3, 2, 6, -25, -7, -3, -1]
[1, -2, 2, 6, -6, 0, 2, 4]
[-2, 1, 2, -1, -8, 1, -3, -2]
[-2, 0, 2, 8, 7, -3, -3, 0]
[0, 1, -2, -7, 9, -1, -1, 0]
[-2, 0, -2, -6, -10, -3, -3, -1]
[0, -2, 0, 1, -6, 0, 0, 1]
[4, 1, -1, -17, 13, 3, 0, -1]
[0, -1, 1, 10, 21, -2, 0, 0]
[0, -4, -3, -15, -53, -3, -2, -4]
[-3, -2, -6, 1, 13, -2, -2, -3]
[-2, -3, -4, -8, -25, -2, 1, -2]
[0, 3, 4, -1, 22, 2, 2, 2]
[2, 2, 2, 15, 0, -1, 1, 0]
[-1, -2, 0, -11, -30, -4, 1, -2]
[-6, -2, -4, 1, -20, -7, -1, -2]
[-2, -3, -3, -9, -14, -3, 0, -2]
[-3, -4, -1, 5, -6, -7, -3, -3]
[-1, 2, -1, 0, 13, 4, 0, -2]
[-1, 2, 1, 8, 2, 2, -1, -2]
[-1, 0, -4, -21, -12, -2, -1, 1]
[0, -1, -1, -1, 18, 2, -1, 3]
[-1, -1, -1, 9, 25, 3, -2, 0]
[0, -2, -2, -1, -57, -9, -5, -2]
[-2, 0, -6, 5, 18, -4, -2, -5]
[2, 2, 3, 3, -4, -3, 0, -2]
[5, 1, 1, -3, 2, 1, -3, 1]
[-2, 1, 2, 1, -2, 2, -2, 1]
[-3, -3, -4, 2, -23, 1, -2, 0]
[-2, -1, -2, -10, -8, -1, 0, -1]
[0, -1, 1, 5, 34, 5, 1, 0]
[1, 2, 4, -5, -21, 1, 4, -1]
[1, 0, 0, -3, -12, -3, -1, -1]
[-1, -3, -6, -1, 10, 2, 2, -4]
[0, 1, 5, 25, 39, 1, -1, 1]
[-4, -4, -4, -13, -34, -8, -1, -1]
[0, 2, 7, 13, 10, 1, 1, 2]
[-3, 0, -2, -11, -1, 0, 0, -2]
[-2, -6, -5, -23, -30, -10, 0, -2]
[1, -3, 2, 15, 36, 7, 1, -2]
[1, -2, -4, -4, 5, 0, -3, -3]
[-2, 1, 1, -2, -19, -3, -3, -2]
[0, 5, 5, 0, 11, 6, 2, 3]
[0, -1, -3, -4, -26, -6, -4, 0]
[-3, -3, -3, 4, 21, -2, -4, -1]
[1, 4, 3, -2, 11, 1, 1, -1]
[-4, -1, -1, -8, -27, -3, -2, -2]
[2, 0, 2, 17, 0, 3, 2, 0]
[1, -2, 0, -14, -4, 0, 1, -3]
[0, -4, -4, -1, 5, -5, 0, 0]
[-2, -3, 1, -10, -1, -2, -2, -4]
[-2, 0, -2, -5, 13, 2, 1, 0]
[-1, -4, -4, -2, -6, -1, -1, -1]
[-2, 0, -1, 16, -2, -5, 1, 1]
[-1, 1, -5, -5, 27, 3, -1, -3]
[2, 2, 8, 14, 8, 4, 1, -2]
[0, -5, -6, -20, -43, -10, -4, 0]
[2, -1, 2, 9, 10, 5, -4, 2]
[1, 2, 0, -6, -17, 0, 1, -1]
[-5, 2, -3, -4, 11, 1, -1, -1]
[0, 4, 5, 0, 39, 7, 3, 1]
[-3, -4, -1, 18, -38, -5, -3, -1]
[1, -1, 1, 14, 9, 1, 0, 2]
[-1, -2, 4, 6, 3, -4, -1, -2]
[0, -2, -4, -14, -8, 0, 2, 1]
[1, -3, -3, -18, -18, 0, 0, 0]
[1, -2, -3, -5, -4, -3, -1, -1]
[0, 0, -1, 3, 13, 2, -2, 0]
[-4, 1, 0, 3, -11, -2, -3, -2]
[-4, 1, -1, 14, 22, 1, -4, -5]
[0, 0, 0, 5, 4, 4, 1, 0]
[0, 0, 1, -3, 27, 1, 1, 1]
[-4, 3, -5, 4, -38, -11, -1, 0]
[3, 0, 0, -11, 4, 0, 0, 0]
[1, 0, 2, 9, -13, -2, -2, -1]
[-4, -3, 0, 8, 19, 1, -2, 0]
[0, -3, -3, -4, 11, 4, 1, 0]
[1, 0, -2, 2, 12, 5, 2, 1]
[-1, 2, 6, -19, -31, -4, 0, -1]
[0, -2, 0, -8, -8, -4, 0, 1]
[-2, 2, 2, 15, 12, 0, 0, 1]
[-2, -3, 1, -19, -9, -4, 1, 0]
[0, -3, 0, 18, 8, 5, -2, -2]
[0, -1, -4, -23, 1, -2, -1, -4]
[2, -2, 0, 36, 31, 0, 1, -1]
[-1, 0, -3, -11, 10, -1, -1, 3]
[-2, 2, -8, -22, -39, -6, -3, -1]
[-2, 0, -2, 1, -9, -1, -2, -1]
[0, -5, -3, -7, -4, 3, -2, -2]
[-1, 3, 6, 17, 53, 4, 1, 0]
[-3, 2, 2, -2, -40, -2, 1, -2]
[0, -2, -6, -21, -14, -1, -1, 0]
[0, 2, 4, 16, -1, 0, -2, -1]
[1, -4, -2, -8, -1, -1, -2, -1]
[-1, -2, -3, 4, 19, 3, 0, 0]
[-1, 4, 1, 6, 10, 1, 1, -1]
[-1, 0, -1, -10, -22, 0, -2, 0]
[2, 0, -2, -14, 11, 4, -1, 1]
[2, 0, 3, 9, -12, -2, 0, 0]
[-2, -4, -1, 29, 38, 3, 1, -3]
[-1, 1, 3, -4, -14, -2, 3, -1]
[-2, 1, -2, -2, -9, -4, -3, 0]
[0, -3, -10, -14, 19, 2, -2, 1]
[-1, -3, -3, -17, -42, -9, -3, -3]
[0, 1, 4, 24, 49, 3, 0, -3]
[-1, -4, 0, 5, -28, -5, 2, -2]
[-1, 1, 2, -5, -19, -2, -2, 0]
[0, -2, -2, -2, 14, 0, -5, 1]
[-1, -3, 0, -10, 4, 0, -1, 1]
[1, 1, 1, 4, -7, 2, -3, -1]
[-1, -2, -1, -5, 15, -1, -3, -2]
[1, -1, 0, -12, -14, -1, 0, 0]
[0, 1, -2, 7, -11, -2, 2, 1]
[2, 2, 2, 7, 13, 4, 1, 0]
[-5, -1, 0, -6, 0, -1, 1, -1]
[-3, 1, -4, -7, -11, -4, 1, -2]
[0, 1, -3, 7, 26, 7, -1, -3]
[-2, 1, -2, -5, -24, -1, -2, 0]
[-1, -2, -8, -1, 6, -4, -4, 1]
[-1, -5, -8, -41, -47, -7, -4, -1]
[0, -4, -4, -1, 9, -5, -2, 0]
[4, 2, 7, 7, -12, 4, -2, -1]
[5, 1, 4, 20, 33, 3, -1, 0]
[1, 2, 3, 20, 20, 5, 2, 0]
[0, -1, 0, -17, -28, -5, -3, -2]
[-5, 0, -2, 3, 10, 1, 2, -1]
[-3, 0, -1, -29, -22, -2, -1, -1]
[-5, 0, 2, 41, 25, 2, 1, -1]
[-3, -2, -4, 1, -1, -1, 0, 1]
[-1, 0, 1, 1, 5, 0, -1, -1]
[0, -1, 3, -8, 2, 0, 3, 0]
[-1, -2, 0, -10, -9, -5, -1, -1]
[1, -1, 4, 2, -8, 1, -3, 0]
[0, -3, -4, -8, -7, -3, -3, 1]
[-2, 0, -6, 18, 25, 2, -4, 0]
[1, 2, 0, -3, 6, 1, 1, 0]
[-1, -1, -4, -12, -16, -5, -2, 0]
[2, 0, 1, 2, -3, 1, 2, 1]
[1, 2, 4, 13, 1, -1, 3, -1]
[-5, 0, -4, -6, -18, -2, -2, -2]
[-1, 1, 9, 4, 22, 3, -2, -3]
[2, 0, -2, -2, 15, 3, 2, 1]
[-1, -3, -5, 6, -2, -1, 0, -2]
[-3, -4, -5, -11, -6, -6, -11, 0]
[-1, -3, -3, -5, 0, 1, 2, -2]
[-1, 0, 1, -15, -4, 1, -8, 1]
[-2, 2, 2, 6, -21, 2, 11, 1]
[-1, 4, 2, 17, 41, 1, 7, 3]
[-1, -3, -5, -15, -44, -6, -4, 0]
[-3, -3, -6, 0, -13, -7, -1, -4]
[3, 0, -2, -4, 24, 2, -8, -1]
[2, -1, -4, -13, -62, -7, -2, -3]
[-1, 0, -6, 4, 25, 5, 2, 3]
[1, 1, 5, -8, -8, -2, -4, -6]
[-1, 2, 8, 6, 9, -2, 1, -2]
[0, -2, 1, 11, 21, 0, 1, -2]
[1, 0, 1, -4, -2, 1, 11, 5]
[-2, -4, -2, 14, 22, 1, 0, 1]
[3, -1, -5, -17, -38, -3, 9, -1]
[-5, -1, 2, 4, 22, -12, -16, -3]
[-1, 2, 6, -14, -9, -4, -3, -2]
[-1, -5, -2, 8, -5, 21, 10, 2]
[-6, -5, 0, 6, -16, -2, 2, 2]
[-1, 1, -4, -4, 12, -9, -9, -4]
[3, 7, 0, 5, 20, -7, -2, 5]
[7, 10, 0, -11, -19, 1, 6, 0]
[2, 1, 1, 5, 3, 3, 0, 4]
[-2, -7, -5, -10, -26, 6, 10, 15]
[-2, -14, -5, -7, -12, -20, -7, -10]
[2, 6, 8, 26, 38, 8, 4, -1]
[-8, -14, -6, 16, 22, -7, 2, 3]
[10, 21, 4, -4, -4, 0, -21, -12]
[2, -1, 1, 2, -12, -2, 8, 8]
[0, -1, -5, -12, 3, -6, -16, -10]
[0, 0, 4, -9, 9, 24, 47, 11]
[-1, -6, 3, 15, -14, 10, 13, 12]
[-6, 2, 2, 6, 56, -28, -37, -14]
[2, 1, 3, 21, -27, -1, 11, 1]
[0, -6, -6, -4, 14, 17, -3, -4]
[-9, -6, -5, -8, -12, -24, -17, -7]
[5, 1, -4, -22, -40, 13, 20, 8]
[-4, -13, -2, -9, 19, 8, -12, -5]
[-17, -3, 1, 42, 102, -8, -27, -11]
[-10, -6, -1, -29, -79, 28, -6, -9]
[10, 6, -1, 5, 19, 15, 11, -5]
[-16, -12, -1, 18, -10, -17, 1, -1]
[2, 9, -8, -28, -2, -22, -51, -11]
[33, 6, 9, 2, 39, -34, 54, 36]
[-12, 0, -6, -39, -36, 44, -33, -11]
[1, 0, -5, 40, -4, 10, -44, -15]
[13, 24, 1, -37, -55, 2, 27, -5]
[-3, 1, 13, 14, 48, 76, -22, 14]
[-6, -8, -11, -34, -103, -67, -62, -6]
[21, 10, 13, 34, 127, 92, 97, 34]
[-19, -19, -19, -67, -116, -10, -68, -14]
[20, 15, 21, 53, 56, 34, 40, 8]
[-3, -3, -1, -53, 25, -4, 5, 2]
[-18, -5, -9, 56, -46, -41, -32, -19]
[2, 1, 8, 4, 17, 7, 11, 2]
[-8, -7, -5, -5, 28, -23, -12, -12]
[-4, -5, -9, -35, -44, -56, -83, -21]
[-3, -5, -14, -57, -57, 13, 86, 34]
[15, 4, 5, 45, -4, 46, -11, 2]
[-28, -22, -12, 9, 39, -43, -42, -18]
[1, 22, 12, 34, 70, 26, -44, -17]
[22, 5, 3, -36, -18, -32, -21, -4]
[8, 15, -8, 0, -22, 12, 113, 30]
[-5, 3, -4, -45, -48, -56, -100, -22]
[-5, -3, 15, 98, -5, 4, 65, 0]
[16, 11, 11, 2, 54, 100, 44, 42]
[-36, -21, 0, -18, 2, -54, -46, -32]
[53, 17, -10, 1, 33, 32, -15, 11]
[-13, -4, -18, 2, 13, 0, 95, 45]
[9, -4, 17, -30, -93, -48, 2, -39]
[1, -2, 20, 67, 32, 32, 51, 24]
[-47, -3, 20, 9, -36, 20, 5, -35]
[72, 18, 36, 39, 24, 48, 31, 33]
[-42, 7, 25, 5, 7, -90, -128, -74]
[8, -21, -49, 0, 47, 47, 91, 53]
[39, 25, 48, -10, -70, -2, 47, 12]
[-73, 1, 39, 97, 127, 41, 43, -17]
[3, 1, -41, -76, -66, -25, -20, 31]
[59, 3, 12, 1, -56, -39, -68, -4]
[-27, -18, -31, -35, -19, -7, 17, 5]
[16, -6, -33, -25, -15, 6, -24, -12]
[-12, -9, -8, -9, 32, -18, -26, -49]
[-100, 3, 6, -26, 10, -14, -31, -59]
[-42, -1, -19, -5, -3, 2, 43, 49]
[78, -12, -2, 9, -22, -3, -18, 53]
[-10, -10, -31, -42, 20, 22, 40, 35]
[-62, -15, -6, 17, 10, -32, -82, -61]
[42, 17, 39, 75, -12, -5, 12, 17]
[-31, 3, -2, -25, -28, 9, 37, -16]
[39, -4, 21, -24, 3, 23, 12, 9]
[-56, -24, -18, -32, 11, -32, -19, -14]
[9, 11, 0, 34, 14, -18, -35, -24]
[-56, -13, -11, -35, -34, 62, 33, 0]
[-55, 11, -14, 60, -37, -35, -24, 10]
[84, 24, 49, 32, 0, 40, 2, 50]
[-88, -33, -74, -24, -9, 16, -6, -112]
[127, 2, 43, 43, -13, -53, 18, 108]
[-128, -25, -19, -50, 34, 2, -66, -99]
[127, 71, 13, -37, 12, 3, 18, 127]
[-61, -15, -11, 22, -15, -36, 4, -16]
[46, 19, 8, -23, 8, 54, 60, 54]
[-67, -27, -1, 39, 27, 16, -26, -68]
[-23, -22, -15, -25, 4, -21, -7, 0]
[67, -1, -25, -80, 12, 20, -14, -13]
[-67, 7, -4, 65, 2, -38, -83, -79]
[84, 10, -21, -51, 6, -14, 21, 27]
[-3, 21, 53, 59, 8, 33, 45, 9]
[72, -8, -3, -5, -9, -9, -15, 58]
[-128, -53, -48, -62, -48, -54, -101, -96]
[93, 14, 1, -15, 1, 12, -5, 10]
[-9, -5, 34, 68, 37, 66, 49, 2]
[-70, -18, -13, -42, -33, -78, -60, -20]
[2, 7, -3, 21, 8, -14, -58, -42]
[1, 13, -6, -13, 16, 71, 91, 104]
[24, -24, -27, -72, -24, -27, -8, 7]
[46, 53, 69, 96, 27, 75, 97, -43]
[-44, -25, -26, -44, -12, 25, 21, -9]
[100, 4, 3, 12, 6, -54, 31, 63]
[-94, -6, 12, -13, 6, -11, -61, -113]
[-28, -26, -1, 6, -15, 28, 53, 22]
[87, 67, 21, -23, 1, -89, -78, 8]
[-105, -21, -19, -52, -21, 10, -33, -46]
[-42, -20, 64, 64, 44, 52, 56, -26]
[72, 9, -30, -128, -10, -32, 18, 60]
[-17, 4, 40, 52, -4, -14, 56, -14]
[9, -3, 27, -7, 5, -16, -45, -22]
[-32, 0, -68, -18, -13, -53, 3, 56]
[-78, 2, 28, 57, -1, 25, -32, 11]
[49, 6, 11, 14, 31, 41, 51, -42]
[-37, -25, -23, -13, -27, -26, 35, 60]
[-27, 12, -12, 7, -19, -14, -50, -77]
[-11, -60, -20, -37, 0, 63, -9, -11]
