[-80, 35, -43, -104, -2, 4, -60, -34]
[44, -5, 59, 127, 31, 42, 52, 4]
[28, 18, -4, -41, -2, 60, 20, -24]
[-71, -30, -71, -101, -56, -70, -53, -19]
[-68, -9, 53, 44, 18, 21, -42, -128]
[-26, 28, -30, 89, 5, -11, -53, -71]
[125, 42, 56, 8, 35, -22, -15, 106]
[-35, -27, -15, -53, -7, 45, 69, -77]
[64, -16, -48, 38, -31, -28, 9, 95]
[39, 43, 24, 24, -11, -33, -9, -19]
[-38, -21, -58, -109, -44, -75, -79, -65]
[53, -7, 62, 127, 62, -109, -24, 42]
[83, -7, 5, -91, 2, 68, 125, 45]
[7, 3, 20, -55, 7, -65, -76, 0]
[-74, 57, -34, 3, -2, -40, -53, -128]
[72, 20, -11, -61, 9, 50, 73, 46]
[-99, -33, 2, -8, -21, -8, -37, -20]
[122, 16, 25, 10, 25, 46, 43, 113]
[24, -28, -49, -96, -36, 8, 0, -7]
[2, 35, 10, 20, 20, 7, -24, 11]
[-60, 3, -35, -8, -25, -16, 43, -20]
[27, 29, 75, 55, 21, -32, -49, 14]
[-34, 6, 40, 81, 43, 78, -14, -53]
[117, -11, -6, -5, -36, 0, 107, 109]
[-50, -9, -13, -26, 19, 31, -64, -77]
[-48, -7, -39, -69, 5, 57, -35, -55]
[127, -40, -34, -26, -35, 12, 109, 127]
[-39, 42, 39, 126, 10, -54, -128, -97]
[-98, -3, -36, -100, -22, -8, 60, -48]
[91, 10, 25, 93, 11, 3, 66, 85]
[1, -36, 8, -12, 13, -22, -22, 95]
[-19, 7, -25, -87, -16, 18, 19, -35]
[-60, -1, -23, 6, 4, -87, -95, -61]
[-36, -11, 16, 33, 14, -67, -82, 45]
[54, 9, 5, -8, -7, 95, 91, 28]
[-44, -9, -9, -64, -27, 7, -61, -57]
[-1, -38, -32, -65, -5, 43, -6, -28]
[-55, 11, 38, 53, 19, -25, 19, -7]
[-3, -9, -50, -50, -20, -28, 0, -11]
[25, 16, 48, 59, 41, 23, 14, -2]
[-14, 5, 18, -9, -9, -13, -32, -45]
[9, -17, -70, -46, -9, 61, 59, 20]
[-22, -21, -29, 30, -2, -11, -13, -7]
[-5, 36, -3, -8, -4, 0, -3, -7]
[-17, -20, 38, 27, 15, -6, -15, 30]
[39, -36, -43, -54, -15, 26, 21, -2]
[-122, 0, 32, 61, 31, 16, -4, -40]
[77, 26, 6, -10, -3, 15, 21, 70]
[16, -7, -7, 48, -36, -58, -74, 47]
[-7, 21, -20, -85, -3, 30, 31, -24]
[-112, -5, -60, -97, -4, -13, -29, -13]
[72, 45, 103, 99, 56, 111, 86, 112]
[7, -3, -10, -49, -26, -56, 0, -27]
[11, 16, -9, 29, -4, 13, -26, -96]
[-71, -33, -19, -64, -24, -49, -44, -128]
[-128, -45, -22, 17, -3, -49, -128, -128]
[127, 31, 18, -28, 15, 79, 127, 127]
[-44, 26, 32, 45, 8, -35, -25, -112]
[44, 13, 23, 36, -3, -8, -32, -21]
[-52, -40, -104, -128, -57, -59, -94, -61]
[61, 23, 80, 127, 40, 84, 99, 85]
[-23, -25, -34, -78, -20, 1, -11, -3]
[-7, 3, 20, 44, 5, -22, -13, -37]
[-80, -57, -30, -28, -14, -16, -9, -23]
[-21, 4, -36, -61, -20, -5, -41, -48]
[-65, -4, 29, 19, 2, -14, -19, -70]
[28, 10, 17, 40, 9, 63, 47, 45]
[-75, -73, -14, -30, 0, 0, 9, 47]
[77, 70, 8, -40, -10, -34, 61, 55]
[-116, -31, -20, -22, -16, 32, -6, -27]
[-4, 38, 73, 78, 27, -10, -15, -27]
[-99, -21, -45, 40, -20, -35, -22, -114]
[-93, -34, 20, -38, 11, 17, -14, -9]
[55, 16, 16, 59, 14, 15, 34, -8]
[-17, 2, -17, -13, -22, -15, -43, 41]
[127, 30, -3, -21, -1, -37, 15, 93]
[-13, -9, -15, 31, 25, 14, -16, -71]
[-71, 0, -44, -128, -23, -5, -30, -54]
[31, -24, 38, 78, 1, -23, 38, 66]
[7, 6, 10, 22, 3, 52, 21, 17]
[-6, -3, -30, 2, -3, -22, -47, -34]
[-61, 0, 20, -24, 19, 17, -7, -93]
[36, -17, -51, -81, -12, -3, 23, 71]
[2, 35, 54, 29, 15, -26, 16, 30]
[-89, -36, -21, -26, -22, -10, -34, -87]
[47, 2, -54, -27, -9, -1, 24, -19]
[-50, -38, 35, 33, 13, 42, 55, 63]
[74, 34, 20, -43, 1, -8, 43, 52]
[-32, -4, 12, 90, 0, -30, -50, -46]
[-40, -20, -1, -52, -18, -7, -7, -15]
[-48, 8, -57, -69, -1, 6, -74, -128]
[-7, 4, 26, 64, 26, 46, 33, 68]
[20, -18, -23, -39, -22, -33, 9, 49]
[5, 0, 25, 44, 24, 52, 52, 63]
[6, 9, 5, -6, -28, -91, -52, -31]
[-41, -12, -33, -26, -1, 31, -47, -57]
[40, 15, 7, 12, 20, 18, 12, -16]
[-70, -19, -17, -35, 1, 23, 38, 31]
[123, 16, 9, 37, -12, -9, 12, 70]
[-50, -10, -8, -14, -5, -19, -6, -31]
[-41, -11, -28, -69, -16, 1, 6, -7]
[72, 18, 25, 74, 10, -22, -12, 39]
[-30, 0, 8, -33, 11, 10, 8, -34]
[-3, -5, -19, -41, -9, -14, -6, -15]
[5, 2, 15, 20, 14, 5, 0, -1]
[-15, -19, -26, -41, -14, -13, -12, 8]
[17, 19, 6, 4, 1, 2, 9, -7]
[-3, 22, 12, 18, -4, 5, 5, -20]
[2, -4, -1, 1, -5, 12, 8, 12]
[-10, -12, 4, 6, -4, -10, -10, -30]
[19, -13, -13, 1, -1, -2, 10, 26]
[-71, -7, -8, -10, 1, -18, -32, -99]
[92, 12, 14, 30, 12, 3, 52, 114]
[19, -8, -3, -8, -13, -10, -9, 19]
[-19, 27, 14, 3, 0, 4, -17, -34]
[6, -11, -7, -11, 0, 6, 25, 0]
[-11, 21, 10, 18, 7, -1, -23, -22]
[-6, -6, 4, 2, -6, -5, -2, 12]
[8, -17, -13, -31, -3, -2, 0, -20]
[2, 19, 1, 5, -13, -15, -19, -11]
[-2, 0, -6, 4, 5, 6, 12, 6]
[31, 8, 8, 11, 5, 1, 1, 21]
[-31, -8, -6, -3, 1, -5, -29, -32]
[11, -3, -10, -7, -12, 0, 4, 10]
[5, -4, 12, 18, 10, 7, -4, 4]
[4, -1, -8, -15, 20, 12, 5, 10]
[-20, -16, -4, -32, -64, -11, -8, -23]
[1, -12, 0, 29, 38, -9, 9, 21]
[10, 10, -4, -24, -25, 3, -6, -5]
[-13, 16, 5, 6, -9, -9, 5, 4]
[-24, -25, 3, 30, 103, 23, 10, 10]
[30, 20, 8, 7, -5, 8, 12, 33]
[-12, -6, 2, 12, 10, 11, 24, 4]
[-1, -10, -4, -9, 10, 20, -4, 5]
[21, 17, 15, 23, -5, 10, 10, 9]
[-9, 18, -1, -44, -40, -4, 6, -26]
[2, -5, 0, 11, 52, 5, 10, 6]
[-12, 6, 10, 4, 17, -4, -17, -2]
[-6, -26, -12, 4, 6, -12, -8, -11]
[1, -12, -6, -5, 26, -7, -9, -13]
[2, 7, -3, 24, -89, -13, 2, 1]
[1, -10, 7, 7, -6, -4, -6, 12]
[-5, 11, -2, -8, -45, -9, 4, -8]
[15, 4, 2, -2, 10, 1, 19, 6]
[-12, -11, 0, -29, 18, 5, -20, -40]
[3, -4, 4, 27, 30, -1, -18, -2]
[6, -4, -21, -99, -94, -31, 10, 15]
[6, 18, 13, 97, 107, 15, -15, 3]
[-9, -40, -16, -33, -9, -15, -6, -6]
[26, 46, 16, 45, 63, 9, 14, -4]
[-16, -9, 1, -19, 27, -1, -11, -13]
[15, 16, 0, -41, -95, -8, -1, -14]
[-10, 5, 5, 39, 91, 9, -20, 21]
[-1, -14, -20, -57, -110, -44, -22, -23]
[9, 15, 2, 37, 31, 7, 39, 27]
[-19, -33, -13, -39, -39, -13, -16, -16]
[15, 13, 6, 26, 26, 8, 5, 2]
[0, -1, 4, 4, -9, 8, 2, 0]
[-1, 10, -2, 1, 56, -3, -13, -8]
[-18, -18, -7, 4, -52, -10, -6, -12]
[-4, -5, 1, -5, -9, 12, -1, -1]
[0, 2, -6, -48, -52, -7, 18, 5]
[3, 12, 12, 64, 80, 12, -1, -1]
[7, 13, 2, -40, -34, 2, -19, 9]
[-3, 12, 7, 19, -1, 2, 2, 1]
[-10, -14, -10, -17, 16, -5, -4, -3]
[-1, -5, -1, -23, -33, 5, 8, 2]
[11, 15, 12, -2, 49, 8, 4, 12]
[-8, -1, -11, 42, -84, -27, -14, -18]
[1, -12, -4, 10, 30, 4, 0, 0]
[5, 1, -4, 26, -12, -8, -4, -3]
[4, -8, 3, -11, 57, 7, 3, 9]
[1, -5, -7, -49, -62, 3, -1, 1]
[2, -1, 8, 30, 48, 1, 8, 10]
[1, 9, 3, 32, 62, 9, -6, -2]
[-6, -10, -14, -48, -84, -18, -3, -1]
[7, 6, 8, 44, 26, 13, 9, 4]
[-3, -8, -2, 7, 11, -4, 3, 0]
[-2, 0, -1, -31, -87, -1, -16, -6]
[-4, -2, 3, 80, 51, 1, 17, -8]
[2, -2, 2, -34, 33, 11, 6, 6]
[0, -4, -5, 15, -54, -17, -10, 0]
[-2, -2, -1, -32, -14, 2, -2, -3]
[-2, 3, -3, -4, 12, 3, 3, 6]
[-3, -3, -2, -7, 10, -10, -13, -2]
[3, 3, 3, -36, -5, 9, 12, 4]
[-2, 7, 1, 26, 13, 1, -24, -8]
[-9, -11, -12, -47, -101, -16, -12, -10]
[1, 1, 4, 28, 56, 8, 2, 2]
[2, 4, 8, 17, 86, 14, 4, 1]
[-3, -12, -9, -30, -93, -19, 2, -1]
[5, 7, 4, 10, 20, 4, 2, 2]
[-2, 2, 0, -18, 16, 0, -2, -3]
[-1, -3, -3, -17, -23, -3, 2, 0]
[0, -1, -2, 16, 62, 7, 7, 6]
[-3, -7, -5, 15, 11, -1, -4, 0]
[-2, -4, -5, -11, -20, -3, 5, 0]
[-1, 1, 0, -1, -5, 0, -2, 1]
[-3, -1, 0, 11, 0, -5, 3, -4]
[-7, -12, -1, -24, 9, 6, -3, -1]
[4, 0, 1, -11, -10, 4, 0, 1]
[5, 7, -1, -13, -13, -4, -4, 0]
[4, 8, 4, 25, 11, -1, -6, -1]
[2, 2, 3, 8, 8, 3, 9, -4]
[-3, -4, -5, -9, 1, 2, -1, -1]
[0, 5, -5, -26, -10, -5, 1, 13]
[-3, 1, 5, 45, 16, 5, -1, -2]
[1, -1, 1, 5, 2, 0, -4, 2]
[1, -3, -3, -19, 13, 0, 0, -1]
[-2, -4, 0, 4, -22, -3, -3, -6]
[2, -1, 2, -5, 15, -1, 5, 0]
[-3, -6, -7, -7, -3, 1, -4, -1]
[2, 2, 7, 18, 17, 5, 2, 0]
[-5, -1, -4, 1, 1, -2, 0, -2]
[-5, -1, -2, -19, 2, -2, -5, -2]
[-1, 6, 1, 3, 13, -2, -1, -2]
[2, 1, -1, -16, -17, 0, -3, -1]
[4, -3, 3, 31, 40, 8, 6, 6]
[1, -1, -1, -33, -41, -10, 5, -1]
[3, 0, 5, 21, 27, 4, 1, 3]
[3, -1, -4, 6, 28, 5, -1, 1]
[2, -1, 2, 17, -21, -3, -6, -7]
[-1, -2, -3, -34, -35, -8, 2, 9]
[-3, -2, -1, 4, -13, -2, -5, 0]
[-3, 2, 0, -10, -38, -5, 11, 8]
[-2, 1, 2, 10, 15, 5, -26, -13]
[-2, 1, 1, 19, 13, -1, -6, 1]
[2, 0, 2, 1, -1, -2, -2, -2]
[1, 2, 1, 15, 6, 2, 2, 0]
[-1, 0, -5, -15, -8, -3, 4, 0]
[-3, 1, -3, -16, -14, 4, -4, -7]
[-2, 4, 0, 16, 45, 2, -2, -1]
[-2, 1, 0, -4, -17, 4, -2, -1]
[3, -2, 2, 12, 37, 4, 4, 3]
[-3, -5, -10, -25, -41, -13, -3, -5]
[0, -3, -1, -17, -23, -1, 6, 2]
[0, 0, 2, 13, -16, 1, 0, 0]
[-2, 1, 2, 17, 33, 3, 3, -2]
[-3, -2, -2, -4, 16, 2, 5, -1]
[-1, -5, -7, -1, -17, -5, 2, -1]
[0, -2, -1, 2, 21, 0, -9, -2]
[-3, -5, -4, -12, -64, -8, -1, 1]
[-1, 0, 1, -1, -8, 0, 1, -1]
[-2, 1, 5, -2, -2, 1, -4, 1]
[0, 0, 3, 2, 23, 2, 1, -1]
[0, -1, 0, 16, 23, 4, 4, -1]
[5, 5, -3, -31, -25, -10, -1, -1]
[-1, -2, -2, 15, 6, 2, 4, 0]
[-4, -2, -5, -16, -15, -2, -2, 0]
[-1, 3, 0, 2, -6, -4, 1, 0]
[1, 2, -1, -14, -7, -1, -1, 0]
[1, -1, -2, 15, 21, 0, -3, 1]
[0, -2, -3, -4, -3, -2, 1, 1]
[-2, -2, 2, -1, 21, 3, 0, 1]
[0, -3, 2, 4, -4, -1, 0, -2]
[-1, 0, 7, 3, -9, 1, 0, 1]
[2, -1, 4, 13, 10, 5, 0, -2]
[-2, -2, -4, 8, 1, -2, 0, -2]
[-2, 1, -3, 6, 32, 2, -5, -2]
[-3, -3, -3, -16, -66, -7, 16, -1]
[1, 2, -1, 3, 6, -1, 0, 2]
[-1, 0, 1, -19, -19, 0, 1, 0]
[-2, -2, -3, 10, 16, 0, 3, -3]
[-3, -2, -1, -3, 14, -1, -5, -1]
[0, 1, -4, -6, -10, -2, -5, -1]
[-1, 0, -3, -13, -17, 2, 4, 4]
[0, -2, -3, 4, 5, -3, 0, 3]
[1, -2, -4, -13, 26, 3, -6, -2]
[3, 3, 5, 32, 6, 1, 1, 2]
[-1, -1, -2, -21, -29, -5, -6, -1]
[-2, -1, -2, 1, 22, -1, -2, -2]
[1, 1, 6, 30, 38, 6, 3, -1]
[-6, -2, -4, -19, -25, -7, -10, -5]
[-2, -2, -1, -7, 4, -4, 2, -1]
[0, 2, 4, 33, -23, 1, 4, 2]
[-1, 1, -2, -28, -1, -2, -1, 0]
[0, 2, 2, -5, 15, 3, 1, 1]
[2, -1, 0, -9, -20, -4, -4, -3]
[0, -1, 1, 10, 10, -2, 0, -3]
[1, -2, -3, 2, 15, 0, -4, -2]
[-1, -2, -4, -11, 2, 4, 5, -1]
[-3, -3, 2, 12, -22, -4, -3, 0]
[-1, -2, -1, -5, -3, -4, -2, 0]
[0, -1, -2, 1, -3, 0, -3, 0]
[-3, -2, -5, -9, -3, -4, 1, 0]
[3, 2, 0, 8, 48, 11, 3, 1]
[-1, 0, 0, -4, -6, -3, -2, -2]
[-1, -1, -3, -3, -27, -6, -4, 0]
[1, -1, 3, 1, 9, 0, 5, 0]
[1, -1, 3, 15, 9, 4, -2, -4]
[-1, -2, -6, -29, -28, -3, -1, 5]
[-1, 2, 0, 1, 17, 1, -1, -1]
[0, -1, -2, -7, -28, -2, -1, 0]
[-1, 0, -2, -2, -20, -3, -2, 0]
[-1, 2, 1, 2, -5, 1, 3, -1]
[-5, -1, -5, -14, -18, -6, -1, -4]
[1, -3, 0, -3, 19, 2, 0, 0]
[-1, 1, 1, 5, -9, -2, 0, 0]
[-4, -3, 0, 4, 8, 3, -3, -1]
[0, -1, -2, 3, 10, -3, -4, 0]
[2, -2, -2, 5, -4, 1, -2, -2]
[1, 0, 2, -16, -7, -1, 2, 2]
[2, -2, 1, 6, 6, 0, -1, -2]
[-1, -1, 4, -2, 15, -4, -4, -1]
[0, -2, 1, 4, 0, 3, 0, 1]
[0, -3, -3, -5, -10, 3, 1, 2]
[-1, 2, 6, 5, 36, 6, 2, 0]
[-4, -2, -10, -10, -45, -9, -5, -2]
[-3, 2, -2, 2, 7, -2, 2, 0]
[-2, -2, -4, -13, -31, -5, 1, -2]
[-1, 1, 1, 20, 27, 3, 3, 2]
[0, 0, -2, -10, -32, -3, 0, 2]
[-1, -1, 3, -9, 3, 1, 0, 1]
[-1, -1, -3, 7, 20, 1, 0, -1]
[-2, -1, 0, 1, -9, -1, -4, -3]
[0, 2, 4, -3, 19, 6, -1, 1]
[2, -2, 0, 0, 4, 4, 1, -3]
[0, -2, 0, -4, 3, 1, 2, -1]
[-1, -2, -6, -3, -9, -8, -2, -4]
[1, 0, -1, 12, 16, -2, 1, -1]
[-2, 3, -1, -5, -19, -2, 3, 1]
[-2, -1, 2, 7, 14, 2, -1, 1]
[-1, 0, -1, -10, -21, -5, -4, -3]
[1, -2, -1, 21, 26, 3, 0, 1]
[3, 0, 1, -2, 9, -1, -5, -1]
[1, -1, -2, -1, 6, -2, -4, -1]
[-2, 1, 3, 5, -19, -2, -3, -2]
[-3, -1, 1, -16, -53, -5, 1, -3]
[0, -3, 1, 13, 40, 7, 2, 1]
[-1, 0, -1, -11, -9, 1, -1, -1]
[-2, -4, -7, -16, -32, -7, -1, -1]
[-1, -1, 0, -4, 1, 0, -2, -1]
[-1, 2, 1, 7, 0, 0, 0, 1]
[1, 0, -2, 13, 13, 0, 1, 2]
[2, -1, -1, -1, 3, 1, 1, 0]
[1, 1, 3, 9, 10, 4, 0, -2]
[0, -2, -2, -11, -15, -3, -2, -4]
[-1, -1, -3, -4, 6, 0, -2, -1]
[-2, -1, 2, 0, 2, -1, -1, -1]
[-1, -2, 1, 6, 16, 0, 0, 2]
[1, 0, -1, 7, 25, 4, 0, 2]
[0, 0, -4, -15, -49, -5, 0, -1]
[0, -3, -3, -7, 15, -1, 0, -2]
[-1, -2, -4, -7, 1, -3, 0, 0]
[-1, -1, 0, -10, -42, -2, -3, 1]
[-5, 0, 2, 12, 22, 0, 0, -2]
[0, 1, -4, 3, -6, -3, -1, -3]
[1, -3, -4, 1, 12, 0, 0, -1]
[0, 0, 4, 22, 28, 1, -1, -2]
[1, 1, 2, 2, -1, -3, -2, 1]
[-4, 1, -3, -22, -30, -2, 0, -1]
[-2, 0, -1, 6, 25, 4, 1, -2]
[0, 2, -2, -15, -42, -2, 0, 1]
[2, -2, 0, 2, 6, 4, 2, -2]
[1, 0, 1, 6, 14, 1, 0, -1]
[1, 1, -2, -3, -8, -2, 1, 0]
[-3, -2, -2, 0, 22, 1, 0, -1]
[-3, 0, 1, -2, 13, 0, -1, -2]
[0, -1, -2, -4, -10, -5, -1, 0]
[-1, 1, 3, -10, -10, -1, -1, -1]
[1, -2, 2, 13, 3, 4, 2, -2]
[0, -3, 0, -9, -4, -1, -8, -1]
[-3, -2, 0, 24, 17, 5, -2, -1]
[1, 1, 2, 17, 19, -2, -3, -2]
[0, 0, -4, -15, -2, -2, 4, 0]
[-2, 0, -5, 5, 23, 2, 0, 0]
[-3, -1, -2, -7, -66, -9, 0, 1]
[-1, 2, -3, -13, -11, -2, 1, 0]
[-1, 1, -2, -3, 7, 1, -2, -1]
[2, -1, -4, 5, -20, -1, 1, -1]
[1, -1, 0, 5, 22, -1, -4, 0]
[-1, -2, 2, 2, -8, -4, -3, 1]
[0, -2, 0, 12, 21, 4, 0, 4]
[-2, -1, -7, -27, -37, -4, 1, -1]
[0, 0, -3, 3, 15, 0, 0, -2]
[1, -1, -2, -14, -23, 0, 1, -1]
[-2, -1, -1, 16, 19, 1, 0, 0]
[1, 1, 6, -3, 2, -1, -2, 1]
[-1, -2, 2, 8, 18, 1, -2, 1]
[-1, -2, -1, 0, 23, 3, 1, -3]
[-3, 1, -1, -36, -70, -8, 1, -1]
[0, 3, 2, 29, 34, 2, 1, -1]
[0, 1, 4, -7, 0, -3, 0, 2]
[1, -1, -1, 8, 22, 4, -1, 0]
[-1, -1, -4, -3, -29, -3, -3, -2]
[-1, -1, 1, 6, 0, 2, 0, 0]
[-1, 2, 2, 1, 9, -2, -1, -2]
[1, -1, 1, 12, 19, 1, -1, 0]
[1, 0, 4, -11, -15, 0, 0, -1]
[0, -1, -2, -13, 7, 1, 0, -2]
[-1, -3, -5, 1, 4, -1, -2, -2]
[-1, -2, -3, -2, 3, 0, 0, -1]
[0, 0, -1, -10, -8, -3, -1, -2]
[1, -1, 1, 19, 20, 1, 1, 0]
[-2, 0, 2, 15, 14, 1, 0, -1]
[-2, -3, -7, -29, -32, -4, -1, -4]
[-1, -2, -1, -11, -1, 1, 3, 2]
[-3, -1, 0, 15, 18, 0, -1, 0]
[0, 1, 0, -2, -5, -3, -2, -1]
[-1, -1, 2, 12, 1, -2, 0, 2]
[1, 1, -2, 13, 27, 4, -2, -1]
[-3, -3, -3, -15, -28, -1, -2, 0]
[1, -2, -3, -4, -5, 2, 0, 1]
[1, -1, 2, 8, 24, -2, -2, 1]
[-2, -1, 2, -2, -27, 0, 1, 0]
[1, 0, -1, -7, -7, -9, -3, 0]
[0, -2, -3, -6, 5, -1, -2, -2]
[0, -2, 0, 0, -5, 0, -2, -2]
[1, -3, 0, 6, -8, 3, -3, -1]
[0, 2, 1, 1, 2, 2, -2, -1]
[-2, 1, 1, -2, -13, -5, -2, -1]
[-2, 1, -3, -24, -10, 2, 2, 1]
[-2, 2, 0, 6, -8, -1, 1, -1]
[-3, -5, -7, -23, 0, -10, 1, -4]
[2, -1, 2, 37, 53, 5, 1, 2]
[3, 0, 5, 31, 0, 1, -2, 0]
[3, -3, -3, 7, 18, 5, 1, 0]
[1, 2, 3, -10, -18, 1, 1, 0]
[-3, 0, -1, -10, 16, -1, 1, -4]
[-1, 0, -2, -5, -17, -2, 1, 1]
[1, -2, -2, 1, 13, -3, -4, 0]
[2, -3, 0, 2, -2, 1, -2, 0]
[1, -2, -2, -14, -28, -2, -2, -3]
[0, 0, -4, -8, 4, 1, 1, 0]
[-1, -2, -2, 1, 12, -2, -1, -4]
[-2, -2, -3, -6, -18, -2, 0, -3]
[-2, 0, 1, -7, -14, 2, 1, 0]
[-3, -1, 1, 16, -10, 1, -2, -1]
[-6, 0, -3, -11, 17, 2, -1, -1]
[1, 1, -1, 6, 20, -2, -2, 1]
[-1, -2, -3, -16, -52, -5, -2, 0]
[0, -1, -2, -3, -1, -1, 0, 2]
[2, -2, 4, 7, -5, -3, -2, 0]
[-1, 0, -3, 12, 24, 2, 2, -1]
[-4, -3, -5, -1, 7, -1, 0, 0]
[-1, -3, 1, -12, -10, -6, -2, -3]
[1, -2, -2, 1, -8, 0, -2, -3]
[1, -3, -1, -1, -8, 0, -6, -2]
[1, 0, -5, -9, 4, -1, -1, 0]
[0, 0, -4, 13, 6, 1, 2, -1]
[-3, -1, 3, 1, 12, 0, 7, 2]
[-2, -2, 3, -5, -17, -1, -3, -2]
[0, 1, 2, -1, 0, -1, -2, 1]
[-1, -1, -3, -2, -2, -1, -10, -1]
[0, 2, -6, -30, -11, -5, -1, -2]
[2, -1, 2, 31, -6, 4, 7, 2]
[2, -3, -3, 2, 14, -5, 2, 0]
[4, 1, 4, -5, 9, 3, 2, 1]
[-2, -3, 1, 4, 0, -3, -5, -1]
[-1, -2, -4, -17, -20, -5, -9, -2]
[1, 2, 3, -7, -23, 5, 0, 1]
[2, -1, -1, 20, 21, -1, -2, -1]
[-1, -1, -2, 2, 36, 0, -4, -2]
[-4, -1, -3, -4, -19, -7, -5, -5]
[-1, -2, 1, -1, 10, 3, -1, -2]
[-4, 0, -3, -10, -18, -1, 0, 3]
[14, 3, 2, 12, -3, 15, 35, 11]
[-12, -9, -4, -5, 6, -9, -18, -2]
[4, -1, -1, -6, 0, 2, -8, 0]
[1, 0, 5, 8, -5, 1, 8, 5]
[-1, 5, -1, -2, -3, -1, -5, -13]
[0, 3, -1, -3, 16, 2, 0, 5]
[7, -2, -1, 0, -8, -3, -9, -2]
[2, 8, 10, 19, -2, -14, -6, 0]
[1, -1, -2, 5, 21, 9, 39, 10]
[-8, -7, -5, -7, 4, -4, -41, -19]
[0, -2, 1, 0, 12, -16, -13, 5]
[-2, -2, -4, -20, -42, 7, -7, -5]
[-10, -4, 1, 1, -14, -16, -14, 0]
[0, 7, -7, -14, -6, 28, 31, 1]
[-8, -9, -5, 3, 48, -5, -3, -8]
[3, -2, -7, 6, 30, 13, 8, 6]
[-6, -5, -4, -13, -88, -26, -35, -8]
[-1, -6, 7, 1, -2, 29, 28, 8]
[-6, -6, 2, 12, 5, -8, -25, -11]
[12, 5, 1, -23, -53, -33, -6, 10]
[-1, -4, -2, -6, 20, 25, 7, -7]
[-1, 1, 2, 34, 38, -15, -11, -5]
[3, 1, -8, -51, -81, -3, 5, 5]
[-7, -6, 0, 33, 46, -13, -5, -8]
[11, 7, 4, 5, 40, -35, -25, 3]
[-8, 8, -3, -14, -86, 11, 37, 11]
[2, -20, -8, -30, -17, 53, 21, -5]
[-13, 11, 10, 46, 110, -28, -41, -36]
[-10, -5, -8, -43, -112, 2, -12, 13]
[-13, -10, -1, 15, 19, -16, -46, -7]
[24, 28, 11, 15, 34, -49, 18, 9]
[-9, -3, -12, -42, -29, -3, 15, 7]
[6, -2, -3, 9, -33, 17, 11, 6]
[-4, 3, 1, 27, 65, -10, -2, -14]
[2, -6, 1, -12, -28, 18, 37, 27]
[-13, -14, 0, 23, 27, 53, -12, -28]
[-14, -8, 1, 24, 65, -43, -29, -12]
[15, -12, -4, -30, -25, -39, -5, 6]
[-19, 5, 2, 4, -12, 16, 12, -21]
[13, -3, -5, 2, 29, 40, 32, 21]
[2, 2, 7, -23, -36, -33, -33, -5]
[1, -2, 4, 6, 56, 8, -20, 7]
[20, 13, 11, 47, 66, 62, 86, 28]
[-17, -5, -11, -32, -128, 17, -71, -9]
[13, 10, 13, 33, 121, 2, 62, 2]
[8, 3, -4, -7, -5, -18, -78, -6]
[9, 15, 2, 16, 66, 61, 81, 18]
[-15, -7, 1, -3, -80, -64, -58, -26]
[15, -1, -1, 10, -23, 38, 13, 25]
[-10, -5, -3, 15, 22, -32, 15, -4]
[-14, -9, -18, -11, -7, -46, -73, -31]
[2, -1, 0, -2, 90, 9, 14, 13]
[1, -1, -1, 13, -69, 56, 69, 22]
[28, 10, 33, 30, 5, 9, 21, 17]
[-17, -3, 7, -28, -36, 12, -2, -7]
[-26, 1, 12, 28, -14, -56, -35, -33]
[-4, -7, -15, -42, 42, -8, -31, -1]
[36, 1, 6, 28, -15, 56, 12, 20]
[2, 1, -5, 4, -23, -9, -4, 1]
[12, 0, -19, -13, 66, 12, 57, 1]
[-67, -13, -12, 13, 42, -1, -11, -26]
[17, 13, 0, -27, -46, -22, -24, 17]
[-23, -13, -3, 12, -33, -47, -67, -40]
[32, -5, -10, -25, 27, 20, 28, 52]
[47, 15, 5, -6, -83, 27, 59, 32]
[-62, -24, -21, -32, -14, -20, 15, -25]
[6, 7, 48, 61, 23, -26, -59, -13]
[-21, -1, -25, -40, 4, 3, 19, -13]
[-13, -8, 10, 12, 31, -4, -36, -17]
[1, -1, -2, 2, -29, -1, 19, -17]
[-92, -33, -70, -48, -10, -10, -17, -32]
[98, 37, 72, 85, 23, 22, 27, 61]
[-45, 5, 26, -4, -7, -14, -44, -87]
[-74, -3, -16, -27, -5, 16, 49, 45]
[94, 25, 42, 39, 39, 26, 20, 30]
[12, -12, -4, -3, -1, 20, 42, 61]
[63, 13, -31, -38, -19, -14, -22, 11]
[-7, -19, 10, -6, -20, -21, -38, -55]
[14, 21, 5, -7, -12, -37, -40, -43]
[50, 3, 2, -8, -30, 37, 48, 47]
[-73, -16, -3, 1, 36, -6, -30, -47]
[11, 2, -13, 14, 41, 10, 19, -19]
[-122, -7, -37, -59, -100, -28, -31, -73]
[92, 3, -3, 16, 16, -1, 10, 59]
[2, -16, 14, -35, 24, 9, 7, 43]
[-13, 21, 9, 16, -6, -3, -5, -19]
[-49, -20, 5, 42, 32, 9, 19, 32]
[-83, 9, -3, -25, -31, -14, -41, -101]
[67, -16, -9, 13, 12, -1, 9, 37]
[-18, -12, -28, -28, -35, -17, -10, -44]
[98, 14, -7, -83, 8, -9, -20, 71]
[-128, -14, 9, 45, 2, -8, -31, -116]
[100, 12, -7, 59, 3, -10, 4, 127]
[28, 14, 11, -17, 16, 32, 55, -6]
[61, 4, -26, -24, -10, -12, -31, -42]
[-53, -42, -18, -25, -12, -39, -34, 55]
[-28, 0, 14, 46, 4, 32, 24, -78]
[-48, -43, -24, -22, 1, -50, -20, 6]
[55, 15, 17, 33, 8, 15, 23, 26]
[-45, -25, -37, -60, -28, -9, -27, -51]
[61, 15, -11, -19, 8, -9, -3, 55]
[27, 0, -8, -64, -27, 2, 14, 85]
[-116, -19, 34, 91, 26, 26, 10, -49]
[-22, 3, 16, 10, 8, -4, -9, -11]
[-90, 21, 1, -24, 14, 20, -3, -128]
[-10, 23, 7, 48, 5, -27, -42, -45]
[-77, -62, -31, -39, -16, -23, -1, 47]
[55, 49, 14, 95, 11, 33, 53, 40]
