[-125, -3, -2, -33, 3, -8, -57, -93]
[93, 41, 6, -57, -14, -18, -12, -31]
[-56, -26, 13, 6, 3, -19, 57, 35]
[118, 9, 9, 39, 12, 41, 15, 87]
[-105, -39, -41, -71, -16, -2, -39, -81]
[57, -13, -6, 31, -9, 35, 12, 20]
[-10, 30, 3, 29, 27, -35, -64, 16]
[99, 18, -11, -50, 1, 30, 73, 62]
[-11, 2, 26, 46, -13, -13, 58, 121]
[-128, -13, -6, -19, 5, -15, -58, -98]
[111, 35, -12, 22, -6, 17, 48, -59]
[-127, -27, -15, -59, 0, 13, -12, -78]
[123, 36, 29, -48, 1, -54, -63, 20]
[-35, -20, 48, 126, 10, 3, 23, 43]
[93, -16, -22, -62, -21, 63, 86, 110]
[-128, 8, -55, -109, -12, 12, -87, -128]
[51, 8, 45, 106, 30, -60, -4, 124]
[71, 6, -6, -58, 10, 83, 70, 118]
[-96, -27, -9, -50, -8, -22, -68, -97]
[4, -25, 49, 16, 7, 36, 51, 98]
[11, -21, -30, -21, -15, -41, -11, -47]
[-8, 6, -18, -23, -9, -20, -27, 1]
[2, 21, 8, 25, 13, 21, -16, -33]
[35, 42, 14, 56, -8, -80, -29, -34]
[-54, 8, 3, 7, 12, 29, -1, -63]
[-25, -3, -53, 10, -7, 42, 52, -72]
[39, 43, 82, -19, 10, -49, -25, 51]
[44, -13, 22, 34, 19, 26, -7, 79]
[70, 47, 7, -46, 26, 106, 107, 71]
[33, 12, 23, 69, -4, -85, -103, -71]
[23, -13, -34, -22, 18, 95, 46, 46]
[-88, -29, -25, 16, -54, -79, -26, -51]
[45, -22, -4, 19, -3, 25, -36, 40]
[-42, 20, -13, -65, -27, -49, -5, -6]
[-71, -32, -14, 18, -3, 11, -21, -31]
[50, 17, 14, -30, 17, 14, 59, 11]
[-67, -8, -8, -2, -7, -6, -43, -36]
[-72, -15, -7, -51, 29, 112, 76, -57]
[-32, 3, 3, 82, 5, -38, -68, 81]
[18, 13, 15, -123, -25, 103, 75, 5]
[-128, -24, -10, 32, -19, -43, -48, -128]
[127, 11, 52, 75, 39, 37, 64, 127]
[-34, -12, -1, -36, -12, -26, -6, -44]
[-27, -10, -13, -24, 9, -33, -38, -56]
[-77, 1, -52, -21, -6, 11, -25, -91]
[7, -15, 29, -52, -1, 22, 7, 68]
[-22, -1, -14, -30, -2, 38, 31, -82]
[63, 33, -1, -53, -2, -75, -109, 62]
[-53, 3, -6, 43, 0, 34, 82, -96]
[34, -17, -1, -6, -14, -7, -51, 50]
[39, -23, -13, 10, -20, -50, -8, 73]
[-28, -1, 11, 15, 18, 94, 74, -43]
[-25, -7, 18, -22, -4, -72, -53, 10]
[-44, -11, -39, -27, -11, -46, -55, -38]
[-45, 18, 5, 61, -6, 48, 27, -78]
[46, -4, -8, -1, 3, -67, -69, -25]
[8, 1, -14, -91, 3, 87, -30, -38]
[6, -13, 21, 127, 31, 68, 72, 35]
[2, -12, 2, -39, -51, -51, -19, 73]
[-88, -42, -49, -33, -19, -6, -32, -19]
[127, 48, 54, 56, -5, -14, 18, 16]
[53, 0, -5, -31, 22, 71, 18, 13]
[-18, 17, 12, 45, 28, -69, 13, 13]
[-17, -9, 26, 103, 9, -19, -19, -32]
[-23, -21, -28, 17, -15, 0, 29, 53]
[-100, -8, -19, -50, -26, -113, -108, -128]
[54, -4, -3, -49, 13, 117, 87, 87]
[-31, 7, -9, 88, 6, -31, -52, -80]
[-9, -22, -3, -17, 23, 32, 43, 92]
[62, 33, 11, 78, -16, 1, 31, 5]
[-41, 20, 12, 10, 4, -6, -59, -87]
[-79, -23, -19, -71, 7, 0, 8, -32]
[71, -1, 3, 16, -10, 23, -26, 17]
[-128, -46, -103, -112, -31, -77, -110, -115]
[127, 28, 96, 66, 54, 111, 105, 95]
[48, 25, 47, 64, -13, -20, 3, 18]
[-62, -8, -5, 8, 1, -31, -13, -61]
[-67, -12, -41, -105, -25, 26, 23, -78]
[-128, -28, -45, 25, -20, -86, -128, -128]
[2, -20, 0, 43, 16, -12, -1, 77]
[43, 38, 27, -8, 22, 52, 68, 7]
[106, 13, 6, -43, -15, -30, 8, 67]
[-71, -29, -32, -28, -24, -31, -10, -27]
[-41, -9, 13, -9, 31, 57, 88, -3]
[41, -8, -23, -10, -21, -27, -15, 7]
[44, 21, 25, 46, 12, 18, 42, 17]
[27, -12, -8, -31, -3, -25, -1, 64]
[-55, -2, -40, -91, -25, -1, 11, -1]
[77, 2, 53, 68, 28, -3, -3, 35]
[-75, -13, -22, -63, -19, -11, -5, -56]
[40, 18, 2, -38, 7, -17, -41, -24]
[13, 20, 33, 37, 10, -14, -16, -27]
[-33, -12, 1, -10, 12, 36, 5, 67]
[2, 13, 40, 45, -11, -13, 7, 35]
[-26, 4, -30, -80, -19, -23, -21, -59]
[57, -8, -20, 13, -12, 46, -2, -17]
[-99, -30, -24, -25, -5, -34, -24, -38]
[38, 9, 20, 31, 24, 1, 16, 62]
[-10, 1, -19, -5, 1, -38, -74, -15]
[-19, 2, -5, -67, 3, 13, 41, 20]
[84, 26, 37, 86, 6, 9, 34, 56]
[-73, -7, 6, 8, 3, 14, -11, -56]
[17, -15, -11, -23, -12, -16, 9, 6]
[4, 10, 4, -2, 2, 22, 4, 15]
[-51, 0, -26, -11, 6, -13, -24, -3]
[-20, -6, 10, 12, 1, -1, 16, -9]
[71, 14, -1, 20, 5, 5, 11, 38]
[20, -1, 14, 51, 6, -4, -8, 8]
[-35, -9, 0, -12, -7, -15, -6, -20]
[-40, 0, -3, 4, -4, -25, -22, -43]
[-8, 1, -3, 0, 0, 9, 18, -9]
[6, -8, -20, -32, -3, 12, -1, -2]
[10, 1, -7, -30, -12, -8, -6, -19]
[5, 1, 11, 8, 8, 7, -6, 20]
[-10, 1, 1, -8, -3, 14, 29, -6]
[4, -23, -4, 6, -2, -15, -11, 8]
[13, 27, -3, -13, -4, 1, -1, -21]
[8, 18, 12, 5, 2, -4, -13, 9]
[-1, -16, -6, 5, 0, 3, 27, 26]
[-19, -16, 4, 11, 4, -5, -11, -27]
[33, 34, 3, -1, 2, -1, 4, 12]
[6, -2, -2, -4, -2, 3, -5, 23]
[-25, 12, 3, 3, 11, 5, 11, -25]
[1, -3, -8, -2, 3, -2, -2, -4]
[3, -23, -16, -15, 8, 0, -7, 7]
[26, 24, 14, 9, -2, 3, 0, 2]
[-30, -4, -1, -7, 6, -10, -7, -19]
[18, 13, 11, 12, 9, -3, -7, 14]
[-26, -36, -19, -17, -10, 11, 15, -4]
[6, 8, 6, 9, 9, 1, 4, -1]
[-15, -12, 4, 2, -22, -4, -16, -11]
[26, 12, -2, -9, -9, -4, 6, 8]
[-14, 5, 1, -19, -38, -7, -5, -20]
[3, -6, -6, 7, -3, -9, 4, 31]
[-6, -8, 3, 32, 79, 20, -10, 0]
[-1, 13, -11, -41, -66, -18, -20, -9]
[-8, -2, -9, -23, -65, -7, 14, 14]
[-10, -33, -9, -15, -7, 4, -22, -14]
[26, 61, 21, 12, 10, 20, 34, 30]
[-4, -9, -1, 9, 7, -1, -8, -12]
[-2, -3, -4, -10, 0, -4, -27, -7]
[5, 0, 5, 15, -3, 14, 9, -4]
[-1, 2, -6, -29, -28, 17, 5, -17]
[-13, -20, -5, 14, 38, 4, -12, -12]
[3, -1, -11, -27, -50, -14, 22, 0]
[-5, -2, 3, 10, 12, -2, 2, 14]
[-14, -21, -4, -17, -68, -28, -36, -14]
[6, 11, 8, -15, 3, -4, 5, 8]
[-7, -1, -8, -22, -31, -24, -17, -7]
[-9, -10, 0, 25, -13, -2, 11, -3]
[-27, -29, -6, 7, -15, -2, 15, -10]
[36, 45, 9, 29, 99, 16, 5, 7]
[-25, -36, -6, 11, 1, -8, 0, 13]
[37, 46, 14, 22, 25, 4, -20, -5]
[0, -1, -6, -21, -28, -5, 1, -18]
[-5, 11, 1, 3, -7, -6, 19, 18]
[-2, -10, 12, 8, 87, 16, 9, 1]
[8, 9, -4, -40, -72, -13, 2, 18]
[7, 10, 1, 20, 51, 0, -8, -2]
[-18, -8, 1, 20, 50, 11, 0, -22]
[8, 13, -5, -8, -58, -9, -1, -3]
[-17, -17, -8, -17, -13, -6, -6, -7]
[5, 0, 0, 18, 16, 3, 3, -3]
[-8, -13, -15, -52, -71, -10, 7, 4]
[4, 12, 7, 52, 90, 12, -3, 0]
[-9, -11, -1, 17, 64, 5, 3, -5]
[-2, 0, -8, -16, -73, -14, -7, -5]
[-2, -5, 7, 29, 18, 1, 9, 14]
[-16, -18, -2, -31, -29, -3, -8, -12]
[16, 21, 1, -10, -50, 0, 15, 1]
[5, -4, 1, 17, 41, -5, -20, -9]
[8, 7, 9, 14, 29, 5, -12, 10]
[-10, -1, 8, 31, 12, 13, 10, -3]
[23, -2, 2, -4, 65, 9, -1, 9]
[-7, -3, -5, -15, -8, -2, -15, -8]
[1, 2, -2, 18, 17, -2, -8, -5]
[-5, -4, -7, -7, -65, -10, -13, -2]
[-7, -8, -4, -11, 10, 1, 8, 2]
[-5, -15, -7, -41, -1, 0, 11, 7]
[-5, -5, -6, 2, -36, -5, -2, -5]
[7, -1, 0, -6, 74, 5, 3, 1]
[-11, -10, -3, -18, -47, -6, -1, -3]
[9, 9, 9, 30, 13, 12, 8, 7]
[-5, 1, -2, 6, 4, -2, -2, -3]
[12, 13, 4, 6, -2, 2, 6, 3]
[-7, -7, -8, -21, -13, -11, -12, -10]
[-2, 5, -4, -30, -34, -9, -2, 0]
[1, -3, -3, -10, -12, 1, 0, 1]
[2, -8, -8, 10, 28, 0, -6, -2]
[-12, -8, -6, -13, -5, -7, -2, -3]
[0, 1, 3, -3, -9, -1, 8, -4]
[-7, -7, -4, -7, -11, -1, -4, 2]
[4, 2, 0, -9, 8, -3, -4, 1]
[-6, 2, 2, 15, 3, 4, -22, -10]
[8, 9, -3, 7, 35, 10, 12, 9]
[-8, -4, -2, 26, 53, 6, -1, -5]
[13, 10, -1, -27, -33, -3, -13, 10]
[0, -5, -2, -3, 9, 7, 14, 4]
[8, -2, -3, -35, -42, -6, 3, 12]
[5, 7, 3, 18, -1, -3, -3, -8]
[-4, -2, -2, -12, -7, 0, 2, -3]
[-1, -4, 0, 26, 32, 3, 4, 1]
[-2, -2, 1, 31, 33, 7, 1, -1]
[1, -1, 8, -4, -8, 3, 6, 4]
[-2, 2, 0, 23, -3, -7, 2, -4]
[-1, 3, -1, -17, 13, 3, -2, -1]
[-3, -3, -1, 6, 2, 2, 2, -1]
[1, 1, -2, -28, -22, 0, 0, -1]
[-3, -3, 2, 21, 2, -2, 0, -3]
[1, 3, 0, 19, 40, 4, 2, -2]
[-1, 0, 5, -3, -5, -4, -2, 2]
[5, 0, 0, -17, -15, -3, 2, 10]
[-1, 2, -2, -12, 13, 5, 22, -4]
[-1, -5, -1, 41, -14, -3, 7, 6]
[3, 4, 3, 10, 27, 7, 0, 2]
[-8, -6, -3, -22, -49, -13, -5, -5]
[-1, -5, -1, 4, 12, 4, -4, -6]
[1, 2, -5, -37, -12, -5, -3, 2]
[4, 5, 2, 6, -18, 2, 1, -5]
[-5, -4, -3, 14, 29, -3, -1, -1]
[2, -2, -3, -10, -3, -3, -3, 3]
[-4, -7, 2, 10, 4, 0, 3, -6]
[3, 4, 0, -11, -23, -5, 5, 10]
[-5, -3, -4, 1, -33, -5, -19, -9]
[0, 1, 0, 0, 9, -6, 0, 0]
[-2, -3, -5, -22, -5, 0, -3, 1]
[-3, -4, 2, -14, -23, 4, -1, 1]
[2, 4, 5, 35, 47, 10, 8, 1]
[-2, 0, -5, -6, -55, -10, -3, -3]
[-2, 2, 0, 6, -7, -1, -6, -2]
[1, -3, 3, 27, 68, 12, 6, 1]
[0, 0, -2, -35, -60, -11, 2, -5]
[-1, 0, -2, 3, 45, 4, -16, -1]
[-1, 1, 1, 6, -24, -1, 27, 4]
[-2, -2, -5, 12, 43, 0, -1, 1]
[-1, 1, -1, -13, -17, -1, -2, -2]
[2, 1, 2, 6, 6, 2, 2, -2]
[2, 7, -1, -7, -18, -3, -8, -1]
[2, 2, 0, 6, 22, 4, 2, -6]
[3, 0, 0, 13, 10, 3, 7, 12]
[-3, -2, 0, -21, -39, -7, -7, -6]
[0, 1, 9, 34, 64, 9, -1, 7]
[1, -5, 1, -22, -28, -5, 2, -1]
[1, -2, -3, -10, -6, -4, 0, -3]
[-4, -2, 1, 11, 28, 6, 0, -1]
[-1, -5, -9, -47, -82, -14, -8, -8]
[1, 3, 2, 41, 55, 7, 0, 2]
[-2, 0, -4, -4, 30, 0, 0, 0]
[0, 3, 2, 1, 2, 1, 1, -2]
[-1, 2, 3, 9, 49, 5, 1, -1]
[-2, -1, -3, -13, -57, -11, -10, -1]
[-1, -4, -8, -39, -38, -6, -1, -4]
[-2, -1, -3, 17, -5, 0, 2, -1]
[-2, -4, -2, -8, 7, 1, -3, 0]
[0, -2, 2, 19, 21, 3, -3, 0]
[-1, 0, 7, 27, 31, 4, -6, -3]
[-2, -3, -6, -24, -17, -5, 4, 2]
[0, -3, -3, 14, -3, -5, -3, -6]
[3, 1, 1, -7, -16, 1, 2, 4]
[0, 3, 1, -14, -20, -2, 0, -4]
[-2, 1, 3, 33, 45, 0, -4, 3]
[0, 2, 1, -10, -41, -1, 0, -1]
[1, 2, 0, -6, 7, 7, 12, -2]
[1, -2, -7, -23, -42, -9, -26, -4]
[-1, -3, -7, -25, -27, -7, -2, 1]
[-3, -4, -3, 18, 6, -1, -4, -3]
[-2, -2, 1, -6, -32, 2, 2, -2]
[-1, 0, 2, 14, 30, 4, 8, 2]
[-2, -3, 2, -13, -16, -6, -3, -3]
[1, -2, -2, -3, 32, 2, -3, 2]
[0, -3, -2, -3, -28, -2, -4, 0]
[3, 2, 2, 9, 38, 8, 6, 0]
[-3, -1, -3, 19, -15, -8, -5, -7]
[-1, -2, -2, -27, -17, -2, -1, 12]
[0, 0, -3, 7, 16, -1, -2, 0]
[-2, -3, -5, -19, -31, 1, 5, 2]
[0, 4, 8, 32, 80, 10, 4, 1]
[-4, -2, -2, -7, -37, -5, 0, -1]
[-2, 1, 1, -1, 2, 0, -5, -3]
[-3, -1, -2, -3, 9, 0, 1, -2]
[1, 2, 0, -13, -13, -4, 0, 1]
[0, 0, 1, 17, 30, 3, 0, 0]
[-1, -3, -5, -2, 13, 0, -4, -1]
[-2, -1, 1, 9, -2, 1, 0, -1]
[-3, -1, -2, -18, -29, -1, -2, 0]
[1, 0, 3, -1, -11, -5, -8, -3]
[0, -2, 2, 5, 1, 3, 20, -2]
[-3, -2, -1, 3, 9, -1, 2, 0]
[-2, -2, -2, -13, -15, -4, -1, -2]
[1, 0, 0, 16, 19, 2, -2, 5]
[1, 0, -5, -4, -5, 0, -2, 1]
[1, 1, 6, 24, 4, -1, 0, -3]
[-2, 0, -2, -1, 0, -1, 1, 0]
[-1, -2, 0, -1, -16, -3, 0, -3]
[1, -2, -1, -20, -10, -6, -5, -1]
[0, -2, -6, -15, -14, -2, 2, 1]
[2, -1, 3, 27, 24, 2, -2, 0]
[-7, -2, -6, -5, 44, 3, 0, -6]
[-1, 1, 2, 1, -18, -3, -2, 3]
[3, 4, 3, -11, -12, 0, -1, 1]
[-1, 1, -6, -24, -39, -5, -4, 0]
[1, 4, 8, 19, 12, 1, 3, -1]
[-1, -2, 2, 12, 24, 7, -1, -2]
[-4, -4, -5, -3, -2, -5, -1, -1]
[1, -3, -3, -9, -6, -1, 1, 1]
[1, 2, -3, -6, -15, -1, 1, -1]
[0, 1, -1, -13, -4, 0, -2, -2]
[3, 2, 8, 43, 48, 7, 9, 6]
[-2, 1, 2, 4, 9, 2, -5, -1]
[-1, 1, -2, -28, -56, -5, -9, -1]
[1, -3, -4, -9, 38, 3, 16, -2]
[-1, 0, -4, -10, -41, -6, -7, -2]
[-1, 2, 3, 24, 24, 2, 7, 3]
[-2, -3, 0, 12, 19, 3, -1, 0]
[-1, -3, -5, -20, -36, -13, -11, -4]
[0, -1, 0, -11, -17, 0, 4, -2]
[-1, 0, 3, 9, 1, -1, 1, -4]
[2, 2, -4, -6, 46, 2, 2, -1]
[0, -1, 1, 9, -11, 4, -5, 3]
[-3, 3, -2, -10, 0, 2, -2, -2]
[-2, -1, -3, -13, -14, -6, -5, -2]
[0, -1, 0, -1, -18, -5, 5, -1]
[3, 1, 6, 13, 71, 7, 5, 1]
[1, 2, 7, 26, -24, 0, -3, 0]
[-3, -3, -6, -26, -18, -4, -3, -2]
[-2, -2, -3, 5, -2, -1, 4, 0]
[-1, 1, -4, -10, -17, -2, -13, -2]
[0, -2, -4, -13, -10, -3, 0, 2]
[-1, -1, 2, 5, 0, -3, -2, 0]
[-2, -2, 1, -15, -16, -1, -1, 0]
[-3, 0, -2, 9, -11, 0, -2, -2]
[0, -3, 0, 7, 20, 2, 3, 1]
[1, -1, -2, 1, -19, 1, 1, -3]
[1, 0, 0, 13, 5, -4, -2, 0]
[1, 2, 4, 12, -3, 2, 1, -1]
[-2, 0, 2, 15, 48, 2, -2, -1]
[-3, -2, -4, -10, 13, -2, 0, -1]
[-3, -3, -2, -1, -18, -4, 2, 3]
[-1, -1, -1, -20, -39, 0, 1, 1]
[-2, 1, -2, -11, -11, -3, -4, -3]
[1, -1, -4, 9, 26, 0, -3, -1]
[-1, -3, -1, -20, -12, 7, -3, -3]
[-5, -3, 5, 33, 38, -1, -1, -2]
[0, -2, -4, -27, -22, -6, -4, -2]
[-1, -1, 2, 8, 21, -1, -1, 1]
[0, -3, -2, -8, 2, -1, -7, 3]
[0, 0, 3, -2, -27, 0, 4, 0]
[2, 1, 0, -11, 7, 2, -2, -1]
[-1, -1, -3, 17, 3, -1, 1, -1]
[0, 3, 5, -9, 2, -3, -6, -2]
[0, 0, -2, 19, 19, 8, 1, -1]
[-3, -1, 1, -19, -19, -4, -1, -3]
[-1, -3, -1, 1, 12, 1, 0, 0]
[-1, -4, -6, -17, -66, -7, 4, 1]
[2, 2, -2, -2, 23, 2, -5, 2]
[2, 2, -4, -4, -10, -2, 3, 0]
[3, -1, -1, -3, 3, -4, -3, 1]
[0, 1, 2, 17, 24, 2, 1, -3]
[0, -3, -8, -38, -30, -2, 1, 0]
[0, -3, 2, 44, 44, 2, 1, 1]
[-2, 4, 2, -8, -38, -7, -2, -1]
[-1, -1, -3, 3, 21, 4, 1, 0]
[-1, 1, 0, -5, -10, 0, -2, 0]
[2, 0, 0, -7, -13, 2, -2, -2]
[2, 2, 1, 6, 9, 1, 0, -1]
[0, 0, -1, -6, -27, -6, 2, -2]
[-1, 1, 0, 0, 15, -1, -1, -1]
[-3, -3, -2, -9, -20, -1, 1, 1]
[-5, -3, 0, 4, 7, 0, 1, 3]
[-3, -1, 2, 12, 13, 3, 0, -1]
[2, 0, 0, -6, -19, -1, -1, -1]
[1, -1, -5, -21, -3, -2, 2, -2]
[1, -1, 4, 43, 25, 5, 0, 0]
[1, -1, 3, -2, 14, -2, -1, -1]
[2, -1, 0, -17, -33, -3, -2, -1]
[0, -1, 2, 6, 0, 0, -1, 0]
[-1, -2, -3, -17, -8, -2, 0, 0]
[-3, 0, -1, 3, -5, 0, -3, -4]
[-1, 0, -4, -1, 26, 1, 1, 2]
[0, -1, -5, -8, -2, 2, 1, -1]
[-2, -1, -3, -14, -21, -3, 0, -4]
[0, -1, 5, 19, 29, 3, 0, -4]
[0, -2, 2, -8, -30, -2, 0, -2]
[-1, 1, 1, 9, 16, 1, 1, 1]
[1, -5, -7, -22, -25, -5, 0, 1]
[3, -4, -2, -6, -9, -9, -1, 1]
[-1, -1, 5, 35, 57, 6, 1, -1]
[0, -3, -2, 3, 10, -1, -1, -3]
[-1, -2, 0, -19, -67, -10, -6, -3]
[0, 5, 0, 6, 11, -1, -7, 1]
[1, 0, 1, -6, -7, 2, 3, 0]
[0, 1, -1, -9, -4, -2, -7, -2]
[-3, 0, 1, 16, 48, 6, -1, -1]
[-4, -3, -4, -11, -41, -3, -8, 2]
[-3, -1, -3, -17, 9, 1, 1, 4]
[-4, -4, -3, 9, -10, 0, 1, 0]
[-1, -1, 0, -11, -11, -5, -4, -2]
[2, -2, 1, 13, 11, 3, 5, -2]
[0, -1, -4, 9, 21, -3, 2, -2]
[-1, 2, 3, -9, -12, 1, 2, 0]
[0, 0, 1, -1, 27, 3, 0, 3]
[-2, -1, 2, -11, -53, -11, -1, 2]
[0, -1, 2, 2, 10, 7, 3, 0]
[2, -3, -2, 6, 18, 3, -1, -1]
[-5, 3, -2, 9, 6, 0, 4, 0]
[0, 6, 0, 18, 32, 4, 2, -2]
[2, 0, -4, 5, -4, -5, -6, -2]
[-1, -2, 1, -13, -35, -6, -3, 1]
[-2, -3, 0, 2, -3, 0, -6, -2]
[-1, -4, -2, -12, -15, 0, 6, 3]
[-3, 2, -2, 9, 2, 0, 0, -1]
[0, -1, -4, 20, 39, 2, -2, -2]
[2, 1, -2, -27, -48, -8, -2, -3]
[3, 0, -5, -6, 8, -1, -13, -4]
[0, -2, -2, 2, -9, -3, 4, 6]
[0, -2, -1, 14, 43, 8, 25, 4]
[-1, 1, -2, -29, -58, -3, 0, -2]
[0, -1, 1, 42, 96, 6, 5, -6]
[-2, 1, 0, -32, -80, -13, -12, -6]
[-3, 4, 2, -6, 6, -6, -20, -1]
[-1, 2, 0, -2, 31, 4, 7, 3]
[-4, -4, -4, -15, -14, -2, 5, 2]
[-2, -5, 2, 1, 19, 11, 1, -4]
[-2, -7, -3, -5, -33, -13, -3, -2]
[0, -8, -4, 20, 8, 2, 0, -2]
[-2, -4, -5, -33, -21, -3, -16, -6]
[-2, 0, 1, 29, 24, 0, 7, 1]
[-1, 2, 3, -13, -21, 2, 3, 1]
[1, 2, -4, 4, 11, -4, -7, -2]
[-6, -2, -8, 10, 7, 15, 2, -6]
[-1, -6, -2, 15, 31, -15, 12, -3]
[1, 9, -1, -13, -71, -8, -21, -11]
[3, 12, 7, -2, -2, -16, -7, 5]
[8, -4, 0, -17, 6, 27, 50, 20]
[-5, -7, 0, -2, 29, -1, 5, -7]
[-8, 1, 9, 33, 31, 18, 12, 4]
[-5, -7, -5, -22, -42, -5, 3, -8]
[-8, -2, -4, -23, -29, 1, -25, -10]
[12, 0, 0, -3, 2, -21, 0, 8]
[7, -8, 2, 43, 28, 11, -32, -2]
[1, -10, -5, 1, 26, -2, 12, 2]
[-5, -1, 3, 8, 22, -31, 6, -10]
[-1, -4, -9, -20, -60, 42, 16, 13]
[3, -5, 1, 3, 27, -29, -28, -2]
[8, 4, 8, 5, -2, 71, 84, 22]
[-12, -1, -10, -17, -30, -25, -42, -18]
[-9, -11, -1, 6, 19, 7, 7, -15]
[2, 7, 0, 2, 19, 1, -16, 3]
[7, 12, 2, -34, -76, -14, -2, -3]
[17, 20, 16, -15, -66, -34, -25, 5]
[-2, 13, 9, 49, 67, 0, -8, -4]
[-4, -8, -7, 13, 24, 103, 51, 4]
[-9, -14, -3, 9, 28, -9, -38, -7]
[1, -9, -8, -17, -6, -45, -41, 0]
[9, 15, 26, 19, -8, 39, 60, 6]
[-34, -21, -16, -48, -47, -87, -51, -32]
[8, -5, -2, 43, 17, 12, -5, 3]
[-31, -19, -17, -24, -44, -56, -14, -19]
[22, 9, -24, -10, -6, 37, -7, 16]
[17, 28, 66, 20, 8, 2, 26, 16]
[-6, 3, 1, 52, 27, 21, -5, 3]
[-5, -13, -5, 5, -17, -36, -20, -8]
[-15, 13, 0, -14, 31, 23, 48, 4]
[0, -9, -23, -41, -29, 9, -31, -15]
[5, 9, 10, -7, 3, -15, -39, -6]
[10, 19, 15, 31, 37, 27, 30, 5]
[-6, -12, -9, -33, -35, -48, -46, -4]
[0, -14, -17, 9, 4, 34, 86, 8]
[-10, -21, -8, -1, 13, -19, -51, -7]
[-12, 8, 8, 49, 58, 43, 1, -8]
[5, -10, -37, -104, -126, -16, 6, 12]
[6, 10, 11, 100, 46, -23, -32, 1]
[-20, -5, 6, -15, 34, -6, 37, -15]
[3, -16, -30, 17, -4, 40, 44, 4]
[2, 2, 25, -5, 4, -26, 3, 22]
[-30, -11, -22, -58, -64, -18, 22, -7]
[9, 8, -4, -11, -8, 60, -45, -27]
[22, -2, -7, 12, 40, -65, 2, 35]
[-27, -13, -10, 9, 32, 28, -13, -19]
[5, -14, -19, -64, -49, -29, -40, -22]
[6, 15, 8, 29, 11, -26, 3, 6]
[5, 13, 39, -13, -23, 37, 12, -5]
[-9, -15, 0, 49, 59, 11, 14, -3]
[-12, 25, 13, 0, -52, -53, -57, -12]
[15, 5, -17, -28, -8, 13, 47, 48]
[20, -5, -23, -80, -20, 24, 20, -22]
[-73, -16, 7, 56, 0, -41, -24, -6]
[84, 3, 14, 22, 35, 40, 64, 42]
[-7, -2, -10, -47, -27, -25, 66, 7]
[21, 9, 29, 110, 72, 49, 21, 14]
[-30, 15, 9, -14, -11, -48, -109, -39]
[19, -10, -30, -46, 1, 45, 110, 27]
[-25, 1, 45, 19, -15, -34, -49, 17]
[61, 11, -17, -41, -22, -5, -13, 16]
[6, 4, -14, 22, 19, 8, 0, -4]
[-15, 15, 28, -8, 22, -2, -36, -9]
[6, -2, 9, 16, -38, 3, 39, -7]
[-82, -31, -23, -27, -13, -13, -48, -20]
[49, 1, 15, -47, -8, 9, 21, 17]
[-18, 18, -20, 12, 18, 39, 36, 1]
[8, -19, 1, 25, 28, -26, -31, 14]
[-8, 14, 14, 25, 14, -9, -41, -41]
[-61, -15, -30, -40, -37, 11, 1, -6]
[77, 17, 17, 62, 13, -11, 19, 82]
[-61, -3, -7, -35, 2, 25, 45, -2]
[-20, -1, -15, 35, -21, -10, -33, -4]
[-7, 16, 20, -17, 1, 14, 76, -13]
[-46, -19, -4, 58, 16, -27, -46, -39]
[-39, -6, 7, -4, 2, -33, -70, -18]
[26, 16, -1, -28, 10, 65, 106, -1]
[-34, -24, -22, 16, -9, -23, -67, 4]
[48, -3, -6, -68, 3, 26, 26, 29]
[-47, 0, -14, 59, -6, -34, -50, -65]
[69, 4, 18, 48, 13, -15, -14, 81]
[-70, -2, -15, -84, 5, 40, 59, -30]
[85, 30, 35, 40, 18, 31, -12, 85]
[-15, 17, -19, -46, -7, 18, 48, 27]
[44, -26, -43, -40, -3, -22, -46, -4]
[-36, -16, 13, -21, -3, -22, 10, -3]
[-47, -21, -34, -23, -4, -30, -98, -120]
[43, 3, 5, 4, 23, 34, 55, 42]
[-12, 15, 37, 28, -9, -26, -15, 5]
[50, 3, -14, -35, 7, -13, -23, 6]
[-128, -46, -43, -38, -20, 7, -57, -128]
[105, 31, 40, 18, 14, -53, 38, 64]
[75, 22, 10, -9, -12, 48, 84, 53]
[-50, -20, -15, 68, -7, -11, -42, -46]
[-79, 5, -8, -28, 25, 55, 63, -86]
[83, 13, 3, -8, -6, -10, 20, 37]
[-88, -32, 18, -7, -16, 1, -15, 6]
[33, -4, -52, -40, 7, 30, 62, 2]
[-7, 15, 25, -22, -8, -54, -83, -48]
