[-103, -47, 3, 51, 14, 8, -41, -60]
[74, 39, 19, -12, 16, -11, 21, 55]
[-26, 16, 22, 4, 1, -47, -45, -41]
[-56, 7, -17, -13, -5, 25, -38, -17]
[79, -34, -32, 0, 3, 39, 53, 82]
[-57, -2, 13, 0, -12, -42, -69, -88]
[-49, -2, -47, 37, -5, 35, -23, -9]
[114, 21, 72, 56, 17, -49, 51, 127]
[-49, -12, -35, -82, -25, 16, -5, -34]
[-79, -14, -9, 78, 11, -26, -74, -91]
[105, 18, 24, -29, 14, 38, 57, 70]
[57, 59, 29, 36, 9, 3, 48, 62]
[-39, -19, 4, 24, 10, -51, -34, -77]
[-63, -36, -8, -45, -4, 44, 31, 14]
[-19, 8, 13, -50, 3, -106, -128, -128]
[-2, -41, -47, 20, -12, 87, 123, 74]
[18, 17, 27, -34, -11, -51, -69, -4]
[-128, 18, -46, -98, -28, 6, -18, -92]
[112, -28, 21, 127, 23, 78, 22, 127]
[-21, 7, 16, -45, 8, -11, 29, -37]
[-20, -2, -3, 2, -10, -4, -60, -62]
[-84, 1, -43, -79, 8, -60, -70, -79]
[113, 10, 21, 34, -3, 61, 94, 105]
[50, -3, -35, -59, -6, -35, -28, 80]
[-22, 63, 103, 127, 50, 3, -14, -25]
[-37, -1, -5, -1, 11, 18, 11, 10]
[19, 20, 24, 13, 2, -50, -65, 17]
[65, 5, 29, 50, 18, 67, 71, 49]
[-54, -5, -44, -74, -19, -59, -96, -49]
[105, -11, -8, -13, -14, 63, 82, 83]
[-82, -7, -21, -122, -10, 31, -10, -102]
[28, 4, -42, 95, -26, -77, -72, -97]
[-35, -19, 18, 5, 5, -10, 49, 82]
[-3, 1, 2, -59, -12, 20, 50, -41]
[-15, 18, 28, 103, 24, -45, -69, -11]
[-110, -54, -44, -13, -27, 0, 53, -96]
[-3, -42, -25, 13, 23, 98, 60, -34]
[127, 63, 39, 20, 5, -16, -7, 91]
[-80, -16, 40, 102, 12, 69, 8, -95]
[39, 26, -12, -89, -13, -101, -20, 55]
[57, -3, -4, 81, -12, 48, 47, 82]
[32, -5, 45, 10, 9, -2, 45, 26]
[-71, -23, -61, -73, -19, -84, -80, -94]
[-8, -7, 28, -40, 16, 36, -16, 59]
[-15, -18, -52, -84, 3, 8, -23, -19]
[20, 2, 23, 83, -21, -14, -28, 44]
[-15, -18, -56, -54, -34, -33, -68, -8]
[0, 22, 54, 41, 20, -5, 29, -24]
[19, 74, 32, 17, 29, 86, 11, -52]
[34, -49, -4, -5, 17, 59, 37, 72]
[-93, -6, -13, -86, -21, -88, -39, -108]
[38, -12, -1, 76, 6, 32, 27, 111]
[14, 9, -33, -128, -31, 4, -16, -81]
[12, 20, -17, 100, 26, 1, 8, 55]
[36, 13, 66, 51, -24, 9, 111, 33]
[-89, -6, -48, -68, 7, 17, -37, -108]
[6, -19, -16, -54, -15, -103, -66, 36]
[-7, -28, -26, 68, 21, -59, -100, -84]
[88, 13, 15, -59, -12, 100, 127, 127]
[7, 2, -10, -13, 0, 5, -47, -96]
[-13, 14, -50, -104, -47, 37, 54, 26]
[-117, -15, 16, 41, 25, 18, -5, -20]
[127, 39, 41, 60, 34, 59, 54, 127]
[-45, 12, 61, 26, -16, -87, -128, -82]
[-20, -14, -36, -93, -3, 3, 34, -44]
[-80, -71, -36, 49, -48, -56, -115, -116]
[-50, 9, 12, 4, 10, 83, 92, 57]
[12, 19, -57, -108, -27, 37, 4, -10]
[2, -14, 55, 127, 46, -12, -20, 92]
[20, 13, 2, -116, -9, 9, 19, -50]
[10, -4, -21, -29, 1, -53, -35, -24]
[-54, -28, -20, -128, -47, -94, -86, -56]
[-28, -44, -49, 57, 9, -27, 51, 77]
[50, 35, 3, 29, -11, 117, 89, 76]
[-29, -13, 8, 16, 11, -58, -38, 2]
[-75, -27, -12, -29, -17, -7, 7, -20]
[-110, -17, 3, -5, -4, -22, -34, -34]
[-15, 32, -39, -91, -7, -40, -3, 2]
[5, -22, 60, 79, 72, 80, 25, 106]
[-3, -5, 17, 51, -63, -40, -55, -1]
[-20, 12, 9, 7, -2, 32, 9, -113]
[14, 1, 3, -73, -12, 7, -7, -35]
[-33, 17, -46, -16, -10, -88, -66, -97]
[-28, -15, 9, -28, 35, 62, 27, 15]
[78, 26, 68, 80, 17, 39, 4, 56]
[-14, -16, -12, -24, 1, 10, 12, 4]
[-2, 2, -24, -16, -19, -37, -46, -69]
[-31, 1, 14, 39, 27, -1, 14, 9]
[93, 7, -26, -28, -26, -28, 15, 64]
[-21, 7, 15, 8, 21, 24, 26, 3]
[7, 27, -6, 17, -10, -16, -17, -48]
[31, 1, 3, -14, 12, 8, 13, 76]
[-8, 5, -1, 30, -19, 12, 7, -16]
[-14, 5, 3, -21, -1, -33, -37, -17]
[19, -11, 9, -6, 2, 42, 22, -3]
[-18, -14, -21, -8, -6, 7, 8, 17]
[1, 9, -10, -12, -10, -22, -7, -34]
[2, -4, 14, -20, 17, 8, 30, 26]
[16, 7, 6, 39, -7, -18, -26, -6]
[-6, -4, -13, 14, 15, 8, 18, -11]
[-30, -7, 12, -12, 2, -5, -40, -19]
[17, 0, 2, 8, 7, -11, -1, 10]
[0, -4, -6, -33, -21, 18, 16, -6]
[7, -9, 7, 24, 7, -13, -21, -9]
[0, -9, -9, -16, 5, 23, 19, 10]
[6, 30, 5, 1, 7, 3, -11, -15]
[-14, -19, -15, 2, -4, -16, -17, -8]
[37, 20, 13, 28, 58, 7, 36, 30]
[-12, -3, -14, -63, -97, -45, -13, -7]
[-23, -34, -2, 27, 53, -10, -24, -10]
[7, 27, 12, -5, 29, 2, 2, -2]
[8, 9, -6, -15, -88, 0, -30, -2]
[-1, -5, 0, 32, 52, 15, -7, -16]
[-6, -2, -4, -12, -38, 13, 19, 11]
[15, -16, -9, -30, 28, 31, 8, 8]
[5, -11, 2, 23, 19, 24, 9, 3]
[-11, -9, -7, -53, -50, -29, -52, -34]
[2, -7, -2, 27, -8, -22, 5, 12]
[-16, -5, 0, 17, 37, -21, -2, -3]
[-14, -26, -14, -10, -2, -14, 9, -8]
[11, 33, 3, -11, 21, 28, -7, -3]
[2, 5, 10, -10, -3, 2, 8, 6]
[27, 3, -2, -4, -32, 16, 7, 39]
[17, 34, 22, 45, 45, 11, 38, 3]
[1, 12, 1, 3, 10, 18, 19, 14]
[-4, 6, 2, -36, -116, -10, -23, -32]
[-10, -7, -3, 11, 70, -10, 8, 0]
[-14, -21, -13, -37, -51, -29, -5, 1]
[-1, -7, 0, 34, 71, 2, -3, -10]
[8, 1, 3, 23, 20, 15, 15, 16]
[-10, -3, -2, -3, -24, 0, -11, -5]
[1, -2, -1, -4, 44, 10, -8, -1]
[-4, -3, -8, -14, -44, -12, -13, -8]
[-39, -11, -4, 1, 45, 0, -7, -1]
[12, -20, -6, -18, -69, -4, -13, -28]
[16, -2, 4, -7, 17, 10, 11, 18]
[10, 27, 1, 17, 7, -4, -3, 8]
[7, -7, -1, -12, 35, -5, 10, -18]
[-26, -3, -2, -4, -72, -6, -2, 13]
[12, -3, 7, 65, 77, 13, 1, -9]
[-2, -4, 0, -21, -51, -4, 0, 1]
[16, -7, 3, 16, 72, 14, 12, 11]
[-2, 21, -4, -14, -92, -18, -26, -14]
[-19, -13, -6, -31, -27, -14, -15, -14]
[-1, -7, -1, 16, 37, -4, -12, -5]
[5, 9, 0, 4, -14, 7, -6, -3]
[1, -7, 1, -19, 13, 7, 22, 4]
[1, 14, 0, 2, 18, 7, -3, 6]
[-6, -11, -9, 16, -17, -9, -10, -13]
[-10, -13, -4, -7, 13, -1, 8, 14]
[1, -1, -2, 12, 65, 6, -3, 0]
[4, -5, -4, -20, -65, -6, 25, -12]
[-2, 5, 4, 19, 81, 10, 4, 1]
[16, 18, 2, -10, -37, -15, -3, 6]
[1, 10, 5, -11, -84, -8, 0, -2]
[-12, -11, -8, 10, 67, -7, -10, 9]
[-11, -17, -1, -3, -39, -8, 4, -7]
[2, 7, -12, -38, -79, -12, 0, 1]
[-1, 1, -1, 21, 90, 14, 2, 0]
[-3, 0, 2, -21, -58, 5, -7, -4]
[0, -7, 2, 48, 64, 3, -2, -1]
[3, 8, 12, -4, 12, 9, 3, 3]
[4, -1, -2, -43, 47, 2, 2, -4]
[-11, -8, -11, 12, -87, -26, -19, -1]
[5, 0, 0, -57, 14, 10, 1, 6]
[1, 7, 12, 103, 107, 20, 5, 0]
[-8, -11, -18, -22, -20, -19, -6, -9]
[6, 9, 12, 21, 66, 14, 7, 13]
[1, -2, -13, -14, -72, -8, -6, -3]
[2, -7, -11, -45, -62, -15, -13, -10]
[1, 6, 2, -7, 27, -4, -5, -3]
[-2, 3, -3, -17, 15, -5, 1, 13]
[1, 1, 11, 6, 37, 4, -22, -23]
[-1, -3, 9, 55, 68, 17, 9, 12]
[2, -7, 1, 32, 0, -2, -6, 5]
[10, 19, 4, -6, -32, 3, 2, -3]
[3, 7, 1, -17, -72, -14, 3, 4]
[-5, -3, -2, -11, 3, 3, -5, -6]
[-3, -8, -2, -7, 76, 15, 4, -3]
[-9, -11, -10, -21, -84, -25, -16, -4]
[2, 4, 1, 7, 28, 2, 6, 10]
[-2, -4, -1, -14, -24, -13, -4, 1]
[5, 0, -5, 25, 10, 7, 15, 7]
[3, 5, 2, -7, 34, 8, -3, -5]
[0, 1, 0, 1, -14, -4, 6, -5]
[-1, -1, -8, -21, -32, -8, -11, -3]
[1, 3, 3, -13, -30, -5, -3, 3]
[-1, -3, 1, 46, 29, 6, 0, -10]
[-2, -5, 1, 9, 39, -3, 1, 14]
[-1, 0, -3, -48, -51, 0, 8, 5]
[2, 0, 1, 19, -2, -1, -6, -8]
[-4, -3, 0, -41, -47, -8, -6, 3]
[-1, -3, 0, 10, 22, 2, 5, 1]
[9, 12, 6, 18, 33, 9, 11, 5]
[-2, 2, 1, 18, 9, 7, -6, -4]
[-1, 3, -3, -6, -5, 1, 0, -4]
[2, 1, 1, -10, 57, 12, -3, 5]
[0, -3, 2, -2, -26, 3, 4, -1]
[2, 1, 0, 6, -17, -3, 1, 1]
[-4, -2, 0, -12, -11, -5, 1, 2]
[-4, -4, -4, -17, -12, -2, -4, -5]
[-1, 1, 4, 18, 13, -2, -6, -3]
[-5, 1, -2, -20, -11, -2, 1, 1]
[1, -4, 0, 4, 16, 3, -7, -1]
[1, -1, -1, 2, 2, 2, 3, -1]
[2, -3, 1, 12, 72, 7, 1, -1]
[-1, -1, -2, 1, -76, -12, -3, -5]
[2, -3, 1, -6, 21, 8, 8, 3]
[-3, -5, -4, -21, -84, -9, -2, -9]
[0, 0, -1, 27, 55, 1, -6, 2]
[5, 4, 2, 1, -18, 2, 2, 2]
[2, 3, -2, 9, 44, 4, 1, 0]
[-2, 0, 4, 8, 6, -6, 3, 0]
[-6, -2, -5, -44, -65, -3, 3, -2]
[1, -2, 4, 28, 89, 5, 2, 6]
[-2, -2, -4, -39, -45, -4, -3, -2]
[-1, 0, -2, 64, 18, 0, 0, -3]
[0, -2, 4, 3, -4, -4, 2, -3]
[0, 5, 1, -11, 10, 6, 1, 0]
[0, 1, 0, 21, 17, 2, -2, -1]
[1, -3, -2, -9, 41, 5, -3, 0]
[-4, -6, -10, -22, -77, -15, -4, -2]
[-4, -2, -3, -24, -41, -1, 0, -2]
[-1, -3, 0, -1, -20, -10, -7, -4]
[-1, -1, -3, 2, 18, -1, 3, -3]
[1, 2, -1, 3, 18, 1, 1, 2]
[-1, -1, 3, 2, 2, 5, -2, 1]
[1, 0, -4, 16, 29, 2, 0, -1]
[3, -1, -1, -24, -46, -1, -1, 2]
[-1, -1, 2, 37, 98, 7, -3, -2]
[-3, -2, -4, -35, -93, -17, -6, -4]
[-3, -1, 6, 12, -2, -1, 1, 1]
[-1, 1, -2, -9, -16, -2, -1, -3]
[-1, -1, -1, -4, 10, 5, -2, 3]
[3, 5, 3, 6, 5, 3, 2, 2]
[2, -5, -2, 18, 12, 3, 0, -6]
[-2, -4, 1, -16, -3, -3, -5, 8]
[0, 0, -3, -6, -22, -1, 19, -4]
[2, -3, 1, 15, 48, 2, 3, -1]
[-1, 3, -2, -20, -12, -1, 1, 5]
[1, 2, -3, -13, -7, -4, 2, 3]
[3, 3, 1, 37, -11, 4, -14, -5]
[0, 2, 3, -8, 17, 3, -1, -4]
[-4, -6, -3, -5, -28, -4, 3, -2]
[-3, 0, 6, 29, 68, 4, -3, -7]
[-1, -4, -3, -26, -40, 0, 1, 13]
[1, -3, 0, -8, 5, 0, 0, -3]
[0, 6, 2, 31, 27, 5, -4, 2]
[1, 1, 0, 4, -15, -2, 4, 0]
[1, -3, -2, -19, -9, -4, -3, -4]
[-1, -1, -5, 5, -5, 1, -4, 3]
[-1, 0, 7, 21, 68, 7, 1, 2]
[-3, -3, -5, -35, -99, -14, -4, -3]
[3, -1, -4, 2, 15, 1, 0, -1]
[2, 1, -1, 0, 2, -1, -1, 2]
[3, 1, -1, -2, 22, 4, 1, 1]
[-1, 2, -4, -13, -60, -6, -1, -3]
[1, 4, 9, 15, 10, 5, -2, -1]
[-1, -1, -6, -7, 25, -1, -6, 1]
[-3, -2, -3, 1, -39, -4, 6, -2]
[2, -2, -1, 0, 27, 2, -1, 0]
[-2, -2, 0, -14, -2, -3, 0, -1]
[-4, -2, 1, 12, 25, 5, -3, -2]
[-1, -2, -1, -6, -41, -6, -5, -1]
[-1, -2, 0, 19, 67, 8, 1, -2]
[0, 2, 0, -22, -40, -6, -2, -3]
[2, 1, 3, 24, 0, -2, 4, 4]
[1, 0, -4, -18, -7, 1, 4, -6]
[-3, 1, -4, 1, 9, -2, 3, -2]
[-1, 3, -4, -4, 18, 0, -2, -3]
[-3, 3, 2, 4, -14, 1, -3, 0]
[-2, -6, -3, -7, -9, 0, 0, 5]
[2, -9, 0, 10, -6, 2, -2, -1]
[1, -4, 6, -8, 25, 4, -2, -3]
[3, -3, 1, 23, 38, 6, 11, 4]
[-4, 1, -2, -11, -59, -12, -5, -4]
[-1, 0, -2, -6, 5, -3, -2, 0]
[-1, 0, 3, 5, -8, 2, -3, 1]
[-2, -1, -4, -10, -2, 0, -1, -2]
[-2, 4, -1, 8, 49, 4, -1, -1]
[1, 1, 2, 6, 1, 4, -2, -1]
[1, -1, -2, -7, -25, -5, 1, -1]
[1, 0, -4, -8, -14, -5, -10, 0]
[-2, -1, -2, 0, -4, -1, 17, 0]
[-2, -2, 1, -14, -4, 3, -5, -2]
[-1, -3, -3, 18, 17, -2, 0, -2]
[-3, 0, 1, -16, -11, -5, -5, -3]
[1, 0, 2, -9, -8, -5, -9, 1]
[2, 1, -2, -8, 24, 2, 2, 4]
[3, 2, 2, 23, 13, 9, 1, -1]
[-3, -2, -2, 7, -9, -6, -1, 0]
[-4, -2, -3, -12, -9, -1, -3, -2]
[-1, 3, 3, 4, -4, 0, 1, 0]
[0, -1, -2, -1, -8, 2, -2, -2]
[0, -2, -3, -11, -4, 0, 6, -2]
[2, -3, 2, 13, 8, 1, -2, 1]
[1, 3, 4, 1, 6, -4, -1, 1]
[0, -2, -1, -2, 26, -2, -2, 2]
[-1, -1, 1, 0, -6, -2, -1, 0]
[1, -2, -1, 5, 14, 3, -3, -3]
[1, -1, -6, -19, -36, -4, 0, 0]
[-3, 1, -4, 4, -14, -5, 2, 0]
[-5, -2, 0, -6, -8, 0, 1, -3]
[-1, 3, -1, 6, 22, 1, -2, -1]
[-2, -1, 0, 1, -9, -1, 2, -2]
[0, 1, 1, 13, 36, 6, -1, 1]
[0, -1, 0, -7, -51, -5, -1, 0]
[0, 0, 4, 3, 23, 1, -6, 0]
[-3, -4, -11, -36, -65, -8, -3, 0]
[-3, -4, 0, 16, 11, 0, -3, -1]
[0, -1, -7, -8, 9, 4, 0, 0]
[1, -2, -2, -5, -11, -1, -3, -1]
[2, 0, 0, 3, 4, 1, 0, -1]
[0, -3, -1, -20, 5, -2, -8, -2]
[-2, -2, 1, -3, 11, -4, 15, -4]
[0, 1, 0, 15, -16, -1, 2, 3]
[-2, 0, -6, 4, 21, -1, -4, -1]
[0, 1, -1, -16, -20, -1, 1, 1]
[4, -4, -1, 3, 11, 0, -5, 0]
[1, -3, 0, 8, 1, 0, 1, 0]
[1, -1, 7, 15, 22, 5, 5, 1]
[-2, 0, -4, -7, -13, -4, -2, 1]
[-3, 3, -5, -4, 31, -2, -5, -5]
[0, -2, -3, -10, -61, -3, -5, -2]
[-2, -4, 1, 17, 50, 4, -2, -6]
[-1, -2, -1, -6, -47, -1, -1, 3]
[-3, -1, 2, 16, 11, -2, -4, -1]
[-1, -2, -7, -27, 0, -2, -1, -1]
[1, 4, 5, 1, 29, 6, 4, 2]
[-2, 2, -6, -4, -7, -7, 2, -1]
[-3, 1, 1, 12, 6, 2, -1, -2]
[0, 0, 1, 5, -6, -5, -4, -3]
[0, -3, 0, 18, 5, 4, 0, -2]
[1, -1, 4, -14, 29, 6, 2, -2]
[3, 2, 2, -8, -31, 0, -3, 4]
[-1, -3, 0, -4, 3, -3, -4, 2]
[0, -3, -4, -11, -15, -5, -2, 3]
[-1, 1, 0, 14, -5, -1, -1, -4]
[-4, 0, -4, -20, -20, -5, -4, -3]
[-1, -1, -4, 16, 60, 2, 0, -2]
[2, -1, 1, -4, -52, -4, 1, 1]
[2, 0, 1, 7, 23, 0, -1, 0]
[2, -4, 0, -12, -44, -5, -1, -1]
[4, 2, 1, 3, 23, 3, 1, 2]
[-2, -1, -3, -2, -15, -2, 1, 3]
[-4, -3, -6, -14, -6, -4, 1, -1]
[-2, -2, -4, 0, 1, 0, -3, -2]
[-1, -4, -3, -9, -1, 0, 1, -1]
[-1, 0, 4, 7, -13, 2, 1, -3]
[1, 1, 3, 8, 1, 0, 0, 1]
[1, -2, -2, 12, 8, -2, -6, 1]
[0, 2, 2, 6, 1, 2, -4, 2]
[-1, 1, 2, 4, 35, 5, 0, 1]
[-2, 0, -1, 2, -10, -3, -3, -1]
[-2, -4, -6, -22, -14, -3, 4, -2]
[0, -2, -3, -2, -8, -4, -4, -4]
[2, 5, 5, 8, 54, 7, 2, -1]
[0, -1, 3, -10, -71, -6, 3, -1]
[-1, -3, 2, 24, 35, 2, -5, 1]
[-1, -1, -2, -17, -34, -2, -1, 0]
[1, 0, -1, -8, -25, -1, -2, 0]
[-2, 1, -1, 4, 26, 1, -1, 1]
[-3, -1, -3, -2, 26, -4, 0, -3]
[-2, -2, -3, 7, 5, 0, 1, 0]
[1, 0, -3, -14, -13, 1, -1, 0]
[4, -5, -2, 5, 0, 0, 0, 2]
[-1, 1, 4, -16, -54, -5, 2, 2]
[-1, -1, 0, 13, 22, 1, 3, -1]
[0, -3, 1, 7, -1, -2, -1, 0]
[-5, 0, -1, -12, 10, 1, -2, -3]
[-2, -1, 1, -1, 14, -6, -1, 0]
[-2, 1, -2, -12, -12, -4, -6, -3]
[1, 1, -5, 2, -6, 1, 2, 0]
[1, -1, 0, 17, 28, 10, 6, 2]
[-2, 2, -3, -10, 10, -4, -1, 1]
[-2, -1, -2, -5, -15, -2, 0, -1]
[2, -1, -3, 1, -40, -4, -5, 0]
[1, -3, -1, -16, 1, 0, -4, -2]
[-1, -1, 3, 7, -2, 3, -4, 0]
[-2, -1, 3, 2, -3, 4, 2, 1]
[1, 1, -2, -7, 23, 3, 0, 0]
[0, 2, 0, 20, -3, -3, -1, -1]
[0, -3, -6, -17, -2, -3, 1, -3]
[-2, 0, -2, -6, -4, -3, 7, 1]
[1, 0, 0, 13, 16, 5, 15, 5]
[1, 0, 3, 6, 2, -2, -9, 0]
[-3, -3, 1, 8, -5, -5, -5, -5]
[1, -4, -4, -7, 1, -2, -1, -6]
[2, -2, -2, -19, -11, 1, 3, 1]
[0, -2, -3, 12, 15, 1, 6, 1]
[-1, 1, 1, 1, -1, 3, -3, 1]
[-2, 3, 2, 1, 14, -2, -5, 0]
[0, 1, 3, 3, 2, 2, -3, 2]
[-2, 0, -4, -18, -23, -5, -3, -1]
[-3, 2, -3, -2, -9, -3, 0, 0]
[-2, 1, 0, 7, 4, 0, -1, -1]
[-3, -5, -1, -2, 14, 1, -3, -2]
[-1, -4, -1, -4, -6, -1, -1, -2]
[2, 0, -5, 1, -4, 2, 2, -2]
[1, 1, 4, -4, -6, -2, -3, -1]
[0, 0, -2, 8, 9, -3, -14, -3]
[1, -1, -3, 14, 21, 6, 12, 2]
[-1, 0, 3, -11, -30, 7, 4, 2]
[0, -3, -5, 1, 15, -5, 1, -1]
[1, 0, 9, 3, -18, 1, 3, 0]
[-4, -3, -5, -10, -13, -13, -14, -8]
[0, 1, -5, 12, 15, -5, -14, -1]
[0, 5, -1, -4, -5, 9, 10, 4]
[-3, 1, -5, -14, -8, -2, 0, -3]
[-1, 5, 13, 24, 11, 3, 2, -1]
[-3, -5, -1, -1, -5, -9, 6, -1]
[-2, -7, -8, -5, 6, 2, -12, -3]
[2, 0, -6, -21, -6, 0, -1, 1]
[3, -3, 0, 27, 10, 16, 9, -1]
[-2, 1, 0, 8, 45, 2, 8, 4]
[-13, -4, 4, 2, -50, 0, -10, -11]
[-4, 1, 1, -2, 9, -9, -7, 2]
[6, 2, 5, -15, 1, -8, 5, 0]
[3, 2, -2, -35, -44, -6, -11, 0]
[4, -3, 0, 33, 12, 6, 24, 7]
[-2, -5, -1, 18, 52, -15, -25, -8]
[-6, -2, -1, 1, -10, -8, 1, -3]
[4, -4, -2, -5, 5, 4, 8, -4]
[3, 2, -5, -18, 8, 0, -5, 0]
[1, -8, -1, 14, 11, 14, 6, -2]
[-7, 1, -1, -26, -49, -6, -8, 0]
[0, -7, -3, 8, -6, -9, -27, -2]
[2, 1, -2, -17, -15, 12, 32, 3]
[-8, -2, -9, 0, -17, -27, -31, -18]
[-6, 5, 5, -8, 15, 19, 19, 9]
[21, 12, 9, -5, 2, -2, -3, 11]
[-9, -3, 1, 27, -34, 7, 20, 15]
[-11, -8, 9, 8, 38, -14, -2, -9]
[-4, -4, -14, -25, -68, 16, -24, -15]
[5, 13, 2, -8, -4, -56, -4, 9]
[19, -9, 3, -12, 23, 35, 7, 3]
[-5, 23, 9, 47, 36, 33, 7, 0]
[13, -2, 2, 12, 18, -39, -9, -6]
[-29, -21, -21, -51, -32, -5, 5, -10]
[13, 21, 21, 24, 42, 6, -57, -10]
[8, -3, -11, -15, -48, -14, 71, 24]
[-6, 0, -11, -53, 43, 30, 3, 3]
[-24, -9, -2, 13, -61, -50, -72, -29]
[7, -7, 4, 7, 53, 36, 73, 16]
[0, -14, -1, -45, -25, -9, -45, -13]
[13, 3, 11, 94, 35, -27, 14, 17]
[1, -4, -6, -13, 116, 79, 68, 10]
[-20, -6, -7, 4, -82, -55, -52, -29]
[0, 0, -8, -28, -37, -6, -31, 7]
[-11, -7, -12, -68, -58, -40, -25, -4]
[-8, -15, 7, 71, 24, 37, 32, 0]
[13, 11, 7, -9, 17, -40, -41, -37]
[21, 18, -3, -40, 30, 86, 86, 66]
[-20, -5, 8, 57, 28, -118, -70, -19]
[22, 50, 20, -4, -14, 102, 28, 9]
[-12, 0, -25, -87, -49, -17, -49, 7]
[7, 6, -7, 7, -2, -7, -15, -54]
[18, 2, -7, -62, 91, 82, 51, 33]
[-7, 1, 18, 66, -8, -41, -62, 10]
[-10, -7, 1, 16, 72, 3, 89, -1]
[-20, -18, 0, 5, -2, 16, -19, -10]
[-5, -3, -5, -30, -66, -77, -93, -25]
[22, 2, 5, 52, 48, 41, 113, 49]
[9, 4, -18, -31, -43, 50, 18, 15]
[-16, -2, 37, 76, 9, -22, -41, -26]
[-3, 3, -4, 0, -13, 32, 31, -9]
[3, -1, 0, -50, 0, -51, -61, -24]
[9, -9, -18, -9, 1, 13, 24, 8]
[-8, 24, 73, 93, -1, -68, -39, 2]
[29, -6, -6, -14, -6, 68, 68, 21]
[-21, -11, -22, -39, -25, -52, -90, -39]
[8, 1, -16, 9, 19, 20, 87, 56]
[41, 8, 13, 9, -1, 46, 43, 38]
[-34, -20, -33, -77, -2, -2, -33, -42]
[-4, 9, 35, 101, -1, -10, 27, 2]
[-23, -19, -20, -50, 30, -19, -52, -38]
[-39, -19, -50, -34, -56, -9, -30, -20]
[-60, 10, 36, 30, 1, 18, 32, 23]
[106, -9, -47, -78, -31, 25, 34, 60]
[-63, 6, 44, 99, -11, -38, -83, -49]
[-14, -18, -18, -24, 1, 7, 54, 3]
[19, 22, 20, 79, 27, 25, 35, -2]
[-39, -5, -5, -24, -15, 10, -7, -53]
[44, 4, -3, -10, -19, 10, 25, 38]
[-40, -8, -15, -10, 10, -17, -16, -33]
[19, -11, -14, -8, 8, -1, -12, 47]
[39, -6, -5, -7, 30, -7, 7, -1]
[-63, -9, 5, 5, 18, 1, -17, -20]
[43, 4, -27, -42, 31, 14, 9, -6]
[-38, 0, -2, 22, 4, -8, -29, -77]
[-39, 2, 10, 9, 15, -41, -44, -9]
[-2, 42, 37, 28, 12, 30, 26, -32]
[44, -34, -3, -17, -2, -1, 5, 103]
[93, 3, 7, -2, -6, 15, 21, 53]
[-23, -18, 1, 34, 0, 0, -5, -23]
[-53, 6, -7, 35, -18, -34, -35, -32]
[48, -16, -17, -23, 21, 8, -13, -18]
[25, 41, 35, 4, 1, 5, 20, 5]
[-10, -20, -29, -24, -5, -10, -39, 5]
[-41, -18, -17, -43, -20, -21, 15, -24]
[-18, 17, -27, -74, -6, -19, -76, -114]
[1, -56, -19, 71, -2, 15, 49, 103]
[-81, 2, 3, 4, -9, 25, 75, 4]
[-40, -1, 16, 16, -17, -30, -41, -2]
[88, 3, -13, -5, 13, 16, 21, -8]
[-76, 7, 0, -23, 12, -17, -38, -68]
[90, 19, 39, 16, -9, -3, 14, 77]
[101, -18, -15, -30, -14, -25, -16, 100]
